0 4.37818
1 21.8871
2 9.02139
3 4.4986
4 3.47205
5 2.87165
6 2.72329
7 2.42947
8 2.17843
9 2.15552
10 2.10145
11 2.12049
12 2.37871
13 2.11713
14 2.04604
15 1.91638
16 1.77606
17 1.65148
18 1.59653
19 1.6544
20 1.58111
21 1.66272
22 1.62813
23 1.80493
24 1.7689
25 1.61268
26 1.59911
27 1.46236
28 1.45825
29 1.49666
30 1.51973
31 1.68376
32 1.60254
33 1.53899
34 1.44888
35 1.44856
36 1.45561
37 1.38084
38 1.4151
39 1.44204
40 1.41569
41 1.39474
42 1.38527
43 1.44355
44 1.38735
45 1.33257
46 1.39419
47 1.33773
48 1.32488
49 1.33327
50 1.34892
51 1.29264
52 1.15188
53 1.23229
54 1.3057
55 1.31536
56 1.40517
57 1.30459
58 1.24421
59 1.41664
60 1.57849
61 1.70068
62 1.41504
63 1.30818
64 1.31482
65 1.2608
66 1.2338
67 1.24814
68 1.30546
69 1.27187
70 1.21616
71 1.25815
72 1.23879
73 1.2683
74 1.25892
75 1.23743
76 1.25376
77 1.27827
78 1.31877
79 1.2516
80 1.18095
81 1.20318
82 1.18129
83 1.18712
84 1.28516
85 1.19901
86 1.27838
87 1.20068
88 1.25259
89 1.27847
90 1.19038
91 1.22858
92 1.27489
93 1.21619
94 1.19594
95 1.2192
96 1.27838
97 1.23821
98 1.20537
99 1.21256
100 1.1817
101 1.1636
102 1.14709
103 1.12819
104 1.12473
105 1.07965
106 1.14122
107 1.22281
108 1.20582
109 1.24246
110 1.1206
111 1.18084
112 1.18663
113 1.17245
114 1.23979
115 1.18455
116 1.15043
117 1.16796
118 1.13772
119 1.11046
120 1.19573
121 1.13657
122 1.16337
123 1.13366
124 1.15792
125 1.13456
126 1.17087
127 1.15076
128 1.15994
129 1.16222
130 1.15718
131 1.21309
132 1.13276
133 1.08642
134 1.16479
135 1.14
136 1.11876
137 1.17698
138 1.12855
139 1.13166
140 1.13402
141 1.15757
142 1.15512
143 1.15769
144 1.12702
145 1.22024
146 1.14021
147 1.12714
148 1.19811
149 1.21351
150 1.10985
151 1.12867
152 1.15574
153 1.09463
154 1.1047
155 1.09561
156 1.10213
157 1.04035
158 1.05946
159 1.0764
160 1.1392
161 1.20248
162 1.13352
163 1.09051
164 1.13208
165 1.16754
166 1.14734
167 1.15007
168 1.14802
169 1.09817
170 1.10012
171 1.07302
172 1.09462
173 1.12839
174 1.07092
175 1.0946
176 1.07506
177 1.08753
178 1.06929
179 1.14285
180 1.07188
181 1.10622
182 1.08567
183 1.12538
184 1.1189
185 1.06576
186 1.05309
187 1.08375
188 1.07837
189 1.09803
190 1.09164
191 1.06851
192 1.08233
193 1.09551
194 1.0906
195 1.0786
196 1.07264
197 1.11112
198 1.13366
199 1.11689
200 1.05859
201 1.16885
202 1.1227
203 1.04784
204 1.13404
205 1.08673
206 1.05394
207 1.04357
208 1.05059
209 1.03299
210 0.971786
211 1.03988
212 1.05453
213 1.06911
214 1.11116
215 1.06926
216 1.02956
217 1.04319
218 1.10691
219 1.09915
220 1.08892
221 1.06288
222 1.06362
223 1.0406
224 1.01551
225 1.02376
226 1.08508
227 1.07052
228 1.03018
229 1.0526
230 1.02292
231 1.06997
232 1.0635
233 1.04511
234 1.03376
235 1.04834
236 1.10105
237 1.04935
238 1.01599
239 1.03802
240 1.03012
241 1.05727
242 1.08246
243 1.01273
244 1.06113
245 1.00985
246 1.07012
247 1.06491
248 1.01374
249 1.05466
250 1.08348
251 1.06556
252 1.05651
253 1.05246
254 1.09101
255 1.04581
256 1.0326
257 1.0553
258 1.01753
259 1.00537
260 1.00831
261 0.984903
262 0.987807
263 0.973638
264 1.00609
265 1.02438
266 1.02907
267 1.04801
268 0.989146
269 0.985816
270 1.01404
271 1.03139
272 1.07084
273 1.03666
274 1.01655
275 1.04691
276 1.00288
277 0.983981
278 1.03805
279 1.01191
280 1.03241
281 0.994623
282 1.01829
283 0.999431
284 1.03318
285 0.991986
286 0.989031
287 0.997862
288 0.999337
289 1.0436
290 1.00363
291 0.968487
292 1.0043
293 1.01713
294 1.00235
295 1.03278
296 0.962533
297 1.01087
298 0.987182
299 1.00292
300 1.0216
301 0.987481
302 0.989904
303 1.07184
304 0.984213
305 0.992909
306 1.00353
307 1.0704
308 0.992358
309 0.981817
310 1.01977
311 0.991285
312 0.966762
313 0.977028
314 0.957128
315 0.933617
316 0.946882
317 0.970188
318 1.00583
319 1.0382
320 0.993999
321 0.968015
322 0.992072
323 1.00379
324 0.991528
325 1.01451
326 1.02002
327 0.968051
328 0.997573
329 0.941627
330 0.971345
331 1.00523
332 0.957874
333 0.995417
334 0.959653
335 0.971081
336 0.961085
337 1.02056
338 0.956816
339 0.987449
340 0.972361
341 0.992805
342 1.00021
343 0.957082
344 0.929731
345 0.980157
346 0.978551
347 0.981097
348 0.959292
349 0.975752
350 0.959071
351 0.991441
352 0.97764
353 0.967172
354 0.969733
355 0.971188
356 1.0005
357 0.984211
358 0.956314
359 1.01783
360 1.0161
361 0.96298
362 0.970845
363 0.996492
364 0.949305
365 0.962369
366 0.932639
367 0.930349
368 0.898641
369 0.947226
370 0.956026
371 0.964134
372 1.0086
373 0.950058
374 0.943397
375 0.976924
376 0.991337
377 0.999047
378 0.995686
379 0.964275
380 0.92723
381 0.949572
382 0.9249
383 0.956506
384 0.963254
385 0.930618
386 0.954997
387 0.937357
388 0.931563
389 0.953396
390 0.968143
391 0.940099
392 0.935096
393 0.936396
394 0.958407
395 0.965868
396 0.932184
397 0.924316
398 0.944011
399 0.948309
400 0.955526
401 0.930757
402 0.947987
403 0.928125
404 0.957535
405 0.953368
406 0.914115
407 0.932167
408 0.971602
409 0.965628
410 1.00092
411 0.979736
412 0.969356
413 0.960685
414 0.93768
415 0.95537
416 0.933945
417 0.914153
418 0.920789
419 0.890927
420 0.911075
421 0.855382
422 0.903696
423 0.947796
424 0.931644
425 0.947474
426 0.922906
427 0.899477
428 0.920636
429 0.95138
430 0.947592
431 0.945073
432 0.919702
433 0.929482
434 0.913348
435 0.902938
436 0.925381
437 0.952462
438 0.922269
439 0.89167
440 0.918159
441 0.907428
442 0.953286
443 0.936297
444 0.890242
445 0.906081
446 0.905062
447 0.940364
448 0.9195
449 0.87634
450 0.907258
451 0.906362
452 0.91535
453 0.94352
454 0.896655
455 0.918933
456 0.902887
457 0.937365
458 0.930322
459 0.880321
460 0.928662
461 0.961027
462 0.924773
463 0.907111
464 0.917627
465 0.932799
466 0.913213
467 0.905619
468 0.923691
469 0.909151
470 0.886955
471 0.904198
472 0.879457
473 0.863017
474 0.853652
475 0.882402
476 0.911894
477 0.911413
478 0.921233
479 0.877757
480 0.891732
481 0.906232
482 0.895146
483 0.938686
484 0.905311
485 0.885132
486 0.909752
487 0.871502
488 0.87688
489 0.909305
490 0.873742
491 0.899517
492 0.88315
493 0.876005
494 0.884612
495 0.91475
496 0.882457
497 0.882757
498 0.896426
499 0.88954
500 0.908397
501 0.88261
502 0.874059
503 0.896836
504 0.874634
505 0.87897
506 0.891115
507 0.883997
508 0.890205
509 0.878929
510 0.885319
511 0.88342
512 0.881705
513 0.876983
514 0.909433
515 0.887665
516 0.878035
517 0.907434
518 0.938346
519 0.850659
520 0.883514
521 0.92051
522 0.870798
523 0.86947
524 0.860007
525 0.866263
526 0.826199
527 0.856499
528 0.872551
529 0.882738
530 0.918583
531 0.862493
532 0.879028
533 0.877815
534 0.873355
535 0.879748
536 0.88476
537 0.8733
538 0.855921
539 0.877708
540 0.847971
541 0.859214
542 0.875977
543 0.851953
544 0.865394
545 0.858712
546 0.854042
547 0.870994
548 0.911389
549 0.874603
550 0.859107
551 0.847402
552 0.874988
553 0.893562
554 0.853533
555 0.834593
556 0.867307
557 0.860461
558 0.879798
559 0.854595
560 0.865488
561 0.855734
562 0.892712
563 0.855334
564 0.851744
565 0.865815
566 0.877193
567 0.878154
568 0.869419
569 0.841321
570 0.909029
571 0.874557
572 0.861113
573 0.877227
574 0.856042
575 0.82948
576 0.839483
577 0.847979
578 0.828095
579 0.798951
580 0.834076
581 0.864825
582 0.86371
583 0.866518
584 0.844458
585 0.816938
586 0.842951
587 0.86676
588 0.857709
589 0.850105
590 0.839651
591 0.851271
592 0.851952
593 0.828481
594 0.818163
595 0.850263
596 0.842724
597 0.830829
598 0.836169
599 0.836401
600 0.872311
601 0.869871
602 0.84099
603 0.82802
604 0.833063
605 0.872733
606 0.860401
607 0.822012
608 0.842137
609 0.831515
610 0.830358
611 0.856661
612 0.812865
613 0.834314
614 0.816666
615 0.851837
616 0.851226
617 0.82241
618 0.848937
619 0.871689
620 0.836779
621 0.842739
622 0.837489
623 0.845301
624 0.832641
625 0.830751
626 0.841914
627 0.832164
628 0.827099
629 0.817123
630 0.81395
631 0.806787
632 0.79082
633 0.829667
634 0.83661
635 0.845172
636 0.853741
637 0.798378
638 0.813435
639 0.819387
640 0.826234
641 0.84114
642 0.839967
643 0.820931
644 0.840245
645 0.81219
646 0.796251
647 0.849609
648 0.814349
649 0.832798
650 0.803693
651 0.814413
652 0.818727
653 0.850754
654 0.817688
655 0.81321
656 0.814978
657 0.803256
658 0.831467
659 0.82445
660 0.80751
661 0.826676
662 0.814982
663 0.809736
664 0.838339
665 0.808232
666 0.825509
667 0.820864
668 0.823032
669 0.819495
670 0.798851
671 0.810117
672 0.860642
673 0.813974
674 0.809461
675 0.824461
676 0.844806
677 0.806273
678 0.80784
679 0.816104
680 0.803847
681 0.802609
682 0.805383
683 0.789814
684 0.755415
685 0.797735
686 0.800315
687 0.814097
688 0.818294
689 0.804606
690 0.787382
691 0.796194
692 0.791275
693 0.803951
694 0.811704
695 0.818761
696 0.78901
697 0.813826
698 0.783965
699 0.794524
700 0.827229
701 0.785517
702 0.805797
703 0.798285
704 0.790835
705 0.789649
706 0.84779
707 0.790046
708 0.787707
709 0.792573
710 0.802373
711 0.807786
712 0.782218
713 0.78993
714 0.801641
715 0.799829
716 0.800017
717 0.799555
718 0.79789
719 0.794865
720 0.821056
721 0.802856
722 0.791507
723 0.792946
724 0.799122
725 0.824176
726 0.805036
727 0.776515
728 0.814734
729 0.815558
730 0.767733
731 0.789984
732 0.819712
733 0.780808
734 0.794507
735 0.77289
736 0.773547
737 0.757238
738 0.8037
739 0.791759
740 0.791687
741 0.802836
742 0.778668
743 0.777886
744 0.782506
745 0.791545
746 0.788621
747 0.78074
748 0.788638
749 0.787951
750 0.79049
751 0.771037
752 0.767301
753 0.785918
754 0.7737
755 0.775914
756 0.775223
757 0.7732
758 0.792781
759 0.802661
760 0.785575
761 0.782874
762 0.767587
763 0.780131
764 0.797776
765 0.766976
766 0.778935
767 0.785616
768 0.779139
769 0.794797
770 0.766025
771 0.780528
772 0.766334
773 0.806928
774 0.772852
775 0.770191
776 0.766666
777 0.782681
778 0.793363
779 0.81613
780 0.775331
781 0.784634
782 0.782756
783 0.767853
784 0.796714
785 0.763556
786 0.748537
787 0.763648
788 0.757256
789 0.760413
790 0.724063
791 0.761943
792 0.788168
793 0.772088
794 0.771724
795 0.750594
796 0.747573
797 0.744947
798 0.756056
799 0.755527
800 0.769712
801 0.747677
802 0.774573
803 0.753519
804 0.739893
805 0.766979
806 0.774277
807 0.757352
808 0.734378
809 0.759692
810 0.758052
811 0.773569
812 0.774132
813 0.748609
814 0.747951
815 0.753453
816 0.780359
817 0.755608
818 0.750284
819 0.751351
820 0.751851
821 0.74931
822 0.7638
823 0.741835
824 0.765101
825 0.751465
826 0.754919
827 0.770677
828 0.745531
829 0.761465
830 0.792728
831 0.755127
832 0.762228
833 0.762207
834 0.781185
835 0.753786
836 0.763036
837 0.763045
838 0.755882
839 0.741828
840 0.741436
841 0.732978
842 0.720656
843 0.708621
844 0.741043
845 0.770162
846 0.757266
847 0.762216
848 0.728844
849 0.735544
850 0.735845
851 0.726134
852 0.755443
853 0.751688
854 0.741515
855 0.75553
856 0.733222
857 0.73325
858 0.759376
859 0.742357
860 0.739946
861 0.740117
862 0.729716
863 0.733016
864 0.750792
865 0.750737
866 0.723686
867 0.734353
868 0.726199
869 0.751577
870 0.734719
871 0.724393
872 0.738509
873 0.736035
874 0.729255
875 0.751622
876 0.749366
877 0.742919
878 0.748856
879 0.741585
880 0.726903
881 0.737575
882 0.735159
883 0.757961
884 0.742509
885 0.738512
886 0.752236
887 0.759766
888 0.724172
889 0.733243
890 0.741988
891 0.726692
892 0.72797
893 0.7154
894 0.72615
895 0.695578
896 0.729748
897 0.741219
898 0.736134
899 0.767744
900 0.728659
901 0.733657
902 0.728575
903 0.729892
904 0.725143
905 0.744237
906 0.736591
907 0.720122
908 0.732513
909 0.714532
910 0.720015
911 0.740442
912 0.723779
913 0.721721
914 0.729064
915 0.708652
916 0.727941
917 0.751476
918 0.718869
919 0.713859
920 0.721462
921 0.724679
922 0.742801
923 0.714242
924 0.702854
925 0.722479
926 0.721603
927 0.717607
928 0.717381
929 0.71251
930 0.711488
931 0.741249
932 0.720452
933 0.711807
934 0.71707
935 0.736628
936 0.741697
937 0.734039
938 0.714688
939 0.737808
940 0.722277
941 0.71103
942 0.736169
943 0.715348
944 0.699807
945 0.731242
946 0.708207
947 0.717877
948 0.67435
949 0.702282
950 0.735829
951 0.722199
952 0.72779
953 0.692684
954 0.69119
955 0.707748
956 0.705375
957 0.717574
958 0.720943
959 0.699464
960 0.708199
961 0.719454
962 0.693733
963 0.69191
964 0.721341
965 0.722845
966 0.701238
967 0.708997
968 0.704483
969 0.722844
970 0.724835
971 0.710743
972 0.687019
973 0.702855
974 0.727134
975 0.718347
976 0.6982
977 0.696207
978 0.705306
979 0.700083
980 0.718475
981 0.691308
982 0.722564
983 0.692069
984 0.726471
985 0.709864
986 0.696165
987 0.702858
988 0.730688
989 0.698963
990 0.719152
991 0.703598
992 0.71716
993 0.7167
994 0.713886
995 0.710906
996 0.705322
997 0.686595
998 0.687765
999 0.694671
1000 0.684987
1001 0.670704
1002 0.70483
1003 0.713884
1004 0.696795
1005 0.720873
1006 0.680747
1007 0.694582
1008 0.692952
1009 0.687469
1010 0.69895
1011 0.703089
1012 0.681864
1013 0.708116
1014 0.683328
1015 0.677634
1016 0.70677
1017 0.696687
1018 0.69713
1019 0.683497
1020 0.690218
1021 0.684576
1022 0.712167
1023 0.692819
1024 0.682496
1025 0.693971
1026 0.67394
1027 0.706607
1028 0.688266
1029 0.679907
1030 0.689136
1031 0.707192
1032 0.689164
1033 0.687484
1034 0.68223
1035 0.700845
1036 0.699321
1037 0.703385
1038 0.69108
1039 0.685119
1040 0.693721
1041 0.713729
1042 0.692108
1043 0.682766
1044 0.696693
1045 0.710738
1046 0.673284
1047 0.687497
1048 0.712232
1049 0.696458
1050 0.674046
1051 0.685182
1052 0.678407
1053 0.66496
1054 0.68259
1055 0.673197
1056 0.705237
1057 0.715942
1058 0.677129
1059 0.671587
1060 0.677448
1061 0.671084
1062 0.680991
1063 0.689123
1064 0.691067
1065 0.675251
1066 0.686729
1067 0.668343
1068 0.665368
1069 0.683613
1070 0.670279
1071 0.674512
1072 0.681745
1073 0.674028
1074 0.674834
1075 0.704216
1076 0.669953
1077 0.669348
1078 0.680065
1079 0.683134
1080 0.682029
1081 0.669682
1082 0.668868
1083 0.690685
1084 0.667984
1085 0.683519
1086 0.67768
1087 0.678335
1088 0.672459
1089 0.694391
1090 0.676419
1091 0.67274
1092 0.657814
1093 0.671101
1094 0.679121
1095 0.689096
1096 0.669076
1097 0.679579
1098 0.689261
1099 0.655658
1100 0.683872
1101 0.677578
1102 0.666408
1103 0.664941
1104 0.65837
1105 0.653357
1106 0.642353
1107 0.677733
1108 0.679794
1109 0.673374
1110 0.688961
1111 0.65574
1112 0.662198
1113 0.664131
1114 0.66759
1115 0.654957
1116 0.680401
1117 0.665149
1118 0.655454
1119 0.665127
1120 0.664421
1121 0.659483
1122 0.681984
1123 0.665298
1124 0.654743
1125 0.657159
1126 0.659711
1127 0.670809
1128 0.673426
1129 0.654115
1130 0.66241
1131 0.650025
1132 0.667734
1133 0.673693
1134 0.653274
1135 0.66275
1136 0.663624
1137 0.659294
1138 0.666024
1139 0.641906
1140 0.668585
1141 0.660153
1142 0.671731
1143 0.681355
1144 0.654577
1145 0.658992
1146 0.678536
1147 0.677671
1148 0.674946
1149 0.67537
1150 0.663777
1151 0.658425
1152 0.666963
1153 0.662567
1154 0.652241
1155 0.638229
1156 0.652315
1157 0.637799
1158 0.64936
1159 0.619424
1160 0.650837
1161 0.670404
1162 0.664897
1163 0.667132
1164 0.648112
1165 0.642455
1166 0.64871
1167 0.651931
1168 0.653616
1169 0.649091
1170 0.649984
1171 0.663402
1172 0.658895
1173 0.645902
1174 0.651677
1175 0.662754
1176 0.659199
1177 0.635027
1178 0.652741
1179 0.64491
1180 0.659988
1181 0.673714
1182 0.628552
1183 0.646273
1184 0.638083
1185 0.672623
1186 0.656963
1187 0.636562
1188 0.646653
1189 0.646417
1190 0.63749
1191 0.653733
1192 0.63614
1193 0.65536
1194 0.642749
1195 0.653865
1196 0.658516
1197 0.638366
1198 0.646816
1199 0.673758
1200 0.636397
1201 0.637803
1202 0.647244
1203 0.669759
1204 0.649002
1205 0.635097
1206 0.649247
1207 0.641521
1208 0.649535
1209 0.636279
1210 0.631806
1211 0.624359
1212 0.621431
1213 0.655682
1214 0.64812
1215 0.6375
1216 0.639212
1217 0.637978
1218 0.629795
1219 0.636289
1220 0.633165
1221 0.64783
1222 0.64736
1223 0.637704
1224 0.642675
1225 0.626645
1226 0.623458
1227 0.658047
1228 0.621695
1229 0.626186
1230 0.644851
1231 0.634976
1232 0.64272
1233 0.66519
1234 0.64155
1235 0.628998
1236 0.642343
1237 0.636103
1238 0.64662
1239 0.640753
1240 0.620674
1241 0.635799
1242 0.629304
1243 0.634674
1244 0.631992
1245 0.646735
1246 0.624341
1247 0.637607
1248 0.63467
1249 0.620282
1250 0.63671
1251 0.620577
1252 0.648989
1253 0.632453
1254 0.616523
1255 0.658028
1256 0.641558
1257 0.619507
1258 0.626549
1259 0.65257
1260 0.617041
1261 0.633717
1262 0.620598
1263 0.62471
1264 0.606208
1265 0.638267
1266 0.636232
1267 0.635642
1268 0.644303
1269 0.628053
1270 0.619917
1271 0.622134
1272 0.622312
1273 0.616805
1274 0.631192
1275 0.636589
1276 0.62431
1277 0.6289
1278 0.615822
1279 0.616204
1280 0.636146
1281 0.625917
1282 0.61573
1283 0.616974
1284 0.60482
1285 0.62135
1286 0.650487
1287 0.62999
1288 0.619626
1289 0.615867
1290 0.62358
1291 0.635878
1292 0.611972
1293 0.615921
1294 0.62696
1295 0.611861
1296 0.620973
1297 0.621905
1298 0.616883
1299 0.618041
1300 0.620084
1301 0.615998
1302 0.618038
1303 0.610572
1304 0.637423
1305 0.625372
1306 0.634585
1307 0.612737
1308 0.636838
1309 0.614733
1310 0.630943
1311 0.623964
1312 0.614936
1313 0.602608
1314 0.610749
1315 0.611299
1316 0.616529
1317 0.590963
1318 0.610643
1319 0.627839
1320 0.619636
1321 0.621119
1322 0.60976
1323 0.597913
1324 0.610911
1325 0.615687
1326 0.605489
1327 0.612808
1328 0.602048
1329 0.61157
1330 0.611768
1331 0.607826
1332 0.604279
1333 0.621106
1334 0.606743
1335 0.593611
1336 0.607157
1337 0.609567
1338 0.623425
1339 0.617977
1340 0.599161
1341 0.595372
1342 0.606848
1343 0.628513
1344 0.614516
1345 0.60033
1346 0.612848
1347 0.599209
1348 0.615935
1349 0.622
1350 0.594539
1351 0.614522
1352 0.596195
1353 0.614967
1354 0.624715
1355 0.601344
1356 0.60504
1357 0.608736
1358 0.608208
1359 0.622081
1360 0.605184
1361 0.606586
1362 0.615177
1363 0.615239
1364 0.609787
1365 0.608721
1366 0.596262
1367 0.603535
1368 0.595775
1369 0.599656
1370 0.578121
1371 0.605393
1372 0.604726
1373 0.601275
1374 0.619777
1375 0.598103
1376 0.596264
1377 0.597337
1378 0.595206
1379 0.599025
1380 0.593813
1381 0.597851
1382 0.604739
1383 0.59715
1384 0.591787
1385 0.607675
1386 0.598401
1387 0.593268
1388 0.591901
1389 0.59388
1390 0.588657
1391 0.619972
1392 0.600372
1393 0.594071
1394 0.605719
1395 0.588838
1396 0.603148
1397 0.599684
1398 0.589877
1399 0.586309
1400 0.607302
1401 0.587966
1402 0.596816
1403 0.598021
1404 0.603928
1405 0.607521
1406 0.592257
1407 0.600178
1408 0.597735
1409 0.605633
1410 0.616248
1411 0.596479
1412 0.593746
1413 0.606765
1414 0.592926
1415 0.59131
1416 0.58816
1417 0.595317
1418 0.590891
1419 0.586859
1420 0.587116
1421 0.594029
1422 0.565873
1423 0.590282
1424 0.586711
1425 0.600074
1426 0.606733
1427 0.587022
1428 0.581907
1429 0.587552
1430 0.578069
1431 0.577352
1432 0.586571
1433 0.597736
1434 0.581901
1435 0.605301
1436 0.581721
1437 0.581508
1438 0.600311
1439 0.586081
1440 0.590071
1441 0.578363
1442 0.577035
1443 0.583447
1444 0.625966
1445 0.578509
1446 0.589946
1447 0.56925
1448 0.581906
1449 0.589676
1450 0.58192
1451 0.569665
1452 0.587847
1453 0.578073
1454 0.577281
1455 0.582389
1456 0.596999
1457 0.567247
1458 0.590812
1459 0.590464
1460 0.583246
1461 0.570385
1462 0.576055
1463 0.601078
1464 0.59584
1465 0.568964
1466 0.596794
1467 0.588422
1468 0.570993
1469 0.57656
1470 0.578784
1471 0.576132
1472 0.578874
1473 0.565147
1474 0.566794
1475 0.555001
1476 0.598629
1477 0.582704
1478 0.582321
1479 0.58796
1480 0.572305
1481 0.568026
1482 0.56785
1483 0.573142
1484 0.57063
1485 0.581626
1486 0.575935
1487 0.572639
1488 0.5823
1489 0.562947
1490 0.565514
1491 0.588969
1492 0.573621
1493 0.570926
1494 0.571118
1495 0.579062
1496 0.585993
1497 0.585324
1498 0.571906
1499 0.564334
1500 0.567599
1501 0.575644
1502 0.577289
1503 0.57617
1504 0.572748
1505 0.569861
1506 0.574996
1507 0.572492
1508 0.557645
1509 0.580539
1510 0.568153
1511 0.575881
1512 0.571051
1513 0.566361
1514 0.562721
1515 0.581195
1516 0.577455
1517 0.586459
1518 0.56745
1519 0.576585
1520 0.570065
1521 0.576319
1522 0.578011
1523 0.556776
1524 0.563435
1525 0.562606
1526 0.553633
1527 0.560282
1528 0.539496
1529 0.571507
1530 0.57364
1531 0.579784
1532 0.573511
1533 0.554471
1534 0.544056
1535 0.572307
1536 0.563366
1537 0.567765
1538 0.554637
1539 0.562152
1540 0.564264
1541 0.564384
1542 0.543213
1543 0.56653
1544 0.560776
1545 0.561752
1546 0.550544
1547 0.560257
1548 0.552268
1549 0.57195
1550 0.56275
1551 0.559221
1552 0.555247
1553 0.555532
1554 0.575676
1555 0.563902
1556 0.551
1557 0.572146
1558 0.563111
1559 0.556662
1560 0.569864
1561 0.552079
1562 0.562359
1563 0.564019
1564 0.561419
1565 0.563084
1566 0.563105
1567 0.563806
1568 0.579597
1569 0.552636
1570 0.571054
1571 0.556115
1572 0.571452
1573 0.550787
1574 0.546659
1575 0.566178
1576 0.554483
1577 0.557253
1578 0.544723
1579 0.54457
1580 0.539656
1581 0.537974
1582 0.554305
1583 0.561642
1584 0.572044
1585 0.548601
1586 0.552398
1587 0.548202
1588 0.547428
1589 0.543405
1590 0.546448
1591 0.552818
1592 0.541658
1593 0.558428
1594 0.544945
1595 0.547626
1596 0.560025
1597 0.5404
1598 0.544351
1599 0.554609
1600 0.541833
1601 0.548464
1602 0.566064
1603 0.549556
1604 0.54512
1605 0.551537
1606 0.551142
1607 0.555787
1608 0.553787
1609 0.53334
1610 0.553656
1611 0.54726
1612 0.543692
1613 0.541738
1614 0.558714
1615 0.54109
1616 0.551486
1617 0.55336
1618 0.552813
1619 0.546645
1620 0.54314
1621 0.550733
1622 0.546947
1623 0.538844
1624 0.558418
1625 0.559012
1626 0.542122
1627 0.535301
1628 0.551528
1629 0.53309
1630 0.542233
1631 0.536639
1632 0.544484
1633 0.523835
1634 0.560172
1635 0.555334
1636 0.556857
1637 0.563522
1638 0.531507
1639 0.541448
1640 0.543611
1641 0.534391
1642 0.543737
1643 0.544833
1644 0.540375
1645 0.538552
1646 0.541139
1647 0.535989
1648 0.53436
1649 0.544958
1650 0.529049
1651 0.527041
1652 0.542832
1653 0.536571
1654 0.549301
1655 0.562322
1656 0.537602
1657 0.531265
1658 0.535289
1659 0.556838
1660 0.545092
1661 0.52032
1662 0.532389
1663 0.544254
1664 0.527434
1665 0.549613
1666 0.53807
1667 0.539915
1668 0.5364
1669 0.551112
1670 0.537181
1671 0.534761
1672 0.540006
1673 0.548027
1674 0.549463
1675 0.545739
1676 0.532611
1677 0.546023
1678 0.534743
1679 0.53754
1680 0.531062
1681 0.548556
1682 0.520749
1683 0.532106
1684 0.525319
1685 0.535058
1686 0.511706
1687 0.541561
1688 0.550528
1689 0.532207
1690 0.542657
1691 0.525023
1692 0.518395
1693 0.534007
1694 0.527286
1695 0.528877
1696 0.529081
1697 0.530097
1698 0.528029
1699 0.537188
1700 0.523729
1701 0.525351
1702 0.540829
1703 0.527112
1704 0.517338
1705 0.528141
1706 0.522712
1707 0.533866
1708 0.52171
1709 0.52063
1710 0.527751
1711 0.518132
1712 0.549949
1713 0.533206
1714 0.52635
1715 0.531052
1716 0.527121
1717 0.529077
1718 0.540128
1719 0.519164
1720 0.542608
1721 0.522855
1722 0.533086
1723 0.536853
1724 0.520452
1725 0.532926
1726 0.538208
1727 0.524967
1728 0.52756
1729 0.536531
1730 0.521783
1731 0.530281
1732 0.523583
1733 0.529085
1734 0.52749
1735 0.519472
1736 0.524453
1737 0.518138
1738 0.52684
1739 0.503579
1740 0.535904
1741 0.531735
1742 0.522339
1743 0.536855
1744 0.513628
1745 0.516823
1746 0.513344
1747 0.505144
1748 0.523022
1749 0.526887
1750 0.516938
1751 0.538286
1752 0.515576
1753 0.513394
1754 0.535869
1755 0.517266
1756 0.514652
1757 0.516023
1758 0.507465
1759 0.514777
1760 0.534682
1761 0.531171
1762 0.517861
1763 0.517694
1764 0.515347
1765 0.52865
1766 0.51038
1767 0.511952
1768 0.512539
1769 0.518229
1770 0.517778
1771 0.524699
1772 0.526771
1773 0.525961
1774 0.521249
1775 0.513252
1776 0.523654
1777 0.52738
1778 0.507351
1779 0.530642
1780 0.522447
1781 0.520605
1782 0.52532
1783 0.523656
1784 0.513002
1785 0.515043
1786 0.525111
1787 0.507898
1788 0.513167
1789 0.506614
1790 0.509755
1791 0.499633
1792 0.517063
1793 0.503767
1794 0.527285
1795 0.52807
1796 0.501989
1797 0.51932
1798 0.51331
1799 0.50745
1800 0.505097
1801 0.512759
1802 0.517888
1803 0.512928
1804 0.514796
1805 0.498614
1806 0.515892
1807 0.517827
1808 0.51374
1809 0.51074
1810 0.525288
1811 0.49983
1812 0.507447
1813 0.539005
1814 0.514154
1815 0.511368
1816 0.500779
1817 0.509891
1818 0.516617
1819 0.511531
1820 0.49487
1821 0.522066
1822 0.509709
1823 0.514247
1824 0.516685
1825 0.512772
1826 0.499248
1827 0.518675
1828 0.512739
1829 0.516887
1830 0.50763
1831 0.507905
1832 0.518256
1833 0.519424
1834 0.502616
1835 0.521505
1836 0.503927
1837 0.493572
1838 0.50658
1839 0.507072
1840 0.506778
1841 0.497924
1842 0.50159
1843 0.489708
1844 0.490231
1845 0.518134
1846 0.51131
1847 0.500893
1848 0.515395
1849 0.500069
1850 0.496366
1851 0.496675
1852 0.502323
1853 0.496135
1854 0.501045
1855 0.506043
1856 0.501956
1857 0.51469
1858 0.49532
1859 0.501552
1860 0.510398
1861 0.497658
1862 0.499468
1863 0.505252
1864 0.498758
1865 0.51089
1866 0.51911
1867 0.50288
1868 0.49709
1869 0.497218
1870 0.506127
1871 0.507271
1872 0.496877
1873 0.500428
1874 0.504553
1875 0.492002
1876 0.508425
1877 0.492352
1878 0.51246
1879 0.495328
1880 0.501096
1881 0.507346
1882 0.498505
1883 0.493205
1884 0.504194
1885 0.507448
1886 0.507269
1887 0.497959
1888 0.496132
1889 0.509393
1890 0.512085
1891 0.503553
1892 0.495082
1893 0.487296
1894 0.499339
1895 0.485532
1896 0.499563
1897 0.478918
1898 0.497335
1899 0.497443
1900 0.49635
1901 0.506066
1902 0.480322
1903 0.485476
1904 0.509937
1905 0.485751
1906 0.498715
1907 0.491421
1908 0.500171
1909 0.498374
1910 0.493587
1911 0.485693
1912 0.499511
1913 0.491646
1914 0.501214
1915 0.486049
1916 0.494707
1917 0.496942
1918 0.505446
1919 0.493671
1920 0.485719
1921 0.49125
1922 0.492028
1923 0.501985
1924 0.495796
1925 0.472949
1926 0.485416
1927 0.499269
1928 0.489472
1929 0.494085
1930 0.482383
1931 0.513318
1932 0.493608
1933 0.512693
1934 0.487485
1935 0.489396
1936 0.491126
1937 0.502632
1938 0.501578
1939 0.487503
1940 0.495051
1941 0.503132
1942 0.491547
1943 0.484014
1944 0.494081
1945 0.489562
1946 0.47936
1947 0.485517
1948 0.480352
1949 0.474199
1950 0.474425
1951 0.490983
1952 0.505521
1953 0.498626
1954 0.486754
1955 0.479506
1956 0.488055
1957 0.485505
1958 0.475809
1959 0.496698
1960 0.496196
1961 0.479123
1962 0.492879
1963 0.480296
1964 0.491366
1965 0.50162
1966 0.480157
1967 0.492192
1968 0.486025
1969 0.470475
1970 0.487568
1971 0.508203
1972 0.488644
1973 0.481556
1974 0.486103
1975 0.483193
1976 0.489133
1977 0.486951
1978 0.475032
1979 0.490344
1980 0.480294
1981 0.482125
1982 0.489832
1983 0.497648
1984 0.487046
1985 0.491653
1986 0.484816
1987 0.498294
1988 0.480593
1989 0.479116
1990 0.48509
1991 0.497796
1992 0.4758
1993 0.493888
1994 0.490161
1995 0.484705
1996 0.478737
1997 0.485403
1998 0.466397
1999 0.481495
2000 0.471725
2001 0.473043
2002 0.470585
2003 0.498046
2004 0.497347
2005 0.476905
2006 0.492019
2007 0.478264
2008 0.474363
2009 0.478149
2010 0.481222
2011 0.473934
2012 0.491691
2013 0.474746
2014 0.486694
2015 0.466681
2016 0.47141
2017 0.4739
2018 0.501754
2019 0.478856
2020 0.462826
2021 0.472106
2022 0.468204
2023 0.477878
2024 0.494073
2025 0.473574
2026 0.476981
2027 0.467611
2028 0.47588
2029 0.480607
2030 0.46529
2031 0.467072
2032 0.476184
2033 0.463842
2034 0.480789
2035 0.478917
2036 0.489239
2037 0.47225
2038 0.485071
2039 0.476857
2040 0.474353
2041 0.474668
2042 0.473867
2043 0.480692
2044 0.48503
2045 0.471304
2046 0.48984
2047 0.481441
2048 0.468247
2049 0.47307
2050 0.468622
2051 0.460609
2052 0.473437
2053 0.470749
2054 0.47271
2055 0.444169
2056 0.473607
2057 0.485655
2058 0.473105
2059 0.477461
2060 0.473008
2061 0.461406
2062 0.467652
2063 0.467648
2064 0.471153
2065 0.475965
2066 0.463617
2067 0.465747
2068 0.460808
2069 0.466061
2070 0.468559
2071 0.484194
2072 0.480824
2073 0.455438
2074 0.473841
2075 0.469793
2076 0.481444
2077 0.476868
2078 0.462724
2079 0.474055
2080 0.460216
2081 0.483864
2082 0.468895
2083 0.456491
2084 0.459032
2085 0.467433
2086 0.471401
2087 0.485563
2088 0.460773
2089 0.474138
2090 0.458402
2091 0.465753
2092 0.471145
2093 0.456508
2094 0.473318
2095 0.479493
2096 0.46732
2097 0.480173
2098 0.464304
2099 0.465292
2100 0.474619
2101 0.46137
2102 0.464816
2103 0.461902
2104 0.471717
2105 0.457268
2106 0.468596
2107 0.46186
2108 0.450913
2109 0.468293
2110 0.472176
2111 0.47416
2112 0.473986
2113 0.45183
2114 0.465312
2115 0.462164
2116 0.447658
2117 0.474895
2118 0.452081
2119 0.453525
2120 0.463631
2121 0.457951
2122 0.465132
2123 0.466733
2124 0.457921
2125 0.461203
2126 0.455859
2127 0.449961
2128 0.457825
2129 0.48277
2130 0.457464
2131 0.456702
2132 0.468974
2133 0.452893
2134 0.472645
2135 0.462628
2136 0.449658
2137 0.463109
2138 0.470212
2139 0.449692
2140 0.461061
2141 0.468184
2142 0.464996
2143 0.453607
2144 0.451378
2145 0.467186
2146 0.455883
2147 0.455377
2148 0.464774
2149 0.455059
2150 0.452796
2151 0.476018
2152 0.461918
2153 0.462673
2154 0.455818
2155 0.473023
2156 0.465163
2157 0.454082
2158 0.459469
2159 0.460658
2160 0.440525
2161 0.461556
2162 0.46729
2163 0.460069
2164 0.47885
2165 0.441345
2166 0.449685
2167 0.452559
2168 0.456762
2169 0.446168
2170 0.456134
2171 0.467541
2172 0.451238
2173 0.458618
2174 0.439664
2175 0.444706
2176 0.462788
2177 0.447213
2178 0.447234
2179 0.460639
2180 0.451177
2181 0.454461
2182 0.470746
2183 0.449887
2184 0.444132
2185 0.455503
2186 0.464433
2187 0.459481
2188 0.444305
2189 0.439809
2190 0.455097
2191 0.445467
2192 0.449361
2193 0.467927
2194 0.447542
2195 0.455529
2196 0.463088
2197 0.447116
2198 0.458791
2199 0.449212
2200 0.454402
2201 0.444948
2202 0.451523
2203 0.446286
2204 0.456466
2205 0.452951
2206 0.447546
2207 0.451716
2208 0.448444
2209 0.445335
2210 0.441137
2211 0.44269
2212 0.454167
2213 0.434792
2214 0.457103
2215 0.456793
2216 0.459309
2217 0.446621
2218 0.43963
2219 0.438369
2220 0.435565
2221 0.434099
2222 0.459734
2223 0.447493
2224 0.449465
2225 0.44212
2226 0.442282
2227 0.438027
2228 0.448338
2229 0.448216
2230 0.448373
2231 0.441137
2232 0.441889
2233 0.443637
2234 0.466266
2235 0.445594
2236 0.442722
2237 0.440565
2238 0.442808
2239 0.453375
2240 0.468226
2241 0.43658
2242 0.442896
2243 0.443291
2244 0.435534
2245 0.455568
2246 0.441491
2247 0.448531
2248 0.437881
2249 0.454915
2250 0.445918
2251 0.446477
2252 0.450392
2253 0.455803
2254 0.444816
2255 0.45347
2256 0.45216
2257 0.447433
2258 0.439399
2259 0.447476
2260 0.451264
2261 0.435777
2262 0.42885
2263 0.436617
2264 0.436616
2265 0.428149
2266 0.431711
2267 0.449377
2268 0.448453
2269 0.437867
2270 0.441583
2271 0.439353
2272 0.434094
2273 0.438396
2274 0.430848
2275 0.438495
2276 0.43232
2277 0.445211
2278 0.438999
2279 0.437257
2280 0.43145
2281 0.448498
2282 0.444859
2283 0.44212
2284 0.430169
2285 0.42942
2286 0.441412
2287 0.446303
2288 0.44303
2289 0.426051
2290 0.434385
2291 0.423815
2292 0.435886
2293 0.439277
2294 0.429102
2295 0.434269
2296 0.434276
2297 0.429341
2298 0.435898
2299 0.431606
2300 0.437495
2301 0.441112
2302 0.444818
2303 0.444975
2304 0.437405
2305 0.439608
2306 0.441181
2307 0.437906
2308 0.420796
2309 0.42958
2310 0.443534
2311 0.430135
2312 0.430031
2313 0.443127
2314 0.435961
2315 0.430741
2316 0.426388
2317 0.432908
2318 0.425557
2319 0.424883
2320 0.432357
2321 0.45589
2322 0.43447
2323 0.440175
2324 0.432279
2325 0.433407
2326 0.423971
2327 0.422938
2328 0.440098
2329 0.433467
2330 0.427605
2331 0.442478
2332 0.41971
2333 0.424082
2334 0.446535
2335 0.426455
2336 0.431967
2337 0.431692
2338 0.422703
2339 0.439081
2340 0.446867
2341 0.433204
2342 0.417828
2343 0.423737
2344 0.430183
2345 0.428563
2346 0.423554
2347 0.424327
2348 0.432522
2349 0.432808
2350 0.427921
2351 0.443612
2352 0.436181
2353 0.423647
2354 0.44101
2355 0.435869
2356 0.424192
2357 0.429892
2358 0.431724
2359 0.435573
2360 0.433449
2361 0.426299
2362 0.439331
2363 0.42974
2364 0.432207
2365 0.428496
2366 0.42811
2367 0.426166
2368 0.426079
2369 0.425042
2370 0.416512
2371 0.415892
2372 0.453157
2373 0.434023
2374 0.424735
2375 0.433014
2376 0.414142
2377 0.426153
2378 0.433546
2379 0.421793
2380 0.428702
2381 0.432274
2382 0.428443
2383 0.415692
2384 0.424675
2385 0.423838
2386 0.432282
2387 0.417329
2388 0.424297
2389 0.425684
2390 0.423295
2391 0.418184
2392 0.431476
2393 0.437442
2394 0.433007
2395 0.410427
2396 0.423777
2397 0.426456
2398 0.434085
2399 0.419373
2400 0.414606
2401 0.44063
2402 0.412684
2403 0.419479
2404 0.430467
2405 0.409096
2406 0.423525
2407 0.427587
2408 0.419356
2409 0.418108
2410 0.423591
2411 0.423453
2412 0.423391
2413 0.430714
2414 0.416191
2415 0.419498
2416 0.410959
2417 0.422044
2418 0.432145
2419 0.415446
2420 0.412074
2421 0.418845
2422 0.410546
2423 0.416491
2424 0.401988
2425 0.426915
2426 0.429216
2427 0.423109
2428 0.417918
2429 0.414194
2430 0.405096
2431 0.415388
2432 0.42182
2433 0.422607
2434 0.421805
2435 0.420909
2436 0.415817
2437 0.415496
2438 0.414373
2439 0.415209
2440 0.425025
2441 0.425791
2442 0.409015
2443 0.415357
2444 0.418398
2445 0.433813
2446 0.414202
2447 0.405807
2448 0.414084
2449 0.415105
2450 0.428337
2451 0.419805
2452 0.399897
2453 0.407888
2454 0.41075
2455 0.417937
2456 0.414904
2457 0.414468
2458 0.421717
2459 0.417699
2460 0.412805
2461 0.421685
2462 0.40013
2463 0.414306
2464 0.425326
2465 0.415608
2466 0.41748
2467 0.423893
2468 0.421461
2469 0.420679
2470 0.412353
2471 0.424978
2472 0.41074
2473 0.418941
2474 0.413996
2475 0.407305
2476 0.402755
2477 0.402276
2478 0.417251
2479 0.424365
2480 0.42174
2481 0.420899
2482 0.407185
2483 0.41657
2484 0.409227
2485 0.409112
2486 0.424697
2487 0.405354
2488 0.415965
2489 0.415501
2490 0.407176
2491 0.405054
2492 0.41551
2493 0.405919
2494 0.419788
2495 0.40666
2496 0.40205
2497 0.416873
2498 0.426269
2499 0.415134
2500 0.406489
2501 0.406814
2502 0.41108
2503 0.421235
2504 0.417911
2505 0.405699
2506 0.408831
2507 0.409981
2508 0.405327
2509 0.410182
2510 0.408568
2511 0.411828
2512 0.404951
2513 0.405248
2514 0.415633
2515 0.418111
2516 0.412795
2517 0.404558
2518 0.412183
2519 0.410891
2520 0.42648
2521 0.415318
2522 0.407745
2523 0.410746
2524 0.420204
2525 0.395284
2526 0.408641
2527 0.408776
2528 0.402758
2529 0.393505
2530 0.420675
2531 0.40986
2532 0.407971
2533 0.420494
2534 0.398558
2535 0.403168
2536 0.399151
2537 0.402452
2538 0.408612
2539 0.4051
2540 0.406927
2541 0.407567
2542 0.412087
2543 0.408025
2544 0.406482
2545 0.408286
2546 0.409816
2547 0.409223
2548 0.396594
2549 0.404482
2550 0.409781
2551 0.423193
2552 0.398221
2553 0.397749
2554 0.400435
2555 0.398659
2556 0.416356
2557 0.399918
2558 0.39772
2559 0.406172
2560 0.405866
2561 0.40289
2562 0.414371
2563 0.413882
2564 0.401096
2565 0.410978
2566 0.399432
2567 0.408095
2568 0.399324
2569 0.413902
2570 0.408049
2571 0.405803
2572 0.400376
2573 0.410493
2574 0.404097
2575 0.407209
2576 0.405812
2577 0.397029
2578 0.395482
2579 0.398243
2580 0.404869
2581 0.389725
2582 0.382606
2583 0.40942
2584 0.398281
2585 0.406716
2586 0.399059
2587 0.39888
2588 0.3918
2589 0.399015
2590 0.410277
2591 0.403934
2592 0.390426
2593 0.412316
2594 0.400821
2595 0.406808
2596 0.404812
2597 0.390616
2598 0.401573
2599 0.398182
2600 0.387696
2601 0.397719
2602 0.4
2603 0.406445
2604 0.398777
2605 0.390955
2606 0.396197
2607 0.390165
2608 0.408872
2609 0.398208
2610 0.387356
2611 0.407913
2612 0.401265
2613 0.393369
2614 0.40992
2615 0.395344
2616 0.410167
2617 0.39042
2618 0.405189
2619 0.398217
2620 0.391127
2621 0.38777
2622 0.400751
2623 0.387514
2624 0.413863
2625 0.386572
2626 0.399972
2627 0.400339
2628 0.408025
2629 0.399028
2630 0.382999
2631 0.394331
2632 0.398278
2633 0.394673
2634 0.393752
2635 0.380843
2636 0.401693
2637 0.407562
2638 0.394954
2639 0.395725
2640 0.38844
2641 0.397778
2642 0.394645
2643 0.390752
2644 0.400149
2645 0.385077
2646 0.397314
2647 0.39763
2648 0.389109
2649 0.385077
2650 0.396733
2651 0.395212
2652 0.389957
2653 0.391526
2654 0.385728
2655 0.401526
2656 0.395433
2657 0.397965
2658 0.383547
2659 0.393256
2660 0.387824
2661 0.407987
2662 0.393273
2663 0.381559
2664 0.393421
2665 0.406411
2666 0.387632
2667 0.395965
2668 0.382553
2669 0.403417
2670 0.389874
2671 0.390511
2672 0.390995
2673 0.394756
2674 0.397137
2675 0.398041
2676 0.397371
2677 0.396967
2678 0.382922
2679 0.39536
2680 0.389271
2681 0.390607
2682 0.384582
2683 0.386898
2684 0.393564
2685 0.382848
2686 0.380857
2687 0.390157
2688 0.398026
2689 0.39434
2690 0.402756
2691 0.390964
2692 0.39481
2693 0.377415
2694 0.387411
2695 0.384815
2696 0.385175
2697 0.392337
2698 0.39277
2699 0.388588
2700 0.389646
2701 0.388048
2702 0.382029
2703 0.391703
2704 0.376945
2705 0.392107
2706 0.390339
2707 0.388862
2708 0.40175
2709 0.402415
2710 0.385224
2711 0.389585
2712 0.388054
2713 0.394063
2714 0.387363
2715 0.377415
2716 0.380584
2717 0.381923
2718 0.389001
2719 0.385137
2720 0.387981
2721 0.384365
2722 0.385637
2723 0.387671
2724 0.387794
2725 0.384728
2726 0.400354
2727 0.387877
2728 0.386959
2729 0.389453
2730 0.381946
2731 0.387615
2732 0.387886
2733 0.381485
2734 0.377383
2735 0.393855
2736 0.38312
2737 0.379911
2738 0.375615
2739 0.382576
2740 0.377951
2741 0.410464
2742 0.394293
2743 0.384388
2744 0.396493
2745 0.37306
2746 0.377387
2747 0.378345
2748 0.379397
2749 0.381422
2750 0.371956
2751 0.374017
2752 0.383543
2753 0.392665
2754 0.38216
2755 0.382516
2756 0.383588
2757 0.385621
2758 0.377039
2759 0.375626
2760 0.372962
2761 0.38835
2762 0.395986
2763 0.382927
2764 0.378831
2765 0.378753
2766 0.37854
2767 0.392787
2768 0.378245
2769 0.384338
2770 0.389692
2771 0.390979
2772 0.378377
2773 0.391854
2774 0.389935
2775 0.369922
2776 0.391617
2777 0.373717
2778 0.387009
2779 0.376398
2780 0.390888
2781 0.379788
2782 0.380551
2783 0.377552
2784 0.377332
2785 0.383424
2786 0.377691
2787 0.379768
2788 0.36598
2789 0.37286
2790 0.380872
2791 0.366019
2792 0.378752
2793 0.361957
2794 0.376541
2795 0.38619
2796 0.373314
2797 0.375184
2798 0.375266
2799 0.368887
2800 0.376714
2801 0.375375
2802 0.381589
2803 0.377554
2804 0.378723
2805 0.376716
2806 0.377298
2807 0.37496
2808 0.381671
2809 0.377943
2810 0.375796
2811 0.382409
2812 0.373582
2813 0.386725
2814 0.394499
2815 0.384972
2816 0.367173
2817 0.371069
2818 0.382513
2819 0.377764
2820 0.380839
2821 0.368668
2822 0.377738
2823 0.378333
2824 0.376988
2825 0.379273
2826 0.382662
2827 0.384521
2828 0.37188
2829 0.376967
2830 0.374009
2831 0.364861
2832 0.381732
2833 0.389462
2834 0.378416
2835 0.378077
2836 0.373635
2837 0.371975
2838 0.36706
2839 0.370808
2840 0.37449
2841 0.370552
2842 0.378443
2843 0.373357
2844 0.371304
2845 0.372859
2846 0.358468
2847 0.370023
2848 0.373518
2849 0.383238
2850 0.38127
2851 0.359282
2852 0.370194
2853 0.362695
2854 0.372263
2855 0.377476
2856 0.375965
2857 0.367445
2858 0.379133
2859 0.35692
2860 0.374418
2861 0.380969
2862 0.366451
2863 0.370508
2864 0.370461
2865 0.368675
2866 0.372648
2867 0.381881
2868 0.37912
2869 0.367297
2870 0.376552
2871 0.369509
2872 0.373432
2873 0.370172
2874 0.37182
2875 0.374284
2876 0.371224
2877 0.370287
2878 0.372749
2879 0.363992
2880 0.373505
2881 0.374799
2882 0.363815
2883 0.369496
2884 0.372724
2885 0.368835
2886 0.381721
2887 0.369219
2888 0.366532
2889 0.367634
2890 0.379123
2891 0.363748
2892 0.368774
2893 0.380002
2894 0.355506
2895 0.361323
2896 0.372554
2897 0.365836
2898 0.356175
2899 0.381079
2900 0.362765
2901 0.371217
2902 0.38566
2903 0.357657
2904 0.365419
2905 0.36552
2906 0.36534
2907 0.36115
2908 0.368867
2909 0.373008
2910 0.357866
2911 0.367267
2912 0.362325
2913 0.371641
2914 0.371337
2915 0.361593
2916 0.368784
2917 0.364944
2918 0.355219
2919 0.373659
2920 0.381499
2921 0.36427
2922 0.361125
2923 0.355065
2924 0.362545
2925 0.367212
2926 0.364007
2927 0.356109
2928 0.369559
2929 0.363131
2930 0.369826
2931 0.368155
2932 0.369963
2933 0.358337
2934 0.366315
2935 0.356676
2936 0.36882
2937 0.366521
2938 0.3778
2939 0.364277
2940 0.374145
2941 0.360034
2942 0.364803
2943 0.374263
2944 0.357536
2945 0.36998
2946 0.365262
2947 0.359472
2948 0.364177
2949 0.362932
2950 0.371756
2951 0.347158
2952 0.369557
2953 0.37165
2954 0.38234
2955 0.368372
2956 0.370117
2957 0.359455
2958 0.358887
2959 0.361114
2960 0.363795
2961 0.361784
2962 0.360034
2963 0.364014
2964 0.366126
2965 0.358805
2966 0.366053
2967 0.368618
2968 0.364237
2969 0.353576
2970 0.360415
2971 0.371301
2972 0.375644
2973 0.367776
2974 0.359173
2975 0.363968
2976 0.354281
2977 0.368505
2978 0.364093
2979 0.360347
2980 0.361242
2981 0.360514
2982 0.354122
2983 0.359127
2984 0.357664
2985 0.369494
2986 0.363313
2987 0.36536
2988 0.360615
2989 0.360268
2990 0.358617
2991 0.373353
2992 0.368597
2993 0.367834
2994 0.364252
2995 0.357852
2996 0.364083
2997 0.36332
2998 0.362463
2999 0.368236
3000 0.351988
3001 0.348954
3002 0.356279
3003 0.358302
3004 0.347361
3005 0.359743
3006 0.359023
3007 0.364816
3008 0.366206
3009 0.354611
3010 0.352053
3011 0.354451
3012 0.35704
3013 0.355852
3014 0.359909
3015 0.363294
3016 0.357673
3017 0.354222
3018 0.35686
3019 0.362807
3020 0.355256
3021 0.361988
3022 0.348166
3023 0.354383
3024 0.352533
3025 0.368642
3026 0.365123
3027 0.354022
3028 0.360973
3029 0.348556
3030 0.363409
3031 0.352973
3032 0.355087
3033 0.353798
3034 0.361472
3035 0.361823
3036 0.361088
3037 0.355125
3038 0.351798
3039 0.360139
3040 0.356282
3041 0.361614
3042 0.363098
3043 0.354948
3044 0.372405
3045 0.349218
3046 0.344601
3047 0.354329
3048 0.359658
3049 0.34559
3050 0.346934
3051 0.363908
3052 0.350079
3053 0.355799
3054 0.346998
3055 0.347836
3056 0.337128
3057 0.362501
3058 0.346898
3059 0.364261
3060 0.360089
3061 0.34259
3062 0.34232
3063 0.348056
3064 0.35091
3065 0.340744
3066 0.358254
3067 0.352781
3068 0.349017
3069 0.362026
3070 0.349122
3071 0.34637
3072 0.360471
3073 0.350606
3074 0.353488
3075 0.346504
3076 0.343158
3077 0.352097
3078 0.36239
3079 0.356755
3080 0.343829
3081 0.346751
3082 0.350925
3083 0.35172
3084 0.347912
3085 0.346359
3086 0.345577
3087 0.361179
3088 0.348035
3089 0.350123
3090 0.360141
3091 0.343442
3092 0.359122
3093 0.343834
3094 0.353217
3095 0.346392
3096 0.350495
3097 0.355352
3098 0.349433
3099 0.340598
3100 0.355566
3101 0.352047
3102 0.342825
3103 0.348003
3104 0.352603
3105 0.345132
3106 0.353479
3107 0.343556
3108 0.345989
3109 0.330666
3110 0.35879
3111 0.357105
3112 0.348653
3113 0.357139
3114 0.343755
3115 0.345296
3116 0.345881
3117 0.338676
3118 0.346543
3119 0.34815
3120 0.340572
3121 0.345612
3122 0.349651
3123 0.346146
3124 0.349628
3125 0.352743
3126 0.342756
3127 0.341411
3128 0.349283
3129 0.344531
3130 0.35025
3131 0.3557
3132 0.343158
3133 0.348524
3134 0.346384
3135 0.347306
3136 0.347182
3137 0.345763
3138 0.343175
3139 0.348122
3140 0.343678
3141 0.345688
3142 0.348112
3143 0.354217
3144 0.334634
3145 0.351675
3146 0.344709
3147 0.338697
3148 0.335097
3149 0.350561
3150 0.353504
3151 0.357214
3152 0.337594
3153 0.348941
3154 0.354287
3155 0.345534
3156 0.35316
3157 0.337189
3158 0.333535
3159 0.348412
3160 0.337143
3161 0.343829
3162 0.327519
3163 0.350473
3164 0.360023
3165 0.343425
3166 0.343812
3167 0.341357
3168 0.33019
3169 0.344409
3170 0.349184
3171 0.349169
3172 0.33594
3173 0.341831
3174 0.34184
3175 0.342804
3176 0.334403
3177 0.338958
3178 0.335633
3179 0.342841
3180 0.335052
3181 0.331308
3182 0.338662
3183 0.351912
3184 0.343959
3185 0.334401
3186 0.333063
3187 0.343637
3188 0.353617
3189 0.337314
3190 0.334087
3191 0.349197
3192 0.344624
3193 0.348172
3194 0.348378
3195 0.339047
3196 0.349887
3197 0.335295
3198 0.336608
3199 0.345157
3200 0.340627
3201 0.330326
3202 0.345336
3203 0.345885
3204 0.333255
3205 0.335936
3206 0.348485
3207 0.340658
3208 0.354049
3209 0.345427
3210 0.33646
3211 0.337524
3212 0.331595
3213 0.334586
3214 0.331877
3215 0.334825
3216 0.337756
3217 0.345837
3218 0.335164
3219 0.351662
3220 0.329451
3221 0.341145
3222 0.331221
3223 0.331425
3224 0.340797
3225 0.337999
3226 0.332885
3227 0.333112
3228 0.330429
3229 0.334683
3230 0.35192
3231 0.333513
3232 0.339766
3233 0.340651
3234 0.331049
3235 0.341845
3236 0.349914
3237 0.334624
3238 0.333902
3239 0.33657
3240 0.332771
3241 0.345377
3242 0.336355
3243 0.335318
3244 0.33656
3245 0.334724
3246 0.32945
3247 0.342568
3248 0.335009
3249 0.332474
3250 0.340616
3251 0.332989
3252 0.332147
3253 0.335983
3254 0.336939
3255 0.347611
3256 0.342323
3257 0.336316
3258 0.336427
3259 0.341943
3260 0.333824
3261 0.333484
3262 0.345609
3263 0.323008
3264 0.331064
3265 0.332771
3266 0.331254
3267 0.332348
3268 0.366224
3269 0.338179
3270 0.33856
3271 0.34583
3272 0.319843
3273 0.334857
3274 0.337766
3275 0.325676
3276 0.32501
3277 0.336509
3278 0.326067
3279 0.332687
3280 0.329367
3281 0.324354
3282 0.327212
3283 0.331737
3284 0.335489
3285 0.327551
3286 0.334917
3287 0.325805
3288 0.338376
3289 0.350288
3290 0.325248
3291 0.327792
3292 0.321984
3293 0.337038
3294 0.346089
3295 0.32852
3296 0.323911
3297 0.343412
3298 0.325238
3299 0.328667
3300 0.340836
3301 0.334316
3302 0.328011
3303 0.336677
3304 0.330859
3305 0.33765
3306 0.328114
3307 0.344383
3308 0.340595
3309 0.336148
3310 0.326294
3311 0.331934
3312 0.337134
3313 0.321456
3314 0.335231
3315 0.327297
3316 0.328518
3317 0.329452
3318 0.324099
3319 0.328975
3320 0.315197
3321 0.333954
3322 0.336707
3323 0.339496
3324 0.3313
3325 0.33545
3326 0.322785
3327 0.325141
3328 0.32323
3329 0.325023
3330 0.324225
3331 0.320789
3332 0.334598
3333 0.330929
3334 0.33615
3335 0.331615
3336 0.323575
3337 0.340509
3338 0.32183
3339 0.321994
3340 0.324872
3341 0.334553
3342 0.336485
3343 0.327114
3344 0.33062
3345 0.321819
3346 0.330834
3347 0.329698
3348 0.322968
3349 0.321447
3350 0.3316
3351 0.331342
3352 0.33258
3353 0.326525
3354 0.326961
3355 0.318571
3356 0.338171
3357 0.31943
3358 0.326454
3359 0.323562
3360 0.334713
3361 0.325504
3362 0.328263
3363 0.324632
3364 0.326369
3365 0.323984
3366 0.32755
3367 0.328556
3368 0.319662
3369 0.32621
3370 0.323288
3371 0.324112
3372 0.325283
3373 0.318483
3374 0.332171
3375 0.3336
3376 0.336571
3377 0.328536
3378 0.310178
3379 0.324251
3380 0.321192
3381 0.319872
3382 0.330107
3383 0.326415
3384 0.331335
3385 0.330952
3386 0.321414
3387 0.316562
3388 0.338532
3389 0.317364
3390 0.327707
3391 0.321285
3392 0.322893
3393 0.337378
3394 0.329947
3395 0.330675
3396 0.317788
3397 0.323442
3398 0.320115
3399 0.324989
3400 0.325455
3401 0.315515
3402 0.328009
3403 0.329643
3404 0.32322
3405 0.322275
3406 0.319808
3407 0.32839
3408 0.322989
3409 0.335738
3410 0.321895
3411 0.320917
3412 0.321016
3413 0.324481
3414 0.320989
3415 0.326831
3416 0.328036
3417 0.324057
3418 0.327578
3419 0.323227
3420 0.324174
3421 0.315437
3422 0.317015
3423 0.322774
3424 0.31635
3425 0.312101
3426 0.34733
3427 0.324929
3428 0.338736
3429 0.326907
3430 0.319573
3431 0.322809
3432 0.326043
3433 0.312377
3434 0.315982
3435 0.322516
3436 0.331735
3437 0.315726
3438 0.32726
3439 0.309853
3440 0.319651
3441 0.339454
3442 0.317901
3443 0.319425
3444 0.318186
3445 0.31528
3446 0.315697
3447 0.332906
3448 0.311961
3449 0.323833
3450 0.313919
3451 0.322186
3452 0.324732
3453 0.312435
3454 0.318386
3455 0.325962
3456 0.319643
3457 0.317909
3458 0.327754
3459 0.324003
3460 0.320519
3461 0.329228
3462 0.31482
3463 0.326418
3464 0.315502
3465 0.318738
3466 0.322604
3467 0.329741
3468 0.312675
3469 0.322289
3470 0.328847
3471 0.308575
3472 0.323333
3473 0.32822
3474 0.307985
3475 0.314224
3476 0.311045
3477 0.31343
3478 0.307861
3479 0.326827
3480 0.325307
3481 0.312448
3482 0.320503
3483 0.316064
3484 0.309099
3485 0.31314
3486 0.312535
3487 0.319021
3488 0.312867
3489 0.317716
3490 0.314346
3491 0.323902
3492 0.306888
3493 0.322733
3494 0.323296
3495 0.323047
3496 0.318965
3497 0.319529
3498 0.32747
3499 0.324822
3500 0.316747
3501 0.319886
3502 0.319695
3503 0.314904
3504 0.322337
3505 0.31518
3506 0.309481
3507 0.314472
3508 0.322672
3509 0.315722
3510 0.318685
3511 0.317844
3512 0.323001
3513 0.306683
3514 0.324465
3515 0.318348
3516 0.308102
3517 0.313891
3518 0.312164
3519 0.310776
3520 0.326852
3521 0.318268
3522 0.320509
3523 0.314766
3524 0.312406
3525 0.317447
3526 0.309094
3527 0.30434
3528 0.310236
3529 0.310607
3530 0.310164
3531 0.301974
3532 0.319916
3533 0.32043
3534 0.316135
3535 0.332181
3536 0.303451
3537 0.307204
3538 0.314966
3539 0.311743
3540 0.306145
3541 0.31098
3542 0.311781
3543 0.310224
3544 0.312855
3545 0.306525
3546 0.316974
3547 0.31257
3548 0.308519
3549 0.306029
3550 0.310402
3551 0.302394
3552 0.327406
3553 0.312693
3554 0.311216
3555 0.315375
3556 0.318071
3557 0.319227
3558 0.319209
3559 0.315654
3560 0.31598
3561 0.318688
3562 0.313013
3563 0.318657
3564 0.303899
3565 0.325867
3566 0.314678
3567 0.309496
3568 0.311073
3569 0.307
3570 0.313921
3571 0.317588
3572 0.314694
3573 0.31129
3574 0.304552
3575 0.321544
3576 0.314759
3577 0.307016
3578 0.314272
3579 0.308849
3580 0.307973
3581 0.309358
3582 0.316114
3583 0.302947
3584 0.297924
3585 0.310665
3586 0.320897
3587 0.314974
3588 0.311264
3589 0.304784
3590 0.307021
3591 0.313822
3592 0.303894
3593 0.318104
3594 0.306306
3595 0.307565
3596 0.316762
3597 0.300616
3598 0.308428
3599 0.313345
3600 0.308795
3601 0.308602
3602 0.305656
3603 0.30215
3604 0.307477
3605 0.314975
3606 0.306674
3607 0.303492
3608 0.311446
3609 0.30077
3610 0.321061
3611 0.311928
3612 0.301242
3613 0.306591
3614 0.300747
3615 0.311994
3616 0.310437
3617 0.312974
3618 0.30516
3619 0.313817
3620 0.306206
3621 0.311603
3622 0.315986
3623 0.298483
3624 0.318429
3625 0.312513
3626 0.30019
3627 0.302925
3628 0.32077
3629 0.303753
3630 0.311106
3631 0.314394
3632 0.309637
3633 0.306694
3634 0.310425
3635 0.306642
3636 0.300871
3637 0.337105
3638 0.314894
3639 0.306605
3640 0.313187
3641 0.29596
3642 0.312234
3643 0.305015
3644 0.307214
3645 0.307796
3646 0.312857
3647 0.310313
3648 0.309637
3649 0.306533
3650 0.303056
3651 0.298205
3652 0.307821
3653 0.31827
3654 0.300427
3655 0.299555
3656 0.304306
3657 0.301021
3658 0.323563
3659 0.310607
3660 0.30786
3661 0.300623
3662 0.304523
3663 0.315157
3664 0.30667
3665 0.297401
3666 0.30343
3667 0.30044
3668 0.305054
3669 0.30999
3670 0.304779
3671 0.298235
3672 0.303714
3673 0.303251
3674 0.30261
3675 0.308004
3676 0.308024
3677 0.309582
3678 0.311414
3679 0.298803
3680 0.313319
3681 0.303394
3682 0.300945
3683 0.312734
3684 0.297993
3685 0.303062
3686 0.29719
3687 0.295756
3688 0.308312
3689 0.284867
3690 0.306965
3691 0.313389
3692 0.312982
3693 0.3172
3694 0.303507
3695 0.288343
3696 0.300072
3697 0.295612
3698 0.300978
3699 0.307883
3700 0.306286
3701 0.30417
3702 0.302398
3703 0.295621
3704 0.294754
3705 0.308459
3706 0.30057
3707 0.30578
3708 0.300229
3709 0.291881
3710 0.309799
3711 0.30149
3712 0.296472
3713 0.293621
3714 0.297973
3715 0.31163
3716 0.302116
3717 0.288598
3718 0.301517
3719 0.300224
3720 0.305251
3721 0.305945
3722 0.302466
3723 0.304865
3724 0.299911
3725 0.30949
3726 0.311409
3727 0.30166
3728 0.307213
3729 0.309163
3730 0.29983
3731 0.309652
3732 0.303002
3733 0.294976
3734 0.301095
3735 0.300019
3736 0.298649
3737 0.2905
3738 0.297916
3739 0.289275
3740 0.300451
3741 0.301604
3742 0.291219
3743 0.300378
3744 0.312911
3745 0.304625
3746 0.300582
3747 0.300554
3748 0.291718
3749 0.292198
3750 0.292827
3751 0.299236
3752 0.30245
3753 0.295396
3754 0.306602
3755 0.297032
3756 0.295001
3757 0.305599
3758 0.292558
3759 0.302344
3760 0.29794
3761 0.289544
3762 0.305742
3763 0.307283
3764 0.300012
3765 0.290764
3766 0.293843
3767 0.29208
3768 0.29843
3769 0.300025
3770 0.291178
3771 0.294142
3772 0.298258
3773 0.297264
3774 0.299014
3775 0.298789
3776 0.297999
3777 0.300637
3778 0.292066
3779 0.295889
3780 0.287895
3781 0.295609
3782 0.301531
3783 0.30243
3784 0.293207
3785 0.295632
3786 0.312678
3787 0.287995
3788 0.295604
3789 0.304775
3790 0.294017
3791 0.295108
3792 0.297511
3793 0.296272
3794 0.288081
3795 0.311515
3796 0.298331
3797 0.299139
3798 0.305247
3799 0.288203
3800 0.294273
3801 0.291729
3802 0.298015
3803 0.30017
3804 0.296032
3805 0.298256
3806 0.296824
3807 0.29343
3808 0.295991
3809 0.291221
3810 0.308607
3811 0.288686
3812 0.300817
3813 0.295792
3814 0.287963
3815 0.293233
3816 0.30035
3817 0.293607
3818 0.295079
3819 0.288176
3820 0.294642
3821 0.296736
3822 0.287542
3823 0.290044
3824 0.300305
3825 0.286311
3826 0.296133
3827 0.307428
3828 0.290606
3829 0.298478
3830 0.300147
3831 0.286968
3832 0.288583
3833 0.294655
3834 0.306744
3835 0.29669
3836 0.305445
3837 0.29091
3838 0.300918
3839 0.298562
3840 0.28559
3841 0.296473
3842 0.298541
3843 0.2905
3844 0.292868
3845 0.288154
3846 0.293949
3847 0.280453
3848 0.311541
3849 0.29416
3850 0.298274
3851 0.301685
3852 0.288187
3853 0.285885
3854 0.292693
3855 0.29271
3856 0.29721
3857 0.290474
3858 0.298812
3859 0.290111
3860 0.292273
3861 0.293868
3862 0.300315
3863 0.292345
3864 0.294003
3865 0.291873
3866 0.298629
3867 0.287905
3868 0.303959
3869 0.289796
3870 0.28777
3871 0.288978
3872 0.288638
3873 0.284868
3874 0.287347
3875 0.286569
3876 0.294254
3877 0.297295
3878 0.287403
3879 0.293492
3880 0.292668
3881 0.284817
3882 0.283554
3883 0.298833
3884 0.29773
3885 0.281664
3886 0.284354
3887 0.292361
3888 0.288374
3889 0.300157
3890 0.292532
3891 0.294135
3892 0.29585
3893 0.288624
3894 0.286282
3895 0.284351
3896 0.283791
3897 0.287233
3898 0.290081
3899 0.291613
3900 0.285476
3901 0.290709
3902 0.291886
3903 0.288468
3904 0.292356
3905 0.286711
3906 0.286748
3907 0.289559
3908 0.290223
3909 0.296491
3910 0.294745
3911 0.298279
3912 0.294593
3913 0.285873
3914 0.280621
3915 0.290966
3916 0.289282
3917 0.293098
3918 0.287973
3919 0.289635
3920 0.281531
3921 0.298493
3922 0.294901
3923 0.281659
3924 0.284773
3925 0.284505
3926 0.293084
3927 0.285863
3928 0.282603
3929 0.292275
3930 0.287814
3931 0.286917
3932 0.289574
3933 0.280521
3934 0.286599
3935 0.29073
3936 0.288578
3937 0.281433
3938 0.285657
3939 0.286244
3940 0.299374
3941 0.290215
3942 0.283808
3943 0.28983
3944 0.299632
3945 0.286155
3946 0.293492
3947 0.286418
3948 0.282317
3949 0.290336
3950 0.29033
3951 0.285584
3952 0.279814
3953 0.270815
3954 0.285333
3955 0.291259
3956 0.292588
3957 0.284876
3958 0.285053
3959 0.286529
3960 0.272498
3961 0.283392
3962 0.287713
3963 0.278404
3964 0.289047
3965 0.284191
3966 0.283491
3967 0.284204
3968 0.290712
3969 0.283982
3970 0.293188
3971 0.289375
3972 0.279217
3973 0.292465
3974 0.298772
3975 0.286418
3976 0.284684
3977 0.286751
3978 0.278629
3979 0.285457
3980 0.285406
3981 0.27931
3982 0.289581
3983 0.286063
3984 0.28027
3985 0.289147
3986 0.290028
3987 0.284206
3988 0.29315
3989 0.279821
3990 0.28668
3991 0.294641
3992 0.28659
3993 0.289726
3994 0.286364
3995 0.27331
3996 0.29376
3997 0.291308
3998 0.279005
3999 0.278807
4000 0.290654
4001 0.278771
4002 0.282255
4003 0.283448
4004 0.276763
4005 0.273555
4006 0.309087
4007 0.285696
4008 0.280846
4009 0.289793
4010 0.273003
4011 0.289937
4012 0.27666
4013 0.282189
4014 0.286429
4015 0.278603
4016 0.277496
4017 0.286897
4018 0.286415
4019 0.279875
4020 0.280817
4021 0.281043
4022 0.281712
4023 0.270614
4024 0.279569
4025 0.279018
4026 0.282699
4027 0.288299
4028 0.278785
4029 0.271358
4030 0.274778
4031 0.282271
4032 0.284425
4033 0.286387
4034 0.272243
4035 0.284077
4036 0.277186
4037 0.283573
4038 0.287466
4039 0.277853
4040 0.271316
4041 0.289402
4042 0.284798
4043 0.275984
4044 0.274872
4045 0.285137
4046 0.290415
4047 0.288256
4048 0.269692
4049 0.288976
4050 0.279056
4051 0.278173
4052 0.290522
4053 0.28358
4054 0.282376
4055 0.280247
4056 0.280793
4057 0.275979
4058 0.263354
4059 0.280853
4060 0.287426
4061 0.277896
4062 0.286674
4063 0.281245
4064 0.270499
4065 0.270355
4066 0.282618
4067 0.277487
4068 0.285428
4069 0.2792
4070 0.280876
4071 0.279046
4072 0.278214
4073 0.271937
4074 0.279428
4075 0.279755
4076 0.273516
4077 0.276085
4078 0.269454
4079 0.302689
4080 0.280854
4081 0.283662
4082 0.282806
4083 0.272446
4084 0.282192
4085 0.278322
4086 0.272924
4087 0.283335
4088 0.272545
4089 0.276087
4090 0.280376
4091 0.271737
4092 0.282215
4093 0.2794
4094 0.282999
4095 0.278503
4096 0.283828
4097 0.274008
4098 0.278489
4099 0.278045
4100 0.280219
4101 0.275353
4102 0.276019
4103 0.283626
4104 0.276987
4105 0.288419
4106 0.263596
4107 0.281097
4108 0.27169
4109 0.27881
4110 0.269062
4111 0.261704
4112 0.284337
4113 0.281246
4114 0.278672
4115 0.274257
4116 0.267638
4117 0.265044
4118 0.277659
4119 0.274406
4120 0.279445
4121 0.275287
4122 0.269538
4123 0.277032
4124 0.28003
4125 0.274002
4126 0.287521
4127 0.283315
4128 0.275311
4129 0.277643
4130 0.270457
4131 0.272739
4132 0.279654
4133 0.274738
4134 0.268746
4135 0.27593
4136 0.268835
4137 0.279522
4138 0.265582
4139 0.270963
4140 0.271438
4141 0.290064
4142 0.269196
4143 0.283421
4144 0.279594
4145 0.278982
4146 0.272139
4147 0.286164
4148 0.274766
4149 0.283506
4150 0.274736
4151 0.295367
4152 0.271063
4153 0.27682
4154 0.278701
4155 0.276193
4156 0.268679
4157 0.275613
4158 0.281663
4159 0.274599
4160 0.272864
4161 0.274732
4162 0.275731
4163 0.267668
4164 0.278118
4165 0.274131
4166 0.277037
4167 0.275653
4168 0.271267
4169 0.266351
4170 0.27346
4171 0.266251
4172 0.262302
4173 0.273968
4174 0.281479
4175 0.271757
4176 0.27435
4177 0.272549
4178 0.26794
4179 0.279658
4180 0.26942
4181 0.266141
4182 0.272483
4183 0.27032
4184 0.273048
4185 0.282578
4186 0.275598
4187 0.272
4188 0.27401
4189 0.278876
4190 0.275146
4191 0.26903
4192 0.27307
4193 0.285613
4194 0.28219
4195 0.27717
4196 0.276348
4197 0.272932
4198 0.269534
4199 0.279579
4200 0.267343
4201 0.274602
4202 0.270738
4203 0.285601
4204 0.279627
4205 0.282278
4206 0.268865
4207 0.275863
4208 0.272522
4209 0.268268
4210 0.273606
4211 0.271293
4212 0.269561
4213 0.263697
4214 0.280251
4215 0.270942
4216 0.264125
4217 0.288328
4218 0.27061
4219 0.275921
4220 0.277748
4221 0.269816
4222 0.265261
4223 0.26392
4224 0.269544
4225 0.273847
4226 0.266313
4227 0.271594
4228 0.273678
4229 0.275195
4230 0.270825
4231 0.271558
4232 0.274795
4233 0.279267
4234 0.263046
4235 0.262271
4236 0.271317
4237 0.277617
4238 0.270213
4239 0.272415
4240 0.263189
4241 0.272216
4242 0.279588
4243 0.272411
4244 0.265753
4245 0.259937
4246 0.264509
4247 0.264473
4248 0.280377
4249 0.271026
4250 0.279411
4251 0.266994
4252 0.281388
4253 0.268456
4254 0.273795
4255 0.264629
4256 0.275002
4257 0.277295
4258 0.28366
4259 0.27341
4260 0.270865
4261 0.272352
4262 0.273995
4263 0.27109
4264 0.257725
4265 0.26393
4266 0.270802
4267 0.259955
4268 0.266491
4269 0.254649
4270 0.273794
4271 0.277242
4272 0.279247
4273 0.267003
4274 0.261767
4275 0.259374
4276 0.26792
4277 0.265931
4278 0.278409
4279 0.271366
4280 0.265999
4281 0.271555
4282 0.267295
4283 0.263559
4284 0.274988
4285 0.261439
4286 0.273133
4287 0.256246
4288 0.265058
4289 0.271926
4290 0.278664
4291 0.263282
4292 0.262181
4293 0.268466
4294 0.264629
4295 0.260385
4296 0.271916
4297 0.258187
4298 0.278839
4299 0.263644
4300 0.273333
4301 0.27178
4302 0.266263
4303 0.274757
4304 0.267523
4305 0.263863
4306 0.265762
4307 0.270002
4308 0.274151
4309 0.284548
4310 0.277422
4311 0.276251
4312 0.274288
4313 0.277805
4314 0.263123
4315 0.271584
4316 0.272215
4317 0.261447
4318 0.259403
4319 0.261632
4320 0.258852
4321 0.264578
4322 0.255294
4323 0.275542
4324 0.287314
4325 0.272917
4326 0.271378
4327 0.258989
4328 0.260631
4329 0.265709
4330 0.267653
4331 0.268288
4332 0.258736
4333 0.275339
4334 0.265482
4335 0.265526
4336 0.262946
4337 0.264048
4338 0.270392
4339 0.259085
4340 0.264361
4341 0.266385
4342 0.262448
4343 0.277557
4344 0.260926
4345 0.261614
4346 0.266987
4347 0.262921
4348 0.274798
4349 0.27458
4350 0.255504
4351 0.270404
4352 0.262858
4353 0.260956
4354 0.267303
4355 0.268548
4356 0.262436
4357 0.264424
4358 0.27653
4359 0.265613
4360 0.268076
4361 0.264277
4362 0.269588
4363 0.264583
4364 0.263722
4365 0.28038
4366 0.260258
4367 0.26195
4368 0.266925
4369 0.269441
4370 0.252615
4371 0.264846
4372 0.257795
4373 0.259365
4374 0.252321
4375 0.28592
4376 0.268434
4377 0.270059
4378 0.270603
4379 0.256362
4380 0.26237
4381 0.259709
4382 0.254433
4383 0.249665
4384 0.259237
4385 0.265836
4386 0.261942
4387 0.258084
4388 0.26036
4389 0.255961
4390 0.263737
4391 0.259167
4392 0.262068
4393 0.25812
4394 0.256401
4395 0.272239
4396 0.273954
4397 0.26382
4398 0.26216
4399 0.257333
4400 0.265904
4401 0.264821
4402 0.249399
4403 0.258598
4404 0.262964
4405 0.25723
4406 0.261689
4407 0.264139
4408 0.26467
4409 0.254857
4410 0.278124
4411 0.261791
4412 0.257841
4413 0.258104
4414 0.264944
4415 0.26076
4416 0.258262
4417 0.259484
4418 0.272819
4419 0.25677
4420 0.260551
4421 0.263808
4422 0.258632
4423 0.260003
4424 0.263519
4425 0.251547
4426 0.26081
4427 0.255437
4428 0.264675
4429 0.256161
4430 0.26658
4431 0.253165
4432 0.261327
4433 0.248498
4434 0.250027
4435 0.257371
4436 0.251577
4437 0.256547
4438 0.256726
4439 0.255493
4440 0.252269
4441 0.252196
4442 0.254759
4443 0.26136
4444 0.263783
4445 0.252021
4446 0.256881
4447 0.264073
4448 0.2675
4449 0.261724
4450 0.267072
4451 0.262367
4452 0.25918
4453 0.26745
4454 0.260219
4455 0.24746
4456 0.254519
4457 0.263111
4458 0.260033
4459 0.264767
4460 0.265834
4461 0.270486
4462 0.248416
4463 0.264062
4464 0.267155
4465 0.261057
4466 0.253047
4467 0.263987
4468 0.256321
4469 0.268783
4470 0.254635
4471 0.271883
4472 0.253996
4473 0.255319
4474 0.262113
4475 0.257226
4476 0.267126
4477 0.251586
4478 0.252303
4479 0.256291
4480 0.248325
4481 0.257584
4482 0.26917
4483 0.265722
4484 0.25541
4485 0.251816
4486 0.258269
4487 0.248178
4488 0.25585
4489 0.263545
4490 0.254963
4491 0.262479
4492 0.259605
4493 0.258738
4494 0.258813
4495 0.252451
4496 0.25369
4497 0.255908
4498 0.260176
4499 0.244454
4500 0.255013
4501 0.2617
4502 0.261513
4503 0.253508
4504 0.252992
4505 0.25136
4506 0.256996
4507 0.25385
4508 0.25081
4509 0.261356
4510 0.261954
4511 0.255291
4512 0.262679
4513 0.261344
4514 0.261695
4515 0.258101
4516 0.256489
4517 0.252104
4518 0.25282
4519 0.257739
4520 0.27001
4521 0.265122
4522 0.259281
4523 0.27173
4524 0.26052
4525 0.259133
4526 0.255365
4527 0.262078
4528 0.255942
4529 0.261308
4530 0.251703
4531 0.249005
4532 0.257881
4533 0.274183
4534 0.25121
4535 0.256502
4536 0.258663
4537 0.245778
4538 0.254218
4539 0.258545
4540 0.253173
4541 0.249902
4542 0.257775
4543 0.261512
4544 0.253022
4545 0.253038
4546 0.248683
4547 0.257691
4548 0.251864
4549 0.246608
4550 0.254829
4551 0.263844
4552 0.250823
4553 0.259294
4554 0.270202
4555 0.262133
4556 0.252276
4557 0.251992
4558 0.247381
4559 0.26296
4560 0.252702
4561 0.256338
4562 0.261518
4563 0.258489
4564 0.256242
4565 0.26259
4566 0.24717
4567 0.255759
4568 0.258637
4569 0.255029
4570 0.256853
4571 0.24948
4572 0.251878
4573 0.261968
4574 0.254485
4575 0.260068
4576 0.264558
4577 0.252214
4578 0.247543
4579 0.262308
4580 0.249352
4581 0.249972
4582 0.265552
4583 0.251085
4584 0.247339
4585 0.243977
4586 0.262533
4587 0.253793
4588 0.259738
4589 0.252129
4590 0.250876
4591 0.248798
4592 0.245764
4593 0.252166
4594 0.25118
4595 0.262843
4596 0.257062
4597 0.251473
4598 0.258224
4599 0.247715
4600 0.241382
4601 0.257831
4602 0.25069
4603 0.246877
4604 0.251043
4605 0.253904
4606 0.256004
4607 0.262665
4608 0.247853
4609 0.264902
4610 0.258511
4611 0.251648
4612 0.266474
4613 0.252128
4614 0.250041
4615 0.255861
4616 0.251913
4617 0.259321
4618 0.242353
4619 0.245613
4620 0.248318
4621 0.252707
4622 0.249387
4623 0.250269
4624 0.24646
4625 0.256331
4626 0.244599
4627 0.264273
4628 0.251968
4629 0.25192
4630 0.24644
4631 0.257299
4632 0.253087
4633 0.245464
4634 0.247424
4635 0.240014
4636 0.242944
4637 0.251823
4638 0.24318
4639 0.257482
4640 0.251804
4641 0.256411
4642 0.251404
4643 0.247761
4644 0.241883
4645 0.24261
4646 0.251423
4647 0.250552
4648 0.25132
4649 0.257496
4650 0.254182
4651 0.247996
4652 0.23991
4653 0.250929
4654 0.252092
4655 0.254102
4656 0.244857
4657 0.252406
4658 0.249268
4659 0.253379
4660 0.246139
4661 0.256645
4662 0.246709
4663 0.248942
4664 0.259073
4665 0.248194
4666 0.237092
4667 0.25212
4668 0.254594
4669 0.251925
4670 0.260647
4671 0.257832
4672 0.255205
4673 0.247074
4674 0.252965
4675 0.247937
4676 0.253369
4677 0.247653
4678 0.26149
4679 0.251275
4680 0.246414
4681 0.258192
4682 0.256507
4683 0.258344
4684 0.252497
4685 0.25597
4686 0.236283
4687 0.244061
4688 0.240798
4689 0.253737
4690 0.24795
4691 0.251296
4692 0.248956
4693 0.261079
4694 0.249143
4695 0.25552
4696 0.242456
4697 0.246842
4698 0.239211
4699 0.24096
4700 0.250605
4701 0.250093
4702 0.247743
4703 0.25351
4704 0.240342
4705 0.244592
4706 0.245876
4707 0.250848
4708 0.242341
4709 0.245037
4710 0.245059
4711 0.240958
4712 0.267815
4713 0.246374
4714 0.246998
4715 0.241984
4716 0.249117
4717 0.249602
4718 0.243074
4719 0.236809
4720 0.243056
4721 0.253246
4722 0.249047
4723 0.250739
4724 0.253739
4725 0.252684
4726 0.249681
4727 0.240673
4728 0.248375
4729 0.244997
4730 0.251383
4731 0.259589
4732 0.248838
4733 0.249563
4734 0.248915
4735 0.24792
4736 0.247059
4737 0.248085
4738 0.256848
4739 0.241803
4740 0.247224
4741 0.243908
4742 0.242328
4743 0.246403
4744 0.261354
4745 0.249735
4746 0.245113
4747 0.254403
4748 0.2374
4749 0.245573
4750 0.248342
4751 0.243624
4752 0.25409
4753 0.23806
4754 0.245946
4755 0.245437
4756 0.245881
4757 0.240313
4758 0.250426
4759 0.249225
4760 0.249484
4761 0.243138
4762 0.236731
4763 0.246678
4764 0.25791
4765 0.252967
4766 0.240185
4767 0.249093
4768 0.240345
4769 0.24402
4770 0.256974
4771 0.235556
4772 0.251164
4773 0.249239
4774 0.24813
4775 0.25461
4776 0.25429
4777 0.251731
4778 0.234682
4779 0.257644
4780 0.237421
4781 0.241373
4782 0.248792
4783 0.249069
4784 0.251309
4785 0.250551
4786 0.253029
4787 0.248851
4788 0.246206
4789 0.246837
4790 0.236706
4791 0.24684
4792 0.236717
4793 0.247261
4794 0.244135
4795 0.255264
4796 0.226209
4797 0.244831
4798 0.25025
4799 0.245033
4800 0.253983
4801 0.237335
4802 0.23642
4803 0.243359
4804 0.242458
4805 0.249549
4806 0.247217
4807 0.236538
4808 0.250789
4809 0.243762
4810 0.245232
4811 0.235103
4812 0.245418
4813 0.24759
4814 0.240035
4815 0.239828
4816 0.237145
4817 0.250143
4818 0.239734
4819 0.24508
4820 0.2418
4821 0.23755
4822 0.250572
4823 0.240563
4824 0.239968
4825 0.250299
4826 0.247071
4827 0.247679
4828 0.249757
4829 0.238587
4830 0.251584
4831 0.236692
4832 0.245156
4833 0.251137
4834 0.238236
4835 0.240139
4836 0.243589
4837 0.24681
4838 0.23884
4839 0.245096
4840 0.253621
4841 0.246703
4842 0.240295
4843 0.247676
4844 0.243458
4845 0.24076
4846 0.240577
4847 0.238409
4848 0.239161
4849 0.236181
4850 0.236045
4851 0.2436
4852 0.245864
4853 0.240377
4854 0.241434
4855 0.238027
4856 0.24176
4857 0.233913
4858 0.239833
4859 0.242822
4860 0.241809
4861 0.237055
4862 0.234997
4863 0.240371
4864 0.247166
4865 0.231589
4866 0.244301
4867 0.239986
4868 0.239098
4869 0.240524
4870 0.246043
4871 0.242419
4872 0.240638
4873 0.238084
4874 0.23929
4875 0.239465
4876 0.244608
4877 0.2423
4878 0.24889
4879 0.249533
4880 0.234651
4881 0.252308
4882 0.240967
4883 0.238392
4884 0.240457
4885 0.238596
4886 0.242846
4887 0.252013
4888 0.242072
4889 0.245088
4890 0.244283
4891 0.235624
4892 0.24335
4893 0.240784
4894 0.228106
4895 0.23843
4896 0.251512
4897 0.233637
4898 0.244956
4899 0.240641
4900 0.242918
4901 0.23893
4902 0.255485
4903 0.248376
4904 0.230619
4905 0.251161
4906 0.234866
4907 0.242075
4908 0.236199
4909 0.23519
4910 0.232597
4911 0.237382
4912 0.243815
4913 0.235504
4914 0.247629
4915 0.242185
4916 0.244506
4917 0.234904
4918 0.236744
4919 0.237024
4920 0.239161
4921 0.234768
4922 0.24436
4923 0.262215
4924 0.236439
4925 0.242933
4926 0.234546
4927 0.238736
4928 0.234036
4929 0.230565
4930 0.236137
4931 0.245997
4932 0.23429
4933 0.241311
4934 0.250514
4935 0.235312
4936 0.232881
4937 0.24368
4938 0.23873
4939 0.234244
4940 0.228593
4941 0.245838
4942 0.241097
4943 0.24544
4944 0.234685
4945 0.248466
4946 0.243836
4947 0.235245
4948 0.236898
4949 0.232127
4950 0.240888
4951 0.235557
4952 0.234654
4953 0.238857
4954 0.22437
4955 0.24086
4956 0.242761
4957 0.245089
4958 0.242245
4959 0.241952
4960 0.234311
4961 0.240796
4962 0.232261
4963 0.236839
4964 0.236376
4965 0.234869
4966 0.235384
4967 0.237835
4968 0.235698
4969 0.22556
4970 0.241088
4971 0.233977
4972 0.23433
4973 0.231249
4974 0.237565
4975 0.248117
4976 0.235426
4977 0.241589
4978 0.237031
4979 0.239809
4980 0.23843
4981 0.245325
4982 0.228166
4983 0.245403
4984 0.237961
4985 0.237608
4986 0.244162
4987 0.226818
4988 0.239693
4989 0.233233
4990 0.244495
4991 0.233848
4992 0.234334
4993 0.23595
4994 0.247148
4995 0.237448
4996 0.246951
4997 0.238132
4998 0.238705
4999 0.238144
5000 0.238206
