0 4.26701
1 35.7625
2 29.2945
3 102.188
4 27.4503
5 25.9547
6 84.8948
7 131.608
8 32.5301
9 174.602
10 89.6128
11 263.035
12 659.348
13 80.7992
14 64.8582
15 210.168
16 720.042
17 83.3218
18 187.227
19 1986.69
20 124.457
21 94.8079
22 95.3633
23 94.8517
24 98.9363
25 102.635
26 95.1178
27 94.5742
28 94.5378
29 94.7052
30 94.5303
31 94.3117
32 94.3397
33 94.4023
34 94.7686
35 94.1271
36 94.1579
37 94.4158
38 93.9642
39 94.1092
40 93.763
41 94.0755
42 93.6835
43 93.6839
44 96.7134
45 93.8852
46 93.7882
47 93.7629
48 93.7313
49 93.6587
50 93.583
51 93.5635
52 93.596
53 93.448
54 93.3377
55 93.5537
56 93.346
57 93.2318
58 93.1981
59 93.1884
60 94.9713
61 93.121
62 93.1458
63 93.0285
64 92.9745
65 92.914
66 92.769
67 92.6598
68 92.6927
69 94.171
70 92.689
71 92.6192
72 92.6551
73 92.6201
74 92.741
75 92.4783
76 92.4688
77 92.3825
78 92.3659
79 92.3402
80 92.3044
81 92.2335
82 92.2442
83 92.1424
84 92.1116
85 91.9144
86 91.8727
87 91.9453
88 91.9021
89 91.7012
90 93.7435
91 91.877
92 91.9595
93 91.743
94 91.6889
95 91.5294
96 91.623
97 91.5187
98 91.6807
99 91.4361
100 91.3679
101 91.2565
102 91.0867
103 91.1484
104 90.9509
105 90.8754
106 90.694
107 90.8638
108 91.0296
109 90.6033
110 90.9188
111 90.9411
112 90.721
113 90.6269
114 90.5967
115 90.461
116 90.9591
117 92.8159
118 90.6173
119 90.4864
120 90.5542
121 90.532
122 90.3069
123 90.4627
124 90.4122
125 90.2538
126 90.1813
127 90.1352
128 89.9325
129 89.8984
130 91.8085
131 90.0212
132 90.0152
133 89.7822
134 89.7243
135 89.646
136 89.5811
137 89.902
138 89.7372
139 89.7567
140 89.6338
141 89.5473
142 89.5657
143 89.5712
144 89.4932
145 89.4287
146 89.4223
147 89.3208
148 89.2474
149 89.2751
150 89.3476
151 89.1323
152 89.0959
153 89.1287
154 89.0243
155 89.0009
156 88.9631
157 88.9145
158 88.8381
159 88.8038
160 88.763
161 88.7481
162 88.6624
163 88.6296
164 88.5773
165 88.5177
166 88.4997
167 88.5084
168 88.3633
169 88.3932
170 88.3744
171 88.2389
172 88.1492
173 88.1625
174 88.0201
175 88.0597
176 87.8159
177 89.0919
178 88.0662
179 87.9713
180 87.9601
181 87.8981
182 87.8164
183 87.7341
184 87.7574
185 87.7685
186 87.6795
187 87.6365
188 87.5835
189 87.5509
190 87.4769
191 87.4868
192 87.3812
193 87.4315
194 87.3416
195 87.2619
196 87.2733
197 87.165
198 87.1736
199 87.029
200 87.1345
201 87.043
202 87.0419
203 86.9081
204 86.9125
205 86.791
206 86.8135
207 86.8302
208 86.7507
209 86.6267
210 86.5837
211 86.5439
212 86.5885
213 86.5643
214 86.5233
215 86.3959
216 86.3808
217 86.3266
218 86.2686
219 86.2563
220 86.198
221 86.1001
222 86.1672
223 86.0662
224 85.9414
225 85.9535
226 86.0015
227 85.9808
228 85.8653
229 85.8169
230 85.8672
231 85.7256
232 85.7541
233 85.7238
234 85.6511
235 85.5661
236 85.4846
237 85.4783
238 85.4631
239 85.4044
240 85.3996
241 85.2969
242 85.2472
243 85.1338
244 85.167
245 85.0083
246 85.008
247 85.013
248 84.9616
249 84.9148
250 84.7616
251 84.6932
252 84.6859
253 84.6761
254 84.7628
255 84.9203
256 84.7779
257 84.6879
258 84.3121
259 84.3809
260 84.3907
261 84.3388
262 83.5225
263 83.7126
264 84.3171
265 84.0113
266 83.8398
267 83.4129
268 83.6028
269 83.7809
270 83.7817
271 83.7716
272 83.8341
273 83.746
274 83.4882
275 83.5651
276 83.1019
277 83.035
278 82.6139
279 83.8722
280 85.1092
281 83.3546
282 83.4012
283 83.3981
284 83.0908
285 82.7459
286 82.9243
287 82.7935
288 82.6363
289 83.0187
290 82.8785
291 82.8002
292 82.9737
293 83.2287
294 83.074
295 83.0883
296 82.8288
297 82.6263
298 82.97
299 82.6674
300 82.8404
301 82.6995
302 82.1955
303 82.6488
304 82.6105
305 82.6467
306 81.696
307 82.9281
308 82.825
309 82.2101
310 82.7285
311 82.0099
312 81.8021
313 82.0522
314 82.2215
315 81.871
316 81.737
317 81.9496
318 82.1754
319 82.3273
320 81.8354
321 81.6353
322 81.5804
323 81.2177
324 81.7052
325 81.794
326 81.7207
327 81.442
328 81.2728
329 81.1331
330 81.0704
331 82.657
332 82.1894
333 81.296
334 81.3043
335 80.8286
336 80.8454
337 81.0938
338 80.8595
339 80.817
340 81.3149
341 81.0499
342 81.0285
343 80.9195
344 80.6923
345 80.5048
346 80.5293
347 80.2984
348 80.3265
349 81.1429
350 80.6303
351 80.5982
352 81.5676
353 80.2816
354 80.2694
355 80.2661
356 80.329
357 80.3244
358 80.2091
359 80.5607
360 80.1066
361 80.0889
362 80.1513
363 80.0913
364 79.781
365 80.0396
366 80.0224
367 79.6527
368 79.7372
369 79.9695
370 79.6561
371 80.0521
372 80.1515
373 79.765
374 79.7557
375 79.7474
376 79.8602
377 79.3371
378 79.4052
379 79.5482
380 80.1402
381 79.6612
382 79.7395
383 79.5553
384 79.3685
385 79.6345
386 78.8488
387 79.6524
388 79.2812
389 78.8845
390 79.1169
391 79.0564
392 78.3679
393 78.9257
394 78.5799
395 78.8334
396 78.8408
397 78.5577
398 78.7569
399 78.8508
400 78.5159
401 78.4416
402 78.2962
403 78.4587
404 78.7782
405 78.743
406 78.4203
407 78.1069
408 77.8138
409 78.1504
410 78.3766
411 78.1453
412 77.9296
413 77.9606
414 78.3758
415 77.7421
416 77.4647
417 77.8066
418 78.1833
419 77.9793
420 77.5127
421 77.6101
422 77.6424
423 77.4837
424 77.454
425 77.4799
426 77.8257
427 77.1567
428 78.1268
429 77.496
430 77.328
431 77.5214
432 77.2742
433 77.3936
434 77.3302
435 77.0127
436 77.3252
437 77.3114
438 77.0641
439 77.2124
440 76.7825
441 76.6941
442 77.2088
443 76.8705
444 76.5745
445 76.6576
446 76.1708
447 76.9781
448 76.7921
449 76.7557
450 76.6319
451 76.4015
452 76.5322
453 76.6136
454 76.4247
455 76.8316
456 76.671
457 76.064
458 76.4387
459 76.1739
460 75.9071
461 76.3117
462 76.2208
463 75.857
464 75.8187
465 76.1519
466 76.1236
467 75.9886
468 75.8893
469 75.3558
470 75.7296
471 76.3986
472 76.0265
473 75.7785
474 75.5394
475 75.9264
476 76.0308
477 75.1035
478 75.8575
479 74.9789
480 75.8801
481 75.1457
482 75.3073
483 74.8857
484 75.0882
485 75.2629
486 75.2715
487 74.7328
488 75.2646
489 75.2572
490 75.2128
491 74.8889
492 74.8783
493 75.0653
494 75.4075
495 74.9564
496 75.0138
497 74.8996
498 74.7717
499 75.177
500 74.7503
501 74.8863
502 74.685
503 74.3304
504 74.8394
505 75.2305
506 74.937
507 74.7953
508 74.652
509 74.4511
510 73.8077
511 74.2842
512 73.7568
513 73.9301
514 73.7293
515 74.3177
516 74.4454
517 73.8463
518 73.8724
519 74.0229
520 73.706
521 74.0113
522 73.9734
523 73.6908
524 73.3127
525 73.4374
526 73.6079
527 73.6739
528 74.4325
529 73.3
530 73.8308
531 73.3366
532 73.3645
533 73.5755
534 72.908
535 72.8869
536 72.8351
537 73.1974
538 74.5287
539 74.1817
540 73.3899
541 73.2223
542 73.0175
543 73.0781
544 73.001
545 72.8494
546 72.4715
547 72.8243
548 72.3942
549 72.1543
550 72.4902
551 73.2431
552 72.4039
553 72.9482
554 72.4714
555 72.1966
556 72.4319
557 73.3979
558 72.9195
559 72.8285
560 72.1683
561 72.5617
562 72.8763
563 71.9652
564 72.0782
565 72.3791
566 72.391
567 72.2517
568 71.5587
569 71.9513
570 71.9279
571 71.7452
572 72.9254
573 72.4961
574 72.3794
575 72.1528
576 71.473
577 71.9136
578 72.7517
579 71.6705
580 71.38
581 72.9727
582 71.7612
583 72.0323
584 71.1434
585 72.2373
586 72.27
587 71.9476
588 71.28
589 71.8193
590 71.5659
591 71.0738
592 71.4109
593 71.3654
594 70.8344
595 71.0031
596 71.2939
597 70.673
598 70.7485
599 70.3285
600 71.7979
601 71.3495
602 71.4722
603 71.0234
604 71.2198
605 71.0403
606 70.7297
607 70.5056
608 71.1622
609 70.9659
610 71.0018
611 71.2007
612 70.6708
613 70.6495
614 70.6272
615 70.3569
616 70.1685
617 70.4516
618 69.9682
619 70.4328
620 70.1846
621 70.3366
622 70.9096
623 70.5848
624 70.1236
625 70.0053
626 70.0956
627 70.1921
628 70.0884
629 69.739
630 70.733
631 70.0215
632 70.1089
633 69.8002
634 69.3899
635 70.0653
636 70.3214
637 69.8627
638 69.8317
639 69.2707
640 69.2736
641 69.4726
642 69.7315
643 69.1531
644 69.2377
645 69.1346
646 69.1085
647 69.5067
648 69.1707
649 69.6335
650 69.2097
651 69.3262
652 68.9714
653 69.6557
654 69.2295
655 68.7898
656 69.0075
657 69.008
658 68.391
659 69.0713
660 68.9533
661 68.3365
662 69.0533
663 69.1014
664 68.5422
665 68.3606
666 68.6591
667 69.5616
668 68.5231
669 68.4834
670 69.1551
671 69.9226
672 68.0073
673 68.5765
674 68.4699
675 68.4751
676 68.2399
677 68.3281
678 68.0693
679 68.1735
680 68.0215
681 67.6871
682 68.2154
683 68.0367
684 69.7065
685 68.308
686 67.8274
687 68.0372
688 68.2088
689 68.1931
690 68.2065
691 68.2025
692 67.7162
693 68.2231
694 67.6527
695 67.7423
696 67.1568
697 67.5633
698 67.6014
699 67.3515
700 68.1448
701 66.8282
702 67.7027
703 67.1626
704 67.2275
705 67.4088
706 67.0399
707 67.0563
708 67.1745
709 67.081
710 67.2874
711 67.6573
712 67.0534
713 66.7421
714 67.3136
715 68.0783
716 67.1858
717 67.0191
718 67.2454
719 67.0286
720 66.8182
721 66.6821
722 67.1594
723 67.2238
724 66.5999
725 66.5259
726 66.8951
727 66.9174
728 66.9911
729 66.7653
730 66.7185
731 67.0948
732 66.0175
733 66.7925
734 66.5709
735 66.9894
736 66.6214
737 66.4871
738 66.6668
739 66.2478
740 65.8388
741 66.2018
742 65.874
743 66.3706
744 65.8345
745 65.7304
746 65.4711
747 66.0972
748 66.183
749 65.7458
750 65.9724
751 65.2515
752 66.0578
753 66.2147
754 65.5671
755 66.4646
756 65.4117
757 65.2455
758 65.1198
759 65.4177
760 65.6187
761 65.1153
762 66.0006
763 65.9166
764 65.6817
765 65.929
766 65.4546
767 65.4658
768 65.6041
769 65.0947
770 64.7762
771 64.8903
772 65.0275
773 65.249
774 65.0224
775 65.3546
776 64.8514
777 65.3884
778 64.8591
779 64.2294
780 66.4808
781 65.7165
782 65.0528
783 64.7028
784 65.4866
785 64.8718
786 64.7158
787 64.9326
788 64.8299
789 64.2026
790 64.42
791 64.4101
792 64.4193
793 64.8328
794 64.9376
795 64.1826
796 64.6147
797 64.4937
798 64.3924
799 64.1968
800 63.8584
801 64.6578
802 63.7879
803 64.2236
804 64.7421
805 64.0322
806 64.2136
807 64.7082
808 63.875
809 64.0567
810 63.9514
811 64.1163
812 64.8615
813 63.7323
814 64.2051
815 64.021
816 63.7971
817 63.5482
818 63.8729
819 63.9802
820 63.9565
821 64.0613
822 63.9172
823 63.3127
824 63.9784
825 63.4924
826 63.5461
827 63.753
828 62.8011
829 63.0987
830 63.0708
831 63.1269
832 63.2317
833 63.4132
834 63.4697
835 62.9413
836 63.2183
837 63.5065
838 62.8136
839 63.3634
840 62.9504
841 62.8733
842 62.5817
843 62.7597
844 63.076
845 63.0574
846 62.3389
847 62.7879
848 62.7407
849 62.4567
850 62.5953
851 62.4949
852 62.6971
853 62.7916
854 62.2736
855 62.4958
856 62.6809
857 62.5624
858 62.3763
859 62.5007
860 62.26
861 62.2158
862 61.5377
863 62.3718
864 62.3715
865 61.8709
866 62.1715
867 61.9127
868 61.7918
869 61.9613
870 62.2454
871 61.8211
872 61.7318
873 62.148
874 61.966
875 61.9068
876 61.8459
877 62.2839
878 61.3598
879 61.4036
880 62.8069
881 62.2852
882 64.2089
883 62.0164
884 61.7067
885 62.6396
886 61.4256
887 61.9165
888 61.6852
889 61.794
890 61.5007
891 61.0284
892 61.48
893 61.3363
894 61.1998
895 61.4923
896 61.1387
897 61.6409
898 61.2407
899 61.4076
900 61.5221
901 61.478
902 60.5281
903 61.4405
904 61.132
905 61.2553
906 61.6726
907 60.8847
908 61.601
909 60.8634
910 61.3335
911 60.8995
912 61.1034
913 61.4001
914 60.4774
915 60.6199
916 60.4245
917 60.4478
918 60.6694
919 60.862
920 60.2661
921 60.1209
922 60.6333
923 60.4302
924 60.4813
925 60.8182
926 60.9528
927 60.4616
928 60.7847
929 61.2397
930 60.6123
931 60.2582
932 60.4272
933 60.5859
934 60.8512
935 60.2307
936 59.8204
937 60.2388
938 60.3695
939 60.3392
940 60.5714
941 59.7076
942 60.5988
943 60.8496
944 60.8399
945 59.6362
946 59.5422
947 60.1047
948 60.501
949 60.1537
950 59.6742
951 60.1995
952 59.7702
953 59.6334
954 59.5301
955 60.2041
956 59.8946
957 59.9736
958 59.7381
959 59.3536
960 59.6711
961 59.0097
962 59.0509
963 59.5087
964 59.4646
965 59.1566
966 59.3288
967 58.9546
968 59.3733
969 59.3931
970 59.5592
971 59.6354
972 59.2408
973 59.9988
974 60.0126
975 62.4068
976 59.5191
977 59.2334
978 59.038
979 59.3433
980 59.1249
981 58.8525
982 59.2601
983 59.6328
984 59.3997
985 58.6268
986 59.0749
987 58.9002
988 58.6535
989 58.9363
990 58.8393
991 59.3863
992 58.7432
993 59.277
994 59.434
995 58.7665
996 59.2326
997 58.6465
998 58.5895
999 58.8196
1000 58.8282
1001 58.4172
1002 59.9754
1003 58.5456
1004 58.2285
1005 57.8592
1006 58.1843
1007 58.3331
1008 58.2257
1009 58.5948
1010 57.9592
1011 58.2784
1012 58.3392
1013 58.0536
1014 58.1442
1015 58.0196
1016 57.3953
1017 58.0979
1018 57.8269
1019 57.8293
1020 57.2404
1021 57.8947
1022 57.3905
1023 58.1018
1024 57.7632
1025 57.3637
1026 57.7883
1027 58.4294
1028 57.6304
1029 57.3076
1030 57.8534
1031 56.773
1032 57.4403
1033 57.43
1034 57.5408
1035 57.1458
1036 57.9897
1037 57.6193
1038 57.1021
1039 57.534
1040 57.1535
1041 57.301
1042 56.9496
1043 57.3896
1044 57.4444
1045 57.2487
1046 56.9055
1047 57.0341
1048 56.7387
1049 56.7294
1050 56.5397
1051 56.7246
1052 57.0275
1053 57.7279
1054 56.8882
1055 57.0526
1056 57.9226
1057 56.7847
1058 56.7395
1059 56.6147
1060 56.6012
1061 57.1784
1062 57.425
1063 56.4264
1064 56.3258
1065 56.4229
1066 56.4346
1067 56.6718
1068 56.7883
1069 56.6759
1070 56.1198
1071 57.0816
1072 56.2457
1073 57.4408
1074 56.4724
1075 56.4463
1076 56.3653
1077 56.7107
1078 56.8462
1079 56.5722
1080 56.2676
1081 56.2388
1082 55.9675
1083 56.2761
1084 55.8175
1085 55.9208
1086 56.1044
1087 55.8656
1088 55.7094
1089 56.7972
1090 55.5458
1091 56.2551
1092 56.5381
1093 56.5448
1094 56.478
1095 56.1889
1096 56.0684
1097 56.3846
1098 55.9083
1099 56.1072
1100 56.5048
1101 55.6136
1102 55.4277
1103 55.9589
1104 56.3553
1105 55.5585
1106 55.2589
1107 55.3677
1108 55.3497
1109 55.3709
1110 55.3693
1111 55.616
1112 55.6528
1113 55.0322
1114 55.3903
1115 55.0583
1116 54.8061
1117 55.1978
1118 54.8624
1119 54.9832
1120 54.9714
1121 55.0135
1122 54.8773
1123 54.6678
1124 54.8366
1125 54.868
1126 54.9067
1127 55.2527
1128 54.9847
1129 54.9664
1130 54.9534
1131 54.8952
1132 55.5142
1133 66.5172
1134 57.0451
1135 56.11
1136 56.2528
1137 56.0147
1138 55.0327
1139 55.0022
1140 55.0826
1141 55.1794
1142 54.5885
1143 54.312
1144 54.6215
1145 54.635
1146 54.5468
1147 54.9251
1148 54.4012
1149 55.3747
1150 54.487
1151 54.6541
1152 54.5493
1153 54.6297
1154 54.4558
1155 54.2359
1156 54.4366
1157 54.9603
1158 54.418
1159 54.3318
1160 55.3564
1161 54.4965
1162 54.9055
1163 54.2667
1164 54.8871
1165 53.9821
1166 53.9128
1167 54.6123
1168 53.8346
1169 55.0985
1170 55.0024
1171 54.1552
1172 54.1057
1173 54.0049
1174 53.7998
1175 54.2773
1176 53.6117
1177 53.675
1178 54.2798
1179 54.1093
1180 53.7368
1181 53.6891
1182 53.6591
1183 53.4567
1184 54.4027
1185 54.1165
1186 54.4166
1187 54.4795
1188 53.8029
1189 53.826
1190 54.6016
1191 53.9326
1192 53.7461
1193 53.436
1194 53.6403
1195 53.6122
1196 53.2018
1197 53.9516
1198 53.0604
1199 53.4051
1200 53.2687
1201 53.3323
1202 53.8317
1203 53.9897
1204 53.4019
1205 53.4221
1206 53.506
1207 53.1661
1208 52.6194
1209 52.9538
1210 53.4826
1211 52.8165
1212 52.7472
1213 53.2214
1214 53.5585
1215 52.8053
1216 53.2677
1217 53.0605
1218 53.7415
1219 53.1135
1220 53.0712
1221 52.5634
1222 52.7873
1223 52.5421
1224 52.7194
1225 52.8533
1226 52.6528
1227 52.9943
1228 52.8938
1229 52.9351
1230 52.5457
1231 52.6339
1232 52.8873
1233 52.9881
1234 52.3929
1235 52.6018
1236 52.4177
1237 54.5064
1238 52.4896
1239 53.0144
1240 52.4277
1241 52.5062
1242 52.5302
1243 52.0635
1244 52.0231
1245 53.478
1246 52.4622
1247 52.0572
1248 52.976
1249 52.4514
1250 51.9549
1251 52.1718
1252 51.9026
1253 51.811
1254 51.641
1255 51.9986
1256 52.4284
1257 52.0899
1258 51.8656
1259 52.2744
1260 51.4426
1261 52.0738
1262 51.9354
1263 52.0602
1264 51.7971
1265 51.8179
1266 52.1509
1267 52.0542
1268 51.8135
1269 52.6895
1270 51.669
1271 51.4314
1272 51.4525
1273 51.5759
1274 51.8357
1275 51.1973
1276 51.2396
1277 50.9741
1278 51.4952
1279 51.4754
1280 51.4605
1281 51.0169
1282 51.059
1283 51.0313
1284 51.5119
1285 51.3783
1286 51.1919
1287 50.9725
1288 51.1847
1289 51.2869
1290 51.6503
1291 51.4074
1292 50.7936
1293 51.0229
1294 51.2551
1295 50.6946
1296 51.0251
1297 51.1512
1298 51.0502
1299 50.8114
1300 51.6895
1301 51.2188
1302 50.4947
1303 50.7996
1304 50.7583
1305 50.995
1306 50.6264
1307 50.2196
1308 50.6379
1309 51.2009
1310 50.7081
1311 50.3766
1312 50.4928
1313 50.5957
1314 50.8433
1315 50.2236
1316 50.7821
1317 50.8221
1318 50.2877
1319 50.4361
1320 50.5557
1321 50.2061
1322 50.5573
1323 49.99
1324 50.647
1325 50.4475
1326 50.2551
1327 50.2439
1328 49.9038
1329 50.6881
1330 50.6124
1331 50.1104
1332 50.0772
1333 49.7259
1334 50.3948
1335 50.251
1336 50.6517
1337 50.6418
1338 54.3635
1339 51.4263
1340 51.0274
1341 50.1895
1342 52.9662
1343 52.3237
1344 51.0093
1345 50.4927
1346 50.3945
1347 51.7572
1348 51.5402
1349 50.4664
1350 50.5519
1351 51.4302
1352 51.1483
1353 50.3379
1354 50.2101
1355 50.7034
1356 50.6488
1357 50.0252
1358 50.6306
1359 50.6882
1360 49.6976
1361 49.7091
1362 49.7046
1363 49.6508
1364 49.8387
1365 49.7949
1366 49.9043
1367 51.2681
1368 49.9352
1369 49.748
1370 49.831
1371 49.7762
1372 49.1093
1373 49.3182
1374 49.536
1375 49.1893
1376 49.442
1377 49.3002
1378 49.2485
1379 49.5906
1380 49.3307
1381 49.1881
1382 49.6728
1383 49.3469
1384 50.3716
1385 49.3174
1386 50.5879
1387 49.5551
1388 48.9531
1389 49.3457
1390 48.8139
1391 49.5503
1392 49.0839
1393 49.6758
1394 48.889
1395 58.3085
1396 50.7234
1397 49.4035
1398 50.4264
1399 50.1778
1400 49.038
1401 50.831
1402 50.0445
1403 49.4042
1404 49.3769
1405 49.5555
1406 48.6472
1407 49.0529
1408 48.672
1409 48.7375
1410 48.6886
1411 48.2685
1412 48.7172
1413 48.9747
1414 48.3277
1415 48.8841
1416 48.3222
1417 48.8816
1418 48.9294
1419 48.0197
1420 48.4319
1421 48.2198
1422 48.7142
1423 48.0404
1424 48.6619
1425 48.8774
1426 48.1837
1427 48.7286
1428 48.5005
1429 48.0934
1430 48.0191
1431 47.9181
1432 47.7166
1433 48.3114
1434 47.6651
1435 48.1918
1436 47.9305
1437 48.318
1438 48.5535
1439 47.6186
1440 48.0146
1441 47.9886
1442 47.8428
1443 47.4485
1444 47.3014
1445 48.4763
1446 48.7616
1447 48.0854
1448 47.86
1449 48.4097
1450 47.7197
1451 47.9732
1452 47.5677
1453 47.916
1454 47.6105
1455 47.4796
1456 47.9669
1457 47.7371
1458 47.5663
1459 48.2051
1460 47.7448
1461 47.2396
1462 47.5258
1463 47.6373
1464 47.1998
1465 47.4184
1466 47.2715
1467 47.7638
1468 47.6774
1469 47.6163
1470 47.4324
1471 47.2798
1472 47.4175
1473 46.7928
1474 47.6166
1475 47.4953
1476 47.5326
1477 48.0303
1478 48.2926
1479 47.6891
1480 47.3728
1481 47.3546
1482 47.4265
1483 46.9649
1484 47.0392
1485 46.6665
1486 47.9284
1487 46.5449
1488 46.948
1489 47.0552
1490 47.3885
1491 46.8131
1492 46.93
1493 46.5539
1494 46.7436
1495 47.5798
1496 47.1218
1497 46.8385
1498 46.7134
1499 47.0931
1500 47.012
1501 46.5861
1502 46.6793
1503 46.6944
1504 46.5248
1505 46.461
1506 49.5543
1507 47.7127
1508 47.1363
1509 46.935
1510 46.7323
1511 46.5981
1512 46.6252
1513 47.2352
1514 46.9895
1515 46.5702
1516 46.2166
1517 46.59
1518 47.0587
1519 47.0242
1520 46.6155
1521 46.8594
1522 46.0883
1523 46.2516
1524 46.3995
1525 46.1027
1526 46.0413
1527 46.3892
1528 45.7989
1529 46.3108
1530 46.0448
1531 46.6245
1532 45.6649
1533 46.0975
1534 45.7937
1535 46.4221
1536 45.7465
1537 46.1889
1538 45.8186
1539 45.9092
1540 45.7773
1541 45.8396
1542 46.0399
1543 45.6921
1544 47.3004
1545 46.1192
1546 45.8569
1547 45.67
1548 45.8624
1549 45.6222
1550 45.8634
1551 46.4298
1552 45.8304
1553 45.5142
1554 45.6331
1555 46.3574
1556 46.4983
1557 46.4092
1558 46.4125
1559 45.8649
1560 45.8242
1561 45.4562
1562 45.1168
1563 45.4738
1564 45.3723
1565 45.3169
1566 45.6712
1567 45.5585
1568 45.6645
1569 45.3466
1570 45.5756
1571 46.6031
1572 45.5924
1573 45.3748
1574 45.219
1575 45.7299
1576 45.3204
1577 44.8512
1578 44.8222
1579 44.9921
1580 45.1328
1581 45.1262
1582 45.0694
1583 44.9428
1584 44.9074
1585 45.2237
1586 44.491
1587 44.8979
1588 44.6971
1589 44.5017
1590 45.1022
1591 44.6308
1592 44.7103
1593 45.5319
1594 44.5295
1595 45.2525
1596 45.0504
1597 45.0925
1598 44.6765
1599 44.6849
1600 45.8644
1601 44.8007
1602 44.7407
1603 44.8913
1604 44.0783
1605 44.6489
1606 44.5438
1607 44.3627
1608 44.3998
1609 44.1488
1610 44.7521
1611 44.2388
1612 44.1985
1613 44.6136
1614 44.1938
1615 44.3522
1616 44.452
1617 45.202
1618 44.7508
1619 44.2041
1620 44.3374
1621 43.6838
1622 44.2119
1623 43.9228
1624 43.806
1625 44.3082
1626 44.6261
1627 44.1763
1628 43.5541
1629 44.1191
1630 43.9572
1631 43.7803
1632 44.2372
1633 44.2038
1634 45.1083
1635 43.901
1636 44.0346
1637 44.2427
1638 44.1444
1639 43.5132
1640 43.8877
1641 44.2378
1642 44.1421
1643 44.3844
1644 44.5099
1645 44.012
1646 44.5248
1647 43.8309
1648 43.875
1649 43.8338
1650 43.855
1651 43.8357
1652 43.6071
1653 44.3423
1654 43.6761
1655 43.4622
1656 43.2312
1657 43.5238
1658 43.1217
1659 43.4346
1660 43.8774
1661 43.1827
1662 43.3693
1663 43.168
1664 43.3241
1665 43.6857
1666 43.5383
1667 44.3056
1668 43.6471
1669 43.8519
1670 43.6859
1671 43.4415
1672 43.2195
1673 43.4058
1674 44.052
1675 43.1737
1676 43.8476
1677 43.5904
1678 43.5387
1679 43.3316
1680 43.2124
1681 43.036
1682 43.289
1683 43.6288
1684 43.2053
1685 43.355
1686 42.9439
1687 42.7663
1688 43.7664
1689 42.9529
1690 43.0292
1691 43.1667
1692 42.7313
1693 43.2305
1694 42.9568
1695 43.3975
1696 43.4507
1697 42.7604
1698 43.1201
1699 42.9907
1700 42.9651
1701 43.4555
1702 43.146
1703 43.0523
1704 42.8708
1705 42.9726
1706 43.2372
1707 42.7515
1708 43.0622
1709 43.3548
1710 42.8376
1711 42.8063
1712 42.4764
1713 42.9746
1714 42.7718
1715 43.2764
1716 43.5319
1717 42.6452
1718 42.7893
1719 43.7082
1720 42.2577
1721 42.0099
1722 42.4728
1723 42.2154
1724 42.2744
1725 42.0979
1726 42.1931
1727 42.0538
1728 42.3731
1729 42.9318
1730 42.6252
1731 42.1693
1732 42.17
1733 41.9806
1734 41.9143
1735 41.9994
1736 42.7198
1737 41.7519
1738 42.7733
1739 42.4102
1740 42.0562
1741 43.0814
1742 42.1596
1743 41.822
1744 42.3009
1745 42.6343
1746 42.0893
1747 41.7352
1748 41.7943
1749 41.5321
1750 42.2646
1751 41.776
1752 42.2574
1753 42.0563
1754 41.5027
1755 41.5911
1756 41.8979
1757 41.4695
1758 41.7999
1759 41.7352
1760 42.133
1761 41.5248
1762 42.1639
1763 41.8663
1764 41.7244
1765 41.8735
1766 41.3083
1767 41.3571
1768 41.4097
1769 41.5976
1770 41.5669
1771 41.7914
1772 41.5593
1773 41.3836
1774 41.7241
1775 41.4462
1776 41.9112
1777 41.5479
1778 41.2005
1779 41.4925
1780 41.159
1781 41.6354
1782 40.9794
1783 41.0844
1784 41.1878
1785 40.9692
1786 41.1632
1787 41.5834
1788 41.2443
1789 41.2769
1790 41.1759
1791 40.9425
1792 41.1575
1793 41.5719
1794 41.0456
1795 40.7109
1796 40.8109
1797 41.7989
1798 42.566
1799 42.0723
1800 40.8525
1801 41.0181
1802 41.1107
1803 41.1135
1804 40.6356
1805 40.7801
1806 41.0293
1807 40.4763
1808 41.0222
1809 40.7655
1810 41.0155
1811 40.9061
1812 40.6485
1813 40.7744
1814 40.58
1815 40.868
1816 40.7784
1817 40.6856
1818 40.8993
1819 40.9281
1820 41.248
1821 40.6714
1822 40.7082
1823 40.227
1824 40.5068
1825 40.7163
1826 40.3462
1827 40.6548
1828 41.1291
1829 40.3935
1830 40.2197
1831 40.3842
1832 40.495
1833 40.5595
1834 42.2148
1835 40.548
1836 40.3785
1837 41.9967
1838 40.6897
1839 40.6669
1840 40.7439
1841 40.381
1842 40.7627
1843 41.2143
1844 40.4416
1845 40.7104
1846 41.5247
1847 40.1845
1848 40.5072
1849 40.2858
1850 41.1209
1851 40.5911
1852 40.0631
1853 40.2548
1854 40.9943
1855 40.421
1856 40.9279
1857 40.4538
1858 40.1691
1859 40.684
1860 40.2934
1861 39.8447
1862 41.0767
1863 40.9439
1864 40.5257
1865 40.2034
1866 40.5078
1867 40.084
1868 40.2304
1869 39.9075
1870 40.4234
1871 40.1888
1872 39.7713
1873 39.6113
1874 40.5653
1875 39.8721
1876 39.7299
1877 39.8392
1878 39.6927
1879 40.0969
1880 39.7672
1881 40.138
1882 39.5635
1883 39.9665
1884 39.9259
1885 39.723
1886 39.9757
1887 40.5396
1888 39.4342
1889 39.9437
1890 39.8177
1891 39.5789
1892 39.4278
1893 39.3892
1894 39.6969
1895 39.9142
1896 39.5601
1897 39.4878
1898 39.4023
1899 39.404
1900 40.1285
1901 39.2857
1902 39.1246
1903 39.0185
1904 39.6478
1905 39.5752
1906 39.6299
1907 39.4081
1908 39.3373
1909 39.8119
1910 38.9591
1911 39.1569
1912 39.5437
1913 39.0496
1914 40.2663
1915 39.1574
1916 39.4077
1917 39.1586
1918 39.9932
1919 39.3251
1920 39.9414
1921 39.0704
1922 39.1122
1923 39.0956
1924 39.1423
1925 39.1192
1926 39.1157
1927 39.0253
1928 38.9808
1929 39.1861
1930 39.0281
1931 38.8168
1932 39.0887
1933 38.6253
1934 39.2458
1935 39.3862
1936 38.8719
1937 39.314
1938 39.4523
1939 38.6976
1940 39.0797
1941 38.7574
1942 39.1969
1943 38.9319
1944 39.0624
1945 39.4057
1946 38.8683
1947 38.8779
1948 38.7064
1949 38.8337
1950 38.8969
1951 38.6223
1952 38.7237
1953 38.5672
1954 38.8651
1955 38.4065
1956 38.3715
1957 38.4569
1958 38.2108
1959 38.2146
1960 38.5274
1961 38.3059
1962 38.6256
1963 39.2583
1964 38.5477
1965 38.2612
1966 38.0011
1967 38.5522
1968 38.609
1969 38.4666
1970 38.2546
1971 38.852
1972 37.9846
1973 38.2084
1974 37.9441
1975 38.0685
1976 37.8108
1977 37.998
1978 38.2016
1979 38.2277
1980 37.8306
1981 37.961
1982 38.118
1983 38.2171
1984 40.0455
1985 38.5795
1986 38.3384
1987 38.3626
1988 38.5618
1989 38.089
1990 38.8355
1991 38.206
1992 38.3008
1993 38.1854
1994 38.2007
1995 37.9682
1996 38.0178
1997 37.5251
1998 37.7967
1999 37.7766
2000 37.7104
2001 38.0368
2002 38.2641
2003 38.5953
2004 38.1209
2005 38.0084
2006 37.6408
2007 37.7666
2008 38.017
2009 37.7048
2010 38.291
2011 37.7749
2012 37.4472
2013 37.5299
2014 37.4964
2015 37.9028
2016 38.0924
2017 38.0761
2018 37.848
2019 37.8498
2020 37.5669
2021 37.6507
2022 37.9458
2023 38.873
2024 37.9431
2025 37.6393
2026 38.0003
2027 37.9573
2028 37.4471
2029 37.8425
2030 37.8585
2031 37.7041
2032 37.5312
2033 37.9727
2034 37.6238
2035 37.4874
2036 37.5857
2037 37.2636
2038 37.1578
2039 37.4518
2040 37.6333
2041 37.075
2042 37.673
2043 37.3072
2044 37.4935
2045 38.8176
2046 37.6163
2047 37.6832
2048 37.6396
2049 37.1596
2050 37.0392
2051 37.2646
2052 37.685
2053 37.3006
2054 37.619
2055 36.9857
2056 37.274
2057 37.0423
2058 37.0592
2059 36.7568
2060 36.8588
2061 37.4003
2062 37.4615
2063 37.1162
2064 36.9381
2065 37.3678
2066 36.8839
2067 37.0986
2068 37.0245
2069 36.4685
2070 36.6238
2071 36.6826
2072 36.5763
2073 36.9794
2074 36.9874
2075 36.5475
2076 36.7771
2077 37.3294
2078 37.2863
2079 36.603
2080 36.6169
2081 36.3263
2082 36.9134
2083 37.182
2084 36.9086
2085 37.3155
2086 37.3404
2087 37.2443
2088 36.6317
2089 36.4847
2090 36.2644
2091 36.7294
2092 36.2407
2093 36.5606
2094 36.8045
2095 37.5973
2096 36.4193
2097 36.5389
2098 36.5341
2099 36.9741
2100 36.7845
2101 36.5011
2102 37.386
2103 36.7449
2104 36.2891
2105 36.3821
2106 36.2905
2107 35.9985
2108 35.9765
2109 36.1239
2110 36.7799
2111 36.4649
2112 36.7913
2113 35.9376
2114 35.9168
2115 36.4279
2116 35.8027
2117 36.0415
2118 36.3292
2119 36.1238
2120 36.1639
2121 35.8487
2122 35.6943
2123 36.1134
2124 36.4902
2125 36.2672
2126 36.1744
2127 35.762
2128 35.8807
2129 35.7841
2130 35.6687
2131 35.8368
2132 36.1177
2133 36.3851
2134 35.861
2135 35.5711
2136 36.6356
2137 35.6722
2138 36.0291
2139 35.7692
2140 35.9938
2141 36.3097
2142 36.1728
2143 36.0233
2144 36.1443
2145 36.5583
2146 36.3722
2147 36.936
2148 35.8547
2149 35.4286
2150 36.5245
2151 36.0744
2152 35.6752
2153 35.9851
2154 35.7256
2155 35.5367
2156 35.4932
2157 36.0205
2158 36.0063
2159 36.3038
2160 35.6279
2161 35.3157
2162 35.6148
2163 35.2836
2164 35.9629
2165 36.0751
2166 35.9701
2167 35.5782
2168 35.1946
2169 35.1954
2170 35.5271
2171 35.2469
2172 35.2948
2173 35.5025
2174 35.0284
2175 35.2527
2176 35.0758
2177 35.5535
2178 35.3354
2179 36.0977
2180 35.2872
2181 35.5546
2182 35.2032
2183 35.2337
2184 35.1162
2185 34.9313
2186 34.9066
2187 35.3543
2188 35.2035
2189 35.1625
2190 35.103
2191 34.9522
2192 35.9514
2193 34.9285
2194 35.0047
2195 34.8736
2196 35.2699
2197 35.3155
2198 34.998
2199 35.6655
2200 34.6553
2201 34.9568
2202 35.0399
2203 34.8537
2204 35.2523
2205 34.7696
2206 34.993
2207 35.426
2208 34.7311
2209 34.443
2210 34.4176
2211 35.8087
2212 34.7324
2213 34.8744
2214 34.6863
2215 34.6711
2216 35.7051
2217 34.6897
2218 35.2835
2219 35.0516
2220 34.8276
2221 34.5844
2222 34.5461
2223 34.4279
2224 35.2954
2225 34.2192
2226 34.3922
2227 35.1331
2228 34.4704
2229 34.5682
2230 34.2632
2231 34.4566
2232 34.3724
2233 34.1745
2234 34.4687
2235 34.4945
2236 34.5125
2237 34.2517
2238 34.3051
2239 34.2382
2240 34.1844
2241 34.0787
2242 34.6108
2243 34.5146
2244 34.1944
2245 34.111
2246 34.216
2247 34.4617
2248 34.3232
2249 34.0983
2250 34.251
2251 34.6705
2252 34.4545
2253 34.1493
2254 34.4497
2255 34.1577
2256 34.4946
2257 34.3517
2258 33.9467
2259 33.9707
2260 33.9583
2261 33.7985
2262 34.1708
2263 33.9794
2264 34.5619
2265 33.9869
2266 34.1653
2267 34.6355
2268 34.564
2269 34.3416
2270 34.9909
2271 34.3637
2272 34.0128
2273 34.3454
2274 35.1563
2275 34.1304
2276 34.0042
2277 34.8675
2278 34.2885
2279 34.0563
2280 34.149
2281 34.2787
2282 34.0079
2283 34.5069
2284 33.7652
2285 34.2192
2286 34.1431
2287 34.2859
2288 34.2193
2289 34.1908
2290 33.5574
2291 33.5385
2292 33.5074
2293 33.9846
2294 33.6848
2295 33.5535
2296 33.8768
2297 33.835
2298 34.2236
2299 33.4536
2300 33.6237
2301 33.3207
2302 33.5882
2303 33.511
2304 33.5336
2305 33.4448
2306 34.0295
2307 33.5857
2308 33.7464
2309 34.3646
2310 33.3042
2311 33.5034
2312 33.9747
2313 33.5763
2314 33.625
2315 33.4872
2316 33.2325
2317 33.2643
2318 33.5855
2319 33.7875
2320 33.3181
2321 33.5203
2322 33.6931
2323 33.5857
2324 33.2998
2325 33.4364
2326 33.1617
2327 33.7787
2328 33.2265
2329 33.0267
2330 33.2812
2331 32.9321
2332 33.4066
2333 33.6451
2334 33.4913
2335 33.8322
2336 33.6561
2337 33.2995
2338 32.8954
2339 33.6513
2340 33.1199
2341 33.2001
2342 33.0594
2343 33.3098
2344 33.3478
2345 33.3609
2346 32.9715
2347 32.621
2348 32.7227
2349 32.535
2350 32.9551
2351 33.2351
2352 32.773
2353 32.9546
2354 33.3374
2355 33.2582
2356 33.1546
2357 32.6904
2358 32.6309
2359 32.6502
2360 32.7275
2361 33.1671
2362 32.7267
2363 32.639
2364 33.0882
2365 33.0392
2366 32.7443
2367 32.6406
2368 33.2042
2369 32.5533
2370 32.6795
2371 32.6512
2372 32.5859
2373 32.7047
2374 32.8073
2375 33.1679
2376 32.3925
2377 32.5877
2378 32.4582
2379 32.6885
2380 32.4031
2381 32.5544
2382 32.6616
2383 32.3239
2384 32.3073
2385 32.3346
2386 32.9396
2387 32.7892
2388 32.5912
2389 32.3723
2390 32.4371
2391 32.3184
2392 32.1712
2393 32.1188
2394 32.0296
2395 32.0174
2396 32.132
2397 32.0211
2398 32.1285
2399 32.2085
2400 32.3559
2401 32.7775
2402 32.269
2403 32.5915
2404 32.1083
2405 31.9453
2406 32.1217
2407 32.1647
2408 32.038
2409 32.0852
2410 32.4288
2411 32.0331
2412 32.0003
2413 32.1507
2414 32.0368
2415 31.8158
2416 32.7051
2417 32.0529
2418 31.9437
2419 31.7476
2420 31.744
2421 31.8607
2422 31.6461
2423 32.0833
2424 32.4072
2425 32.2717
2426 32.5043
2427 31.7507
2428 32.209
2429 31.8981
2430 31.65
2431 32.1891
2432 31.5887
2433 31.7827
2434 32.1282
2435 31.6948
2436 32.2307
2437 32.0059
2438 31.8202
2439 31.5891
2440 31.9938
2441 31.7721
2442 31.9605
2443 33.0538
2444 31.6423
2445 31.6378
2446 31.5536
2447 31.9432
2448 31.5276
2449 31.4477
2450 31.4968
2451 31.4027
2452 31.8328
2453 32.0779
2454 31.4606
2455 31.5187
2456 32.8184
2457 31.3931
2458 31.8233
2459 32.2541
2460 31.8563
2461 32.0347
2462 31.4079
2463 31.5985
2464 31.4494
2465 31.8097
2466 31.6723
2467 31.6342
2468 31.6082
2469 31.3391
2470 31.562
2471 31.1124
2472 31.0661
2473 31.5345
2474 31.1161
2475 31.0431
2476 31.2866
2477 31.0944
2478 31.3832
2479 31.3499
2480 31.1291
2481 31.0807
2482 31.1405
2483 31.003
2484 31.7187
2485 31.8623
2486 30.9611
2487 31.4329
2488 31.5197
2489 31.1326
2490 31.3478
2491 31.6607
2492 32.2951
2493 31.4024
2494 31.4408
2495 30.9076
2496 31.1512
2497 31.3582
2498 31.3192
2499 30.8642
2500 30.9711
2501 31.0447
2502 32.154
2503 30.9791
2504 31.3129
2505 31.1633
2506 30.8813
2507 31.5932
2508 31.596
2509 31.0794
2510 31.0744
2511 31.1719
2512 31.0734
2513 30.9654
2514 31.2069
2515 30.7927
2516 31.0058
2517 30.7802
2518 30.6183
2519 31.0735
2520 30.5283
2521 30.8551
2522 30.9681
2523 30.4909
2524 30.9184
2525 30.8407
2526 31.1875
2527 31.1693
2528 31.3142
2529 30.6223
2530 31.0936
2531 30.9428
2532 31.045
2533 31.3683
2534 30.5078
2535 30.8071
2536 30.7774
2537 30.9447
2538 31.4526
2539 30.9844
2540 30.7791
2541 30.4912
2542 30.5732
2543 30.5035
2544 30.7902
2545 30.6868
2546 30.6795
2547 30.5447
2548 30.4379
2549 30.5587
2550 30.9196
2551 30.3287
2552 30.5745
2553 30.4486
2554 31.2973
2555 30.782
2556 31.6947
2557 30.7388
2558 30.2833
2559 30.8319
2560 30.6024
2561 30.5738
2562 30.4607
2563 30.5665
2564 31.4636
2565 30.4124
2566 30.4348
2567 30.3447
2568 30.7313
2569 30.8054
2570 30.5746
2571 30.4382
2572 30.5331
2573 30.2371
2574 30.3113
2575 30.377
2576 29.9177
2577 30.364
2578 30.4807
2579 30.421
2580 30.5437
2581 30.6086
2582 30.5813
2583 30.2144
2584 30.3623
2585 30.4088
2586 30.0471
2587 30.1187
2588 30.5399
2589 30.7214
2590 30.1957
2591 30.197
2592 30.069
2593 30.2919
2594 29.8188
2595 30.0869
2596 29.8551
2597 29.8105
2598 30.0282
2599 30.049
2600 29.9906
2601 29.9384
2602 30.0449
2603 29.9664
2604 29.7227
2605 30.278
2606 30.4232
2607 29.9863
2608 30.1208
2609 29.9693
2610 29.8758
2611 29.6698
2612 29.741
2613 29.871
2614 29.7564
2615 29.5174
2616 29.9337
2617 29.963
2618 29.7009
2619 29.6532
2620 29.4938
2621 29.8523
2622 29.8748
2623 29.95
2624 29.4417
2625 29.4824
2626 29.8587
2627 30.4584
2628 29.4764
2629 29.6655
2630 29.3338
2631 29.4574
2632 29.4462
2633 30.1552
2634 29.5196
2635 29.642
2636 29.4274
2637 29.2389
2638 30.4042
2639 30.5235
2640 30.7361
2641 29.6152
2642 29.7218
2643 29.9591
2644 29.9306
2645 29.7761
2646 29.6127
2647 29.9809
2648 29.4938
2649 29.4306
2650 29.6318
2651 29.7136
2652 29.7287
2653 29.5763
2654 29.9986
2655 29.2571
2656 29.1592
2657 29.2836
2658 29.524
2659 29.2578
2660 29.9342
2661 29.0841
2662 30.1371
2663 30.0581
2664 29.2318
2665 29.2238
2666 29.4341
2667 29.1251
2668 29.3843
2669 29.0695
2670 29.3947
2671 29.8208
2672 29.6362
2673 29.129
2674 29.1333
2675 28.8554
2676 28.8847
2677 29.3754
2678 28.9994
2679 29.0527
2680 29.1906
2681 28.8405
2682 30.5887
2683 29.4099
2684 29.2693
2685 29.5332
2686 29.0878
2687 29.1033
2688 29.0646
2689 29.245
2690 29.0236
2691 29.2276
2692 29.1636
2693 29.894
2694 29.0592
2695 28.6738
2696 28.6613
2697 28.9552
2698 28.7816
2699 29.1604
2700 28.901
2701 28.8821
2702 28.8613
2703 28.6727
2704 29.1203
2705 29.1819
2706 29.1219
2707 28.652
2708 28.739
2709 29.3771
2710 29.1784
2711 28.7643
2712 28.5737
2713 28.5811
2714 28.5471
2715 28.4812
2716 28.4331
2717 28.9033
2718 29.0635
2719 28.6956
2720 28.7546
2721 28.7813
2722 29.4632
2723 28.6951
2724 29.1136
2725 28.9091
2726 28.4319
2727 28.6291
2728 28.7174
2729 28.4628
2730 28.7713
2731 28.5972
2732 28.7687
2733 28.5473
2734 28.429
2735 28.8247
2736 28.2323
2737 28.5352
2738 28.3307
2739 28.4691
2740 28.8659
2741 28.501
2742 28.6379
2743 28.4819
2744 28.5185
2745 29.0783
2746 28.3042
2747 29.1187
2748 28.674
2749 28.5663
2750 29.2199
2751 28.3049
2752 28.8177
2753 28.6814
2754 28.4656
2755 28.4943
2756 28.4666
2757 28.2515
2758 28.2432
2759 28.2219
2760 28.5641
2761 28.2473
2762 29.1053
2763 28.7149
2764 28.4644
2765 28.117
2766 28.1671
2767 28.1826
2768 28.3056
2769 28.1067
2770 27.944
2771 27.8526
2772 28.2046
2773 27.8352
2774 27.8575
2775 28.3107
2776 28.6037
2777 28.3598
2778 27.8523
2779 28.413
2780 28.8645
2781 28.6494
2782 28.9235
2783 28.7282
2784 28.4584
2785 28.8907
2786 28.5883
2787 28.773
2788 28.0535
2789 28.507
2790 28.1227
2791 28.3334
2792 27.9452
2793 28.2629
2794 27.894
2795 27.9344
2796 28.1619
2797 27.7859
2798 27.7519
2799 27.6715
2800 27.9678
2801 28.4829
2802 28.0742
2803 27.6477
2804 27.5816
2805 29.0175
2806 28.0002
2807 27.8459
2808 27.5733
2809 27.8516
2810 27.5283
2811 27.8293
2812 27.85
2813 27.8089
2814 28.1429
2815 28.0524
2816 27.5739
2817 27.883
2818 28.1131
2819 27.4412
2820 27.7416
2821 27.4439
2822 27.6259
2823 27.4735
2824 27.5268
2825 28.0094
2826 27.8965
2827 28.4686
2828 27.5973
2829 27.7092
2830 27.9206
2831 27.8486
2832 27.723
2833 28.1032
2834 28.3072
2835 28.4307
2836 28.0105
2837 27.827
2838 28.4935
2839 27.8244
2840 27.6253
2841 27.5379
2842 27.3042
2843 27.3676
2844 27.495
2845 27.589
2846 27.534
2847 27.6917
2848 28.5554
2849 27.8125
2850 27.3776
2851 27.1808
2852 27.8748
2853 27.406
2854 27.0844
2855 27.0445
2856 27.3762
2857 27.8213
2858 27.5999
2859 27.5688
2860 27.1022
2861 27.3408
2862 27.2079
2863 27.3804
2864 27.1218
2865 27.3385
2866 27.0058
2867 27.1272
2868 26.9355
2869 27.2337
2870 27.3166
2871 26.9284
2872 26.8873
2873 27.1756
2874 26.9938
2875 27.0612
2876 27.657
2877 27.2357
2878 27.3156
2879 27.0181
2880 26.9399
2881 27.0307
2882 26.8353
2883 26.9068
2884 27.8203
2885 27.2099
2886 26.8553
2887 27.0289
2888 26.7208
2889 27.2846
2890 27.3098
2891 27.2054
2892 27.7758
2893 27.0434
2894 27.4565
2895 27.1292
2896 26.9944
2897 26.7699
2898 26.7513
2899 26.9405
2900 26.9175
2901 26.8145
2902 26.995
2903 26.6366
2904 27.0325
2905 26.5576
2906 26.6873
2907 26.7218
2908 26.6349
2909 26.8836
2910 26.5123
2911 26.6633
2912 27.0378
2913 26.8272
2914 26.5434
2915 26.8157
2916 26.5943
2917 26.7415
2918 26.6562
2919 26.4586
2920 27.0566
2921 28.0988
2922 27.5525
2923 26.4825
2924 26.5316
2925 26.3844
2926 26.5385
2927 26.6303
2928 26.7022
2929 27.3524
2930 27.0218
2931 26.4879
2932 26.5647
2933 26.8754
2934 26.778
2935 26.5294
2936 27.3748
2937 27.4021
2938 26.3788
2939 26.5543
2940 27.3045
2941 26.3549
2942 26.5115
2943 27.1949
2944 26.9361
2945 27.1601
2946 26.8681
2947 27.6427
2948 26.7955
2949 26.6064
2950 26.7684
2951 26.6113
2952 26.6589
2953 26.4525
2954 26.3254
2955 26.5463
2956 26.3082
2957 26.2999
2958 26.2389
2959 26.5422
2960 26.0879
2961 26.1847
2962 26.7476
2963 26.4202
2964 26.3066
2965 26.4498
2966 27.2015
2967 26.2521
2968 26.2995
2969 26.1091
2970 25.9584
2971 26.6642
2972 25.9565
2973 26.312
2974 26.1593
2975 26.0774
2976 25.9442
2977 26.0245
2978 26.4939
2979 26.8986
2980 26.2013
2981 26.6213
2982 26.2253
2983 26.6957
2984 25.9669
2985 26.5142
2986 25.9226
2987 26.2495
2988 26.7899
2989 26.2194
2990 26.6971
2991 26.9313
2992 26.4742
2993 26.6
2994 26.4338
2995 26.9833
2996 26.4528
2997 26.7879
2998 26.6178
2999 25.8487
3000 26.0877
3001 26.3244
3002 26.1445
3003 25.8176
3004 25.8453
3005 25.8751
3006 25.946
3007 25.9764
3008 26.6311
3009 26.0661
3010 25.8019
3011 25.6977
3012 25.9123
3013 27.293
3014 25.7266
3015 25.8224
3016 26.0347
3017 25.904
3018 25.8607
3019 25.5996
3020 25.8116
3021 25.5707
3022 26.0046
3023 25.586
3024 25.8893
3025 25.4621
3026 25.5039
3027 25.7722
3028 25.6983
3029 26.1898
3030 25.6397
3031 25.6968
3032 25.5337
3033 25.6015
3034 26.6336
3035 25.9316
3036 26.3955
3037 25.5353
3038 26.1445
3039 25.5925
3040 25.675
3041 25.6682
3042 25.6079
3043 25.6592
3044 25.2753
3045 25.6706
3046 25.6454
3047 25.8352
3048 25.3599
3049 25.4378
3050 25.6969
3051 25.39
3052 25.3918
3053 25.5903
3054 25.5921
3055 25.2032
3056 25.8577
3057 25.2577
3058 25.1616
3059 25.5295
3060 25.2945
3061 26.044
3062 25.9655
3063 25.6135
3064 26.408
3065 25.2111
3066 25.7574
3067 25.3324
3068 26.1132
3069 25.7163
3070 25.1246
3071 25.3428
3072 25.1302
3073 25.6153
3074 25.4902
3075 25.0968
3076 25.0456
3077 25.1223
3078 25.0882
3079 25.5967
3080 25.2728
3081 25.2964
3082 25.1531
3083 24.9141
3084 25.1224
3085 24.9681
3086 25.2849
3087 25.2123
3088 24.8883
3089 25.0102
3090 25.5594
3091 25.0219
3092 24.8412
3093 24.8814
3094 25.2448
3095 25.2172
3096 25.2243
3097 25.302
3098 25.5578
3099 25.3191
3100 25.111
3101 25.2389
3102 24.9038
3103 24.8786
3104 25.1357
3105 24.9287
3106 25.0256
3107 25.228
3108 24.8498
3109 24.7821
3110 24.7629
3111 25.203
3112 25.2506
3113 24.9743
3114 24.9652
3115 24.6465
3116 25.0935
3117 25.2836
3118 25.0802
3119 25.3803
3120 25.0054
3121 24.8712
3122 24.7128
3123 25.2919
3124 25.2112
3125 24.7318
3126 25.2904
3127 24.7883
3128 24.6767
3129 24.6714
3130 24.5904
3131 24.7
3132 24.7717
3133 24.7695
3134 24.7777
3135 24.9609
3136 24.7924
3137 24.6909
3138 24.5866
3139 24.4488
3140 24.4909
3141 24.7575
3142 24.5649
3143 24.6765
3144 24.9299
3145 24.879
3146 24.7099
3147 24.3206
3148 24.6002
3149 24.8351
3150 24.2851
3151 24.5701
3152 24.7293
3153 24.3721
3154 24.2694
3155 24.6576
3156 25.1749
3157 24.9482
3158 24.7543
3159 24.5451
3160 24.5381
3161 24.6538
3162 24.5606
3163 24.5044
3164 24.6501
3165 24.5713
3166 24.3295
3167 24.4801
3168 24.7295
3169 24.1249
3170 24.3494
3171 24.6167
3172 24.2235
3173 24.2847
3174 24.4876
3175 24.5878
3176 24.1415
3177 24.186
3178 24.2763
3179 24.5407
3180 24.6723
3181 24.8714
3182 24.1342
3183 24.0929
3184 24.1306
3185 24.2813
3186 24.0059
3187 24.0447
3188 24.4475
3189 23.9321
3190 24.1491
3191 24.3753
3192 24.2857
3193 24.5143
3194 23.9809
3195 24.2817
3196 24.0712
3197 24.3202
3198 24.3134
3199 24.5017
3200 24.9878
3201 24.4598
3202 23.8246
3203 24.1543
3204 24.3519
3205 24.0669
3206 24.0973
3207 24.3704
3208 23.9032
3209 24.2942
3210 24.0159
3211 24.1581
3212 24.0316
3213 24.2519
3214 23.9436
3215 23.9283
3216 24.5179
3217 24.7225
3218 23.9349
3219 24.1692
3220 23.8679
3221 23.8047
3222 23.6989
3223 23.8362
3224 24.2003
3225 23.964
3226 23.8267
3227 24.4717
3228 24.3841
3229 24.279
3230 23.7069
3231 23.6646
3232 24.4462
3233 24.1297
3234 23.8249
3235 23.7998
3236 23.6027
3237 24.1167
3238 23.7318
3239 23.872
3240 24.1788
3241 24.0132
3242 23.6302
3243 23.8865
3244 23.8159
3245 23.5471
3246 23.7158
3247 23.5663
3248 23.8434
3249 23.8699
3250 23.775
3251 23.7751
3252 23.7374
3253 23.8973
3254 24.0083
3255 23.8337
3256 23.606
3257 23.4523
3258 23.7475
3259 23.5332
3260 23.4237
3261 23.6512
3262 23.5042
3263 23.4076
3264 23.8045
3265 23.6993
3266 24.0971
3267 23.7156
3268 23.6087
3269 23.5198
3270 23.4699
3271 23.9428
3272 23.4565
3273 23.7781
3274 23.5317
3275 24.3309
3276 23.3768
3277 23.4678
3278 23.7831
3279 23.4216
3280 23.7812
3281 23.5906
3282 23.6739
3283 23.2345
3284 23.3948
3285 23.7391
3286 23.3814
3287 23.3544
3288 23.3584
3289 23.7851
3290 23.263
3291 24.0567
3292 23.7026
3293 23.649
3294 23.5256
3295 23.6046
3296 23.4089
3297 23.3376
3298 23.5203
3299 23.1818
3300 23.4331
3301 23.2128
3302 23.4696
3303 23.5988
3304 23.3702
3305 23.3396
3306 23.1587
3307 23.1684
3308 23.0897
3309 23.3819
3310 23.0605
3311 23.7011
3312 23.0163
3313 23.2419
3314 23.2206
3315 23.3933
3316 23.1855
3317 23.1853
3318 23.6401
3319 23.3863
3320 23.0047
3321 22.9812
3322 22.9489
3323 22.9101
3324 22.9461
3325 23.3064
3326 22.8815
3327 23.274
3328 23.6568
3329 23.2595
3330 22.8784
3331 23.064
3332 23.5861
3333 22.97
3334 22.8682
3335 22.7976
3336 23.0134
3337 23.0354
3338 23.2995
3339 22.8715
3340 22.7929
3341 23.1021
3342 22.8103
3343 22.8127
3344 23.0419
3345 22.7786
3346 22.9412
3347 22.9443
3348 22.877
3349 23.2677
3350 22.7682
3351 22.798
3352 22.7184
3353 23.4047
3354 22.659
3355 22.7026
3356 22.6491
3357 22.72
3358 22.7736
3359 22.6577
3360 22.8509
3361 22.9934
3362 22.9461
3363 23.1532
3364 23.0252
3365 22.7699
3366 23.4715
3367 22.719
3368 22.7536
3369 22.6975
3370 22.5912
3371 22.6413
3372 22.5306
3373 22.7244
3374 22.556
3375 22.7271
3376 22.5062
3377 22.563
3378 22.4923
3379 22.7575
3380 22.542
3381 22.5285
3382 22.602
3383 22.4624
3384 22.7151
3385 22.731
3386 22.4748
3387 22.9905
3388 22.5578
3389 22.4039
3390 22.4931
3391 22.6726
3392 23.4605
3393 23.2557
3394 22.7093
3395 22.406
3396 22.7869
3397 23.0238
3398 22.7456
3399 22.8254
3400 22.9339
3401 23.4724
3402 22.646
3403 22.5663
3404 22.4537
3405 22.3806
3406 22.3448
3407 22.3324
3408 22.4794
3409 22.4514
3410 22.3384
3411 22.5524
3412 22.3155
3413 22.5375
3414 22.2996
3415 22.6169
3416 22.2928
3417 22.2358
3418 22.7657
3419 23.3033
3420 23.6006
3421 22.732
3422 22.546
3423 22.6744
3424 22.2097
3425 22.3865
3426 22.1544
3427 22.1587
3428 22.2185
3429 22.1194
3430 22.1053
3431 22.2252
3432 23.5239
3433 22.4815
3434 22.1896
3435 22.3663
3436 22.4444
3437 22.3735
3438 22.8204
3439 22.7797
3440 22.6591
3441 22.3859
3442 22.7453
3443 22.3097
3444 22.4422
3445 22.2788
3446 23.3113
3447 22.6013
3448 22.6643
3449 22.2696
3450 22.2738
3451 22.0585
3452 22.184
3453 22.1088
3454 22.0814
3455 23.1542
3456 22.4132
3457 22.1884
3458 21.9881
3459 22.424
3460 22.4189
3461 22.1905
3462 22.5336
3463 22.0147
3464 22.3215
3465 22.725
3466 21.9887
3467 22.0775
3468 22.0438
3469 22.0009
3470 22.6037
3471 22.079
3472 21.9763
3473 22.2439
3474 22.0137
3475 22.1737
3476 22.0826
3477 21.8182
3478 22.2482
3479 22.1613
3480 22.0137
3481 22.1886
3482 22.167
3483 21.8725
3484 22.0878
3485 22.0265
3486 21.9727
3487 21.9292
3488 21.9634
3489 22.3594
3490 21.8575
3491 21.9707
3492 22.4225
3493 22.3155
3494 21.9221
3495 21.834
3496 22.3414
3497 22.4133
3498 21.7367
3499 21.6722
3500 21.6619
3501 22.033
3502 21.9147
3503 21.7937
3504 21.6971
3505 22.1332
3506 21.5787
3507 21.9804
3508 21.7474
3509 21.8827
3510 21.5924
3511 21.8952
3512 22.0458
3513 21.6444
3514 21.7546
3515 22.1162
3516 22.0796
3517 21.6
3518 21.8047
3519 21.5219
3520 21.6449
3521 21.8067
3522 21.7027
3523 21.7746
3524 21.5223
3525 22.0884
3526 21.529
3527 21.7603
3528 22.4938
3529 21.5712
3530 21.683
3531 21.4439
3532 21.4309
3533 21.6755
3534 21.5415
3535 21.8578
3536 22.3698
3537 21.4323
3538 21.6233
3539 21.3844
3540 22.0742
3541 21.498
3542 21.352
3543 21.5305
3544 21.8245
3545 21.5059
3546 21.6058
3547 21.3592
3548 21.8916
3549 21.6119
3550 21.6915
3551 22.2039
3552 22.7329
3553 21.6196
3554 21.9956
3555 21.5338
3556 22.0572
3557 21.386
3558 21.7772
3559 21.7108
3560 21.847
3561 21.4714
3562 21.9902
3563 21.7066
3564 21.2907
3565 21.4421
3566 21.5623
3567 21.3879
3568 21.3529
3569 21.3335
3570 21.8056
3571 21.398
3572 21.4056
3573 21.3824
3574 21.7875
3575 21.7266
3576 21.772
3577 21.5567
3578 21.4971
3579 22.2787
3580 22.2062
3581 21.5822
3582 21.1906
3583 21.6417
3584 21.2842
3585 21.2331
3586 21.4449
3587 21.101
3588 21.3713
3589 21.27
3590 21.2203
3591 21.2206
3592 21.5038
3593 21.2027
3594 21.63
3595 21.0768
3596 21.0735
3597 20.967
3598 21.822
3599 21.1343
3600 21.1506
3601 21.5315
3602 21.2308
3603 21.1992
3604 21.1312
3605 21.0692
3606 21.1031
3607 21.2063
3608 21.1736
3609 21.2992
3610 20.9411
3611 21.0766
3612 21.2774
3613 21.0268
3614 21.7316
3615 21.0858
3616 21.293
3617 21.2872
3618 20.9238
3619 21.371
3620 20.8525
3621 21.2005
3622 21.1702
3623 20.9733
3624 21.4852
3625 20.8848
3626 20.995
3627 20.9272
3628 20.9109
3629 21.5096
3630 21.2919
3631 21.5937
3632 20.8773
3633 21.0184
3634 20.8204
3635 20.8535
3636 21.4865
3637 20.9576
3638 21.3244
3639 21.3848
3640 21.3721
3641 20.9288
3642 21.5772
3643 21.1183
3644 20.9599
3645 20.9447
3646 20.9538
3647 20.8837
3648 20.9906
3649 20.9135
3650 20.7111
3651 21.1637
3652 21.4865
3653 21.4267
3654 21.2794
3655 20.9264
3656 20.9322
3657 20.7901
3658 21.0939
3659 20.8676
3660 20.7631
3661 20.7101
3662 20.9743
3663 21.5443
3664 20.8485
3665 21.8175
3666 20.8906
3667 21.4562
3668 21.0753
3669 22.0159
3670 21.0322
3671 20.8617
3672 21.0585
3673 21.0435
3674 20.6905
3675 20.817
3676 20.6552
3677 21.3103
3678 21.0951
3679 20.837
3680 21.323
3681 20.6931
3682 20.787
3683 21.1949
3684 20.708
3685 20.5887
3686 20.5478
3687 20.6375
3688 20.3893
3689 20.5462
3690 20.408
3691 20.5889
3692 20.5349
3693 21.5502
3694 20.6016
3695 20.6547
3696 20.5017
3697 20.7391
3698 20.3599
3699 20.3478
3700 20.6464
3701 20.5147
3702 20.9695
3703 20.6694
3704 20.822
3705 20.7091
3706 20.5352
3707 20.6576
3708 20.3415
3709 20.6181
3710 20.6127
3711 20.6109
3712 20.2609
3713 21.1197
3714 21.0241
3715 20.4308
3716 20.3142
3717 20.4944
3718 20.3674
3719 20.4445
3720 20.1648
3721 20.6436
3722 20.541
3723 20.4514
3724 20.2571
3725 20.1149
3726 20.3757
3727 20.1989
3728 20.2781
3729 20.1628
3730 20.085
3731 20.1678
3732 20.477
3733 20.1283
3734 21.0748
3735 20.7393
3736 20.1901
3737 20.6293
3738 20.1645
3739 20.0663
3740 20.4572
3741 20.3047
3742 20.0259
3743 19.9882
3744 20.0734
3745 20.2361
3746 20.145
3747 20.4751
3748 20.3224
3749 20.2526
3750 20.0684
3751 21.0004
3752 20.0742
3753 20.0652
3754 20.3761
3755 20.0429
3756 20.7031
3757 19.9141
3758 20.5155
3759 20.0649
3760 19.9149
3761 20.5088
3762 20.7469
3763 20.3914
3764 20.1829
3765 20.0922
3766 20.4276
3767 19.867
3768 19.9945
3769 19.8099
3770 19.9237
3771 20.3069
3772 20.0009
3773 19.8286
3774 19.9654
3775 19.7901
3776 20.1988
3777 19.8125
3778 20.0296
3779 19.9404
3780 20.0826
3781 19.9429
3782 19.7271
3783 19.821
3784 19.7585
3785 19.7795
3786 20.041
3787 19.7642
3788 19.7657
3789 20.331
3790 19.8493
3791 19.9216
3792 19.8133
3793 20.2134
3794 20.2372
3795 20.5517
3796 20.2321
3797 20.3352
3798 20.2333
3799 19.7568
3800 19.8058
3801 19.7921
3802 19.8615
3803 19.7421
3804 19.9944
3805 19.6544
3806 19.7777
3807 20.1223
3808 19.7598
3809 19.5393
3810 19.8217
3811 19.916
3812 19.7308
3813 20.3494
3814 20.046
3815 19.763
3816 19.7687
3817 19.6422
3818 19.8224
3819 19.8132
3820 19.5219
3821 19.7788
3822 19.6208
3823 19.7079
3824 20.6633
3825 19.6798
3826 20.4333
3827 19.5161
3828 19.6774
3829 19.5926
3830 19.528
3831 19.6759
3832 19.5794
3833 19.6725
3834 19.97
3835 20.0072
3836 19.5167
3837 19.3957
3838 19.5858
3839 19.739
3840 19.5072
3841 20.1987
3842 19.7895
3843 19.6345
3844 19.7228
3845 19.7112
3846 19.4061
3847 20.7008
3848 19.8625
3849 20.5684
3850 19.8269
3851 19.5926
3852 19.9288
3853 19.5124
3854 19.741
3855 20.1874
3856 19.402
3857 19.5422
3858 19.5036
3859 19.8696
3860 20.29
3861 19.6658
3862 19.5523
3863 19.6245
3864 20.0259
3865 19.4686
3866 19.561
3867 19.2465
3868 19.2453
3869 19.3986
3870 19.594
3871 19.3476
3872 19.2612
3873 19.4729
3874 19.422
3875 19.4952
3876 19.3407
3877 19.8432
3878 19.5718
3879 19.1196
3880 19.3503
3881 19.76
3882 19.1681
3883 19.2424
3884 19.3914
3885 19.5436
3886 19.3322
3887 19.434
3888 19.4477
3889 19.2281
3890 19.1423
3891 19.346
3892 19.3691
3893 19.2475
3894 19.2974
3895 19.4722
3896 19.1585
3897 19.8878
3898 19.3216
3899 19.194
3900 19.2981
3901 19.3291
3902 19.3167
3903 19.2401
3904 19.2548
3905 19.601
3906 19.4153
3907 19.0706
3908 19.1172
3909 19.1625
3910 19.1409
3911 19.2744
3912 19.4615
3913 19.0767
3914 19.8933
3915 19.0471
3916 19.5831
3917 19.9131
3918 19.175
3919 19.0091
3920 19.3231
3921 19.5077
3922 19.05
3923 19.6284
3924 19.0891
3925 19.1184
3926 19.5413
3927 18.9575
3928 18.8794
3929 19.2443
3930 19.2929
3931 18.9326
3932 19.5751
3933 19.155
3934 19.442
3935 19.2666
3936 19.373
3937 19.4178
3938 19.7485
3939 19.1367
3940 19.1021
3941 20.2036
3942 20.8252
3943 19.1785
3944 19.1443
3945 19.4183
3946 18.9116
3947 18.8572
3948 19.0805
3949 18.7514
3950 18.6595
3951 18.821
3952 19.5269
3953 18.7596
3954 18.6496
3955 18.9286
3956 19.1533
3957 18.9485
3958 18.8095
3959 19.0151
3960 19.0283
3961 19.231
3962 18.8214
3963 19.1366
3964 19.0163
3965 18.6782
3966 18.6258
3967 18.7141
3968 19.6395
3969 19.1461
3970 19.1461
3971 18.8504
3972 18.6121
3973 18.6784
3974 18.5928
3975 18.6206
3976 18.6855
3977 18.9742
3978 18.9331
3979 18.695
3980 18.9994
3981 19.0791
3982 19.1069
3983 18.8755
3984 18.652
3985 18.4776
3986 18.8382
3987 18.6073
3988 18.7678
3989 18.8859
3990 18.4731
3991 18.5926
3992 18.8497
3993 18.6305
3994 18.9953
3995 18.864
3996 18.7401
3997 18.894
3998 18.7609
3999 18.7204
4000 18.8737
4001 18.745
4002 18.4443
4003 19.0884
4004 18.5368
4005 18.6029
4006 18.6797
4007 18.7775
4008 18.764
4009 18.6811
4010 18.7357
4011 18.8666
4012 19.4118
4013 18.572
4014 18.7864
4015 18.6408
4016 18.8617
4017 18.7069
4018 18.877
4019 18.8907
4020 18.6707
4021 18.9416
4022 19.1654
4023 18.5577
4024 18.4944
4025 18.2963
4026 18.5327
4027 18.4185
4028 18.396
4029 18.4674
4030 18.9773
4031 18.6669
4032 18.4541
4033 18.3562
4034 18.2065
4035 19.1635
4036 18.3862
4037 18.9436
4038 18.3017
4039 18.5313
4040 19.5894
4041 18.3703
4042 18.8773
4043 18.9083
4044 18.4279
4045 18.458
4046 19.0965
4047 18.2731
4048 18.6563
4049 18.7496
4050 18.8956
4051 18.9492
4052 18.5589
4053 18.3409
4054 18.427
4055 18.2169
4056 18.3727
4057 18.0891
4058 18.1192
4059 18.2227
4060 18.1883
4061 18.2439
4062 18.2606
4063 18.548
4064 18.1908
4065 18.505
4066 18.4287
4067 18.0635
4068 19.312
4069 18.1764
4070 18.3388
4071 18.5531
4072 18.6191
4073 18.4605
4074 18.2355
4075 18.423
4076 18.4397
4077 18.4317
4078 18.387
4079 18.0426
4080 18.0641
4081 18.6276
4082 17.958
4083 18.4606
4084 18.4558
4085 18.3719
4086 18.1251
4087 18.1073
4088 18.2853
4089 17.9692
4090 17.903
4091 17.9213
4092 18.1831
4093 18.0095
4094 18.2124
4095 17.9449
4096 18.3012
4097 17.9485
4098 18.2537
4099 18.2216
4100 17.9832
4101 17.9449
4102 17.9754
4103 18.067
4104 18.0582
4105 17.9566
4106 18.1663
4107 18.8711
4108 18.1335
4109 18.4676
4110 18.0289
4111 18.0478
4112 18.1472
4113 18.2652
4114 18.2539
4115 18.3983
4116 18.7444
4117 18.2532
4118 17.925
4119 18.1572
4120 18.6822
4121 18.0898
4122 17.9118
4123 18.1935
4124 17.8135
4125 18.4891
4126 18.4589
4127 17.9688
4128 18.9163
4129 18.0434
4130 17.9281
4131 17.7973
4132 17.8217
4133 17.8192
4134 17.9585
4135 17.7146
4136 18.4828
4137 17.7312
4138 17.6403
4139 17.6843
4140 17.793
4141 17.6806
4142 18.1432
4143 17.7438
4144 17.7443
4145 17.7963
4146 17.7319
4147 17.8982
4148 17.7449
4149 17.6711
4150 17.8377
4151 18.3952
4152 18.1119
4153 17.8406
4154 18.0682
4155 18.3427
4156 17.6077
4157 17.7716
4158 17.9575
4159 18.1662
4160 17.5756
4161 17.8966
4162 17.6649
4163 18.3156
4164 17.6969
4165 17.8347
4166 18.3684
4167 17.7993
4168 17.6273
4169 17.5963
4170 18.0501
4171 17.7258
4172 18.0336
4173 17.729
4174 17.7198
4175 17.6012
4176 17.4831
4177 17.6517
4178 17.7499
4179 17.6531
4180 17.7879
4181 17.7099
4182 17.6558
4183 17.7442
4184 17.6667
4185 18.3085
4186 17.8651
4187 18.0483
4188 17.608
4189 17.7407
4190 17.5097
4191 17.6735
4192 17.5183
4193 17.7016
4194 17.8786
4195 17.3546
4196 17.564
4197 17.5624
4198 17.752
4199 17.6523
4200 17.9118
4201 17.8559
4202 17.4952
4203 17.6062
4204 17.5475
4205 17.5639
4206 17.4564
4207 17.2712
4208 17.2776
4209 17.7798
4210 17.622
4211 17.7513
4212 17.4255
4213 17.6795
4214 17.427
4215 17.3074
4216 17.3448
4217 18.019
4218 17.4289
4219 17.3611
4220 18.0989
4221 17.5417
4222 17.8416
4223 18.0881
4224 17.3465
4225 17.6629
4226 17.5075
4227 17.574
4228 17.8793
4229 17.7402
4230 18.063
4231 17.4306
4232 17.6604
4233 17.3012
4234 17.73
4235 17.3199
4236 17.509
4237 17.7456
4238 17.4449
4239 17.4496
4240 17.6846
4241 17.1604
4242 17.6364
4243 17.4383
4244 17.3157
4245 17.2322
4246 17.6063
4247 17.4118
4248 17.4535
4249 17.4466
4250 17.3182
4251 17.1863
4252 17.4201
4253 17.0776
4254 17.5812
4255 17.3205
4256 17.0802
4257 17.2662
4258 17.3806
4259 17.1626
4260 17.2315
4261 17.1383
4262 17.3641
4263 17.294
4264 17.563
4265 16.9994
4266 17.0294
4267 17.7118
4268 16.9896
4269 17.3366
4270 17.4823
4271 17.0428
4272 17.2526
4273 17.2244
4274 17.4159
4275 17.2433
4276 17.0236
4277 17.2379
4278 17.2648
4279 17.4583
4280 17.3837
4281 17.0783
4282 16.9967
4283 16.919
4284 17.4412
4285 17.0325
4286 17.3737
4287 17.1417
4288 17.3442
4289 17.1568
4290 16.8939
4291 16.909
4292 16.9236
4293 17.3205
4294 17.194
4295 16.9679
4296 16.8929
4297 17.0266
4298 16.8843
4299 17.0244
4300 17.0458
4301 17.122
4302 16.8565
4303 16.8395
4304 16.911
4305 17.1112
4306 16.8507
4307 16.8988
4308 17.0841
4309 17.1628
4310 17.2006
4311 17.899
4312 17.1087
4313 17.8195
4314 16.9392
4315 17.2366
4316 16.7746
4317 17.127
4318 17.4889
4319 17.0224
4320 17.1426
4321 17.2882
4322 16.7868
4323 16.8143
4324 17.0006
4325 17.1893
4326 16.9946
4327 17.1486
4328 16.9254
4329 16.8232
4330 16.8838
4331 16.8915
4332 17.2638
4333 17.037
4334 17.0507
4335 16.7946
4336 16.8085
4337 17.155
4338 17.0607
4339 16.6874
4340 16.8148
4341 16.7337
4342 17.3108
4343 16.8089
4344 16.774
4345 17.6379
4346 17.1976
4347 16.9119
4348 16.8426
4349 16.8928
4350 16.639
4351 16.7686
4352 16.6399
4353 16.794
4354 16.6724
4355 16.7395
4356 16.7063
4357 16.5534
4358 16.8371
4359 16.5188
4360 16.7401
4361 16.5376
4362 17.0526
4363 17.3854
4364 16.851
4365 16.5797
4366 16.6784
4367 16.8273
4368 16.5665
4369 16.7173
4370 16.8356
4371 16.6249
4372 16.6454
4373 16.5594
4374 16.8263
4375 17.0144
4376 16.8205
4377 16.73
4378 16.9458
4379 16.6042
4380 16.5884
4381 16.679
4382 16.4963
4383 16.7349
4384 17.4063
4385 16.7858
4386 16.7158
4387 16.6983
4388 16.7859
4389 16.579
4390 16.98
4391 16.5435
4392 16.48
4393 16.5527
4394 16.5613
4395 16.7346
4396 16.8501
4397 16.5667
4398 16.4587
4399 16.5507
4400 16.3815
4401 16.8121
4402 16.4654
4403 16.622
4404 16.3436
4405 16.4245
4406 16.5494
4407 16.62
4408 16.4131
4409 16.8227
4410 16.4436
4411 16.3696
4412 16.3083
4413 16.7871
4414 16.7829
4415 16.4002
4416 17.4235
4417 16.4492
4418 16.5231
4419 17.1001
4420 16.6045
4421 16.5854
4422 16.7197
4423 16.3654
4424 16.4907
4425 16.3672
4426 16.2679
4427 16.821
4428 16.9482
4429 16.4513
4430 16.7262
4431 16.6305
4432 16.8924
4433 16.6182
4434 16.4134
4435 16.6495
4436 16.6658
4437 16.5694
4438 16.5842
4439 16.6654
4440 16.5387
4441 16.3163
4442 16.3142
4443 16.6083
4444 16.7507
4445 16.3088
4446 16.1545
4447 17.0665
4448 16.399
4449 16.5624
4450 16.2575
4451 16.2596
4452 16.2019
4453 16.1106
4454 16.1428
4455 16.4914
4456 16.1603
4457 16.2417
4458 16.236
4459 16.1945
4460 16.6579
4461 16.1866
4462 16.3498
4463 16.6261
4464 16.4132
4465 16.2906
4466 16.1203
4467 16.1284
4468 16.0176
4469 16.3601
4470 16.2749
4471 16.0399
4472 16.4526
4473 16.5659
4474 16.6657
4475 15.979
4476 16.3312
4477 16.2487
4478 16.2265
4479 16.2808
4480 16.3594
4481 16.2305
4482 16.1874
4483 16.0569
4484 16.0375
4485 16.0908
4486 15.952
4487 16.1156
4488 16.1396
4489 15.983
4490 16.0664
4491 15.9511
4492 16.162
4493 16.2527
4494 16.5023
4495 16.4914
4496 16.1768
4497 16.6467
4498 16.1116
4499 16.1036
4500 15.9847
4501 16.1246
4502 16.0139
4503 16.1606
4504 15.9859
4505 16.2013
4506 16.3196
4507 16.2747
4508 16.1781
4509 16.3487
4510 15.9174
4511 16.2273
4512 16.9371
4513 16.0401
4514 15.95
4515 16.0043
4516 16.142
4517 15.8085
4518 16.031
4519 15.9473
4520 15.8079
4521 15.8418
4522 16.0749
4523 15.8248
4524 16.0017
4525 15.9979
4526 16.4561
4527 15.7437
4528 15.9618
4529 16.3842
4530 16.3956
4531 16.2117
4532 16.7564
4533 16.8646
4534 16.5186
4535 16.005
4536 16.0317
4537 15.9094
4538 15.8453
4539 16.2414
4540 16.3337
4541 15.8854
4542 15.7014
4543 15.8053
4544 16.1135
4545 16.2112
4546 15.8938
4547 16.0176
4548 15.9687
4549 16.3043
4550 16.0131
4551 15.8093
4552 15.8846
4553 15.6891
4554 15.7621
4555 16.0343
4556 15.6715
4557 15.6082
4558 15.6687
4559 15.7348
4560 15.7425
4561 15.6311
4562 15.8892
4563 15.7763
4564 15.6218
4565 15.8128
4566 15.7834
4567 16.2979
4568 16.1023
4569 15.8463
4570 16.2013
4571 15.8684
4572 15.6047
4573 16.1021
4574 16.5226
4575 15.7559
4576 15.6458
4577 15.6754
4578 15.7905
4579 15.7506
4580 15.4913
4581 15.7958
4582 15.5691
4583 15.7182
4584 15.6266
4585 16.1933
4586 16.3306
4587 15.5304
4588 15.5786
4589 15.488
4590 15.8774
4591 15.7664
4592 15.9046
4593 15.9496
4594 15.7678
4595 15.645
4596 15.7138
4597 15.7641
4598 15.7008
4599 15.6001
4600 15.9446
4601 15.615
4602 15.4542
4603 15.6615
4604 15.9168
4605 15.7432
4606 15.6298
4607 16.5972
4608 15.6364
4609 15.4896
4610 15.7131
4611 15.565
4612 15.7866
4613 15.9574
4614 15.3546
4615 16.177
4616 15.4378
4617 15.3997
4618 15.7478
4619 15.6521
4620 15.6318
4621 15.8842
4622 15.7317
4623 15.4907
4624 15.9351
4625 15.4663
4626 15.8252
4627 15.7665
4628 15.6941
4629 15.6176
4630 15.7972
4631 15.3029
4632 15.4791
4633 15.4218
4634 15.6564
4635 15.3426
4636 15.4315
4637 15.7715
4638 15.2827
4639 15.3756
4640 16.2131
4641 16.5403
4642 15.9047
4643 15.4846
4644 15.205
4645 15.5081
4646 15.6068
4647 15.3751
4648 15.4857
4649 15.3463
4650 15.7328
4651 17.2332
4652 15.5701
4653 15.302
4654 15.3816
4655 15.5258
4656 16.0769
4657 15.6266
4658 15.4091
4659 15.6316
4660 15.5978
4661 15.3632
4662 15.8431
4663 15.8298
4664 15.3975
4665 15.8594
4666 15.4035
4667 15.8119
4668 15.7414
4669 16.3319
4670 15.3994
4671 15.6326
4672 15.2682
4673 16.6851
4674 15.1422
4675 15.374
4676 15.2191
4677 15.2846
4678 15.3277
4679 15.2848
4680 15.4933
4681 15.2953
4682 16.0948
4683 15.2186
4684 15.157
4685 15.4674
4686 15.1359
4687 15.147
4688 15.0487
4689 15.1705
4690 15.0663
4691 15.0535
4692 15.718
4693 15.4289
4694 15.4125
4695 15.5753
4696 15.1887
4697 15.4409
4698 15.0953
4699 15.3682
4700 15.4768
4701 15.4303
4702 15.1889
4703 15.1373
4704 15.0011
4705 15.6978
4706 15.2322
4707 15.1965
4708 14.9912
4709 14.9067
4710 15.6234
4711 15.2602
4712 14.9833
4713 15.0041
4714 15.0082
4715 15.1319
4716 15.6798
4717 15.202
4718 15.0819
4719 15.1438
4720 15.5001
4721 15.1934
4722 15.1333
4723 15.1737
4724 15.3856
4725 15.0494
4726 15.0693
4727 15.2544
4728 15.3176
4729 14.9619
4730 14.8982
4731 15.0598
4732 14.842
4733 15.0165
4734 14.9177
4735 15.1459
4736 16.1178
4737 14.9249
4738 15.2744
4739 14.8144
4740 15.0039
4741 15.0114
4742 14.8284
4743 15.0507
4744 14.7888
4745 15.2033
4746 14.8985
4747 14.8358
4748 15.1753
4749 14.7457
4750 15.0552
4751 14.8677
4752 15.0441
4753 15.0791
4754 14.8708
4755 14.792
4756 15.0876
4757 14.8344
4758 14.7987
4759 14.7081
4760 14.8468
4761 15.1078
4762 14.9164
4763 14.7934
4764 14.7654
4765 15.7058
4766 14.7754
4767 15.0281
4768 14.8106
4769 14.6754
4770 15.1304
4771 15.0166
4772 15.7341
4773 15.6396
4774 15.0247
4775 14.8108
4776 15.1043
4777 15.3207
4778 15.2027
4779 14.8968
4780 15.3597
4781 15.1063
4782 15.1984
4783 14.909
4784 15.1685
4785 15.0572
4786 14.926
4787 14.865
4788 16.1021
4789 14.7193
4790 14.8277
4791 14.8516
4792 14.9057
4793 15.4807
4794 15.68
4795 15.2707
4796 15.5462
4797 14.8521
4798 14.9411
4799 14.9315
4800 14.6479
4801 15.0727
4802 15.0955
4803 15.0224
4804 15.5009
4805 15.0514
4806 14.5757
4807 14.6793
4808 14.5331
4809 15.0063
4810 14.9022
4811 14.9369
4812 14.6734
4813 14.7068
4814 14.5309
4815 14.6821
4816 14.784
4817 14.6542
4818 14.5826
4819 14.8954
4820 14.7347
4821 15.3864
4822 16.0954
4823 14.8808
4824 14.4911
4825 14.6194
4826 14.4606
4827 15.4361
4828 14.7138
4829 14.703
4830 14.788
4831 14.6557
4832 14.7933
4833 14.7194
4834 14.5586
4835 14.5431
4836 14.7899
4837 14.5405
4838 14.7262
4839 14.949
4840 14.843
4841 14.4553
4842 14.6959
4843 14.5674
4844 14.7572
4845 14.4501
4846 14.5321
4847 14.5214
4848 14.563
4849 14.632
4850 14.5248
4851 14.7671
4852 14.5235
4853 14.3951
4854 14.7894
4855 14.9623
4856 14.5391
4857 14.7298
4858 14.3316
4859 14.6076
4860 14.4686
4861 14.7313
4862 14.9024
4863 14.4377
4864 14.9285
4865 14.2845
4866 14.5689
4867 14.5834
4868 14.306
4869 14.3614
4870 14.3618
4871 14.5095
4872 14.3909
4873 14.4502
4874 14.4058
4875 14.2987
4876 14.2673
4877 14.4171
4878 14.4262
4879 14.5267
4880 14.4808
4881 14.3669
4882 14.4512
4883 14.7385
4884 14.648
4885 14.3909
4886 14.4762
4887 14.3505
4888 14.4249
4889 14.4249
4890 14.2841
4891 14.6552
4892 14.3935
4893 14.563
4894 14.2232
4895 14.3336
4896 15.1329
4897 14.4869
4898 14.5637
4899 14.6887
4900 14.4981
4901 14.2134
4902 14.2319
4903 14.3076
4904 14.5916
4905 14.2178
4906 14.4376
4907 14.6546
4908 14.3811
4909 14.1387
4910 14.6063
4911 14.266
4912 14.3667
4913 14.5866
4914 15.158
4915 14.5499
4916 14.4698
4917 14.3157
4918 14.5334
4919 14.1782
4920 14.1617
4921 14.2116
4922 14.3808
4923 14.3223
4924 14.3814
4925 14.1748
4926 14.3933
4927 14.8683
4928 14.3268
4929 14.1885
4930 14.2248
4931 14.3555
4932 14.8425
4933 14.3436
4934 14.0723
4935 14.1454
4936 14.2852
4937 14.1142
4938 14.2931
4939 14.4482
4940 14.378
4941 14.3192
4942 14.3367
4943 14.587
4944 15.1717
4945 14.3012
4946 14.5056
4947 14.3676
4948 14.3256
4949 14.4191
4950 14.4972
4951 14.0595
4952 14.3177
4953 14.1167
4954 14.255
4955 14.5158
4956 14.7927
4957 14.3359
4958 14.2613
4959 14.4882
4960 14.3817
4961 14.0883
4962 14.0234
4963 14.259
4964 14.047
4965 14.2389
4966 14.0953
4967 14.1765
4968 14.5881
4969 14.0323
4970 13.9182
4971 14.1172
4972 14.1603
4973 14.2814
4974 13.9677
4975 14.1242
4976 13.9549
4977 14.1212
4978 14.4228
4979 14.3114
4980 14.3105
4981 14.1759
4982 14.4417
4983 14.1708
4984 13.8621
4985 14.0946
4986 13.9174
4987 14.1544
4988 14.2882
4989 14.3354
4990 14.1729
4991 14.0691
4992 14.8891
4993 14.143
4994 14.4144
4995 14.1388
4996 14.4975
4997 13.9426
4998 14.2694
4999 13.9979
5000 13.9597
