0 4.84355
1 25.8974
2 16.4125
3 8.53024
4 3.95421
5 3.35997
6 3.13348
7 2.70269
8 2.51721
9 2.25995
10 2.16958
11 2.12937
12 2.06529
13 1.99076
14 2.26541
15 2.27307
16 2.00096
17 1.99554
18 2.10614
19 1.83275
20 1.67304
21 1.71953
22 1.61374
23 1.73679
24 1.72614
25 1.70173
26 1.91644
27 1.59007
28 1.53093
29 1.59243
30 1.61092
31 1.60645
32 1.49458
33 1.53883
34 1.51324
35 1.41995
36 1.51027
37 1.61503
38 1.81431
39 1.60273
40 1.55012
41 1.53695
42 1.64122
43 1.55917
44 1.47841
45 1.45502
46 1.5334
47 1.54567
48 1.5806
49 1.51004
50 1.48202
51 1.47438
52 1.47506
53 1.46309
54 1.40577
55 1.33607
56 1.31717
57 1.41092
58 1.42495
59 1.38878
60 1.4681
61 1.34964
62 1.43
63 1.56974
64 1.36422
65 1.45636
66 1.32016
67 1.44183
68 1.42119
69 1.33218
70 1.3977
71 1.48237
72 1.41334
73 1.484
74 1.38336
75 1.30788
76 1.37445
77 1.30517
78 1.33478
79 1.37137
80 1.39353
81 1.25235
82 1.34772
83 1.38692
84 1.29654
85 1.32876
86 1.37924
87 1.35567
88 1.43436
89 1.32712
90 1.35413
91 1.29177
92 1.28423
93 1.38397
94 1.27062
95 1.2871
96 1.24558
97 1.27894
98 1.22362
99 1.22983
100 1.29518
101 1.1656
102 1.30505
103 1.15957
104 1.15858
105 1.10805
106 1.27952
107 1.29701
108 1.1997
109 1.1969
110 1.29861
111 1.25283
112 1.31304
113 1.37713
114 1.26843
115 1.25255
116 1.3068
117 1.25881
118 1.18037
119 1.3207
120 1.31413
121 1.3619
122 1.32251
123 1.26051
124 1.2899
125 1.26839
126 1.21948
127 1.29451
128 1.14766
129 1.26178
130 1.24131
131 1.24908
132 1.15818
133 1.16744
134 1.19925
135 1.2191
136 1.25695
137 1.32657
138 1.20433
139 1.13734
140 1.27245
141 1.19221
142 1.16419
143 1.20676
144 1.26114
145 1.19221
146 1.17515
147 1.15161
148 1.28967
149 1.19663
150 1.18649
151 1.12344
152 1.2241
153 1.1868
154 1.18651
155 1.19919
156 1.22453
157 1.27009
158 1.22914
159 1.27378
160 1.20262
161 1.13913
162 1.12116
163 1.13082
164 1.21519
165 1.21793
166 1.15706
167 1.18626
168 1.15449
169 1.26329
170 1.20042
171 1.14666
172 1.14953
173 1.21573
174 1.22338
175 1.13898
176 1.1666
177 1.26955
178 1.15767
179 1.23751
180 1.20629
181 1.10659
182 1.1641
183 1.14442
184 1.19154
185 1.1695
186 1.21907
187 1.17459
188 1.16787
189 1.2104
190 1.13131
191 1.14594
192 1.22155
193 1.19981
194 1.24855
195 1.24965
196 1.12849
197 1.11263
198 1.20954
199 1.17264
200 1.16066
201 1.1921
202 1.16446
203 1.16401
204 1.13475
205 1.10751
206 1.15589
207 1.07246
208 1.11026
209 1.11053
210 1.05366
211 1.03088
212 1.07413
213 1.16077
214 1.11065
215 1.06349
216 1.13322
217 1.15852
218 1.12496
219 1.16183
220 1.23327
221 1.14063
222 1.06355
223 1.1252
224 1.1912
225 1.16652
226 1.13035
227 1.23609
228 1.20733
229 1.07934
230 1.14319
231 1.18557
232 1.11814
233 1.10949
234 1.11832
235 1.08667
236 1.12029
237 1.14365
238 1.05607
239 1.07122
240 1.09327
241 1.04316
242 1.1331
243 1.1668
244 1.09535
245 1.07349
246 1.06944
247 1.12414
248 1.09112
249 1.09604
250 1.10466
251 1.11553
252 1.06398
253 1.1253
254 1.11087
255 1.13407
256 1.10755
257 1.09015
258 1.08851
259 1.10952
260 1.08183
261 1.15905
262 1.10829
263 1.10513
264 1.14149
265 1.13163
266 1.09513
267 1.09218
268 1.06652
269 1.034
270 1.09911
271 1.08642
272 1.1029
273 1.09376
274 1.08306
275 1.07334
276 1.1882
277 1.072
278 1.06218
279 1.09913
280 1.11187
281 1.08453
282 1.07445
283 1.15936
284 1.0821
285 1.1244
286 1.13753
287 1.05611
288 1.06471
289 1.07114
290 1.04998
291 1.07259
292 1.11713
293 1.16302
294 1.06328
295 1.11538
296 1.13926
297 1.05227
298 1.09955
299 1.10039
300 1.07571
301 1.17445
302 1.08482
303 1.07027
304 1.08438
305 1.04175
306 1.16227
307 1.04746
308 1.08397
309 1.01684
310 1.05587
311 1.05583
312 1.03095
313 1.03665
314 1.00261
315 1.08868
316 0.969293
317 0.97795
318 0.967304
319 1.05151
320 1.04085
321 0.986094
322 1.03208
323 1.08186
324 1.03761
325 1.0828
326 1.11627
327 1.01631
328 0.997569
329 1.07636
330 1.03768
331 0.979458
332 1.09724
333 1.1
334 1.06118
335 1.03207
336 1.02813
337 1.06302
338 1.05857
339 1.03308
340 1.06824
341 1.01185
342 1.07495
343 1.05793
344 1.02019
345 0.983657
346 1.00903
347 0.986254
348 1.03587
349 1.02218
350 1.06548
351 1.00973
352 1.01383
353 1.0441
354 1.01265
355 1.01592
356 1.04226
357 1.04738
358 0.978448
359 1.00721
360 0.999757
361 1.08948
362 1.01584
363 1.05141
364 0.999278
365 1.0176
366 1.0213
367 1.04043
368 1.01726
369 1.02979
370 1.05625
371 1.02757
372 1.06383
373 1.02099
374 1.0308
375 0.99019
376 0.98781
377 1.02848
378 1.01747
379 1.02206
380 1.01018
381 1.00226
382 1.05765
383 1.01611
384 1.00512
385 0.981231
386 1.06689
387 1.00887
388 0.983313
389 0.986352
390 1.04846
391 1.00781
392 1.05068
393 1.05802
394 0.972042
395 1.01233
396 0.97875
397 1.01572
398 1.03757
399 1.06085
400 0.974439
401 1.02405
402 1.00835
403 0.992837
404 0.976104
405 1.03944
406 1.08862
407 1.05671
408 1.00356
409 0.96604
410 0.970111
411 1.01469
412 1.04367
413 0.940124
414 1.01853
415 0.960488
416 0.979084
417 0.987352
418 0.961731
419 0.955373
420 0.96269
421 0.947484
422 0.974535
423 0.902746
424 0.911451
425 0.927648
426 0.985578
427 0.969172
428 0.94366
429 1.00764
430 0.993274
431 1.01472
432 0.995458
433 1.00713
434 0.952021
435 1.00567
436 0.941213
437 0.926275
438 0.989236
439 0.932217
440 1.05305
441 1.0172
442 0.96736
443 1.00965
444 0.98413
445 0.963191
446 0.95521
447 0.964457
448 0.968083
449 0.989693
450 0.994279
451 0.952897
452 0.929641
453 0.973161
454 0.962934
455 0.970016
456 1.01973
457 0.956098
458 0.94905
459 0.967625
460 0.956105
461 0.957923
462 0.942105
463 0.93954
464 0.960997
465 0.956003
466 0.961
467 1.01231
468 0.954256
469 0.948783
470 0.931339
471 0.976606
472 0.933156
473 0.954912
474 0.989186
475 0.927767
476 0.948961
477 1.00711
478 0.97918
479 0.979084
480 0.946598
481 0.959698
482 0.896293
483 0.996293
484 0.964949
485 0.986794
486 0.929143
487 0.970833
488 0.978594
489 1.00004
490 0.941689
491 0.923383
492 0.991503
493 0.967804
494 0.914119
495 0.930264
496 1.00455
497 0.935976
498 0.983773
499 0.994818
500 0.893517
501 0.945143
502 0.963472
503 0.928816
504 0.953059
505 0.944273
506 0.971073
507 0.918425
508 0.996723
509 0.959638
510 0.926144
511 0.954769
512 0.971705
513 0.943254
514 1.00836
515 0.9141
516 0.945704
517 0.954892
518 0.912925
519 0.987025
520 0.9352
521 0.931469
522 0.905462
523 0.934139
524 0.928392
525 0.911243
526 0.925711
527 0.881966
528 0.945107
529 0.879654
530 0.872877
531 0.877372
532 0.960844
533 0.934783
534 0.904341
535 0.927313
536 0.930319
537 0.920598
538 0.93942
539 0.969751
540 0.901191
541 0.901828
542 0.961728
543 0.928363
544 0.911942
545 0.931797
546 0.951367
547 0.959321
548 0.89642
549 0.938698
550 0.939845
551 0.943407
552 0.912279
553 0.955757
554 0.892823
555 0.93796
556 0.92922
557 0.907049
558 0.919067
559 0.871812
560 0.88229
561 0.927062
562 0.922616
563 0.903683
564 0.890972
565 0.899507
566 0.927874
567 0.871537
568 0.898138
569 0.892353
570 0.905318
571 0.882528
572 0.920399
573 0.900987
574 0.936143
575 0.909465
576 0.92584
577 0.896615
578 0.915537
579 0.918381
580 0.914797
581 0.894145
582 0.910051
583 0.923105
584 0.937503
585 0.922651
586 0.896409
587 0.8866
588 0.872772
589 0.879145
590 0.912395
591 0.912563
592 0.896223
593 0.868759
594 0.912476
595 0.942051
596 0.890589
597 0.889728
598 0.884914
599 0.960416
600 0.914484
601 0.873689
602 0.923174
603 0.896569
604 0.905962
605 0.946124
606 0.898268
607 0.865375
608 0.881979
609 0.881955
610 0.86407
611 0.916474
612 0.952793
613 0.859439
614 0.910343
615 0.925458
616 0.865494
617 0.900966
618 0.8898
619 0.965704
620 0.915982
621 0.892489
622 0.874947
623 0.878046
624 0.904594
625 0.914224
626 0.863742
627 0.875007
628 0.853704
629 0.853818
630 0.865563
631 0.849024
632 0.88603
633 0.864596
634 0.866767
635 0.860963
636 0.8154
637 0.811633
638 0.890374
639 0.868055
640 0.861707
641 0.838308
642 0.901043
643 0.870748
644 0.895857
645 0.90778
646 0.900991
647 0.849131
648 0.89727
649 0.834478
650 0.863909
651 0.89682
652 0.866561
653 0.891245
654 0.871271
655 0.867133
656 0.878766
657 0.897285
658 0.859906
659 0.881244
660 0.846513
661 0.875614
662 0.863255
663 0.891029
664 0.845702
665 0.822042
666 0.862423
667 0.868491
668 0.852078
669 0.895664
670 0.864183
671 0.818624
672 0.876942
673 0.831467
674 0.858672
675 0.850446
676 0.849057
677 0.851929
678 0.839718
679 0.827858
680 0.914056
681 0.890614
682 0.855252
683 0.821813
684 0.888876
685 0.849144
686 0.849599
687 0.852515
688 0.863488
689 0.870101
690 0.880554
691 0.872953
692 0.857918
693 0.823559
694 0.832252
695 0.820558
696 0.89438
697 0.842295
698 0.856452
699 0.85701
700 0.826847
701 0.894376
702 0.875794
703 0.809781
704 0.841914
705 0.888968
706 0.860028
707 0.828025
708 0.856179
709 0.889799
710 0.836833
711 0.871305
712 0.872249
713 0.825149
714 0.837541
715 0.834392
716 0.824714
717 0.846257
718 0.8752
719 0.858687
720 0.835854
721 0.871394
722 0.872857
723 0.841808
724 0.875437
725 0.864388
726 0.864944
727 0.881916
728 0.822593
729 0.819202
730 0.847556
731 0.846569
732 0.848745
733 0.849902
734 0.818735
735 0.82626
736 0.83168
737 0.844342
738 0.80414
739 0.816698
740 0.81978
741 0.824735
742 0.794487
743 0.789547
744 0.793625
745 0.843657
746 0.841452
747 0.81444
748 0.848419
749 0.825522
750 0.819063
751 0.888705
752 0.892081
753 0.818532
754 0.80493
755 0.845926
756 0.826118
757 0.844503
758 0.836155
759 0.869253
760 0.851475
761 0.806559
762 0.821501
763 0.825456
764 0.824591
765 0.818829
766 0.8348
767 0.80298
768 0.807653
769 0.857063
770 0.796714
771 0.797642
772 0.81238
773 0.801114
774 0.86204
775 0.823967
776 0.820958
777 0.803044
778 0.804045
779 0.829515
780 0.809352
781 0.835288
782 0.79273
783 0.833304
784 0.778687
785 0.843427
786 0.818031
787 0.842456
788 0.827403
789 0.81227
790 0.792568
791 0.801398
792 0.812968
793 0.823739
794 0.795848
795 0.828881
796 0.836497
797 0.846773
798 0.817026
799 0.795078
800 0.821506
801 0.795955
802 0.807916
803 0.817592
804 0.823775
805 0.78855
806 0.793357
807 0.797454
808 0.858325
809 0.784554
810 0.823043
811 0.81018
812 0.836166
813 0.790545
814 0.803831
815 0.835356
816 0.80214
817 0.799148
818 0.851248
819 0.818719
820 0.811125
821 0.801139
822 0.786971
823 0.795588
824 0.812326
825 0.829572
826 0.769116
827 0.834128
828 0.844904
829 0.789688
830 0.850504
831 0.800354
832 0.847822
833 0.846686
834 0.788815
835 0.814627
836 0.781917
837 0.796553
838 0.839586
839 0.792066
840 0.791633
841 0.767024
842 0.7832
843 0.78
844 0.773994
845 0.794021
846 0.762527
847 0.795029
848 0.766591
849 0.733656
850 0.735104
851 0.808017
852 0.792303
853 0.77757
854 0.766056
855 0.80567
856 0.782225
857 0.777589
858 0.819656
859 0.774372
860 0.751333
861 0.832439
862 0.752268
863 0.74851
864 0.829239
865 0.776344
866 0.787711
867 0.802328
868 0.767369
869 0.767428
870 0.801776
871 0.783494
872 0.817694
873 0.748031
874 0.796199
875 0.796438
876 0.7864
877 0.76485
878 0.773089
879 0.777749
880 0.775695
881 0.796929
882 0.804102
883 0.752195
884 0.763943
885 0.771071
886 0.751499
887 0.761736
888 0.77439
889 0.764586
890 0.780969
891 0.768367
892 0.76376
893 0.817556
894 0.781963
895 0.791556
896 0.748514
897 0.778127
898 0.780917
899 0.781364
900 0.768275
901 0.771633
902 0.801009
903 0.793268
904 0.783987
905 0.760952
906 0.766256
907 0.751173
908 0.764219
909 0.772812
910 0.785164
911 0.752843
912 0.778139
913 0.771494
914 0.802791
915 0.773866
916 0.76734
917 0.746321
918 0.799043
919 0.780847
920 0.761417
921 0.772862
922 0.788029
923 0.765186
924 0.799348
925 0.789518
926 0.760789
927 0.753574
928 0.740162
929 0.767238
930 0.781483
931 0.792985
932 0.771102
933 0.786559
934 0.783093
935 0.761587
936 0.750701
937 0.793763
938 0.787096
939 0.78773
940 0.776399
941 0.758454
942 0.748947
943 0.775484
944 0.758655
945 0.760372
946 0.780651
947 0.74673
948 0.761984
949 0.737376
950 0.756036
951 0.754682
952 0.72733
953 0.730135
954 0.749312
955 0.708856
956 0.71477
957 0.716223
958 0.741478
959 0.752267
960 0.729187
961 0.749643
962 0.750304
963 0.726373
964 0.750135
965 0.793483
966 0.746029
967 0.754518
968 0.728379
969 0.768956
970 0.74715
971 0.753484
972 0.794424
973 0.775298
974 0.749417
975 0.758314
976 0.772575
977 0.738748
978 0.76666
979 0.739466
980 0.753357
981 0.750344
982 0.765124
983 0.72571
984 0.716762
985 0.752908
986 0.719608
987 0.745809
988 0.765742
989 0.737463
990 0.735824
991 0.726188
992 0.746079
993 0.719993
994 0.747757
995 0.746751
996 0.719723
997 0.75188
998 0.739213
999 0.755426
1000 0.751869
1001 0.755042
1002 0.755354
1003 0.745615
1004 0.734239
1005 0.724095
1006 0.755667
1007 0.706084
1008 0.747676
1009 0.770146
1010 0.752733
1011 0.742134
1012 0.713949
1013 0.735305
1014 0.710701
1015 0.742272
1016 0.736456
1017 0.742197
1018 0.737966
1019 0.734903
1020 0.733552
1021 0.766672
1022 0.724221
1023 0.748233
1024 0.739586
1025 0.750784
1026 0.721663
1027 0.729529
1028 0.767932
1029 0.7457
1030 0.722555
1031 0.766003
1032 0.710361
1033 0.751737
1034 0.72787
1035 0.712128
1036 0.722269
1037 0.743346
1038 0.75665
1039 0.72227
1040 0.751989
1041 0.771395
1042 0.699134
1043 0.739477
1044 0.748725
1045 0.729927
1046 0.738901
1047 0.705397
1048 0.732314
1049 0.735211
1050 0.727457
1051 0.760395
1052 0.736202
1053 0.718854
1054 0.693865
1055 0.731228
1056 0.722582
1057 0.704089
1058 0.721073
1059 0.6947
1060 0.725456
1061 0.691177
1062 0.689957
1063 0.675323
1064 0.73997
1065 0.714322
1066 0.693045
1067 0.741996
1068 0.720651
1069 0.710865
1070 0.750493
1071 0.751307
1072 0.701458
1073 0.697162
1074 0.746455
1075 0.711377
1076 0.699356
1077 0.754054
1078 0.716631
1079 0.707976
1080 0.70779
1081 0.726
1082 0.728382
1083 0.742461
1084 0.690722
1085 0.733636
1086 0.690919
1087 0.721624
1088 0.709875
1089 0.713267
1090 0.696009
1091 0.698112
1092 0.708681
1093 0.735253
1094 0.713295
1095 0.742536
1096 0.699007
1097 0.70957
1098 0.716463
1099 0.700031
1100 0.711257
1101 0.703615
1102 0.695765
1103 0.713291
1104 0.717381
1105 0.681674
1106 0.769929
1107 0.710924
1108 0.73208
1109 0.693093
1110 0.69397
1111 0.716975
1112 0.713015
1113 0.700498
1114 0.69232
1115 0.722037
1116 0.707898
1117 0.731203
1118 0.699913
1119 0.702286
1120 0.688216
1121 0.68592
1122 0.713999
1123 0.723957
1124 0.710071
1125 0.690996
1126 0.707976
1127 0.70759
1128 0.694716
1129 0.715471
1130 0.681416
1131 0.744336
1132 0.707529
1133 0.69098
1134 0.713298
1135 0.728424
1136 0.701945
1137 0.726422
1138 0.720482
1139 0.702084
1140 0.713303
1141 0.705923
1142 0.696461
1143 0.70313
1144 0.724531
1145 0.693629
1146 0.693491
1147 0.719946
1148 0.687428
1149 0.681755
1150 0.7147
1151 0.749533
1152 0.727345
1153 0.70263
1154 0.715179
1155 0.699184
1156 0.718033
1157 0.721335
1158 0.675832
1159 0.70454
1160 0.687093
1161 0.695267
1162 0.687387
1163 0.678885
1164 0.693427
1165 0.685089
1166 0.675704
1167 0.692088
1168 0.65424
1169 0.645727
1170 0.661287
1171 0.687461
1172 0.680057
1173 0.673387
1174 0.718671
1175 0.68831
1176 0.700308
1177 0.704491
1178 0.684941
1179 0.680523
1180 0.693192
1181 0.652797
1182 0.675153
1183 0.67362
1184 0.672151
1185 0.666836
1186 0.678838
1187 0.678164
1188 0.6978
1189 0.710859
1190 0.670041
1191 0.709949
1192 0.685571
1193 0.67948
1194 0.693696
1195 0.688928
1196 0.679804
1197 0.656415
1198 0.706382
1199 0.66531
1200 0.672582
1201 0.715195
1202 0.676933
1203 0.68484
1204 0.671579
1205 0.673628
1206 0.660226
1207 0.678949
1208 0.676691
1209 0.671886
1210 0.675479
1211 0.666357
1212 0.707435
1213 0.668847
1214 0.688719
1215 0.669328
1216 0.67707
1217 0.679138
1218 0.658652
1219 0.672123
1220 0.664453
1221 0.683637
1222 0.693576
1223 0.675135
1224 0.677817
1225 0.654506
1226 0.673315
1227 0.663318
1228 0.706914
1229 0.69374
1230 0.686655
1231 0.676014
1232 0.668534
1233 0.719855
1234 0.68724
1235 0.655034
1236 0.674521
1237 0.702051
1238 0.671754
1239 0.641828
1240 0.660878
1241 0.6922
1242 0.673938
1243 0.665372
1244 0.716564
1245 0.654396
1246 0.662652
1247 0.672291
1248 0.659771
1249 0.691501
1250 0.67678
1251 0.682959
1252 0.670509
1253 0.698012
1254 0.66714
1255 0.642786
1256 0.679765
1257 0.711669
1258 0.707769
1259 0.685223
1260 0.6628
1261 0.673378
1262 0.682959
1263 0.643582
1264 0.689986
1265 0.664171
1266 0.667438
1267 0.646447
1268 0.675578
1269 0.653294
1270 0.657826
1271 0.659371
1272 0.651997
1273 0.676287
1274 0.641653
1275 0.634822
1276 0.619369
1277 0.707808
1278 0.666753
1279 0.642525
1280 0.656362
1281 0.653734
1282 0.650409
1283 0.676093
1284 0.689945
1285 0.651312
1286 0.631961
1287 0.67181
1288 0.637617
1289 0.657659
1290 0.655934
1291 0.657442
1292 0.657153
1293 0.639218
1294 0.674685
1295 0.646583
1296 0.683911
1297 0.645965
1298 0.693853
1299 0.631768
1300 0.670185
1301 0.650166
1302 0.660356
1303 0.656748
1304 0.639571
1305 0.647912
1306 0.662615
1307 0.666516
1308 0.636439
1309 0.647944
1310 0.652495
1311 0.672724
1312 0.627372
1313 0.648584
1314 0.641312
1315 0.663233
1316 0.630033
1317 0.673485
1318 0.634201
1319 0.690408
1320 0.660253
1321 0.666885
1322 0.647882
1323 0.648168
1324 0.654135
1325 0.661541
1326 0.633953
1327 0.652773
1328 0.663761
1329 0.663301
1330 0.671582
1331 0.639541
1332 0.630931
1333 0.646863
1334 0.645244
1335 0.653368
1336 0.667001
1337 0.639497
1338 0.628312
1339 0.644081
1340 0.678161
1341 0.638348
1342 0.642868
1343 0.620622
1344 0.687386
1345 0.625597
1346 0.643291
1347 0.666906
1348 0.649286
1349 0.642758
1350 0.670494
1351 0.664181
1352 0.64239
1353 0.659583
1354 0.637191
1355 0.654619
1356 0.66398
1357 0.679519
1358 0.61331
1359 0.669429
1360 0.667407
1361 0.617857
1362 0.656103
1363 0.642105
1364 0.667725
1365 0.658596
1366 0.629514
1367 0.640126
1368 0.636429
1369 0.624743
1370 0.652442
1371 0.625917
1372 0.651322
1373 0.622685
1374 0.622107
1375 0.633429
1376 0.624452
1377 0.657612
1378 0.613393
1379 0.63235
1380 0.623856
1381 0.617284
1382 0.587111
1383 0.65276
1384 0.631299
1385 0.631921
1386 0.614173
1387 0.646299
1388 0.623945
1389 0.668777
1390 0.649843
1391 0.654786
1392 0.61543
1393 0.646804
1394 0.600373
1395 0.610774
1396 0.648097
1397 0.622461
1398 0.639368
1399 0.615241
1400 0.615729
1401 0.625719
1402 0.638556
1403 0.630764
1404 0.65809
1405 0.607196
1406 0.641865
1407 0.628213
1408 0.6362
1409 0.624814
1410 0.61586
1411 0.617915
1412 0.618426
1413 0.634642
1414 0.657212
1415 0.619207
1416 0.598628
1417 0.636096
1418 0.604709
1419 0.613854
1420 0.619025
1421 0.626355
1422 0.619494
1423 0.636142
1424 0.607436
1425 0.66484
1426 0.629083
1427 0.618321
1428 0.614708
1429 0.635181
1430 0.617876
1431 0.61419
1432 0.623998
1433 0.609392
1434 0.641501
1435 0.641701
1436 0.619602
1437 0.637966
1438 0.596163
1439 0.611524
1440 0.606177
1441 0.63741
1442 0.612643
1443 0.622923
1444 0.630006
1445 0.611917
1446 0.643247
1447 0.636024
1448 0.612619
1449 0.608276
1450 0.655509
1451 0.604329
1452 0.595629
1453 0.624376
1454 0.646367
1455 0.625373
1456 0.620471
1457 0.648041
1458 0.606944
1459 0.630743
1460 0.607957
1461 0.616716
1462 0.609559
1463 0.644196
1464 0.625823
1465 0.616202
1466 0.636161
1467 0.608205
1468 0.598816
1469 0.650581
1470 0.629465
1471 0.622015
1472 0.630801
1473 0.616527
1474 0.605719
1475 0.635969
1476 0.610461
1477 0.607154
1478 0.604902
1479 0.619472
1480 0.61946
1481 0.609764
1482 0.606466
1483 0.615097
1484 0.603785
1485 0.603483
1486 0.59287
1487 0.584424
1488 0.568943
1489 0.587712
1490 0.624761
1491 0.587838
1492 0.597091
1493 0.632287
1494 0.607978
1495 0.614467
1496 0.619702
1497 0.659673
1498 0.601732
1499 0.597452
1500 0.606195
1501 0.599124
1502 0.61426
1503 0.612951
1504 0.630581
1505 0.619792
1506 0.600136
1507 0.597845
1508 0.602502
1509 0.590994
1510 0.610657
1511 0.60627
1512 0.61544
1513 0.61519
1514 0.613552
1515 0.597714
1516 0.582817
1517 0.606098
1518 0.585061
1519 0.620079
1520 0.624702
1521 0.590948
1522 0.587901
1523 0.590205
1524 0.603546
1525 0.586967
1526 0.612549
1527 0.58774
1528 0.599362
1529 0.592581
1530 0.608926
1531 0.607659
1532 0.628988
1533 0.620474
1534 0.609957
1535 0.590376
1536 0.615145
1537 0.591398
1538 0.608614
1539 0.589879
1540 0.599933
1541 0.601883
1542 0.60746
1543 0.606593
1544 0.57197
1545 0.595972
1546 0.572252
1547 0.593221
1548 0.603769
1549 0.606114
1550 0.604617
1551 0.581359
1552 0.592627
1553 0.612318
1554 0.587029
1555 0.599208
1556 0.59547
1557 0.60231
1558 0.586782
1559 0.581533
1560 0.622188
1561 0.5824
1562 0.57154
1563 0.614776
1564 0.587949
1565 0.605955
1566 0.604928
1567 0.575341
1568 0.591886
1569 0.596548
1570 0.631138
1571 0.581613
1572 0.619399
1573 0.600659
1574 0.580074
1575 0.618451
1576 0.592275
1577 0.593734
1578 0.624732
1579 0.568261
1580 0.577536
1581 0.587284
1582 0.578536
1583 0.621341
1584 0.590459
1585 0.578666
1586 0.574372
1587 0.575049
1588 0.595849
1589 0.57306
1590 0.581584
1591 0.571605
1592 0.58907
1593 0.564085
1594 0.565379
1595 0.550731
1596 0.595227
1597 0.571209
1598 0.574353
1599 0.568653
1600 0.612748
1601 0.577769
1602 0.579708
1603 0.61085
1604 0.565363
1605 0.560344
1606 0.5909
1607 0.579931
1608 0.564423
1609 0.593135
1610 0.573573
1611 0.581774
1612 0.578939
1613 0.587487
1614 0.582865
1615 0.597011
1616 0.587544
1617 0.58607
1618 0.563652
1619 0.588487
1620 0.566669
1621 0.577653
1622 0.567822
1623 0.573517
1624 0.562958
1625 0.580869
1626 0.567652
1627 0.606783
1628 0.58395
1629 0.560293
1630 0.5703
1631 0.565225
1632 0.569311
1633 0.586039
1634 0.565194
1635 0.572841
1636 0.592267
1637 0.554651
1638 0.62233
1639 0.600774
1640 0.590436
1641 0.573739
1642 0.584599
1643 0.570098
1644 0.577694
1645 0.557538
1646 0.567809
1647 0.582858
1648 0.576219
1649 0.584657
1650 0.552958
1651 0.567611
1652 0.564997
1653 0.562611
1654 0.580609
1655 0.572561
1656 0.577084
1657 0.582055
1658 0.570215
1659 0.577412
1660 0.562583
1661 0.57701
1662 0.561044
1663 0.587961
1664 0.571938
1665 0.562175
1666 0.566121
1667 0.612031
1668 0.571741
1669 0.582486
1670 0.592459
1671 0.561794
1672 0.572375
1673 0.569179
1674 0.575815
1675 0.564797
1676 0.606086
1677 0.582466
1678 0.559725
1679 0.584176
1680 0.574994
1681 0.558523
1682 0.596146
1683 0.588385
1684 0.579859
1685 0.566579
1686 0.559742
1687 0.564778
1688 0.565701
1689 0.574542
1690 0.572141
1691 0.562164
1692 0.56262
1693 0.565964
1694 0.579902
1695 0.550291
1696 0.561372
1697 0.54937
1698 0.555882
1699 0.547615
1700 0.537687
1701 0.543384
1702 0.53905
1703 0.568948
1704 0.566058
1705 0.540934
1706 0.569155
1707 0.558941
1708 0.544008
1709 0.556866
1710 0.597754
1711 0.55995
1712 0.555266
1713 0.535557
1714 0.541558
1715 0.555107
1716 0.541067
1717 0.5709
1718 0.566858
1719 0.549408
1720 0.587781
1721 0.56604
1722 0.548687
1723 0.581817
1724 0.557896
1725 0.56618
1726 0.566807
1727 0.556947
1728 0.557606
1729 0.536956
1730 0.561839
1731 0.540215
1732 0.552407
1733 0.580153
1734 0.542248
1735 0.556571
1736 0.537698
1737 0.554185
1738 0.541783
1739 0.553354
1740 0.553827
1741 0.553864
1742 0.558942
1743 0.539584
1744 0.581002
1745 0.573451
1746 0.562003
1747 0.565565
1748 0.556502
1749 0.555822
1750 0.543339
1751 0.568789
1752 0.532663
1753 0.560238
1754 0.567859
1755 0.559125
1756 0.562678
1757 0.528841
1758 0.563146
1759 0.525993
1760 0.57373
1761 0.561406
1762 0.554046
1763 0.55301
1764 0.548074
1765 0.559752
1766 0.580412
1767 0.541815
1768 0.543772
1769 0.565993
1770 0.551122
1771 0.538441
1772 0.537653
1773 0.561176
1774 0.544975
1775 0.554255
1776 0.568014
1777 0.539983
1778 0.556313
1779 0.560986
1780 0.538781
1781 0.55284
1782 0.554439
1783 0.555335
1784 0.551558
1785 0.599833
1786 0.552471
1787 0.537866
1788 0.551436
1789 0.569009
1790 0.536485
1791 0.555412
1792 0.52363
1793 0.562385
1794 0.569777
1795 0.539199
1796 0.567907
1797 0.528596
1798 0.53316
1799 0.538376
1800 0.542189
1801 0.562425
1802 0.545588
1803 0.530972
1804 0.529193
1805 0.563469
1806 0.516667
1807 0.513225
1808 0.530413
1809 0.561782
1810 0.547682
1811 0.5366
1812 0.555698
1813 0.542952
1814 0.546056
1815 0.53802
1816 0.561647
1817 0.534545
1818 0.523536
1819 0.558422
1820 0.540962
1821 0.534755
1822 0.554338
1823 0.535681
1824 0.532068
1825 0.517892
1826 0.552258
1827 0.53493
1828 0.551032
1829 0.539167
1830 0.547621
1831 0.526481
1832 0.532252
1833 0.542709
1834 0.546844
1835 0.520294
1836 0.527921
1837 0.540942
1838 0.544211
1839 0.537012
1840 0.519391
1841 0.531979
1842 0.533636
1843 0.539661
1844 0.51108
1845 0.531849
1846 0.539445
1847 0.522061
1848 0.527336
1849 0.545284
1850 0.514331
1851 0.588232
1852 0.542097
1853 0.554005
1854 0.516691
1855 0.537889
1856 0.533381
1857 0.514334
1858 0.527248
1859 0.533244
1860 0.542731
1861 0.554516
1862 0.530875
1863 0.530089
1864 0.526854
1865 0.531338
1866 0.5205
1867 0.533866
1868 0.5397
1869 0.531847
1870 0.526411
1871 0.538139
1872 0.533733
1873 0.528374
1874 0.523751
1875 0.50401
1876 0.558703
1877 0.530709
1878 0.50894
1879 0.545463
1880 0.546554
1881 0.520846
1882 0.545936
1883 0.571563
1884 0.536236
1885 0.537665
1886 0.521373
1887 0.5249
1888 0.52289
1889 0.548453
1890 0.538749
1891 0.543023
1892 0.539668
1893 0.506684
1894 0.506901
1895 0.538397
1896 0.569597
1897 0.535494
1898 0.513698
1899 0.520804
1900 0.536144
1901 0.529165
1902 0.529844
1903 0.526936
1904 0.541329
1905 0.507059
1906 0.548227
1907 0.516442
1908 0.527005
1909 0.521491
1910 0.506458
1911 0.500243
1912 0.516275
1913 0.501556
1914 0.489969
1915 0.49734
1916 0.523912
1917 0.522314
1918 0.514081
1919 0.539728
1920 0.514713
1921 0.52523
1922 0.531622
1923 0.528639
1924 0.51535
1925 0.548164
1926 0.500761
1927 0.514138
1928 0.52564
1929 0.515786
1930 0.5047
1931 0.513628
1932 0.514829
1933 0.524553
1934 0.51832
1935 0.519668
1936 0.52274
1937 0.499627
1938 0.521228
1939 0.523063
1940 0.533571
1941 0.52361
1942 0.491232
1943 0.518043
1944 0.502831
1945 0.506837
1946 0.536747
1947 0.500175
1948 0.511722
1949 0.519785
1950 0.493518
1951 0.508154
1952 0.518376
1953 0.507024
1954 0.500406
1955 0.510477
1956 0.525511
1957 0.546212
1958 0.523347
1959 0.534672
1960 0.509907
1961 0.523547
1962 0.505898
1963 0.513355
1964 0.519969
1965 0.505404
1966 0.533654
1967 0.522392
1968 0.511691
1969 0.514145
1970 0.509322
1971 0.526346
1972 0.491126
1973 0.540298
1974 0.521474
1975 0.510585
1976 0.51391
1977 0.51388
1978 0.535115
1979 0.527182
1980 0.519613
1981 0.522418
1982 0.529267
1983 0.504676
1984 0.507546
1985 0.505965
1986 0.538242
1987 0.510231
1988 0.505204
1989 0.523182
1990 0.497583
1991 0.508195
1992 0.533183
1993 0.5177
1994 0.515213
1995 0.520956
1996 0.517004
1997 0.502649
1998 0.534146
1999 0.513118
2000 0.520182
2001 0.512915
2002 0.507793
2003 0.515183
2004 0.5142
2005 0.492115
2006 0.507301
2007 0.500773
2008 0.498514
2009 0.516579
2010 0.501515
2011 0.492925
2012 0.530436
2013 0.511691
2014 0.504576
2015 0.497005
2016 0.486146
2017 0.494374
2018 0.505246
2019 0.49639
2020 0.485844
2021 0.483565
2022 0.560934
2023 0.521219
2024 0.49524
2025 0.532869
2026 0.514695
2027 0.49548
2028 0.510098
2029 0.521475
2030 0.506241
2031 0.496378
2032 0.496911
2033 0.490186
2034 0.500241
2035 0.500225
2036 0.502522
2037 0.525398
2038 0.503835
2039 0.495604
2040 0.502752
2041 0.505888
2042 0.489651
2043 0.506641
2044 0.491979
2045 0.508043
2046 0.508483
2047 0.489942
2048 0.492306
2049 0.495373
2050 0.496982
2051 0.510282
2052 0.489705
2053 0.490276
2054 0.500351
2055 0.503755
2056 0.499422
2057 0.482102
2058 0.49996
2059 0.477018
2060 0.500737
2061 0.480082
2062 0.513929
2063 0.49673
2064 0.52357
2065 0.504618
2066 0.508793
2067 0.498495
2068 0.499875
2069 0.491915
2070 0.502822
2071 0.491198
2072 0.496397
2073 0.514658
2074 0.516802
2075 0.508461
2076 0.482726
2077 0.487432
2078 0.493818
2079 0.483715
2080 0.502386
2081 0.526732
2082 0.504754
2083 0.479689
2084 0.512344
2085 0.516119
2086 0.492316
2087 0.499785
2088 0.482228
2089 0.530286
2090 0.509586
2091 0.488078
2092 0.529594
2093 0.504604
2094 0.511797
2095 0.503053
2096 0.503017
2097 0.490168
2098 0.493578
2099 0.489127
2100 0.479578
2101 0.50468
2102 0.518073
2103 0.483843
2104 0.534644
2105 0.50728
2106 0.493374
2107 0.496088
2108 0.499582
2109 0.513505
2110 0.503575
2111 0.491683
2112 0.498681
2113 0.486513
2114 0.488975
2115 0.505209
2116 0.483379
2117 0.494039
2118 0.486542
2119 0.491014
2120 0.487103
2121 0.47765
2122 0.493196
2123 0.480112
2124 0.479555
2125 0.473931
2126 0.468773
2127 0.46477
2128 0.508662
2129 0.479493
2130 0.479941
2131 0.479297
2132 0.507919
2133 0.471982
2134 0.496432
2135 0.497574
2136 0.484524
2137 0.469641
2138 0.492396
2139 0.452476
2140 0.468365
2141 0.501793
2142 0.471421
2143 0.488085
2144 0.490041
2145 0.475677
2146 0.476978
2147 0.480363
2148 0.469061
2149 0.509451
2150 0.459493
2151 0.487739
2152 0.475376
2153 0.485211
2154 0.482824
2155 0.460143
2156 0.483757
2157 0.473241
2158 0.480023
2159 0.495966
2160 0.49066
2161 0.483281
2162 0.482397
2163 0.475115
2164 0.481325
2165 0.482813
2166 0.475743
2167 0.463653
2168 0.479135
2169 0.469178
2170 0.508238
2171 0.493323
2172 0.480311
2173 0.473391
2174 0.474506
2175 0.482334
2176 0.486666
2177 0.478359
2178 0.47121
2179 0.492524
2180 0.492403
2181 0.479548
2182 0.470268
2183 0.476864
2184 0.458522
2185 0.464254
2186 0.494265
2187 0.513038
2188 0.463918
2189 0.480098
2190 0.476121
2191 0.489128
2192 0.487184
2193 0.490784
2194 0.459522
2195 0.498253
2196 0.479374
2197 0.468409
2198 0.476912
2199 0.509604
2200 0.470388
2201 0.488246
2202 0.48965
2203 0.471304
2204 0.479578
2205 0.468615
2206 0.485379
2207 0.47955
2208 0.510733
2209 0.482016
2210 0.476412
2211 0.487944
2212 0.460012
2213 0.459552
2214 0.488854
2215 0.493861
2216 0.499983
2217 0.491327
2218 0.474609
2219 0.480212
2220 0.469966
2221 0.476149
2222 0.475137
2223 0.467061
2224 0.459765
2225 0.469404
2226 0.476608
2227 0.480352
2228 0.480659
2229 0.45802
2230 0.473236
2231 0.4815
2232 0.457
2233 0.446326
2234 0.447955
2235 0.487139
2236 0.473658
2237 0.453272
2238 0.478446
2239 0.464999
2240 0.458941
2241 0.479277
2242 0.506155
2243 0.464518
2244 0.463384
2245 0.477193
2246 0.474933
2247 0.481039
2248 0.485799
2249 0.453667
2250 0.470107
2251 0.455364
2252 0.456161
2253 0.469546
2254 0.465234
2255 0.480534
2256 0.452163
2257 0.466608
2258 0.468445
2259 0.469553
2260 0.462092
2261 0.458387
2262 0.464081
2263 0.463973
2264 0.478498
2265 0.473247
2266 0.465735
2267 0.46274
2268 0.461766
2269 0.464527
2270 0.456077
2271 0.473359
2272 0.457428
2273 0.459405
2274 0.469272
2275 0.468115
2276 0.463866
2277 0.486699
2278 0.47675
2279 0.481994
2280 0.450637
2281 0.463051
2282 0.453338
2283 0.469869
2284 0.4435
2285 0.467102
2286 0.473448
2287 0.469916
2288 0.472183
2289 0.443815
2290 0.45538
2291 0.453056
2292 0.47352
2293 0.475781
2294 0.472606
2295 0.470453
2296 0.454532
2297 0.460626
2298 0.493154
2299 0.44278
2300 0.459313
2301 0.458895
2302 0.482866
2303 0.445918
2304 0.446075
2305 0.486231
2306 0.475907
2307 0.469664
2308 0.466452
2309 0.44499
2310 0.465343
2311 0.461226
2312 0.440177
2313 0.445955
2314 0.458101
2315 0.484111
2316 0.448156
2317 0.47288
2318 0.46751
2319 0.434773
2320 0.464679
2321 0.48965
2322 0.464754
2323 0.464476
2324 0.451912
2325 0.444549
2326 0.472252
2327 0.453564
2328 0.49081
2329 0.456085
2330 0.454785
2331 0.440611
2332 0.458094
2333 0.462036
2334 0.455415
2335 0.452065
2336 0.444096
2337 0.45883
2338 0.453403
2339 0.440142
2340 0.444902
2341 0.47013
2342 0.457096
2343 0.445139
2344 0.459055
2345 0.462282
2346 0.443856
2347 0.460722
2348 0.474886
2349 0.444837
2350 0.438184
2351 0.451134
2352 0.443519
2353 0.429492
2354 0.44841
2355 0.434221
2356 0.454747
2357 0.451331
2358 0.459637
2359 0.453473
2360 0.442776
2361 0.454922
2362 0.468187
2363 0.440491
2364 0.454735
2365 0.441775
2366 0.458576
2367 0.436063
2368 0.44718
2369 0.443816
2370 0.439847
2371 0.45931
2372 0.463017
2373 0.459526
2374 0.445165
2375 0.443834
2376 0.443783
2377 0.433242
2378 0.455901
2379 0.431469
2380 0.433856
2381 0.457263
2382 0.447244
2383 0.485606
2384 0.459805
2385 0.467631
2386 0.444554
2387 0.443628
2388 0.452506
2389 0.455481
2390 0.436604
2391 0.441777
2392 0.457755
2393 0.449104
2394 0.451462
2395 0.452907
2396 0.443412
2397 0.442806
2398 0.43655
2399 0.444452
2400 0.444318
2401 0.44994
2402 0.445546
2403 0.449835
2404 0.46142
2405 0.457904
2406 0.449401
2407 0.435941
2408 0.464318
2409 0.436576
2410 0.443484
2411 0.448448
2412 0.461313
2413 0.436547
2414 0.449882
2415 0.454372
2416 0.427993
2417 0.454415
2418 0.445167
2419 0.439779
2420 0.445615
2421 0.464337
2422 0.450046
2423 0.461266
2424 0.450102
2425 0.444436
2426 0.448656
2427 0.45122
2428 0.469247
2429 0.426084
2430 0.443046
2431 0.434039
2432 0.43521
2433 0.459559
2434 0.439695
2435 0.428714
2436 0.452919
2437 0.437722
2438 0.437361
2439 0.439945
2440 0.431627
2441 0.438757
2442 0.440161
2443 0.435842
2444 0.437493
2445 0.414664
2446 0.418233
2447 0.4233
2448 0.442423
2449 0.435127
2450 0.441177
2451 0.454615
2452 0.437609
2453 0.444408
2454 0.450228
2455 0.441408
2456 0.429921
2457 0.442161
2458 0.437371
2459 0.439382
2460 0.457974
2461 0.442958
2462 0.439217
2463 0.433
2464 0.425026
2465 0.431457
2466 0.42175
2467 0.436176
2468 0.439547
2469 0.442122
2470 0.4364
2471 0.433001
2472 0.441893
2473 0.422353
2474 0.416267
2475 0.444137
2476 0.431447
2477 0.449067
2478 0.450467
2479 0.427834
2480 0.436634
2481 0.425455
2482 0.424511
2483 0.435215
2484 0.443674
2485 0.421432
2486 0.429612
2487 0.441097
2488 0.439992
2489 0.445881
2490 0.450379
2491 0.430864
2492 0.456992
2493 0.4407
2494 0.430684
2495 0.430853
2496 0.437234
2497 0.424318
2498 0.445053
2499 0.438299
2500 0.436301
2501 0.432922
2502 0.423375
2503 0.433528
2504 0.404964
2505 0.43059
2506 0.432852
2507 0.424518
2508 0.434711
2509 0.425012
2510 0.432436
2511 0.437004
2512 0.432174
2513 0.437584
2514 0.449873
2515 0.43507
2516 0.424257
2517 0.433928
2518 0.443339
2519 0.434554
2520 0.440594
2521 0.42984
2522 0.425438
2523 0.42591
2524 0.431654
2525 0.434537
2526 0.430428
2527 0.445471
2528 0.438906
2529 0.427086
2530 0.454391
2531 0.443511
2532 0.416481
2533 0.429297
2534 0.450548
2535 0.428711
2536 0.43499
2537 0.421457
2538 0.412763
2539 0.446432
2540 0.422447
2541 0.441845
2542 0.425263
2543 0.420893
2544 0.424083
2545 0.432651
2546 0.442024
2547 0.415503
2548 0.43488
2549 0.416595
2550 0.421755
2551 0.409046
2552 0.408722
2553 0.404107
2554 0.488875
2555 0.424565
2556 0.426464
2557 0.429459
2558 0.427574
2559 0.422612
2560 0.436537
2561 0.433495
2562 0.427368
2563 0.413743
2564 0.434577
2565 0.424611
2566 0.417592
2567 0.444955
2568 0.431584
2569 0.429244
2570 0.411203
2571 0.43727
2572 0.420371
2573 0.416893
2574 0.423889
2575 0.435864
2576 0.418161
2577 0.42948
2578 0.420383
2579 0.428587
2580 0.410682
2581 0.419575
2582 0.416666
2583 0.434676
2584 0.417498
2585 0.418295
2586 0.426032
2587 0.418156
2588 0.419568
2589 0.412471
2590 0.423678
2591 0.421597
2592 0.411022
2593 0.415863
2594 0.423338
2595 0.412019
2596 0.454056
2597 0.417647
2598 0.421342
2599 0.410065
2600 0.4211
2601 0.422798
2602 0.426765
2603 0.432933
2604 0.419945
2605 0.45294
2606 0.43051
2607 0.413712
2608 0.399683
2609 0.413904
2610 0.399799
2611 0.406426
2612 0.443102
2613 0.437648
2614 0.420526
2615 0.423216
2616 0.430047
2617 0.429411
2618 0.430999
2619 0.427816
2620 0.409118
2621 0.436673
2622 0.423298
2623 0.425521
2624 0.417466
2625 0.419229
2626 0.420453
2627 0.418131
2628 0.432167
2629 0.40225
2630 0.434266
2631 0.410925
2632 0.415559
2633 0.421865
2634 0.451818
2635 0.411684
2636 0.43383
2637 0.429721
2638 0.398494
2639 0.407837
2640 0.41706
2641 0.439624
2642 0.427938
2643 0.419777
2644 0.407424
2645 0.429549
2646 0.421326
2647 0.440052
2648 0.402269
2649 0.428921
2650 0.412216
2651 0.398783
2652 0.411574
2653 0.40903
2654 0.426716
2655 0.403433
2656 0.409795
2657 0.413757
2658 0.405155
2659 0.390919
2660 0.42
2661 0.423806
2662 0.407934
2663 0.412443
2664 0.423806
2665 0.429926
2666 0.413101
2667 0.412281
2668 0.418718
2669 0.398427
2670 0.435799
2671 0.38805
2672 0.417098
2673 0.426323
2674 0.398038
2675 0.414784
2676 0.402906
2677 0.404899
2678 0.418105
2679 0.412297
2680 0.415411
2681 0.427259
2682 0.402098
2683 0.420578
2684 0.418972
2685 0.409319
2686 0.408603
2687 0.38179
2688 0.420841
2689 0.418712
2690 0.398424
2691 0.427547
2692 0.403041
2693 0.395351
2694 0.421404
2695 0.407224
2696 0.397186
2697 0.399364
2698 0.393189
2699 0.4163
2700 0.415401
2701 0.40047
2702 0.422564
2703 0.411015
2704 0.412008
2705 0.408875
2706 0.412689
2707 0.413487
2708 0.398975
2709 0.413599
2710 0.392526
2711 0.405229
2712 0.415331
2713 0.414111
2714 0.423698
2715 0.402531
2716 0.409976
2717 0.402643
2718 0.42289
2719 0.415889
2720 0.403521
2721 0.415724
2722 0.394795
2723 0.427219
2724 0.411041
2725 0.397945
2726 0.400547
2727 0.418583
2728 0.425803
2729 0.397394
2730 0.401887
2731 0.438495
2732 0.405097
2733 0.414992
2734 0.427925
2735 0.390506
2736 0.404077
2737 0.417185
2738 0.410041
2739 0.396278
2740 0.419548
2741 0.408356
2742 0.406825
2743 0.425903
2744 0.409992
2745 0.392328
2746 0.403145
2747 0.414558
2748 0.412313
2749 0.408306
2750 0.402512
2751 0.404462
2752 0.402996
2753 0.390789
2754 0.428251
2755 0.394858
2756 0.392652
2757 0.398184
2758 0.405638
2759 0.400753
2760 0.39868
2761 0.410736
2762 0.406425
2763 0.412519
2764 0.388629
2765 0.382227
2766 0.378746
2767 0.419269
2768 0.414974
2769 0.385554
2770 0.40947
2771 0.405514
2772 0.404504
2773 0.409887
2774 0.409983
2775 0.405581
2776 0.389155
2777 0.408163
2778 0.393022
2779 0.401147
2780 0.400979
2781 0.397305
2782 0.40703
2783 0.405088
2784 0.401317
2785 0.414649
2786 0.404784
2787 0.402735
2788 0.41195
2789 0.391524
2790 0.408777
2791 0.400127
2792 0.385164
2793 0.394674
2794 0.399669
2795 0.418076
2796 0.411026
2797 0.405575
2798 0.39198
2799 0.39479
2800 0.380469
2801 0.382651
2802 0.386736
2803 0.410997
2804 0.386845
2805 0.392834
2806 0.384017
2807 0.404527
2808 0.409338
2809 0.422135
2810 0.411303
2811 0.396955
2812 0.399188
2813 0.402598
2814 0.389617
2815 0.385307
2816 0.387314
2817 0.387926
2818 0.405412
2819 0.404315
2820 0.397074
2821 0.395388
2822 0.387608
2823 0.391366
2824 0.393397
2825 0.383704
2826 0.420608
2827 0.397398
2828 0.386513
2829 0.398332
2830 0.42247
2831 0.397705
2832 0.404647
2833 0.380192
2834 0.430407
2835 0.381015
2836 0.382722
2837 0.401266
2838 0.404109
2839 0.403326
2840 0.402652
2841 0.400059
2842 0.382498
2843 0.387797
2844 0.381243
2845 0.382328
2846 0.413825
2847 0.406986
2848 0.379585
2849 0.407188
2850 0.405378
2851 0.388184
2852 0.417375
2853 0.407405
2854 0.397533
2855 0.416848
2856 0.382063
2857 0.403627
2858 0.406536
2859 0.388566
2860 0.409486
2861 0.379035
2862 0.387115
2863 0.385916
2864 0.392925
2865 0.386445
2866 0.385927
2867 0.401083
2868 0.379524
2869 0.396791
2870 0.390288
2871 0.370909
2872 0.369016
2873 0.420947
2874 0.386834
2875 0.377286
2876 0.381946
2877 0.40534
2878 0.37856
2879 0.387951
2880 0.41253
2881 0.375171
2882 0.378187
2883 0.404201
2884 0.374537
2885 0.385157
2886 0.402143
2887 0.378317
2888 0.398063
2889 0.388303
2890 0.397799
2891 0.383738
2892 0.394354
2893 0.384165
2894 0.393302
2895 0.378011
2896 0.377338
2897 0.388309
2898 0.384474
2899 0.37761
2900 0.377523
2901 0.379998
2902 0.377012
2903 0.373504
2904 0.399618
2905 0.386339
2906 0.377663
2907 0.37942
2908 0.36859
2909 0.385394
2910 0.37434
2911 0.372792
2912 0.387862
2913 0.390094
2914 0.376132
2915 0.414602
2916 0.387543
2917 0.38201
2918 0.387543
2919 0.379338
2920 0.396423
2921 0.374314
2922 0.379609
2923 0.389306
2924 0.396433
2925 0.406906
2926 0.392838
2927 0.390336
2928 0.375417
2929 0.374076
2930 0.376124
2931 0.394474
2932 0.387266
2933 0.388625
2934 0.392269
2935 0.388645
2936 0.397199
2937 0.392477
2938 0.383927
2939 0.390574
2940 0.40378
2941 0.374014
2942 0.36855
2943 0.378554
2944 0.415977
2945 0.369938
2946 0.393762
2947 0.409762
2948 0.369549
2949 0.369076
2950 0.378939
2951 0.383901
2952 0.37596
2953 0.393602
2954 0.376967
2955 0.388819
2956 0.409054
2957 0.381488
2958 0.36931
2959 0.400705
2960 0.385059
2961 0.393792
2962 0.386031
2963 0.381263
2964 0.375613
2965 0.406988
2966 0.377316
2967 0.382427
2968 0.390332
2969 0.387951
2970 0.381594
2971 0.394166
2972 0.367609
2973 0.380483
2974 0.373237
2975 0.390927
2976 0.371234
2977 0.363929
2978 0.376855
2979 0.363706
2980 0.391754
2981 0.378631
2982 0.362479
2983 0.382147
2984 0.368404
2985 0.362604
2986 0.375148
2987 0.3907
2988 0.383619
2989 0.382755
2990 0.361661
2991 0.380261
2992 0.38329
2993 0.372307
2994 0.367503
2995 0.376356
2996 0.364751
2997 0.375363
2998 0.389606
2999 0.370133
3000 0.37272
3001 0.382291
3002 0.377421
3003 0.383284
3004 0.390154
3005 0.377087
3006 0.360837
3007 0.380875
3008 0.362008
3009 0.387928
3010 0.403803
3011 0.376794
3012 0.363909
3013 0.372249
3014 0.376039
3015 0.362547
3016 0.371843
3017 0.378252
3018 0.36637
3019 0.391344
3020 0.379248
3021 0.400991
3022 0.385046
3023 0.387128
3024 0.380724
3025 0.37894
3026 0.378514
3027 0.360105
3028 0.384318
3029 0.354925
3030 0.389827
3031 0.377903
3032 0.378079
3033 0.376295
3034 0.358164
3035 0.377318
3036 0.370148
3037 0.371122
3038 0.375493
3039 0.376624
3040 0.379152
3041 0.371499
3042 0.38267
3043 0.403133
3044 0.368681
3045 0.369772
3046 0.376575
3047 0.370995
3048 0.371822
3049 0.357168
3050 0.394061
3051 0.389581
3052 0.376207
3053 0.386952
3054 0.361749
3055 0.372166
3056 0.369924
3057 0.358124
3058 0.393552
3059 0.374557
3060 0.378171
3061 0.360714
3062 0.37715
3063 0.390675
3064 0.355059
3065 0.387255
3066 0.382287
3067 0.380906
3068 0.368898
3069 0.365228
3070 0.373429
3071 0.382919
3072 0.360155
3073 0.388425
3074 0.359045
3075 0.37863
3076 0.35903
3077 0.365746
3078 0.403378
3079 0.366555
3080 0.368074
3081 0.368322
3082 0.369995
3083 0.35204
3084 0.352989
3085 0.350347
3086 0.396005
3087 0.370755
3088 0.367469
3089 0.384835
3090 0.377951
3091 0.363043
3092 0.374326
3093 0.386953
3094 0.352052
3095 0.355867
3096 0.376026
3097 0.357124
3098 0.346225
3099 0.375301
3100 0.365656
3101 0.381513
3102 0.367392
3103 0.379726
3104 0.369147
3105 0.370989
3106 0.361567
3107 0.388273
3108 0.348619
3109 0.377102
3110 0.371272
3111 0.365367
3112 0.351455
3113 0.366599
3114 0.360206
3115 0.37348
3116 0.367044
3117 0.359446
3118 0.357879
3119 0.364893
3120 0.365692
3121 0.351832
3122 0.362929
3123 0.360752
3124 0.366201
3125 0.351359
3126 0.37597
3127 0.358211
3128 0.387248
3129 0.372888
3130 0.375582
3131 0.358093
3132 0.363868
3133 0.372776
3134 0.355133
3135 0.357976
3136 0.36756
3137 0.384997
3138 0.380954
3139 0.382069
3140 0.359827
3141 0.352551
3142 0.362962
3143 0.373271
3144 0.362537
3145 0.385295
3146 0.363576
3147 0.354774
3148 0.354935
3149 0.362476
3150 0.376062
3151 0.361871
3152 0.351454
3153 0.383575
3154 0.363357
3155 0.361977
3156 0.361738
3157 0.397175
3158 0.364851
3159 0.367542
3160 0.376204
3161 0.357737
3162 0.354951
3163 0.352637
3164 0.370452
3165 0.356945
3166 0.377628
3167 0.35571
3168 0.367169
3169 0.364943
3170 0.35709
3171 0.355257
3172 0.363353
3173 0.366117
3174 0.363157
3175 0.363742
3176 0.369219
3177 0.353228
3178 0.367035
3179 0.382087
3180 0.358048
3181 0.367224
3182 0.349168
3183 0.358806
3184 0.356939
3185 0.34956
3186 0.350131
3187 0.366863
3188 0.36353
3189 0.360922
3190 0.336094
3191 0.339082
3192 0.342388
3193 0.379513
3194 0.34079
3195 0.356015
3196 0.363068
3197 0.355761
3198 0.365593
3199 0.350013
3200 0.3642
3201 0.355951
3202 0.369611
3203 0.340416
3204 0.361037
3205 0.36567
3206 0.364613
3207 0.358337
3208 0.347906
3209 0.356484
3210 0.357363
3211 0.360079
3212 0.348406
3213 0.364688
3214 0.357971
3215 0.35923
3216 0.35113
3217 0.378274
3218 0.352936
3219 0.339864
3220 0.359712
3221 0.353593
3222 0.359097
3223 0.382436
3224 0.351617
3225 0.348669
3226 0.350346
3227 0.347284
3228 0.337199
3229 0.355308
3230 0.343296
3231 0.347429
3232 0.358667
3233 0.352833
3234 0.38551
3235 0.37302
3236 0.365275
3237 0.353651
3238 0.351611
3239 0.355524
3240 0.352665
3241 0.357975
3242 0.338089
3243 0.352681
3244 0.373469
3245 0.355052
3246 0.361673
3247 0.345551
3248 0.363076
3249 0.346348
3250 0.352655
3251 0.356028
3252 0.362319
3253 0.358266
3254 0.357879
3255 0.350259
3256 0.357441
3257 0.351792
3258 0.343778
3259 0.371068
3260 0.358997
3261 0.343974
3262 0.347648
3263 0.366652
3264 0.350007
3265 0.347022
3266 0.358038
3267 0.353208
3268 0.348242
3269 0.357313
3270 0.346895
3271 0.385736
3272 0.341578
3273 0.358426
3274 0.351296
3275 0.364008
3276 0.355539
3277 0.352205
3278 0.359992
3279 0.361143
3280 0.354948
3281 0.363467
3282 0.346994
3283 0.362296
3284 0.346889
3285 0.336897
3286 0.363249
3287 0.335098
3288 0.337949
3289 0.342604
3290 0.356413
3291 0.345892
3292 0.341945
3293 0.357567
3294 0.334136
3295 0.345516
3296 0.330343
3297 0.33924
3298 0.327128
3299 0.403172
3300 0.353683
3301 0.350231
3302 0.352732
3303 0.345806
3304 0.336713
3305 0.353711
3306 0.350588
3307 0.33728
3308 0.338524
3309 0.360099
3310 0.338078
3311 0.337467
3312 0.368094
3313 0.330371
3314 0.353009
3315 0.331355
3316 0.367873
3317 0.344668
3318 0.362944
3319 0.35206
3320 0.362921
3321 0.327089
3322 0.339831
3323 0.362734
3324 0.34014
3325 0.344878
3326 0.353558
3327 0.339277
3328 0.369051
3329 0.35385
3330 0.332443
3331 0.351811
3332 0.349164
3333 0.344397
3334 0.33795
3335 0.330199
3336 0.351215
3337 0.342202
3338 0.344425
3339 0.346071
3340 0.344029
3341 0.379415
3342 0.359652
3343 0.358006
3344 0.336239
3345 0.351283
3346 0.357805
3347 0.341833
3348 0.336553
3349 0.341115
3350 0.343562
3351 0.362093
3352 0.368218
3353 0.342895
3354 0.336095
3355 0.341735
3356 0.328922
3357 0.347868
3358 0.3525
3359 0.34434
3360 0.357541
3361 0.340773
3362 0.349557
3363 0.34293
3364 0.33923
3365 0.330507
3366 0.377594
3367 0.349317
3368 0.34979
3369 0.36167
3370 0.349668
3371 0.340175
3372 0.35946
3373 0.358354
3374 0.332767
3375 0.360732
3376 0.336709
3377 0.357444
3378 0.363586
3379 0.363462
3380 0.342693
3381 0.359316
3382 0.355398
3383 0.338636
3384 0.33931
3385 0.344754
3386 0.348718
3387 0.349678
3388 0.336635
3389 0.342742
3390 0.33686
3391 0.33445
3392 0.354894
3393 0.331818
3394 0.342715
3395 0.329489
3396 0.34134
3397 0.34481
3398 0.336438
3399 0.347296
3400 0.335892
3401 0.350647
3402 0.3332
3403 0.324741
3404 0.319051
3405 0.360231
3406 0.342579
3407 0.334648
3408 0.32066
3409 0.355892
3410 0.337481
3411 0.348536
3412 0.34577
3413 0.346147
3414 0.322482
3415 0.348648
3416 0.329287
3417 0.326671
3418 0.345475
3419 0.337146
3420 0.336158
3421 0.339034
3422 0.330698
3423 0.333211
3424 0.337354
3425 0.33741
3426 0.352494
3427 0.3254
3428 0.350799
3429 0.327627
3430 0.364077
3431 0.337594
3432 0.332052
3433 0.347227
3434 0.33712
3435 0.333399
3436 0.338464
3437 0.350206
3438 0.323555
3439 0.334102
3440 0.322877
3441 0.325962
3442 0.342793
3443 0.335497
3444 0.329199
3445 0.338193
3446 0.34408
3447 0.367398
3448 0.350075
3449 0.335886
3450 0.340298
3451 0.333035
3452 0.34679
3453 0.335401
3454 0.332889
3455 0.334427
3456 0.347887
3457 0.345148
3458 0.334096
3459 0.337545
3460 0.33618
3461 0.338747
3462 0.339522
3463 0.341704
3464 0.3392
3465 0.33643
3466 0.340927
3467 0.323049
3468 0.347624
3469 0.347684
3470 0.342102
3471 0.334094
3472 0.34312
3473 0.339526
3474 0.316699
3475 0.327334
3476 0.356441
3477 0.331095
3478 0.33777
3479 0.341932
3480 0.322493
3481 0.338388
3482 0.335015
3483 0.340831
3484 0.337275
3485 0.339643
3486 0.34379
3487 0.324533
3488 0.354305
3489 0.321649
3490 0.326038
3491 0.347801
3492 0.341008
3493 0.340149
3494 0.343088
3495 0.333506
3496 0.337932
3497 0.350519
3498 0.341171
3499 0.349329
3500 0.330656
3501 0.338298
3502 0.330188
3503 0.332595
3504 0.325369
3505 0.331419
3506 0.341158
3507 0.33043
3508 0.324329
3509 0.311506
3510 0.319175
3511 0.307709
3512 0.375821
3513 0.328165
3514 0.33167
3515 0.339255
3516 0.333336
3517 0.336292
3518 0.33199
3519 0.353041
3520 0.328922
3521 0.320532
3522 0.337511
3523 0.317331
3524 0.344234
3525 0.323396
3526 0.325989
3527 0.32968
3528 0.334002
3529 0.33089
3530 0.328369
3531 0.338486
3532 0.320822
3533 0.332829
3534 0.323218
3535 0.343088
3536 0.332857
3537 0.329455
3538 0.314111
3539 0.33793
3540 0.320767
3541 0.343213
3542 0.333724
3543 0.327795
3544 0.325162
3545 0.327311
3546 0.330092
3547 0.318135
3548 0.331178
3549 0.308726
3550 0.328799
3551 0.330301
3552 0.346317
3553 0.334775
3554 0.353616
3555 0.331499
3556 0.315196
3557 0.324813
3558 0.323219
3559 0.331736
3560 0.342951
3561 0.317019
3562 0.326131
3563 0.334516
3564 0.342122
3565 0.340383
3566 0.309759
3567 0.320923
3568 0.327856
3569 0.333136
3570 0.343351
3571 0.326702
3572 0.33578
3573 0.321669
3574 0.337505
3575 0.336123
3576 0.344375
3577 0.340319
3578 0.309861
3579 0.346145
3580 0.316177
3581 0.320921
3582 0.342041
3583 0.344793
3584 0.32622
3585 0.346158
3586 0.328126
3587 0.314495
3588 0.332171
3589 0.320022
3590 0.336083
3591 0.333221
3592 0.336178
3593 0.331744
3594 0.329526
3595 0.335693
3596 0.338375
3597 0.345079
3598 0.3377
3599 0.31644
3600 0.336776
3601 0.31594
3602 0.336749
3603 0.342889
3604 0.338039
3605 0.334348
3606 0.315512
3607 0.330276
3608 0.326116
3609 0.322965
3610 0.331312
3611 0.347317
3612 0.315771
3613 0.313502
3614 0.323663
3615 0.324767
3616 0.297783
3617 0.296849
3618 0.340418
3619 0.317996
3620 0.324019
3621 0.311705
3622 0.339281
3623 0.324646
3624 0.331083
3625 0.325446
3626 0.322696
3627 0.322779
3628 0.321492
3629 0.323536
3630 0.306372
3631 0.325234
3632 0.320123
3633 0.329603
3634 0.313007
3635 0.311709
3636 0.322209
3637 0.320231
3638 0.326388
3639 0.331156
3640 0.313178
3641 0.326027
3642 0.325484
3643 0.327028
3644 0.325916
3645 0.322799
3646 0.325337
3647 0.320744
3648 0.315836
3649 0.327465
3650 0.323268
3651 0.316859
3652 0.321386
3653 0.30823
3654 0.310898
3655 0.322697
3656 0.307018
3657 0.31183
3658 0.330051
3659 0.30402
3660 0.348559
3661 0.333974
3662 0.328463
3663 0.310533
3664 0.318575
3665 0.315478
3666 0.309071
3667 0.310549
3668 0.31888
3669 0.336791
3670 0.337064
3671 0.331982
3672 0.313162
3673 0.31177
3674 0.316692
3675 0.321791
3676 0.329635
3677 0.326696
3678 0.317778
3679 0.346099
3680 0.324968
3681 0.324741
3682 0.325581
3683 0.33466
3684 0.31006
3685 0.34649
3686 0.315562
3687 0.31144
3688 0.307818
3689 0.342949
3690 0.33153
3691 0.322561
3692 0.345277
3693 0.315424
3694 0.316181
3695 0.321729
3696 0.310375
3697 0.326471
3698 0.338356
3699 0.303797
3700 0.315936
3701 0.31557
3702 0.321231
3703 0.318643
3704 0.317097
3705 0.331521
3706 0.330772
3707 0.309375
3708 0.315651
3709 0.321248
3710 0.32864
3711 0.314604
3712 0.317232
3713 0.320148
3714 0.333529
3715 0.317779
3716 0.317353
3717 0.30151
3718 0.307347
3719 0.319334
3720 0.308776
3721 0.314483
3722 0.303872
3723 0.29512
3724 0.305672
3725 0.325858
3726 0.319652
3727 0.306498
3728 0.332607
3729 0.310671
3730 0.323967
3731 0.317892
3732 0.325364
3733 0.316189
3734 0.314993
3735 0.307583
3736 0.307681
3737 0.301868
3738 0.312011
3739 0.322525
3740 0.309463
3741 0.306045
3742 0.311477
3743 0.318803
3744 0.302995
3745 0.321111
3746 0.314844
3747 0.321227
3748 0.305656
3749 0.327377
3750 0.307051
3751 0.304899
3752 0.315606
3753 0.313062
3754 0.319137
3755 0.323718
3756 0.300852
3757 0.311479
3758 0.307559
3759 0.312254
3760 0.318153
3761 0.312417
3762 0.306384
3763 0.311503
3764 0.324963
3765 0.311736
3766 0.341795
3767 0.327272
3768 0.330513
3769 0.308701
3770 0.316201
3771 0.322223
3772 0.311514
3773 0.320319
3774 0.299633
3775 0.318465
3776 0.329528
3777 0.32047
3778 0.327325
3779 0.300335
3780 0.31072
3781 0.30755
3782 0.320906
3783 0.321726
3784 0.312438
3785 0.319841
3786 0.316918
3787 0.312749
3788 0.324319
3789 0.311236
3790 0.306394
3791 0.330055
3792 0.31836
3793 0.311016
3794 0.308955
3795 0.328812
3796 0.316358
3797 0.307394
3798 0.321762
3799 0.334761
3800 0.310742
3801 0.316502
3802 0.309056
3803 0.324526
3804 0.324942
3805 0.306602
3806 0.307217
3807 0.312211
3808 0.312876
3809 0.311639
3810 0.31425
3811 0.323534
3812 0.320173
3813 0.322659
3814 0.300635
3815 0.301673
3816 0.31077
3817 0.301921
3818 0.305302
3819 0.312415
3820 0.30701
3821 0.28977
3822 0.306334
3823 0.321057
3824 0.310185
3825 0.307581
3826 0.301756
3827 0.305458
3828 0.302907
3829 0.292795
3830 0.284302
3831 0.32844
3832 0.304548
3833 0.300121
3834 0.316083
3835 0.307795
3836 0.300278
3837 0.315509
3838 0.327496
3839 0.305476
3840 0.287306
3841 0.314139
3842 0.309614
3843 0.303153
3844 0.310393
3845 0.302411
3846 0.308175
3847 0.295332
3848 0.309954
3849 0.300643
3850 0.304177
3851 0.306405
3852 0.328616
3853 0.30812
3854 0.301617
3855 0.30552
3856 0.299824
3857 0.300323
3858 0.29962
3859 0.315774
3860 0.310514
3861 0.310957
3862 0.307292
3863 0.312149
3864 0.308142
3865 0.307857
3866 0.290768
3867 0.304464
3868 0.30955
3869 0.298179
3870 0.292192
3871 0.294907
3872 0.306156
3873 0.340001
3874 0.299886
3875 0.304098
3876 0.303973
3877 0.306963
3878 0.308825
3879 0.301455
3880 0.292419
3881 0.301714
3882 0.313913
3883 0.318354
3884 0.31353
3885 0.305925
3886 0.306778
3887 0.310077
3888 0.30158
3889 0.312598
3890 0.329067
3891 0.307732
3892 0.31358
3893 0.317903
3894 0.316196
3895 0.305512
3896 0.299494
3897 0.291539
3898 0.320357
3899 0.316837
3900 0.306442
3901 0.309176
3902 0.308249
3903 0.30568
3904 0.310497
3905 0.325646
3906 0.295821
3907 0.307177
3908 0.301107
3909 0.304058
3910 0.310263
3911 0.333251
3912 0.306907
3913 0.315311
3914 0.304031
3915 0.30381
3916 0.303458
3917 0.30131
3918 0.317
3919 0.309627
3920 0.293917
3921 0.296174
3922 0.307357
3923 0.306261
3924 0.293526
3925 0.293655
3926 0.304731
3927 0.303319
3928 0.295839
3929 0.305514
3930 0.29564
3931 0.302991
3932 0.304847
3933 0.30137
3934 0.292189
3935 0.28347
3936 0.278204
3937 0.292534
3938 0.317515
3939 0.290963
3940 0.291647
3941 0.313448
3942 0.311145
3943 0.314101
3944 0.300897
3945 0.312175
3946 0.305484
3947 0.319628
3948 0.291486
3949 0.297085
3950 0.308177
3951 0.313731
3952 0.296596
3953 0.290038
3954 0.290907
3955 0.288916
3956 0.304898
3957 0.295501
3958 0.31619
3959 0.291249
3960 0.301248
3961 0.291165
3962 0.300141
3963 0.296385
3964 0.286546
3965 0.308555
3966 0.301424
3967 0.297884
3968 0.315773
3969 0.301217
3970 0.302388
3971 0.297379
3972 0.294421
3973 0.293885
3974 0.295481
3975 0.288584
3976 0.298873
3977 0.306563
3978 0.297423
3979 0.328084
3980 0.303989
3981 0.310025
3982 0.290292
3983 0.302179
3984 0.300817
3985 0.30123
3986 0.297754
3987 0.284893
3988 0.300052
3989 0.318501
3990 0.303386
3991 0.302459
3992 0.284583
3993 0.299795
3994 0.28191
3995 0.322559
3996 0.303768
3997 0.316939
3998 0.298406
3999 0.294483
4000 0.297857
4001 0.317891
4002 0.306248
4003 0.299823
4004 0.300303
4005 0.298113
4006 0.292887
4007 0.292904
4008 0.301021
4009 0.297364
4010 0.298841
4011 0.31585
4012 0.291498
4013 0.305838
4014 0.307901
4015 0.296713
4016 0.299664
4017 0.301858
4018 0.286631
4019 0.304148
4020 0.322307
4021 0.290708
4022 0.297591
4023 0.314376
4024 0.303272
4025 0.311284
4026 0.309469
4027 0.298315
4028 0.299747
4029 0.284373
4030 0.303841
4031 0.313203
4032 0.300443
4033 0.284934
4034 0.293472
4035 0.297513
4036 0.294556
4037 0.286406
4038 0.291593
4039 0.286414
4040 0.290721
4041 0.293063
4042 0.287627
4043 0.288838
4044 0.352454
4045 0.29764
4046 0.309025
4047 0.305536
4048 0.300333
4049 0.289712
4050 0.294284
4051 0.30476
4052 0.298065
4053 0.288179
4054 0.297715
4055 0.296531
4056 0.291095
4057 0.287238
4058 0.290574
4059 0.283116
4060 0.300242
4061 0.296818
4062 0.299181
4063 0.298386
4064 0.284108
4065 0.304502
4066 0.301274
4067 0.297632
4068 0.298247
4069 0.28433
4070 0.282594
4071 0.300712
4072 0.303422
4073 0.291036
4074 0.292805
4075 0.304455
4076 0.297648
4077 0.301076
4078 0.288787
4079 0.29467
4080 0.288135
4081 0.283074
4082 0.291785
4083 0.283692
4084 0.29408
4085 0.290377
4086 0.31912
4087 0.294421
4088 0.286349
4089 0.291713
4090 0.285279
4091 0.284168
4092 0.296696
4093 0.29307
4094 0.28838
4095 0.293767
4096 0.310761
4097 0.303915
4098 0.280555
4099 0.281548
4100 0.28533
4101 0.287106
4102 0.300506
4103 0.29275
4104 0.315896
4105 0.285355
4106 0.286376
4107 0.314865
4108 0.296765
4109 0.300077
4110 0.280594
4111 0.303221
4112 0.284523
4113 0.283575
4114 0.321746
4115 0.304495
4116 0.289293
4117 0.308915
4118 0.291646
4119 0.297565
4120 0.288659
4121 0.289742
4122 0.303397
4123 0.291397
4124 0.312116
4125 0.279817
4126 0.293404
4127 0.283813
4128 0.282458
4129 0.290534
4130 0.295593
4131 0.299871
4132 0.298003
4133 0.281293
4134 0.299075
4135 0.281077
4136 0.282117
4137 0.306653
4138 0.297091
4139 0.30301
4140 0.28379
4141 0.287285
4142 0.28978
4143 0.286775
4144 0.288312
4145 0.271542
4146 0.295278
4147 0.283092
4148 0.275723
4149 0.271452
4150 0.307766
4151 0.292318
4152 0.284497
4153 0.274797
4154 0.307225
4155 0.292019
4156 0.284735
4157 0.291883
4158 0.280603
4159 0.270858
4160 0.289273
4161 0.26688
4162 0.30067
4163 0.278366
4164 0.280823
4165 0.289564
4166 0.290398
4167 0.279296
4168 0.274669
4169 0.273345
4170 0.290225
4171 0.304655
4172 0.270223
4173 0.298484
4174 0.286388
4175 0.285779
4176 0.290023
4177 0.271185
4178 0.288856
4179 0.28795
4180 0.292731
4181 0.293138
4182 0.288738
4183 0.291541
4184 0.284367
4185 0.275091
4186 0.286298
4187 0.300586
4188 0.284949
4189 0.275664
4190 0.286304
4191 0.296252
4192 0.316684
4193 0.287125
4194 0.299251
4195 0.278731
4196 0.292853
4197 0.291072
4198 0.284872
4199 0.28086
4200 0.291841
4201 0.30062
4202 0.301284
4203 0.297386
4204 0.282648
4205 0.270718
4206 0.273952
4207 0.280656
4208 0.294294
4209 0.295978
4210 0.283651
4211 0.282318
4212 0.277129
4213 0.289581
4214 0.301144
4215 0.286767
4216 0.28153
4217 0.293344
4218 0.291936
4219 0.279257
4220 0.289559
4221 0.306092
4222 0.284234
4223 0.294477
4224 0.298197
4225 0.265337
4226 0.282849
4227 0.28208
4228 0.282501
4229 0.290099
4230 0.295595
4231 0.305354
4232 0.28616
4233 0.296073
4234 0.269766
4235 0.27249
4236 0.292592
4237 0.288642
4238 0.30224
4239 0.288216
4240 0.281299
4241 0.27578
4242 0.282141
4243 0.287539
4244 0.295162
4245 0.268328
4246 0.289348
4247 0.2884
4248 0.289717
4249 0.274611
4250 0.280832
4251 0.269868
4252 0.292881
4253 0.292184
4254 0.264207
4255 0.262997
4256 0.27305
4257 0.305851
4258 0.28004
4259 0.279458
4260 0.298416
4261 0.281708
4262 0.283597
4263 0.283186
4264 0.298955
4265 0.277716
4266 0.272211
4267 0.301127
4268 0.291283
4269 0.286683
4270 0.28497
4271 0.286406
4272 0.282834
4273 0.287652
4274 0.281769
4275 0.292317
4276 0.275147
4277 0.288671
4278 0.271018
4279 0.282477
4280 0.286591
4281 0.295135
4282 0.276227
4283 0.27492
4284 0.275462
4285 0.266276
4286 0.281529
4287 0.27922
4288 0.278639
4289 0.280638
4290 0.280164
4291 0.282527
4292 0.274069
4293 0.279398
4294 0.277771
4295 0.284251
4296 0.270484
4297 0.274577
4298 0.29228
4299 0.281758
4300 0.286
4301 0.283322
4302 0.287457
4303 0.277102
4304 0.284612
4305 0.284469
4306 0.265959
4307 0.274849
4308 0.298494
4309 0.284691
4310 0.283477
4311 0.269094
4312 0.277793
4313 0.277101
4314 0.284006
4315 0.283596
4316 0.289663
4317 0.278932
4318 0.272684
4319 0.280798
4320 0.288384
4321 0.282675
4322 0.278593
4323 0.286576
4324 0.304642
4325 0.27124
4326 0.266393
4327 0.290916
4328 0.285616
4329 0.276362
4330 0.275963
4331 0.282371
4332 0.280441
4333 0.284463
4334 0.276347
4335 0.284939
4336 0.277878
4337 0.288138
4338 0.283564
4339 0.290283
4340 0.28815
4341 0.269149
4342 0.296561
4343 0.283934
4344 0.294441
4345 0.293468
4346 0.268478
4347 0.27537
4348 0.284344
4349 0.27221
4350 0.289973
4351 0.288658
4352 0.279301
4353 0.28114
4354 0.274854
4355 0.285542
4356 0.275701
4357 0.285033
4358 0.271656
4359 0.272291
4360 0.277305
4361 0.269358
4362 0.258532
4363 0.287645
4364 0.278864
4365 0.263335
4366 0.284435
4367 0.300132
4368 0.269582
4369 0.281769
4370 0.278322
4371 0.274653
4372 0.263974
4373 0.272072
4374 0.264393
4375 0.280493
4376 0.282776
4377 0.263541
4378 0.281257
4379 0.274325
4380 0.285324
4381 0.271526
4382 0.276601
4383 0.260104
4384 0.276373
4385 0.25934
4386 0.275233
4387 0.267955
4388 0.262694
4389 0.27734
4390 0.272094
4391 0.274212
4392 0.278533
4393 0.266525
4394 0.294307
4395 0.264292
4396 0.265139
4397 0.271131
4398 0.273912
4399 0.266567
4400 0.272133
4401 0.260392
4402 0.266775
4403 0.27623
4404 0.271117
4405 0.30286
4406 0.266604
4407 0.266351
4408 0.276058
4409 0.263773
4410 0.281711
4411 0.271915
4412 0.273559
4413 0.285522
4414 0.279101
4415 0.28335
4416 0.28818
4417 0.285376
4418 0.283384
4419 0.272147
4420 0.266275
4421 0.274262
4422 0.289785
4423 0.277526
4424 0.267907
4425 0.275562
4426 0.298195
4427 0.271127
4428 0.277675
4429 0.281499
4430 0.284663
4431 0.27852
4432 0.271104
4433 0.26995
4434 0.294983
4435 0.283381
4436 0.272394
4437 0.281567
4438 0.260144
4439 0.27715
4440 0.272291
4441 0.281352
4442 0.283886
4443 0.298272
4444 0.25994
4445 0.286558
4446 0.281517
4447 0.273802
4448 0.262647
4449 0.274778
4450 0.297369
4451 0.272266
4452 0.279605
4453 0.267535
4454 0.269579
4455 0.277081
4456 0.271682
4457 0.270058
4458 0.26982
4459 0.264551
4460 0.266173
4461 0.275902
4462 0.270845
4463 0.270026
4464 0.269011
4465 0.271714
4466 0.271003
4467 0.249287
4468 0.251093
4469 0.259088
4470 0.272637
4471 0.271994
4472 0.265456
4473 0.281701
4474 0.283536
4475 0.274166
4476 0.263222
4477 0.286574
4478 0.272603
4479 0.278728
4480 0.259442
4481 0.26081
4482 0.29044
4483 0.262476
4484 0.26862
4485 0.269367
4486 0.270035
4487 0.269621
4488 0.269936
4489 0.270923
4490 0.276852
4491 0.279546
4492 0.273592
4493 0.273359
4494 0.266482
4495 0.259675
4496 0.259262
4497 0.264236
4498 0.277349
4499 0.259065
4500 0.30003
4501 0.258464
4502 0.269995
4503 0.275531
4504 0.261215
4505 0.267751
4506 0.268531
4507 0.254433
4508 0.276191
4509 0.273743
4510 0.27172
4511 0.29637
4512 0.272472
4513 0.263358
4514 0.271073
4515 0.262762
4516 0.278643
4517 0.262221
4518 0.272563
4519 0.260975
4520 0.274206
4521 0.278124
4522 0.275782
4523 0.27655
4524 0.261933
4525 0.283406
4526 0.260437
4527 0.270744
4528 0.264914
4529 0.289574
4530 0.28542
4531 0.271457
4532 0.268535
4533 0.271322
4534 0.256705
4535 0.27388
4536 0.27313
4537 0.274763
4538 0.274503
4539 0.267948
4540 0.293285
4541 0.267956
4542 0.271138
4543 0.270367
4544 0.255372
4545 0.270291
4546 0.272268
4547 0.256724
4548 0.281745
4549 0.277465
4550 0.279158
4551 0.261977
4552 0.280182
4553 0.279996
4554 0.270385
4555 0.275455
4556 0.280456
4557 0.267766
4558 0.277949
4559 0.271735
4560 0.269449
4561 0.26696
4562 0.269859
4563 0.281435
4564 0.266249
4565 0.275569
4566 0.256483
4567 0.258666
4568 0.279087
4569 0.269296
4570 0.270669
4571 0.257595
4572 0.266241
4573 0.260561
4574 0.264336
4575 0.248591
4576 0.313263
4577 0.273869
4578 0.264195
4579 0.263959
4580 0.268737
4581 0.268139
4582 0.268745
4583 0.272305
4584 0.255592
4585 0.255301
4586 0.264961
4587 0.270002
4588 0.261335
4589 0.269106
4590 0.262659
4591 0.272276
4592 0.25301
4593 0.268858
4594 0.268756
4595 0.262243
4596 0.251828
4597 0.277871
4598 0.278244
4599 0.26746
4600 0.263393
4601 0.264209
4602 0.256105
4603 0.255049
4604 0.262947
4605 0.259589
4606 0.261868
4607 0.253796
4608 0.258386
4609 0.268901
4610 0.270451
4611 0.253934
4612 0.260521
4613 0.263601
4614 0.255817
4615 0.267992
4616 0.273664
4617 0.265524
4618 0.292414
4619 0.264177
4620 0.279304
4621 0.253547
4622 0.257955
4623 0.271923
4624 0.260558
4625 0.260424
4626 0.256255
4627 0.259932
4628 0.265611
4629 0.265587
4630 0.264707
4631 0.264239
4632 0.261606
4633 0.271465
4634 0.260521
4635 0.265944
4636 0.276767
4637 0.251139
4638 0.257092
4639 0.258865
4640 0.262145
4641 0.266385
4642 0.250698
4643 0.275162
4644 0.250632
4645 0.256089
4646 0.281128
4647 0.277776
4648 0.258785
4649 0.264692
4650 0.26921
4651 0.252383
4652 0.268696
4653 0.259702
4654 0.262292
4655 0.260735
4656 0.266519
4657 0.26716
4658 0.270018
4659 0.27192
4660 0.251766
4661 0.259335
4662 0.263584
4663 0.278662
4664 0.257238
4665 0.260251
4666 0.263798
4667 0.274248
4668 0.249907
4669 0.277583
4670 0.258159
4671 0.257016
4672 0.248638
4673 0.268823
4674 0.260853
4675 0.257222
4676 0.262421
4677 0.261141
4678 0.268518
4679 0.269846
4680 0.244004
4681 0.251871
4682 0.256082
4683 0.258963
4684 0.254828
4685 0.259041
4686 0.267615
4687 0.257686
4688 0.271385
4689 0.264937
4690 0.257517
4691 0.258432
4692 0.257197
4693 0.25097
4694 0.248806
4695 0.256497
4696 0.257039
4697 0.259565
4698 0.25864
4699 0.243498
4700 0.265152
4701 0.261706
4702 0.252409
4703 0.255897
4704 0.251399
4705 0.255703
4706 0.263984
4707 0.272571
4708 0.262322
4709 0.248852
4710 0.257945
4711 0.250191
4712 0.255498
4713 0.264039
4714 0.272353
4715 0.256198
4716 0.26248
4717 0.246048
4718 0.245829
4719 0.262856
4720 0.247972
4721 0.264569
4722 0.276109
4723 0.264267
4724 0.279836
4725 0.261899
4726 0.262846
4727 0.265389
4728 0.258303
4729 0.255136
4730 0.243795
4731 0.253631
4732 0.254975
4733 0.256697
4734 0.2755
4735 0.25682
4736 0.27813
4737 0.248802
4738 0.248319
4739 0.253876
4740 0.262287
4741 0.256123
4742 0.270478
4743 0.254485
4744 0.269296
4745 0.2756
4746 0.273829
4747 0.247577
4748 0.254537
4749 0.255037
4750 0.266426
4751 0.248635
4752 0.255493
4753 0.269743
4754 0.267857
4755 0.264389
4756 0.276337
4757 0.2425
4758 0.249993
4759 0.258435
4760 0.258758
4761 0.261335
4762 0.251986
4763 0.268133
4764 0.26057
4765 0.268165
4766 0.25178
4767 0.246763
4768 0.258875
4769 0.252602
4770 0.263521
4771 0.263505
4772 0.247974
4773 0.251055
4774 0.259276
4775 0.250027
4776 0.263624
4777 0.258853
4778 0.258694
4779 0.25365
4780 0.253526
4781 0.253984
4782 0.247451
4783 0.24711
4784 0.251729
4785 0.274325
4786 0.251028
4787 0.246967
4788 0.238542
4789 0.283815
4790 0.25858
4791 0.257082
4792 0.260561
4793 0.265931
4794 0.254661
4795 0.266956
4796 0.269636
4797 0.242968
4798 0.254666
4799 0.258851
4800 0.253614
4801 0.255433
4802 0.254469
4803 0.25676
4804 0.256565
4805 0.254141
4806 0.260102
4807 0.255516
4808 0.255244
4809 0.243103
4810 0.258906
4811 0.24706
4812 0.270063
4813 0.26764
4814 0.253807
4815 0.254299
4816 0.25216
4817 0.249837
4818 0.266456
4819 0.252168
4820 0.254808
4821 0.259779
4822 0.238008
4823 0.248806
4824 0.242616
4825 0.260696
4826 0.257037
4827 0.259768
4828 0.248944
4829 0.276578
4830 0.254543
4831 0.267844
4832 0.262012
4833 0.255223
4834 0.250052
4835 0.255193
4836 0.248764
4837 0.249977
4838 0.242388
4839 0.257097
4840 0.276336
4841 0.259596
4842 0.25534
4843 0.244532
4844 0.256976
4845 0.248974
4846 0.256179
4847 0.247344
4848 0.273629
4849 0.251974
4850 0.237746
4851 0.249395
4852 0.254659
4853 0.251716
4854 0.256269
4855 0.242005
4856 0.267819
4857 0.252677
4858 0.249962
4859 0.264209
4860 0.259946
4861 0.245823
4862 0.257197
4863 0.254562
4864 0.255512
4865 0.260336
4866 0.242711
4867 0.255973
4868 0.257999
4869 0.260223
4870 0.251604
4871 0.272593
4872 0.252485
4873 0.239395
4874 0.258318
4875 0.25545
4876 0.259564
4877 0.2602
4878 0.250664
4879 0.249967
4880 0.248548
4881 0.262507
4882 0.262658
4883 0.249255
4884 0.247953
4885 0.256022
4886 0.247219
4887 0.26115
4888 0.255465
4889 0.251856
4890 0.238322
4891 0.255016
4892 0.248885
4893 0.248852
4894 0.242324
4895 0.259573
4896 0.248446
4897 0.24604
4898 0.254504
4899 0.267831
4900 0.248357
4901 0.245179
4902 0.274342
4903 0.245701
4904 0.233472
4905 0.251572
4906 0.226734
4907 0.241116
4908 0.268324
4909 0.24272
4910 0.259428
4911 0.250483
4912 0.244091
4913 0.256385
4914 0.26145
4915 0.241834
4916 0.24795
4917 0.244299
4918 0.247805
4919 0.249603
4920 0.252355
4921 0.237994
4922 0.25395
4923 0.253529
4924 0.24566
4925 0.241933
4926 0.249311
4927 0.250098
4928 0.246259
4929 0.26255
4930 0.240225
4931 0.239548
4932 0.249293
4933 0.242478
4934 0.253983
4935 0.23878
4936 0.258236
4937 0.289162
4938 0.252198
4939 0.256714
4940 0.246393
4941 0.249425
4942 0.259555
4943 0.243823
4944 0.26183
4945 0.252165
4946 0.25476
4947 0.253944
4948 0.240882
4949 0.250268
4950 0.245711
4951 0.251181
4952 0.23729
4953 0.2476
4954 0.24757
4955 0.245966
4956 0.247389
4957 0.246951
4958 0.258471
4959 0.259015
4960 0.2449
4961 0.237589
4962 0.262416
4963 0.262975
4964 0.2567
4965 0.243028
4966 0.272007
4967 0.254634
4968 0.252419
4969 0.251716
4970 0.252435
4971 0.242608
4972 0.249101
4973 0.256269
4974 0.261936
4975 0.249181
4976 0.25041
4977 0.243901
4978 0.253874
4979 0.243766
4980 0.249721
4981 0.263035
4982 0.262232
4983 0.266555
4984 0.251543
4985 0.236336
4986 0.236978
4987 0.265816
4988 0.245628
4989 0.256695
4990 0.242228
4991 0.250478
4992 0.237585
4993 0.248411
4994 0.244082
4995 0.238361
4996 0.246535
4997 0.24026
4998 0.249505
4999 0.238016
5000 0.238982
