0 3.94754
1 18.4944
2 14.7585
3 6.3199
4 4.81478
5 3.43921
6 2.72457
7 2.68241
8 2.77898
9 2.54786
10 2.27048
11 2.17272
12 2.12469
13 1.8217
14 2.11877
15 2.02269
16 1.98921
17 1.75487
18 1.69406
19 1.55823
20 1.51312
21 1.442
22 1.58621
23 1.60707
24 2.12603
25 2.44744
26 2.19839
27 1.86819
28 1.75724
29 1.84439
30 1.56245
31 1.72868
32 1.46117
33 1.47606
34 1.56712
35 1.59878
36 1.59597
37 1.65064
38 1.83436
39 1.52269
40 1.40783
41 1.41926
42 1.56079
43 1.49207
44 1.32356
45 1.51163
46 1.55888
47 1.54847
48 1.38438
49 1.47531
50 1.42802
51 1.28042
52 1.31643
53 1.41781
54 1.28259
55 1.36884
56 1.35795
57 1.21668
58 1.40129
59 1.43039
60 1.36007
61 1.4305
62 1.4441
63 1.43135
64 1.37723
65 1.21727
66 1.30224
67 1.31537
68 1.59477
69 1.43972
70 1.28304
71 1.25424
72 1.29266
73 1.30358
74 1.25181
75 1.26188
76 1.42372
77 1.36917
78 1.317
79 1.2507
80 1.25359
81 1.33472
82 1.21105
83 1.32841
84 1.46188
85 1.26578
86 1.42514
87 1.42411
88 1.31355
89 1.28501
90 1.25176
91 1.34755
92 1.3923
93 1.21467
94 1.29887
95 1.25876
96 1.28419
97 1.34561
98 1.29956
99 1.23642
100 1.31972
101 1.26251
102 1.48397
103 1.38525
104 1.55847
105 1.31298
106 1.30184
107 1.23274
108 1.27188
109 1.17253
110 1.27255
111 1.21925
112 1.14908
113 1.16202
114 1.17916
115 1.27813
116 1.29426
117 1.15927
118 1.15096
119 1.25787
120 1.19301
121 1.23183
122 1.235
123 1.10703
124 1.20042
125 1.20234
126 1.43443
127 1.33122
128 1.24518
129 1.18081
130 1.19162
131 1.24261
132 1.13104
133 1.13753
134 1.30709
135 1.25213
136 1.21878
137 1.14859
138 1.20111
139 1.20556
140 1.17965
141 1.19669
142 1.27137
143 1.15871
144 1.19018
145 1.1954
146 1.38566
147 1.24464
148 1.29007
149 1.28723
150 1.19732
151 1.1734
152 1.19622
153 1.18256
154 1.13401
155 1.16769
156 1.25004
157 1.1419
158 1.2091
159 1.22492
160 1.19413
161 1.30125
162 1.14456
163 1.16571
164 1.12395
165 1.26988
166 1.22004
167 1.19187
168 1.11723
169 1.215
170 1.12659
171 1.22466
172 1.23163
173 1.19121
174 1.1859
175 1.25014
176 1.21445
177 1.34428
178 1.33536
179 1.19741
180 1.17945
181 1.06244
182 1.06939
183 1.15772
184 1.19704
185 1.06901
186 1.18138
187 1.30914
188 1.12813
189 1.16222
190 1.15354
191 1.1092
192 1.07796
193 1.10873
194 1.11413
195 1.06498
196 1.12618
197 1.08116
198 1.09568
199 1.04239
200 1.11909
201 1.12686
202 1.07239
203 1.06034
204 1.04379
205 1.16744
206 1.02022
207 1.05329
208 1.02396
209 1.00387
210 1.0146
211 0.948271
212 1.15116
213 1.1849
214 1.12295
215 1.13133
216 1.09387
217 1.06132
218 1.05291
219 1.04325
220 1.07265
221 1.186
222 1.15528
223 1.09369
224 1.12924
225 1.15348
226 1.21951
227 1.07904
228 1.32469
229 1.13641
230 1.13975
231 1.08388
232 1.03258
233 1.05561
234 1.26918
235 1.35702
236 1.0971
237 1.05611
238 1.07435
239 1.1578
240 1.09945
241 1.08094
242 1.2094
243 1.23335
244 1.09021
245 1.15117
246 1.06042
247 1.12933
248 1.1284
249 1.1745
250 1.17482
251 1.16706
252 1.07576
253 1.10655
254 1.05162
255 1.06673
256 1.12097
257 1.02213
258 1.00085
259 1.132
260 1.07621
261 1.07316
262 1.05754
263 1.07341
264 1.06259
265 1.00952
266 1.02955
267 1.01458
268 1.01905
269 1.07718
270 1.02169
271 1.02048
272 1.1049
273 1.17016
274 1.03058
275 1.22309
276 1.1167
277 1.0171
278 1.0695
279 0.990746
280 1.07637
281 1.05355
282 1.20814
283 1.01561
284 1.06422
285 0.988653
286 1.03047
287 1.05619
288 1.00533
289 1.0161
290 1.09368
291 1.04346
292 0.996106
293 0.965041
294 1.04028
295 1.05401
296 0.99179
297 1.10167
298 1.1814
299 1.05681
300 1.12999
301 1.0665
302 1.03705
303 1.00823
304 1.005
305 1.04651
306 1.11245
307 0.973923
308 1.04185
309 0.999426
310 1.04991
311 1.06534
312 1.01412
313 1.04868
314 1.04439
315 1.03263
316 1.09916
317 1.06191
318 1.13094
319 1.04921
320 1.08378
321 1.02603
322 1.02454
323 0.949059
324 1.01803
325 1.03937
326 0.982264
327 0.983471
328 1.01019
329 1.06929
330 1.04805
331 0.989619
332 1.01694
333 0.990092
334 1.02644
335 1.04183
336 0.993722
337 0.962233
338 0.968688
339 1.01479
340 1.16368
341 1.07095
342 1.07613
343 0.967938
344 1.00196
345 1.023
346 0.972989
347 1.03251
348 1.05247
349 1.08951
350 1.00739
351 0.953472
352 1.01665
353 0.985253
354 1.01254
355 1.04951
356 1.03698
357 0.967895
358 1.04816
359 0.9962
360 1.15989
361 1.04993
362 1.10419
363 0.971553
364 0.988475
365 0.96301
366 1.00568
367 1.05047
368 0.953101
369 1.01102
370 0.989794
371 0.977206
372 1.00314
373 1.0587
374 1.03533
375 1.07582
376 0.934863
377 0.96875
378 1.01082
379 1.06047
380 1.1033
381 0.994548
382 0.94903
383 1.01871
384 0.968841
385 1.15567
386 1.02216
387 1.03518
388 1.02742
389 1.0702
390 1.05447
391 1.09572
392 1.01043
393 0.907135
394 1.03662
395 0.952245
396 0.96502
397 1.03158
398 1.0463
399 0.934522
400 1.0589
401 1.09825
402 0.93872
403 1.03282
404 0.997443
405 0.980051
406 0.918431
407 0.982442
408 0.959404
409 0.944181
410 0.994784
411 0.930739
412 1.00204
413 0.989908
414 1.02058
415 0.954255
416 0.922748
417 0.949497
418 0.922385
419 0.970598
420 0.904073
421 0.920368
422 0.878279
423 0.895211
424 0.88565
425 0.903704
426 0.892275
427 1.06472
428 0.993043
429 0.938401
430 0.951287
431 0.907283
432 0.920365
433 0.925741
434 0.960086
435 1.02055
436 1.04479
437 0.965543
438 0.956628
439 0.96974
440 1.01667
441 0.958434
442 1.21256
443 0.928697
444 0.972741
445 0.948325
446 0.891004
447 0.938583
448 1.03025
449 0.989365
450 0.929991
451 0.929514
452 0.890377
453 1.04426
454 0.96274
455 0.888455
456 0.985186
457 0.998544
458 0.975369
459 1.00081
460 0.936333
461 0.983782
462 0.96409
463 0.960349
464 0.954546
465 1.01762
466 0.893996
467 0.985176
468 0.918883
469 0.957366
470 0.979259
471 0.895553
472 0.915885
473 0.950955
474 0.94
475 0.947988
476 0.988806
477 0.956709
478 0.907396
479 0.901682
480 0.916892
481 0.912983
482 0.914659
483 0.926895
484 0.891006
485 0.924531
486 1.00659
487 0.93016
488 0.942965
489 1.02832
490 0.969664
491 0.91922
492 0.923986
493 0.894812
494 0.952966
495 0.897462
496 0.994555
497 0.871989
498 0.930927
499 0.901421
500 0.936534
501 0.918901
502 0.901757
503 0.914691
504 0.937141
505 0.893313
506 0.912421
507 0.866969
508 0.948862
509 0.86294
510 0.865145
511 0.999294
512 1.00154
513 0.909658
514 0.984137
515 0.945296
516 0.938653
517 0.868231
518 0.912343
519 0.898201
520 0.931274
521 0.90704
522 0.901981
523 0.875859
524 0.956045
525 0.922771
526 0.85694
527 0.943302
528 0.905944
529 0.956039
530 0.942931
531 0.94027
532 1.00972
533 0.98138
534 0.92922
535 0.902427
536 0.908068
537 0.872279
538 0.930994
539 0.901397
540 0.892973
541 0.890544
542 0.907498
543 0.978064
544 0.919445
545 0.895783
546 0.939507
547 0.874463
548 0.907308
549 0.914144
550 0.879134
551 0.896074
552 0.94976
553 0.886765
554 1.06155
555 0.971282
556 0.868981
557 0.879876
558 0.895154
559 0.874491
560 0.869325
561 0.950598
562 0.931038
563 0.935258
564 0.891819
565 0.869686
566 0.861255
567 0.854997
568 0.896904
569 0.964556
570 0.926777
571 0.850996
572 0.91893
573 0.915492
574 0.938272
575 0.964801
576 0.907113
577 0.858429
578 0.872082
579 0.866514
580 0.858575
581 0.968744
582 0.840479
583 0.881384
584 0.920619
585 0.865604
586 0.877249
587 0.938126
588 0.918874
589 0.890674
590 0.856014
591 0.878424
592 0.879676
593 0.912903
594 0.915161
595 0.91041
596 0.858554
597 0.907547
598 0.842323
599 1.00266
600 0.932179
601 0.936227
602 0.883944
603 0.92007
604 0.976951
605 0.961191
606 0.941128
607 0.927187
608 0.875891
609 0.835874
610 0.877711
611 0.928298
612 0.842789
613 0.828404
614 0.928506
615 0.93139
616 0.83892
617 0.929108
618 0.864809
619 0.854533
620 0.826488
621 0.862579
622 0.899818
623 0.835809
624 0.909935
625 0.835347
626 0.855473
627 0.851748
628 0.931331
629 0.832766
630 0.841948
631 0.822807
632 0.829063
633 0.875528
634 0.803991
635 0.803225
636 0.795131
637 0.824405
638 0.777385
639 0.799002
640 0.780081
641 0.909683
642 0.872171
643 0.842493
644 0.866151
645 0.841207
646 0.832387
647 0.825243
648 0.888435
649 0.900234
650 0.860188
651 0.859639
652 0.87666
653 0.862415
654 0.893517
655 0.872488
656 0.985422
657 0.848026
658 0.868374
659 0.807677
660 0.823279
661 0.902833
662 0.840277
663 0.804069
664 0.863545
665 0.815425
666 0.809592
667 0.953091
668 0.834718
669 0.848347
670 0.844926
671 0.890148
672 0.868296
673 0.867344
674 0.849958
675 0.858805
676 0.851679
677 0.853949
678 0.849715
679 0.872956
680 0.840783
681 0.859304
682 0.841316
683 0.867643
684 0.844099
685 0.804473
686 0.860655
687 0.87648
688 0.871213
689 0.823188
690 0.846511
691 0.850489
692 0.815587
693 0.789454
694 0.808549
695 0.778973
696 0.834406
697 0.866089
698 0.835674
699 0.835857
700 0.893537
701 0.809135
702 0.8534
703 0.878481
704 0.819182
705 0.820632
706 0.831145
707 0.80292
708 0.813587
709 0.833809
710 0.901836
711 0.852331
712 0.803684
713 0.81398
714 0.822236
715 0.844401
716 0.80247
717 0.816211
718 0.817829
719 0.770708
720 0.83286
721 0.815777
722 0.876533
723 0.799337
724 0.801619
725 0.908149
726 0.874787
727 0.812912
728 0.842276
729 0.835001
730 0.837138
731 0.768187
732 0.786864
733 0.861016
734 0.812596
735 0.848888
736 0.817084
737 0.772187
738 0.836231
739 0.854572
740 0.748625
741 0.827358
742 0.813402
743 0.825036
744 0.81674
745 0.872968
746 0.830718
747 0.862104
748 0.870766
749 0.804202
750 0.811417
751 0.782904
752 0.850141
753 0.841838
754 0.750268
755 0.778442
756 0.847039
757 0.865716
758 0.864735
759 0.783017
760 0.793401
761 0.792994
762 0.795843
763 0.808604
764 0.82782
765 0.805581
766 0.829232
767 0.843955
768 0.850695
769 0.862319
770 0.814759
771 0.818927
772 0.800641
773 0.780003
774 0.779771
775 0.879678
776 0.825553
777 0.839218
778 0.7845
779 0.783875
780 0.794302
781 0.767227
782 0.810842
783 0.868691
784 0.831846
785 0.803877
786 0.819263
787 0.857998
788 0.862689
789 0.873328
790 0.811465
791 0.757631
792 0.805398
793 0.828367
794 0.808243
795 0.824662
796 0.776971
797 0.834439
798 0.83199
799 0.785973
800 0.820407
801 0.810756
802 0.841841
803 0.81023
804 0.783346
805 0.782066
806 0.841312
807 0.856393
808 0.794637
809 0.824903
810 0.777397
811 0.792362
812 0.773942
813 0.890091
814 0.767203
815 0.833789
816 0.865107
817 0.779406
818 0.90636
819 0.808247
820 0.786564
821 0.760611
822 0.822494
823 0.780593
824 0.760289
825 0.815204
826 0.747708
827 0.754584
828 0.914723
829 0.795747
830 0.74214
831 0.827414
832 0.794914
833 0.743815
834 0.784348
835 0.756966
836 0.782065
837 0.80804
838 0.794303
839 0.749006
840 0.74821
841 0.790359
842 0.790439
843 0.782994
844 0.779229
845 0.740713
846 0.783335
847 0.796795
848 0.735052
849 0.702039
850 0.729647
851 0.75589
852 0.697352
853 0.730456
854 0.726947
855 0.804293
856 0.758624
857 0.787085
858 0.784287
859 0.726162
860 0.779069
861 0.756107
862 0.827549
863 0.768154
864 0.795176
865 0.770328
866 0.804537
867 0.830786
868 0.782026
869 0.788982
870 0.847927
871 0.766361
872 0.77942
873 0.737894
874 0.733632
875 0.886942
876 0.754863
877 0.744838
878 0.779158
879 0.748195
880 0.731026
881 0.811447
882 0.763573
883 0.75244
884 0.859976
885 0.811313
886 0.760447
887 0.756683
888 0.737279
889 0.788134
890 0.772289
891 0.781181
892 0.750094
893 0.764014
894 0.777308
895 0.751381
896 0.763526
897 0.769508
898 0.764938
899 0.711526
900 0.780521
901 0.786809
902 0.795108
903 0.745567
904 0.785946
905 0.789195
906 0.723356
907 0.737968
908 0.741511
909 0.705269
910 0.729863
911 0.769062
912 0.739392
913 0.75293
914 0.787882
915 0.735417
916 0.822879
917 0.765865
918 0.725095
919 0.735365
920 0.78888
921 0.737844
922 0.733874
923 0.756331
924 0.765721
925 0.722738
926 0.705723
927 0.749714
928 0.768668
929 0.767663
930 0.739326
931 0.723518
932 0.726996
933 0.713625
934 0.728994
935 0.743757
936 0.757097
937 0.727332
938 0.748212
939 0.835323
940 0.847576
941 0.73354
942 0.74553
943 0.765469
944 0.753023
945 0.731014
946 0.740432
947 0.805053
948 0.711477
949 0.748846
950 0.721127
951 0.732958
952 0.745716
953 0.761005
954 0.695395
955 0.75379
956 0.733529
957 0.751079
958 0.75662
959 0.761424
960 0.760438
961 0.746095
962 0.745124
963 0.732228
964 0.738365
965 0.706827
966 0.743932
967 0.759596
968 0.722563
969 0.697756
970 0.774013
971 0.798217
972 0.74936
973 0.746867
974 0.76725
975 0.721743
976 0.766652
977 0.686728
978 0.713357
979 0.729478
980 0.733937
981 0.735819
982 0.756769
983 0.768916
984 0.698259
985 0.741346
986 0.710757
987 0.70958
988 0.707999
989 0.803972
990 0.756875
991 0.753955
992 0.680819
993 0.696862
994 0.720827
995 0.731422
996 0.73182
997 0.791798
998 0.748111
999 0.700701
1000 0.712277
1001 0.783165
1002 0.733821
1003 0.763149
1004 0.725691
1005 0.689267
1006 0.748667
1007 0.734689
1008 0.72835
1009 0.755208
1010 0.687356
1011 0.738492
1012 0.74593
1013 0.752167
1014 0.717276
1015 0.728241
1016 0.770695
1017 0.688499
1018 0.72028
1019 0.686724
1020 0.756906
1021 0.746417
1022 0.781839
1023 0.737943
1024 0.704887
1025 0.718419
1026 0.734694
1027 0.782232
1028 0.715284
1029 0.805393
1030 0.78201
1031 0.72206
1032 0.778441
1033 0.725648
1034 0.680448
1035 0.692004
1036 0.739088
1037 0.719735
1038 0.717278
1039 0.749579
1040 0.705923
1041 0.699598
1042 0.850538
1043 0.74139
1044 0.690406
1045 0.744848
1046 0.737058
1047 0.723219
1048 0.684925
1049 0.679603
1050 0.724849
1051 0.72274
1052 0.697436
1053 0.721771
1054 0.713812
1055 0.690694
1056 0.721504
1057 0.673587
1058 0.697926
1059 0.68733
1060 0.684512
1061 0.722462
1062 0.699211
1063 0.663242
1064 0.684843
1065 0.681613
1066 0.645034
1067 0.681116
1068 0.646197
1069 0.845243
1070 0.684811
1071 0.704619
1072 0.719204
1073 0.673297
1074 0.68782
1075 0.670139
1076 0.743238
1077 0.721616
1078 0.713932
1079 0.721373
1080 0.714895
1081 0.738155
1082 0.708811
1083 0.762667
1084 0.729882
1085 0.700496
1086 0.714919
1087 0.713865
1088 0.687708
1089 0.784108
1090 0.714121
1091 0.699892
1092 0.692937
1093 0.676552
1094 0.696547
1095 0.732423
1096 0.688775
1097 0.687902
1098 0.767379
1099 0.701389
1100 0.708376
1101 0.73039
1102 0.694834
1103 0.698071
1104 0.715379
1105 0.732243
1106 0.683069
1107 0.725793
1108 0.684739
1109 0.723124
1110 0.674158
1111 0.750378
1112 0.707841
1113 0.684844
1114 0.70463
1115 0.698375
1116 0.754725
1117 0.683848
1118 0.733305
1119 0.695235
1120 0.672301
1121 0.701224
1122 0.691087
1123 0.657657
1124 0.678384
1125 0.698103
1126 0.644956
1127 0.714345
1128 0.727017
1129 0.671977
1130 0.738296
1131 0.725981
1132 0.649909
1133 0.690225
1134 0.680649
1135 0.682179
1136 0.699922
1137 0.714692
1138 0.668128
1139 0.666395
1140 0.648594
1141 0.720696
1142 0.684267
1143 0.673298
1144 0.667392
1145 0.661977
1146 0.659392
1147 0.672144
1148 0.657218
1149 0.722444
1150 0.673999
1151 0.650733
1152 0.688362
1153 0.76952
1154 0.743494
1155 0.695602
1156 0.693903
1157 0.688441
1158 0.687028
1159 0.644624
1160 0.650367
1161 0.695867
1162 0.684565
1163 0.716451
1164 0.65644
1165 0.717697
1166 0.688406
1167 0.656637
1168 0.674406
1169 0.672974
1170 0.676912
1171 0.711497
1172 0.677065
1173 0.701517
1174 0.686189
1175 0.689368
1176 0.694999
1177 0.665895
1178 0.669874
1179 0.679766
1180 0.6742
1181 0.684318
1182 0.672451
1183 0.635668
1184 0.701868
1185 0.724216
1186 0.717184
1187 0.652223
1188 0.712329
1189 0.652126
1190 0.700151
1191 0.668308
1192 0.663824
1193 0.691446
1194 0.695778
1195 0.703268
1196 0.655434
1197 0.738787
1198 0.65857
1199 0.651249
1200 0.680015
1201 0.643916
1202 0.640177
1203 0.73102
1204 0.671317
1205 0.674205
1206 0.662395
1207 0.659186
1208 0.647639
1209 0.678067
1210 0.67168
1211 0.70528
1212 0.652835
1213 0.66924
1214 0.639102
1215 0.75374
1216 0.64332
1217 0.685628
1218 0.631333
1219 0.665616
1220 0.658304
1221 0.67363
1222 0.651756
1223 0.685619
1224 0.654668
1225 0.665794
1226 0.678566
1227 0.718165
1228 0.68195
1229 0.678777
1230 0.699909
1231 0.629034
1232 0.664783
1233 0.667305
1234 0.70822
1235 0.694574
1236 0.703961
1237 0.667489
1238 0.670407
1239 0.685782
1240 0.680049
1241 0.695969
1242 0.646363
1243 0.720625
1244 0.711583
1245 0.662136
1246 0.675682
1247 0.684127
1248 0.638209
1249 0.676591
1250 0.655133
1251 0.657623
1252 0.687411
1253 0.684548
1254 0.628952
1255 0.646019
1256 0.761811
1257 0.670908
1258 0.665877
1259 0.639117
1260 0.660676
1261 0.653385
1262 0.664534
1263 0.640374
1264 0.631909
1265 0.669549
1266 0.637769
1267 0.634209
1268 0.639636
1269 0.653987
1270 0.660667
1271 0.623102
1272 0.652487
1273 0.626532
1274 0.664563
1275 0.665107
1276 0.631585
1277 0.601654
1278 0.605056
1279 0.61717
1280 0.590389
1281 0.634153
1282 0.65769
1283 0.68946
1284 0.659837
1285 0.645714
1286 0.640214
1287 0.641425
1288 0.646389
1289 0.609397
1290 0.706333
1291 0.671234
1292 0.677143
1293 0.644519
1294 0.658918
1295 0.712383
1296 0.64146
1297 0.698288
1298 0.651263
1299 0.646341
1300 0.640738
1301 0.61587
1302 0.672301
1303 0.690777
1304 0.616227
1305 0.641381
1306 0.628374
1307 0.620772
1308 0.653151
1309 0.676024
1310 0.635241
1311 0.648825
1312 0.684177
1313 0.648749
1314 0.669084
1315 0.620676
1316 0.651879
1317 0.626944
1318 0.627814
1319 0.687265
1320 0.637711
1321 0.644526
1322 0.652501
1323 0.649065
1324 0.637898
1325 0.661961
1326 0.610619
1327 0.632714
1328 0.64477
1329 0.641744
1330 0.653032
1331 0.623546
1332 0.673032
1333 0.635514
1334 0.607049
1335 0.617365
1336 0.643686
1337 0.598123
1338 0.653808
1339 0.634321
1340 0.600647
1341 0.643262
1342 0.657938
1343 0.610771
1344 0.699036
1345 0.655616
1346 0.64025
1347 0.647931
1348 0.607814
1349 0.634815
1350 0.645226
1351 0.672746
1352 0.595045
1353 0.63248
1354 0.604213
1355 0.628295
1356 0.645371
1357 0.620836
1358 0.603988
1359 0.640229
1360 0.622493
1361 0.61073
1362 0.613557
1363 0.673474
1364 0.627782
1365 0.591837
1366 0.627128
1367 0.686416
1368 0.642885
1369 0.653046
1370 0.617966
1371 0.639918
1372 0.624204
1373 0.601125
1374 0.600477
1375 0.656153
1376 0.623353
1377 0.637456
1378 0.606061
1379 0.586237
1380 0.614821
1381 0.619304
1382 0.63136
1383 0.636307
1384 0.633909
1385 0.663877
1386 0.641705
1387 0.682966
1388 0.624903
1389 0.598728
1390 0.617227
1391 0.626467
1392 0.602696
1393 0.613094
1394 0.598545
1395 0.607007
1396 0.601705
1397 0.610224
1398 0.625445
1399 0.684242
1400 0.616303
1401 0.598695
1402 0.69768
1403 0.605683
1404 0.646727
1405 0.615514
1406 0.596192
1407 0.604841
1408 0.604608
1409 0.660579
1410 0.615243
1411 0.648174
1412 0.595229
1413 0.60352
1414 0.606731
1415 0.585034
1416 0.582913
1417 0.672687
1418 0.639687
1419 0.616494
1420 0.613081
1421 0.616021
1422 0.640867
1423 0.621484
1424 0.629594
1425 0.608756
1426 0.585981
1427 0.640327
1428 0.601585
1429 0.67732
1430 0.652351
1431 0.70941
1432 0.606174
1433 0.614338
1434 0.600267
1435 0.647091
1436 0.618418
1437 0.628854
1438 0.613361
1439 0.626977
1440 0.610032
1441 0.634717
1442 0.624145
1443 0.613179
1444 0.653677
1445 0.57622
1446 0.624862
1447 0.605138
1448 0.670157
1449 0.616672
1450 0.633446
1451 0.597409
1452 0.600188
1453 0.594257
1454 0.663496
1455 0.638973
1456 0.621538
1457 0.632487
1458 0.667121
1459 0.606359
1460 0.673252
1461 0.593088
1462 0.567811
1463 0.612721
1464 0.598214
1465 0.592015
1466 0.606319
1467 0.649095
1468 0.570894
1469 0.60699
1470 0.682343
1471 0.613793
1472 0.603835
1473 0.627821
1474 0.607843
1475 0.578982
1476 0.604714
1477 0.603904
1478 0.596026
1479 0.629519
1480 0.583509
1481 0.612655
1482 0.586953
1483 0.604362
1484 0.621112
1485 0.587316
1486 0.59537
1487 0.636736
1488 0.606448
1489 0.586079
1490 0.578169
1491 0.572399
1492 0.58149
1493 0.575437
1494 0.554664
1495 0.580997
1496 0.639245
1497 0.641998
1498 0.597444
1499 0.604556
1500 0.575541
1501 0.558946
1502 0.574693
1503 0.572953
1504 0.664288
1505 0.600601
1506 0.568152
1507 0.584653
1508 0.605884
1509 0.637568
1510 0.587113
1511 0.648426
1512 0.61405
1513 0.615609
1514 0.576052
1515 0.55749
1516 0.602957
1517 0.681678
1518 0.548586
1519 0.583556
1520 0.571596
1521 0.585738
1522 0.625952
1523 0.589498
1524 0.57737
1525 0.605556
1526 0.654203
1527 0.605212
1528 0.607541
1529 0.55427
1530 0.590044
1531 0.585226
1532 0.590823
1533 0.592274
1534 0.563394
1535 0.575359
1536 0.580847
1537 0.569489
1538 0.579919
1539 0.604368
1540 0.599632
1541 0.55079
1542 0.583135
1543 0.600943
1544 0.592953
1545 0.578498
1546 0.612856
1547 0.595243
1548 0.571439
1549 0.564088
1550 0.574418
1551 0.562238
1552 0.606134
1553 0.623228
1554 0.579615
1555 0.6004
1556 0.576988
1557 0.578573
1558 0.641282
1559 0.587278
1560 0.563576
1561 0.629711
1562 0.57772
1563 0.582649
1564 0.59169
1565 0.587402
1566 0.567227
1567 0.553412
1568 0.566938
1569 0.594357
1570 0.598806
1571 0.567642
1572 0.545502
1573 0.564308
1574 0.555221
1575 0.556124
1576 0.56345
1577 0.614477
1578 0.59294
1579 0.547667
1580 0.651081
1581 0.664888
1582 0.668038
1583 0.684225
1584 0.644613
1585 0.583733
1586 0.59377
1587 0.552202
1588 0.581495
1589 0.613446
1590 0.562034
1591 0.593342
1592 0.564204
1593 0.5748
1594 0.591291
1595 0.549593
1596 0.584281
1597 0.567395
1598 0.584257
1599 0.605488
1600 0.56554
1601 0.618169
1602 0.581898
1603 0.573327
1604 0.572247
1605 0.573257
1606 0.536768
1607 0.569316
1608 0.580133
1609 0.545329
1610 0.534266
1611 0.566595
1612 0.584563
1613 0.608849
1614 0.573654
1615 0.595834
1616 0.547309
1617 0.563646
1618 0.594747
1619 0.566751
1620 0.55862
1621 0.546095
1622 0.58981
1623 0.610576
1624 0.586069
1625 0.58223
1626 0.543225
1627 0.574694
1628 0.579266
1629 0.545352
1630 0.593054
1631 0.628009
1632 0.585048
1633 0.586189
1634 0.566619
1635 0.567122
1636 0.568569
1637 0.572662
1638 0.576943
1639 0.603354
1640 0.554615
1641 0.576935
1642 0.560271
1643 0.63003
1644 0.59877
1645 0.579335
1646 0.533074
1647 0.600402
1648 0.537305
1649 0.580041
1650 0.586574
1651 0.566627
1652 0.566893
1653 0.581316
1654 0.55251
1655 0.564003
1656 0.586851
1657 0.563854
1658 0.596203
1659 0.543683
1660 0.562486
1661 0.563901
1662 0.588574
1663 0.584605
1664 0.567662
1665 0.555673
1666 0.588148
1667 0.565753
1668 0.62647
1669 0.572261
1670 0.607378
1671 0.584136
1672 0.576709
1673 0.5595
1674 0.592035
1675 0.560089
1676 0.538881
1677 0.578028
1678 0.552695
1679 0.556857
1680 0.575103
1681 0.564847
1682 0.53204
1683 0.564226
1684 0.61162
1685 0.541655
1686 0.551493
1687 0.568101
1688 0.560698
1689 0.555701
1690 0.536651
1691 0.556998
1692 0.577945
1693 0.548191
1694 0.528928
1695 0.545674
1696 0.525894
1697 0.562312
1698 0.558372
1699 0.541251
1700 0.54898
1701 0.557655
1702 0.55459
1703 0.546798
1704 0.52277
1705 0.518378
1706 0.530041
1707 0.516378
1708 0.524291
1709 0.526334
1710 0.60044
1711 0.583658
1712 0.5426
1713 0.561291
1714 0.533918
1715 0.544045
1716 0.535229
1717 0.544072
1718 0.612186
1719 0.590093
1720 0.56194
1721 0.556859
1722 0.552767
1723 0.570512
1724 0.530623
1725 0.629501
1726 0.527573
1727 0.57183
1728 0.544346
1729 0.520485
1730 0.560599
1731 0.643771
1732 0.570271
1733 0.557049
1734 0.541425
1735 0.555539
1736 0.596934
1737 0.560414
1738 0.530922
1739 0.553287
1740 0.556516
1741 0.55046
1742 0.538242
1743 0.544404
1744 0.556852
1745 0.563581
1746 0.550746
1747 0.538299
1748 0.567531
1749 0.551502
1750 0.5299
1751 0.535095
1752 0.546088
1753 0.558189
1754 0.514106
1755 0.532643
1756 0.563815
1757 0.553445
1758 0.540061
1759 0.559096
1760 0.56523
1761 0.521177
1762 0.52654
1763 0.540407
1764 0.527972
1765 0.531986
1766 0.565927
1767 0.53551
1768 0.536068
1769 0.55079
1770 0.564641
1771 0.547306
1772 0.585804
1773 0.542375
1774 0.502352
1775 0.568868
1776 0.514679
1777 0.556042
1778 0.513115
1779 0.614459
1780 0.529393
1781 0.532662
1782 0.523297
1783 0.554633
1784 0.529407
1785 0.532467
1786 0.520002
1787 0.544573
1788 0.507288
1789 0.525839
1790 0.534255
1791 0.550187
1792 0.533061
1793 0.49994
1794 0.618572
1795 0.546289
1796 0.566951
1797 0.572363
1798 0.535116
1799 0.557836
1800 0.502458
1801 0.518912
1802 0.514569
1803 0.555624
1804 0.515622
1805 0.538378
1806 0.522914
1807 0.524969
1808 0.566956
1809 0.509147
1810 0.540263
1811 0.522183
1812 0.532257
1813 0.542264
1814 0.524964
1815 0.565207
1816 0.517052
1817 0.545182
1818 0.539879
1819 0.538973
1820 0.516046
1821 0.53691
1822 0.511039
1823 0.508859
1824 0.505556
1825 0.53798
1826 0.56046
1827 0.546022
1828 0.535193
1829 0.551078
1830 0.534708
1831 0.506048
1832 0.541115
1833 0.517606
1834 0.504381
1835 0.525584
1836 0.514494
1837 0.583145
1838 0.534072
1839 0.541852
1840 0.506429
1841 0.564669
1842 0.521765
1843 0.505741
1844 0.577106
1845 0.531111
1846 0.575766
1847 0.538821
1848 0.539244
1849 0.519336
1850 0.522497
1851 0.523496
1852 0.556455
1853 0.510884
1854 0.531772
1855 0.507104
1856 0.528926
1857 0.525819
1858 0.555857
1859 0.542263
1860 0.514305
1861 0.542998
1862 0.522564
1863 0.54573
1864 0.555145
1865 0.492717
1866 0.539798
1867 0.548926
1868 0.533145
1869 0.571372
1870 0.544591
1871 0.547051
1872 0.552227
1873 0.503142
1874 0.524681
1875 0.563008
1876 0.544313
1877 0.560873
1878 0.519017
1879 0.503724
1880 0.524507
1881 0.512088
1882 0.564838
1883 0.533496
1884 0.551674
1885 0.537824
1886 0.544022
1887 0.529154
1888 0.535896
1889 0.494587
1890 0.492205
1891 0.545973
1892 0.52421
1893 0.496996
1894 0.557388
1895 0.520589
1896 0.480511
1897 0.539698
1898 0.548843
1899 0.511829
1900 0.527607
1901 0.522572
1902 0.517614
1903 0.489095
1904 0.507398
1905 0.518969
1906 0.502216
1907 0.538556
1908 0.527113
1909 0.49962
1910 0.520672
1911 0.530484
1912 0.491729
1913 0.51469
1914 0.493343
1915 0.495614
1916 0.533058
1917 0.48438
1918 0.518924
1919 0.487114
1920 0.502752
1921 0.465401
1922 0.482595
1923 0.501275
1924 0.551167
1925 0.513126
1926 0.492383
1927 0.526306
1928 0.50495
1929 0.500671
1930 0.485612
1931 0.534386
1932 0.529059
1933 0.526151
1934 0.491771
1935 0.509033
1936 0.516688
1937 0.564691
1938 0.504106
1939 0.61286
1940 0.492406
1941 0.533365
1942 0.47913
1943 0.497638
1944 0.531922
1945 0.535242
1946 0.473521
1947 0.502366
1948 0.52829
1949 0.49737
1950 0.542633
1951 0.501349
1952 0.489445
1953 0.508444
1954 0.52305
1955 0.50379
1956 0.502818
1957 0.500449
1958 0.520634
1959 0.511217
1960 0.519693
1961 0.493996
1962 0.506073
1963 0.489472
1964 0.528457
1965 0.518303
1966 0.529954
1967 0.52125
1968 0.490291
1969 0.503483
1970 0.50127
1971 0.509137
1972 0.477432
1973 0.499937
1974 0.543471
1975 0.480542
1976 0.486548
1977 0.499323
1978 0.489357
1979 0.490878
1980 0.508869
1981 0.505123
1982 0.516823
1983 0.510002
1984 0.489004
1985 0.488292
1986 0.528848
1987 0.498055
1988 0.500033
1989 0.52255
1990 0.487044
1991 0.499091
1992 0.490046
1993 0.519854
1994 0.474231
1995 0.491387
1996 0.488929
1997 0.508313
1998 0.51216
1999 0.504461
2000 0.483607
2001 0.499424
2002 0.477975
2003 0.509446
2004 0.521191
2005 0.515722
2006 0.514533
2007 0.480689
2008 0.576916
2009 0.54912
2010 0.492161
2011 0.527846
2012 0.497612
2013 0.523608
2014 0.465976
2015 0.501875
2016 0.4955
2017 0.497233
2018 0.513453
2019 0.492895
2020 0.47945
2021 0.496358
2022 0.513648
2023 0.474079
2024 0.493992
2025 0.506482
2026 0.514162
2027 0.498869
2028 0.501403
2029 0.498546
2030 0.52195
2031 0.551224
2032 0.495869
2033 0.500127
2034 0.49902
2035 0.489304
2036 0.496243
2037 0.455871
2038 0.484888
2039 0.498906
2040 0.499694
2041 0.498247
2042 0.503828
2043 0.529163
2044 0.497688
2045 0.504172
2046 0.524911
2047 0.502962
2048 0.482181
2049 0.483096
2050 0.518798
2051 0.509996
2052 0.512618
2053 0.467203
2054 0.503713
2055 0.520388
2056 0.458077
2057 0.476892
2058 0.534055
2059 0.510853
2060 0.530754
2061 0.498406
2062 0.517242
2063 0.481926
2064 0.473957
2065 0.496206
2066 0.51693
2067 0.504199
2068 0.501664
2069 0.47649
2070 0.523392
2071 0.528521
2072 0.530712
2073 0.563568
2074 0.487323
2075 0.498376
2076 0.489571
2077 0.483582
2078 0.499367
2079 0.457456
2080 0.497574
2081 0.502041
2082 0.493556
2083 0.480815
2084 0.499656
2085 0.530877
2086 0.483823
2087 0.5094
2088 0.491314
2089 0.538423
2090 0.490327
2091 0.495197
2092 0.52361
2093 0.459252
2094 0.480852
2095 0.475134
2096 0.56976
2097 0.512631
2098 0.520034
2099 0.539481
2100 0.47717
2101 0.516706
2102 0.494323
2103 0.493375
2104 0.453677
2105 0.509546
2106 0.481555
2107 0.49341
2108 0.495312
2109 0.486907
2110 0.482487
2111 0.514499
2112 0.499701
2113 0.45293
2114 0.489258
2115 0.469901
2116 0.482058
2117 0.475863
2118 0.463122
2119 0.485027
2120 0.480872
2121 0.511501
2122 0.464642
2123 0.472758
2124 0.464898
2125 0.473552
2126 0.459484
2127 0.46491
2128 0.47408
2129 0.463984
2130 0.49498
2131 0.463526
2132 0.453006
2133 0.448016
2134 0.451744
2135 0.447681
2136 0.472784
2137 0.45625
2138 0.519976
2139 0.482749
2140 0.483315
2141 0.490842
2142 0.463443
2143 0.528228
2144 0.474302
2145 0.505611
2146 0.475457
2147 0.485473
2148 0.46979
2149 0.49086
2150 0.510594
2151 0.470284
2152 0.476441
2153 0.535439
2154 0.468725
2155 0.490641
2156 0.455596
2157 0.44989
2158 0.534324
2159 0.467073
2160 0.461006
2161 0.487359
2162 0.453829
2163 0.459912
2164 0.510534
2165 0.476444
2166 0.458181
2167 0.480174
2168 0.459626
2169 0.479276
2170 0.455031
2171 0.462667
2172 0.463879
2173 0.462123
2174 0.501849
2175 0.457157
2176 0.477573
2177 0.464483
2178 0.475449
2179 0.478411
2180 0.468952
2181 0.49079
2182 0.452034
2183 0.462025
2184 0.468053
2185 0.488502
2186 0.454628
2187 0.499716
2188 0.504548
2189 0.487598
2190 0.464767
2191 0.461695
2192 0.444398
2193 0.479796
2194 0.484052
2195 0.453604
2196 0.47424
2197 0.490271
2198 0.44921
2199 0.481452
2200 0.466676
2201 0.461134
2202 0.454833
2203 0.469536
2204 0.482779
2205 0.472299
2206 0.471217
2207 0.478905
2208 0.443999
2209 0.446586
2210 0.472481
2211 0.475699
2212 0.470711
2213 0.455826
2214 0.444626
2215 0.470452
2216 0.462704
2217 0.453775
2218 0.482774
2219 0.475681
2220 0.463473
2221 0.46103
2222 0.555845
2223 0.497625
2224 0.441401
2225 0.477226
2226 0.45431
2227 0.487226
2228 0.445019
2229 0.45718
2230 0.473337
2231 0.459736
2232 0.46211
2233 0.452963
2234 0.456306
2235 0.472924
2236 0.466378
2237 0.440014
2238 0.44428
2239 0.489515
2240 0.493592
2241 0.461136
2242 0.502435
2243 0.480882
2244 0.471816
2245 0.489453
2246 0.484333
2247 0.464532
2248 0.452681
2249 0.473034
2250 0.47733
2251 0.436588
2252 0.458123
2253 0.468068
2254 0.49014
2255 0.451667
2256 0.464702
2257 0.45708
2258 0.472189
2259 0.473499
2260 0.440011
2261 0.448786
2262 0.458731
2263 0.465704
2264 0.462756
2265 0.467395
2266 0.493582
2267 0.4357
2268 0.473299
2269 0.452524
2270 0.448623
2271 0.442809
2272 0.480367
2273 0.471152
2274 0.473604
2275 0.460027
2276 0.460537
2277 0.439029
2278 0.473536
2279 0.464316
2280 0.48658
2281 0.475584
2282 0.466413
2283 0.440176
2284 0.489085
2285 0.482661
2286 0.486785
2287 0.463555
2288 0.456042
2289 0.461241
2290 0.461451
2291 0.470719
2292 0.47067
2293 0.456119
2294 0.47025
2295 0.45151
2296 0.494439
2297 0.467395
2298 0.472915
2299 0.485034
2300 0.446788
2301 0.45509
2302 0.450412
2303 0.492289
2304 0.478609
2305 0.464925
2306 0.464189
2307 0.455052
2308 0.448756
2309 0.445255
2310 0.505112
2311 0.446907
2312 0.493344
2313 0.482727
2314 0.435354
2315 0.495278
2316 0.451153
2317 0.452537
2318 0.418643
2319 0.49837
2320 0.43752
2321 0.502162
2322 0.469755
2323 0.440457
2324 0.436935
2325 0.511256
2326 0.473013
2327 0.436863
2328 0.482234
2329 0.448695
2330 0.432296
2331 0.463663
2332 0.43509
2333 0.457278
2334 0.447515
2335 0.453533
2336 0.448929
2337 0.45587
2338 0.444725
2339 0.452242
2340 0.446981
2341 0.440083
2342 0.433076
2343 0.425293
2344 0.440947
2345 0.454977
2346 0.420515
2347 0.415085
2348 0.441467
2349 0.415633
2350 0.441321
2351 0.410854
2352 0.533104
2353 0.449071
2354 0.449956
2355 0.43865
2356 0.426892
2357 0.423392
2358 0.438144
2359 0.472344
2360 0.438452
2361 0.446726
2362 0.454801
2363 0.472016
2364 0.480513
2365 0.455491
2366 0.440599
2367 0.471505
2368 0.42912
2369 0.463864
2370 0.446793
2371 0.41896
2372 0.495088
2373 0.42949
2374 0.429699
2375 0.446225
2376 0.449
2377 0.416237
2378 0.500154
2379 0.447902
2380 0.430283
2381 0.47504
2382 0.462295
2383 0.439959
2384 0.44097
2385 0.425827
2386 0.436207
2387 0.429909
2388 0.465788
2389 0.466822
2390 0.464161
2391 0.429814
2392 0.450463
2393 0.427902
2394 0.456542
2395 0.453782
2396 0.419886
2397 0.435085
2398 0.467575
2399 0.464749
2400 0.431866
2401 0.467822
2402 0.463472
2403 0.42703
2404 0.427163
2405 0.446877
2406 0.408249
2407 0.448759
2408 0.465927
2409 0.436009
2410 0.458548
2411 0.43863
2412 0.415492
2413 0.479599
2414 0.451889
2415 0.422554
2416 0.433419
2417 0.452665
2418 0.441032
2419 0.4362
2420 0.458183
2421 0.4415
2422 0.415781
2423 0.415106
2424 0.438435
2425 0.43212
2426 0.468365
2427 0.423612
2428 0.431026
2429 0.427841
2430 0.416064
2431 0.444257
2432 0.45453
2433 0.440832
2434 0.427905
2435 0.436893
2436 0.487458
2437 0.478262
2438 0.437242
2439 0.460474
2440 0.47486
2441 0.45528
2442 0.405769
2443 0.441878
2444 0.454657
2445 0.424305
2446 0.428272
2447 0.421496
2448 0.432821
2449 0.434879
2450 0.429363
2451 0.409517
2452 0.448168
2453 0.419775
2454 0.451531
2455 0.45069
2456 0.477742
2457 0.431096
2458 0.431072
2459 0.434147
2460 0.443759
2461 0.421445
2462 0.422007
2463 0.431667
2464 0.42414
2465 0.412567
2466 0.410151
2467 0.444344
2468 0.479982
2469 0.422853
2470 0.43905
2471 0.459464
2472 0.418014
2473 0.446189
2474 0.42317
2475 0.446698
2476 0.429421
2477 0.437863
2478 0.447436
2479 0.429367
2480 0.477021
2481 0.414693
2482 0.424387
2483 0.450135
2484 0.402028
2485 0.418677
2486 0.504254
2487 0.418811
2488 0.440438
2489 0.410804
2490 0.400273
2491 0.407232
2492 0.423513
2493 0.428796
2494 0.446117
2495 0.420121
2496 0.425929
2497 0.438262
2498 0.44098
2499 0.455763
2500 0.470525
2501 0.399889
2502 0.447844
2503 0.433778
2504 0.433973
2505 0.424961
2506 0.431349
2507 0.406689
2508 0.421841
2509 0.435264
2510 0.439078
2511 0.418274
2512 0.448072
2513 0.42518
2514 0.429281
2515 0.435114
2516 0.438561
2517 0.452387
2518 0.43187
2519 0.421722
2520 0.429028
2521 0.421192
2522 0.424405
2523 0.431752
2524 0.446413
2525 0.408018
2526 0.466279
2527 0.454989
2528 0.417418
2529 0.428011
2530 0.411054
2531 0.403314
2532 0.441724
2533 0.438875
2534 0.401952
2535 0.443026
2536 0.430426
2537 0.400748
2538 0.425077
2539 0.464276
2540 0.419791
2541 0.414586
2542 0.433417
2543 0.443547
2544 0.404866
2545 0.427002
2546 0.408975
2547 0.42447
2548 0.436592
2549 0.40508
2550 0.437439
2551 0.415539
2552 0.423629
2553 0.420368
2554 0.400834
2555 0.413221
2556 0.405794
2557 0.399795
2558 0.409686
2559 0.416925
2560 0.403737
2561 0.400868
2562 0.393375
2563 0.381576
2564 0.443117
2565 0.394866
2566 0.483222
2567 0.407564
2568 0.451577
2569 0.431011
2570 0.393707
2571 0.403275
2572 0.421209
2573 0.431803
2574 0.408543
2575 0.413058
2576 0.423641
2577 0.435243
2578 0.454039
2579 0.416714
2580 0.466975
2581 0.416469
2582 0.433522
2583 0.421615
2584 0.405713
2585 0.413024
2586 0.479359
2587 0.410401
2588 0.411098
2589 0.422431
2590 0.429166
2591 0.41721
2592 0.432447
2593 0.42787
2594 0.417122
2595 0.428841
2596 0.406634
2597 0.438369
2598 0.410992
2599 0.391064
2600 0.41125
2601 0.422513
2602 0.432249
2603 0.405348
2604 0.451629
2605 0.415771
2606 0.410499
2607 0.407509
2608 0.431992
2609 0.425278
2610 0.39701
2611 0.440541
2612 0.420327
2613 0.420356
2614 0.416491
2615 0.417031
2616 0.453903
2617 0.390389
2618 0.416278
2619 0.409765
2620 0.385231
2621 0.440758
2622 0.415237
2623 0.406041
2624 0.46029
2625 0.411166
2626 0.407077
2627 0.47454
2628 0.416114
2629 0.392457
2630 0.424857
2631 0.40421
2632 0.420463
2633 0.414315
2634 0.407537
2635 0.401553
2636 0.395495
2637 0.379177
2638 0.416743
2639 0.424512
2640 0.389025
2641 0.399709
2642 0.411638
2643 0.406505
2644 0.403146
2645 0.38595
2646 0.459658
2647 0.450291
2648 0.38823
2649 0.413618
2650 0.467083
2651 0.453641
2652 0.41895
2653 0.405701
2654 0.427835
2655 0.422384
2656 0.394661
2657 0.413304
2658 0.402751
2659 0.411316
2660 0.428362
2661 0.401142
2662 0.421558
2663 0.410996
2664 0.403694
2665 0.405788
2666 0.403978
2667 0.402613
2668 0.419542
2669 0.412145
2670 0.429265
2671 0.415838
2672 0.390251
2673 0.418947
2674 0.392295
2675 0.40223
2676 0.399368
2677 0.404026
2678 0.405562
2679 0.406446
2680 0.409015
2681 0.426358
2682 0.462949
2683 0.428201
2684 0.409897
2685 0.436101
2686 0.40186
2687 0.426405
2688 0.418635
2689 0.401078
2690 0.408125
2691 0.415161
2692 0.430097
2693 0.402716
2694 0.449751
2695 0.389639
2696 0.396025
2697 0.429459
2698 0.410531
2699 0.398342
2700 0.417122
2701 0.423917
2702 0.422488
2703 0.40652
2704 0.415351
2705 0.40713
2706 0.404377
2707 0.433498
2708 0.430283
2709 0.393609
2710 0.400263
2711 0.383356
2712 0.427756
2713 0.421845
2714 0.420654
2715 0.386548
2716 0.399959
2717 0.397612
2718 0.420907
2719 0.399929
2720 0.411805
2721 0.405637
2722 0.408889
2723 0.393842
2724 0.419327
2725 0.406141
2726 0.402213
2727 0.449661
2728 0.376813
2729 0.412026
2730 0.389292
2731 0.464419
2732 0.436246
2733 0.415648
2734 0.410982
2735 0.404462
2736 0.376683
2737 0.428971
2738 0.41438
2739 0.390356
2740 0.442653
2741 0.406555
2742 0.393064
2743 0.450345
2744 0.395433
2745 0.404029
2746 0.412038
2747 0.394536
2748 0.382818
2749 0.429174
2750 0.418424
2751 0.381132
2752 0.414749
2753 0.443046
2754 0.398585
2755 0.396772
2756 0.414069
2757 0.393295
2758 0.390617
2759 0.387175
2760 0.406639
2761 0.374022
2762 0.417105
2763 0.384351
2764 0.391819
2765 0.378485
2766 0.380925
2767 0.421262
2768 0.39208
2769 0.404508
2770 0.393663
2771 0.389714
2772 0.400066
2773 0.391502
2774 0.373428
2775 0.371643
2776 0.384393
2777 0.379779
2778 0.385262
2779 0.427637
2780 0.43054
2781 0.416042
2782 0.394166
2783 0.413267
2784 0.379537
2785 0.391537
2786 0.374743
2787 0.442316
2788 0.42082
2789 0.398949
2790 0.40616
2791 0.407421
2792 0.426786
2793 0.388182
2794 0.443567
2795 0.411541
2796 0.386549
2797 0.388592
2798 0.36875
2799 0.380276
2800 0.442662
2801 0.375215
2802 0.371904
2803 0.404235
2804 0.384858
2805 0.400619
2806 0.400321
2807 0.402546
2808 0.382806
2809 0.421567
2810 0.393876
2811 0.385482
2812 0.38083
2813 0.387594
2814 0.37277
2815 0.410594
2816 0.380196
2817 0.394763
2818 0.390939
2819 0.388798
2820 0.405162
2821 0.387434
2822 0.401548
2823 0.377819
2824 0.37059
2825 0.412874
2826 0.400158
2827 0.376521
2828 0.389152
2829 0.416228
2830 0.386956
2831 0.370477
2832 0.378492
2833 0.392199
2834 0.374176
2835 0.401479
2836 0.408343
2837 0.380544
2838 0.410795
2839 0.403373
2840 0.367635
2841 0.42138
2842 0.421267
2843 0.368574
2844 0.396039
2845 0.380548
2846 0.383371
2847 0.376513
2848 0.395267
2849 0.35598
2850 0.379123
2851 0.376931
2852 0.397635
2853 0.39597
2854 0.372583
2855 0.382029
2856 0.384249
2857 0.413575
2858 0.395334
2859 0.380539
2860 0.40216
2861 0.427343
2862 0.371672
2863 0.407411
2864 0.41304
2865 0.395318
2866 0.417222
2867 0.387914
2868 0.383613
2869 0.411878
2870 0.411897
2871 0.397462
2872 0.405418
2873 0.386828
2874 0.378221
2875 0.377199
2876 0.376962
2877 0.408393
2878 0.382056
2879 0.363783
2880 0.390183
2881 0.378114
2882 0.396408
2883 0.41279
2884 0.450417
2885 0.388127
2886 0.393999
2887 0.3777
2888 0.403969
2889 0.381056
2890 0.380796
2891 0.372009
2892 0.368574
2893 0.36829
2894 0.385121
2895 0.389113
2896 0.396969
2897 0.375184
2898 0.37226
2899 0.389998
2900 0.359049
2901 0.426106
2902 0.376685
2903 0.368116
2904 0.396524
2905 0.387255
2906 0.409523
2907 0.368177
2908 0.414736
2909 0.385735
2910 0.407199
2911 0.383505
2912 0.366171
2913 0.379944
2914 0.415178
2915 0.395443
2916 0.385912
2917 0.37317
2918 0.384948
2919 0.373513
2920 0.396006
2921 0.405614
2922 0.394444
2923 0.385278
2924 0.407708
2925 0.364156
2926 0.418145
2927 0.393644
2928 0.43306
2929 0.357461
2930 0.386889
2931 0.376877
2932 0.391109
2933 0.38465
2934 0.398517
2935 0.377014
2936 0.378115
2937 0.384506
2938 0.383841
2939 0.389134
2940 0.379796
2941 0.410503
2942 0.368529
2943 0.380872
2944 0.364322
2945 0.415832
2946 0.378084
2947 0.37438
2948 0.360115
2949 0.39536
2950 0.38382
2951 0.420595
2952 0.387988
2953 0.379951
2954 0.397667
2955 0.383782
2956 0.380787
2957 0.411825
2958 0.366481
2959 0.368845
2960 0.387053
2961 0.375555
2962 0.358569
2963 0.392003
2964 0.374432
2965 0.367394
2966 0.389255
2967 0.402976
2968 0.382583
2969 0.39768
2970 0.405645
2971 0.367267
2972 0.364329
2973 0.368983
2974 0.4066
2975 0.374748
2976 0.409478
2977 0.371016
2978 0.385456
2979 0.368762
2980 0.369432
2981 0.365495
2982 0.36614
2983 0.352794
2984 0.382865
2985 0.364942
2986 0.357102
2987 0.354962
2988 0.339732
2989 0.345933
2990 0.350817
2991 0.341175
2992 0.36598
2993 0.413241
2994 0.419862
2995 0.387394
2996 0.357791
2997 0.364071
2998 0.374035
2999 0.372432
3000 0.362866
3001 0.40403
3002 0.401089
3003 0.3638
3004 0.397541
3005 0.376491
3006 0.40289
3007 0.373673
3008 0.410109
3009 0.370308
3010 0.358817
3011 0.362273
3012 0.357769
3013 0.369473
3014 0.435133
3015 0.36022
3016 0.364309
3017 0.386681
3018 0.369165
3019 0.368491
3020 0.37487
3021 0.348194
3022 0.355977
3023 0.393637
3024 0.361635
3025 0.384941
3026 0.344182
3027 0.378798
3028 0.369232
3029 0.365663
3030 0.381929
3031 0.370349
3032 0.373174
3033 0.356809
3034 0.374575
3035 0.359366
3036 0.382079
3037 0.338659
3038 0.379016
3039 0.37397
3040 0.3731
3041 0.380201
3042 0.363484
3043 0.408263
3044 0.365624
3045 0.363589
3046 0.372567
3047 0.358357
3048 0.365551
3049 0.384011
3050 0.367749
3051 0.360949
3052 0.389483
3053 0.371335
3054 0.3565
3055 0.365063
3056 0.362256
3057 0.367453
3058 0.392171
3059 0.351152
3060 0.378573
3061 0.355228
3062 0.365997
3063 0.341431
3064 0.352151
3065 0.347185
3066 0.370476
3067 0.376566
3068 0.351771
3069 0.351435
3070 0.359749
3071 0.366638
3072 0.382213
3073 0.352067
3074 0.400259
3075 0.349163
3076 0.358142
3077 0.399076
3078 0.399885
3079 0.371686
3080 0.378995
3081 0.364635
3082 0.360414
3083 0.355025
3084 0.361246
3085 0.344883
3086 0.36034
3087 0.353082
3088 0.375249
3089 0.349575
3090 0.374026
3091 0.377787
3092 0.350062
3093 0.354871
3094 0.356805
3095 0.379628
3096 0.392333
3097 0.377539
3098 0.405253
3099 0.366522
3100 0.371954
3101 0.354668
3102 0.363231
3103 0.343717
3104 0.35217
3105 0.35672
3106 0.350815
3107 0.368336
3108 0.360798
3109 0.407542
3110 0.365623
3111 0.359727
3112 0.390412
3113 0.356584
3114 0.354466
3115 0.386439
3116 0.365723
3117 0.365108
3118 0.361312
3119 0.362527
3120 0.382434
3121 0.362601
3122 0.390447
3123 0.35361
3124 0.362176
3125 0.362663
3126 0.339514
3127 0.387384
3128 0.38298
3129 0.382692
3130 0.348473
3131 0.346499
3132 0.373798
3133 0.335157
3134 0.401294
3135 0.373587
3136 0.37376
3137 0.345052
3138 0.361173
3139 0.347558
3140 0.395825
3141 0.359013
3142 0.404008
3143 0.343677
3144 0.393412
3145 0.366875
3146 0.361565
3147 0.359036
3148 0.357323
3149 0.363929
3150 0.353372
3151 0.364039
3152 0.375149
3153 0.385717
3154 0.37924
3155 0.387351
3156 0.359954
3157 0.341111
3158 0.389922
3159 0.36688
3160 0.383278
3161 0.38922
3162 0.349959
3163 0.361569
3164 0.347135
3165 0.417119
3166 0.367761
3167 0.366832
3168 0.354449
3169 0.365291
3170 0.347462
3171 0.398227
3172 0.358376
3173 0.339983
3174 0.38002
3175 0.349161
3176 0.358037
3177 0.395242
3178 0.357785
3179 0.336756
3180 0.370437
3181 0.405308
3182 0.343569
3183 0.367152
3184 0.346981
3185 0.388477
3186 0.360283
3187 0.338471
3188 0.378151
3189 0.354164
3190 0.349583
3191 0.355364
3192 0.366367
3193 0.349928
3194 0.373879
3195 0.353324
3196 0.358382
3197 0.353447
3198 0.357417
3199 0.363844
3200 0.340551
3201 0.344766
3202 0.330897
3203 0.339669
3204 0.333334
3205 0.339956
3206 0.326789
3207 0.396359
3208 0.35429
3209 0.351218
3210 0.354251
3211 0.342995
3212 0.356915
3213 0.332282
3214 0.355136
3215 0.367219
3216 0.37273
3217 0.357938
3218 0.338726
3219 0.342834
3220 0.365187
3221 0.32901
3222 0.411349
3223 0.344973
3224 0.356692
3225 0.333937
3226 0.332859
3227 0.34735
3228 0.367509
3229 0.323526
3230 0.349999
3231 0.358381
3232 0.348887
3233 0.365541
3234 0.363498
3235 0.36345
3236 0.339863
3237 0.351075
3238 0.377113
3239 0.368819
3240 0.353579
3241 0.335186
3242 0.344153
3243 0.338013
3244 0.363773
3245 0.347574
3246 0.33329
3247 0.357379
3248 0.363081
3249 0.364684
3250 0.361846
3251 0.34046
3252 0.331409
3253 0.348267
3254 0.355816
3255 0.345363
3256 0.372779
3257 0.369223
3258 0.34129
3259 0.345614
3260 0.353834
3261 0.329806
3262 0.340251
3263 0.359375
3264 0.351726
3265 0.363547
3266 0.36044
3267 0.358319
3268 0.342102
3269 0.36343
3270 0.36127
3271 0.332212
3272 0.344317
3273 0.356789
3274 0.34456
3275 0.328122
3276 0.374442
3277 0.321348
3278 0.350916
3279 0.343334
3280 0.337849
3281 0.364073
3282 0.346864
3283 0.334438
3284 0.370558
3285 0.341791
3286 0.348609
3287 0.382256
3288 0.348072
3289 0.333528
3290 0.358938
3291 0.408523
3292 0.379643
3293 0.356196
3294 0.36376
3295 0.348935
3296 0.370707
3297 0.328391
3298 0.349684
3299 0.328694
3300 0.338833
3301 0.336822
3302 0.346303
3303 0.338406
3304 0.363855
3305 0.331076
3306 0.331896
3307 0.350845
3308 0.32107
3309 0.354859
3310 0.337361
3311 0.367186
3312 0.366602
3313 0.357943
3314 0.358535
3315 0.351444
3316 0.353334
3317 0.326937
3318 0.323565
3319 0.35556
3320 0.329229
3321 0.336842
3322 0.356363
3323 0.340741
3324 0.370572
3325 0.350008
3326 0.349599
3327 0.328972
3328 0.340295
3329 0.353923
3330 0.324765
3331 0.330157
3332 0.344711
3333 0.334159
3334 0.365973
3335 0.38345
3336 0.325467
3337 0.339981
3338 0.396634
3339 0.346173
3340 0.329324
3341 0.369197
3342 0.333056
3343 0.372623
3344 0.368873
3345 0.326086
3346 0.334369
3347 0.318958
3348 0.350732
3349 0.358295
3350 0.350736
3351 0.344385
3352 0.329812
3353 0.353039
3354 0.373791
3355 0.357811
3356 0.359922
3357 0.332677
3358 0.35585
3359 0.340296
3360 0.349668
3361 0.364603
3362 0.325973
3363 0.338654
3364 0.357041
3365 0.369186
3366 0.340662
3367 0.350499
3368 0.354646
3369 0.337122
3370 0.338079
3371 0.339953
3372 0.346537
3373 0.349115
3374 0.358592
3375 0.354301
3376 0.32805
3377 0.340611
3378 0.327691
3379 0.382617
3380 0.340675
3381 0.339569
3382 0.335076
3383 0.34797
3384 0.347904
3385 0.341719
3386 0.323577
3387 0.327198
3388 0.345555
3389 0.323743
3390 0.331681
3391 0.356553
3392 0.339362
3393 0.32493
3394 0.359733
3395 0.331902
3396 0.319595
3397 0.364903
3398 0.333225
3399 0.323671
3400 0.327942
3401 0.331704
3402 0.352829
3403 0.331863
3404 0.346642
3405 0.32372
3406 0.330288
3407 0.328577
3408 0.337327
3409 0.320684
3410 0.330834
3411 0.335169
3412 0.323763
3413 0.335451
3414 0.33375
3415 0.314069
3416 0.305129
3417 0.3263
3418 0.309821
3419 0.327885
3420 0.312499
3421 0.357994
3422 0.343361
3423 0.326645
3424 0.326624
3425 0.32435
3426 0.32899
3427 0.315079
3428 0.356561
3429 0.344358
3430 0.345041
3431 0.322085
3432 0.337342
3433 0.332184
3434 0.341845
3435 0.360032
3436 0.368479
3437 0.316588
3438 0.33308
3439 0.316851
3440 0.315179
3441 0.358286
3442 0.324849
3443 0.324011
3444 0.335706
3445 0.328149
3446 0.316367
3447 0.356641
3448 0.346624
3449 0.324499
3450 0.34254
3451 0.345749
3452 0.346515
3453 0.312614
3454 0.324135
3455 0.35072
3456 0.346929
3457 0.341314
3458 0.350075
3459 0.325173
3460 0.314393
3461 0.338981
3462 0.32196
3463 0.331453
3464 0.334273
3465 0.314868
3466 0.314364
3467 0.332156
3468 0.330978
3469 0.324021
3470 0.356725
3471 0.366582
3472 0.321699
3473 0.304678
3474 0.316121
3475 0.329188
3476 0.335785
3477 0.360406
3478 0.310511
3479 0.320698
3480 0.354932
3481 0.317793
3482 0.326849
3483 0.35426
3484 0.328209
3485 0.327539
3486 0.34826
3487 0.335887
3488 0.341819
3489 0.33605
3490 0.375492
3491 0.309657
3492 0.310447
3493 0.324387
3494 0.339126
3495 0.333038
3496 0.334751
3497 0.328185
3498 0.351868
3499 0.327619
3500 0.324477
3501 0.345305
3502 0.33096
3503 0.318767
3504 0.312476
3505 0.389508
3506 0.360738
3507 0.314155
3508 0.333631
3509 0.340449
3510 0.34896
3511 0.327973
3512 0.33962
3513 0.318631
3514 0.322015
3515 0.329832
3516 0.337578
3517 0.317059
3518 0.327363
3519 0.331138
3520 0.314149
3521 0.325612
3522 0.354124
3523 0.320404
3524 0.333219
3525 0.34723
3526 0.327706
3527 0.332683
3528 0.324779
3529 0.326299
3530 0.324063
3531 0.308757
3532 0.342303
3533 0.326489
3534 0.310032
3535 0.309012
3536 0.328962
3537 0.349326
3538 0.351782
3539 0.353276
3540 0.343702
3541 0.314707
3542 0.317026
3543 0.327862
3544 0.33105
3545 0.30975
3546 0.347814
3547 0.311819
3548 0.323065
3549 0.366325
3550 0.312183
3551 0.324573
3552 0.337624
3553 0.319572
3554 0.327741
3555 0.364822
3556 0.343461
3557 0.33816
3558 0.305306
3559 0.320467
3560 0.323624
3561 0.325018
3562 0.333566
3563 0.343374
3564 0.331381
3565 0.332295
3566 0.333043
3567 0.32631
3568 0.333053
3569 0.32819
3570 0.335554
3571 0.326796
3572 0.338815
3573 0.336806
3574 0.330824
3575 0.341383
3576 0.318627
3577 0.348458
3578 0.343055
3579 0.335013
3580 0.341038
3581 0.34321
3582 0.344169
3583 0.331862
3584 0.32488
3585 0.323222
3586 0.323997
3587 0.332841
3588 0.316963
3589 0.336981
3590 0.32283
3591 0.313279
3592 0.33379
3593 0.348139
3594 0.33538
3595 0.348031
3596 0.3471
3597 0.32726
3598 0.362115
3599 0.327709
3600 0.345625
3601 0.30887
3602 0.343839
3603 0.316331
3604 0.330435
3605 0.341926
3606 0.304597
3607 0.316054
3608 0.3434
3609 0.328288
3610 0.304567
3611 0.323448
3612 0.336164
3613 0.319594
3614 0.31797
3615 0.301517
3616 0.373908
3617 0.316616
3618 0.330366
3619 0.328125
3620 0.321304
3621 0.335388
3622 0.32531
3623 0.302569
3624 0.312161
3625 0.310527
3626 0.310031
3627 0.319759
3628 0.297878
3629 0.289391
3630 0.303347
3631 0.301095
3632 0.291887
3633 0.311345
3634 0.310894
3635 0.344874
3636 0.317755
3637 0.316536
3638 0.3196
3639 0.303445
3640 0.310597
3641 0.310175
3642 0.342285
3643 0.317469
3644 0.333863
3645 0.300901
3646 0.308327
3647 0.34007
3648 0.319466
3649 0.341217
3650 0.346033
3651 0.321124
3652 0.327977
3653 0.313612
3654 0.301262
3655 0.345599
3656 0.286936
3657 0.299038
3658 0.329631
3659 0.312809
3660 0.305193
3661 0.319056
3662 0.331616
3663 0.302597
3664 0.306083
3665 0.30975
3666 0.312148
3667 0.302086
3668 0.314842
3669 0.320535
3670 0.335108
3671 0.319837
3672 0.307943
3673 0.340644
3674 0.295326
3675 0.318705
3676 0.320408
3677 0.319836
3678 0.319549
3679 0.29711
3680 0.312992
3681 0.328319
3682 0.314559
3683 0.323019
3684 0.32327
3685 0.332049
3686 0.312316
3687 0.306827
3688 0.301508
3689 0.294507
3690 0.326326
3691 0.342087
3692 0.300099
3693 0.315342
3694 0.320439
3695 0.299075
3696 0.333996
3697 0.33002
3698 0.292071
3699 0.31465
3700 0.327509
3701 0.302676
3702 0.307177
3703 0.31296
3704 0.323799
3705 0.3023
3706 0.314403
3707 0.309504
3708 0.316567
3709 0.298613
3710 0.30918
3711 0.30194
3712 0.308349
3713 0.334704
3714 0.31051
3715 0.337561
3716 0.312268
3717 0.29849
3718 0.307694
3719 0.376618
3720 0.32515
3721 0.319061
3722 0.305718
3723 0.331615
3724 0.327647
3725 0.312581
3726 0.318988
3727 0.315846
3728 0.302924
3729 0.315737
3730 0.304676
3731 0.309195
3732 0.323694
3733 0.332898
3734 0.30857
3735 0.315682
3736 0.313435
3737 0.323535
3738 0.31914
3739 0.331808
3740 0.354558
3741 0.307091
3742 0.334991
3743 0.299506
3744 0.305358
3745 0.294798
3746 0.293209
3747 0.297038
3748 0.290947
3749 0.3073
3750 0.334881
3751 0.362028
3752 0.316656
3753 0.332701
3754 0.331311
3755 0.307558
3756 0.347333
3757 0.289996
3758 0.326079
3759 0.309038
3760 0.328706
3761 0.3015
3762 0.336853
3763 0.341207
3764 0.302559
3765 0.322318
3766 0.348658
3767 0.282074
3768 0.29814
3769 0.346809
3770 0.341428
3771 0.331286
3772 0.297932
3773 0.305505
3774 0.306994
3775 0.329318
3776 0.320971
3777 0.337733
3778 0.339827
3779 0.324102
3780 0.295476
3781 0.324246
3782 0.326261
3783 0.324406
3784 0.334064
3785 0.318774
3786 0.315453
3787 0.314
3788 0.30074
3789 0.314423
3790 0.297181
3791 0.316666
3792 0.329261
3793 0.320921
3794 0.313333
3795 0.321795
3796 0.346995
3797 0.295351
3798 0.308976
3799 0.314046
3800 0.355118
3801 0.312582
3802 0.314954
3803 0.322658
3804 0.305086
3805 0.302807
3806 0.301251
3807 0.31985
3808 0.297703
3809 0.326539
3810 0.341271
3811 0.306984
3812 0.330194
3813 0.302753
3814 0.298671
3815 0.317066
3816 0.346365
3817 0.303015
3818 0.330578
3819 0.313645
3820 0.293284
3821 0.292059
3822 0.348154
3823 0.316453
3824 0.294723
3825 0.30463
3826 0.310092
3827 0.303426
3828 0.311917
3829 0.300638
3830 0.320067
3831 0.33757
3832 0.302319
3833 0.305848
3834 0.295298
3835 0.301323
3836 0.310109
3837 0.306218
3838 0.306086
3839 0.301568
3840 0.294094
3841 0.296454
3842 0.298445
3843 0.289218
3844 0.28733
3845 0.285494
3846 0.271684
3847 0.300026
3848 0.286078
3849 0.430327
3850 0.286844
3851 0.303988
3852 0.303394
3853 0.327385
3854 0.313806
3855 0.293876
3856 0.32217
3857 0.322649
3858 0.302297
3859 0.331706
3860 0.301262
3861 0.308296
3862 0.302747
3863 0.327826
3864 0.324641
3865 0.320977
3866 0.301958
3867 0.285723
3868 0.302434
3869 0.354504
3870 0.276668
3871 0.284869
3872 0.315616
3873 0.283636
3874 0.311073
3875 0.315345
3876 0.313244
3877 0.298042
3878 0.322472
3879 0.304401
3880 0.330141
3881 0.29314
3882 0.305776
3883 0.32098
3884 0.300034
3885 0.294411
3886 0.296158
3887 0.301475
3888 0.296356
3889 0.295364
3890 0.277525
3891 0.322868
3892 0.324175
3893 0.294893
3894 0.292365
3895 0.304882
3896 0.316744
3897 0.311123
3898 0.303929
3899 0.320038
3900 0.281723
3901 0.292833
3902 0.300669
3903 0.27785
3904 0.311666
3905 0.317541
3906 0.292974
3907 0.316495
3908 0.307936
3909 0.290088
3910 0.319186
3911 0.313105
3912 0.273954
3913 0.303794
3914 0.306441
3915 0.292451
3916 0.305093
3917 0.326029
3918 0.307332
3919 0.275799
3920 0.2922
3921 0.297449
3922 0.28742
3923 0.305533
3924 0.271455
3925 0.294401
3926 0.286497
3927 0.288268
3928 0.290812
3929 0.303729
3930 0.298582
3931 0.293589
3932 0.29903
3933 0.363205
3934 0.308621
3935 0.279271
3936 0.302973
3937 0.316535
3938 0.300977
3939 0.297155
3940 0.29783
3941 0.308373
3942 0.300184
3943 0.322118
3944 0.289512
3945 0.283319
3946 0.318306
3947 0.289973
3948 0.289884
3949 0.307491
3950 0.299495
3951 0.317955
3952 0.30063
3953 0.330767
3954 0.309768
3955 0.302958
3956 0.280353
3957 0.294731
3958 0.289965
3959 0.2951
3960 0.295112
3961 0.289944
3962 0.295486
3963 0.291692
3964 0.296138
3965 0.314579
3966 0.294914
3967 0.313789
3968 0.331776
3969 0.295171
3970 0.344537
3971 0.307696
3972 0.323163
3973 0.28287
3974 0.299541
3975 0.307711
3976 0.291209
3977 0.32036
3978 0.287233
3979 0.281695
3980 0.327641
3981 0.2755
3982 0.276215
3983 0.308097
3984 0.334286
3985 0.307496
3986 0.286155
3987 0.285148
3988 0.306715
3989 0.291976
3990 0.287382
3991 0.30789
3992 0.289245
3993 0.312229
3994 0.298976
3995 0.339512
3996 0.294092
3997 0.305893
3998 0.287462
3999 0.298209
4000 0.294042
4001 0.29939
4002 0.270491
4003 0.303843
4004 0.275333
4005 0.289832
4006 0.28041
4007 0.311733
4008 0.30118
4009 0.311848
4010 0.320618
4011 0.293357
4012 0.308537
4013 0.284152
4014 0.320244
4015 0.311094
4016 0.295689
4017 0.29232
4018 0.289396
4019 0.276328
4020 0.306833
4021 0.310436
4022 0.28361
4023 0.331802
4024 0.30853
4025 0.288455
4026 0.303626
4027 0.304717
4028 0.291845
4029 0.291349
4030 0.31547
4031 0.285772
4032 0.293092
4033 0.314884
4034 0.279845
4035 0.28265
4036 0.315768
4037 0.308859
4038 0.287683
4039 0.307223
4040 0.309104
4041 0.280541
4042 0.277945
4043 0.285734
4044 0.288005
4045 0.297067
4046 0.289668
4047 0.279763
4048 0.28781
4049 0.287943
4050 0.291919
4051 0.303228
4052 0.281914
4053 0.276634
4054 0.281587
4055 0.274443
4056 0.284571
4057 0.28547
4058 0.284211
4059 0.269749
4060 0.265532
4061 0.299795
4062 0.327914
4063 0.339329
4064 0.301117
4065 0.299134
4066 0.28599
4067 0.286266
4068 0.279187
4069 0.286436
4070 0.333487
4071 0.291008
4072 0.298198
4073 0.302526
4074 0.293243
4075 0.305014
4076 0.288782
4077 0.300813
4078 0.287088
4079 0.307641
4080 0.277697
4081 0.266868
4082 0.280621
4083 0.359462
4084 0.277136
4085 0.273418
4086 0.285207
4087 0.294209
4088 0.333639
4089 0.29388
4090 0.287307
4091 0.295803
4092 0.29416
4093 0.280019
4094 0.286123
4095 0.290666
4096 0.298271
4097 0.287059
4098 0.31961
4099 0.296349
4100 0.28777
4101 0.305532
4102 0.27639
4103 0.28564
4104 0.287067
4105 0.297654
4106 0.293212
4107 0.286305
4108 0.299578
4109 0.291742
4110 0.289885
4111 0.301424
4112 0.29398
4113 0.298407
4114 0.267701
4115 0.285475
4116 0.29136
4117 0.268858
4118 0.293567
4119 0.309555
4120 0.303796
4121 0.305033
4122 0.292174
4123 0.277527
4124 0.297056
4125 0.290186
4126 0.2882
4127 0.292492
4128 0.267709
4129 0.283405
4130 0.28507
4131 0.301001
4132 0.272263
4133 0.280009
4134 0.277415
4135 0.286282
4136 0.299144
4137 0.288453
4138 0.261229
4139 0.30421
4140 0.279265
4141 0.279166
4142 0.276249
4143 0.303999
4144 0.299955
4145 0.291722
4146 0.276478
4147 0.328801
4148 0.3035
4149 0.315742
4150 0.288099
4151 0.283105
4152 0.306093
4153 0.287266
4154 0.29773
4155 0.281376
4156 0.28463
4157 0.305913
4158 0.277118
4159 0.270416
4160 0.282093
4161 0.26451
4162 0.294368
4163 0.285778
4164 0.292014
4165 0.30113
4166 0.304303
4167 0.321307
4168 0.281925
4169 0.28932
4170 0.285347
4171 0.300713
4172 0.2776
4173 0.280942
4174 0.269059
4175 0.268572
4176 0.278084
4177 0.277842
4178 0.273872
4179 0.304434
4180 0.271314
4181 0.274781
4182 0.312667
4183 0.27964
4184 0.302843
4185 0.2717
4186 0.284911
4187 0.279182
4188 0.282899
4189 0.29289
4190 0.290935
4191 0.308212
4192 0.286456
4193 0.289888
4194 0.304484
4195 0.264688
4196 0.275531
4197 0.320092
4198 0.272597
4199 0.301573
4200 0.28719
4201 0.263856
4202 0.283054
4203 0.29167
4204 0.335136
4205 0.293813
4206 0.278007
4207 0.275196
4208 0.282534
4209 0.324155
4210 0.294343
4211 0.307041
4212 0.290385
4213 0.269218
4214 0.287911
4215 0.283989
4216 0.279856
4217 0.298132
4218 0.298954
4219 0.316563
4220 0.283937
4221 0.306021
4222 0.281227
4223 0.303678
4224 0.284263
4225 0.270346
4226 0.305116
4227 0.287816
4228 0.299081
4229 0.282871
4230 0.279277
4231 0.285193
4232 0.282816
4233 0.287713
4234 0.298033
4235 0.307229
4236 0.278975
4237 0.291431
4238 0.291695
4239 0.281026
4240 0.293411
4241 0.302063
4242 0.284125
4243 0.288581
4244 0.288627
4245 0.27283
4246 0.285669
4247 0.305303
4248 0.253803
4249 0.279301
4250 0.294951
4251 0.264507
4252 0.271186
4253 0.278034
4254 0.274799
4255 0.286763
4256 0.274729
4257 0.29466
4258 0.263466
4259 0.301883
4260 0.27064
4261 0.28438
4262 0.251023
4263 0.280783
4264 0.290527
4265 0.289944
4266 0.281926
4267 0.279062
4268 0.284522
4269 0.275467
4270 0.25995
4271 0.259148
4272 0.268262
4273 0.263016
4274 0.247303
4275 0.255089
4276 0.309419
4277 0.341305
4278 0.275028
4279 0.260663
4280 0.286381
4281 0.266142
4282 0.267841
4283 0.270296
4284 0.304494
4285 0.284265
4286 0.26762
4287 0.294632
4288 0.291239
4289 0.294755
4290 0.296839
4291 0.293545
4292 0.276528
4293 0.266828
4294 0.267995
4295 0.274433
4296 0.285515
4297 0.313687
4298 0.256447
4299 0.27228
4300 0.281317
4301 0.279956
4302 0.298016
4303 0.277116
4304 0.286468
4305 0.28404
4306 0.285158
4307 0.277095
4308 0.279929
4309 0.272152
4310 0.27719
4311 0.281602
4312 0.289882
4313 0.277405
4314 0.28617
4315 0.277243
4316 0.272642
4317 0.299147
4318 0.277408
4319 0.29524
4320 0.276242
4321 0.261883
4322 0.280578
4323 0.279018
4324 0.276696
4325 0.287224
4326 0.289575
4327 0.27784
4328 0.259013
4329 0.279889
4330 0.267958
4331 0.261614
4332 0.285377
4333 0.270344
4334 0.252373
4335 0.283737
4336 0.286701
4337 0.275988
4338 0.283958
4339 0.272644
4340 0.268994
4341 0.283738
4342 0.291078
4343 0.272173
4344 0.280786
4345 0.292078
4346 0.251402
4347 0.283152
4348 0.258648
4349 0.2744
4350 0.291102
4351 0.25735
4352 0.26066
4353 0.270871
4354 0.280279
4355 0.28294
4356 0.272197
4357 0.277205
4358 0.28374
4359 0.265947
4360 0.300455
4361 0.323485
4362 0.284605
4363 0.307061
4364 0.262606
4365 0.287282
4366 0.280628
4367 0.271971
4368 0.270771
4369 0.276452
4370 0.277543
4371 0.280204
4372 0.282448
4373 0.282625
4374 0.277244
4375 0.263805
4376 0.281172
4377 0.267455
4378 0.280775
4379 0.283911
4380 0.293118
4381 0.273214
4382 0.282352
4383 0.282512
4384 0.282292
4385 0.277933
4386 0.275716
4387 0.282333
4388 0.265818
4389 0.266974
4390 0.262418
4391 0.275658
4392 0.301599
4393 0.260052
4394 0.273086
4395 0.286827
4396 0.278147
4397 0.266267
4398 0.310199
4399 0.2773
4400 0.259652
4401 0.28992
4402 0.310582
4403 0.280883
4404 0.280114
4405 0.299689
4406 0.260464
4407 0.285263
4408 0.275265
4409 0.255544
4410 0.279586
4411 0.285096
4412 0.292598
4413 0.264883
4414 0.256682
4415 0.275728
4416 0.258361
4417 0.26267
4418 0.307293
4419 0.279798
4420 0.269134
4421 0.259468
4422 0.259522
4423 0.296332
4424 0.278947
4425 0.299746
4426 0.261879
4427 0.276874
4428 0.275173
4429 0.289415
4430 0.275238
4431 0.263565
4432 0.275922
4433 0.273105
4434 0.27339
4435 0.293459
4436 0.272927
4437 0.290789
4438 0.295009
4439 0.263675
4440 0.264105
4441 0.298785
4442 0.285412
4443 0.296372
4444 0.27234
4445 0.259302
4446 0.294367
4447 0.259051
4448 0.303272
4449 0.263178
4450 0.292432
4451 0.265522
4452 0.264453
4453 0.296713
4454 0.296068
4455 0.277772
4456 0.276153
4457 0.286625
4458 0.26255
4459 0.281341
4460 0.271922
4461 0.27357
4462 0.245852
4463 0.284338
4464 0.281872
4465 0.266723
4466 0.277979
4467 0.268834
4468 0.273587
4469 0.26339
4470 0.266157
4471 0.288855
4472 0.260166
4473 0.27564
4474 0.249503
4475 0.253982
4476 0.27163
4477 0.276365
4478 0.275464
4479 0.281868
4480 0.253442
4481 0.277594
4482 0.27417
4483 0.256333
4484 0.2682
4485 0.250527
4486 0.264394
4487 0.245493
4488 0.253935
4489 0.261109
4490 0.310618
4491 0.278402
4492 0.290475
4493 0.273987
4494 0.255818
4495 0.283023
4496 0.268397
4497 0.272622
4498 0.288739
4499 0.280489
4500 0.27182
4501 0.277289
4502 0.252455
4503 0.279632
4504 0.270214
4505 0.308084
4506 0.289172
4507 0.286506
4508 0.274787
4509 0.256472
4510 0.266277
4511 0.297021
4512 0.254959
4513 0.274255
4514 0.280994
4515 0.262968
4516 0.272338
4517 0.27501
4518 0.260073
4519 0.259142
4520 0.271513
4521 0.284647
4522 0.268531
4523 0.252196
4524 0.273456
4525 0.263322
4526 0.26558
4527 0.267736
4528 0.29827
4529 0.264822
4530 0.273026
4531 0.261514
4532 0.262473
4533 0.27055
4534 0.257321
4535 0.267475
4536 0.260825
4537 0.263306
4538 0.255788
4539 0.259598
4540 0.263168
4541 0.269651
4542 0.264965
4543 0.261872
4544 0.261276
4545 0.272632
4546 0.297507
4547 0.270782
4548 0.259209
4549 0.264762
4550 0.275031
4551 0.249308
4552 0.289996
4553 0.29092
4554 0.257115
4555 0.277342
4556 0.247077
4557 0.275933
4558 0.255123
4559 0.266365
4560 0.240382
4561 0.245364
4562 0.255074
4563 0.283469
4564 0.266582
4565 0.253903
4566 0.249883
4567 0.266322
4568 0.266947
4569 0.262531
4570 0.269188
4571 0.270734
4572 0.263094
4573 0.255955
4574 0.301822
4575 0.270309
4576 0.279727
4577 0.282312
4578 0.265214
4579 0.288178
4580 0.247964
4581 0.260312
4582 0.269423
4583 0.273104
4584 0.274835
4585 0.268522
4586 0.258356
4587 0.256142
4588 0.26627
4589 0.265955
4590 0.271005
4591 0.257937
4592 0.252513
4593 0.273451
4594 0.287114
4595 0.285355
4596 0.265086
4597 0.272804
4598 0.249284
4599 0.271345
4600 0.247148
4601 0.28825
4602 0.284322
4603 0.252506
4604 0.252031
4605 0.255927
4606 0.27635
4607 0.252585
4608 0.261001
4609 0.295047
4610 0.254272
4611 0.259666
4612 0.2776
4613 0.261929
4614 0.252085
4615 0.26142
4616 0.275896
4617 0.264018
4618 0.290152
4619 0.2461
4620 0.256815
4621 0.281976
4622 0.257415
4623 0.264664
4624 0.281311
4625 0.269068
4626 0.260701
4627 0.253628
4628 0.280895
4629 0.24986
4630 0.251682
4631 0.262869
4632 0.271692
4633 0.2626
4634 0.276984
4635 0.249524
4636 0.27616
4637 0.268726
4638 0.259522
4639 0.265999
4640 0.242226
4641 0.259748
4642 0.259014
4643 0.266263
4644 0.261284
4645 0.242544
4646 0.273531
4647 0.287875
4648 0.278343
4649 0.268539
4650 0.265383
4651 0.273954
4652 0.261082
4653 0.249849
4654 0.255006
4655 0.275623
4656 0.273126
4657 0.263352
4658 0.270938
4659 0.269716
4660 0.268672
4661 0.258558
4662 0.297016
4663 0.261598
4664 0.299997
4665 0.269238
4666 0.282382
4667 0.271631
4668 0.260801
4669 0.277654
4670 0.234234
4671 0.279082
4672 0.252833
4673 0.255208
4674 0.276094
4675 0.276556
4676 0.249056
4677 0.280682
4678 0.262147
4679 0.255509
4680 0.274782
4681 0.280045
4682 0.274384
4683 0.265653
4684 0.236796
4685 0.267475
4686 0.262288
4687 0.285451
4688 0.24004
4689 0.243305
4690 0.252418
4691 0.279582
4692 0.263296
4693 0.255666
4694 0.253998
4695 0.258095
4696 0.257352
4697 0.250136
4698 0.274808
4699 0.23218
4700 0.252001
4701 0.234033
4702 0.229459
4703 0.246136
4704 0.26524
4705 0.276958
4706 0.240106
4707 0.254155
4708 0.248757
4709 0.258864
4710 0.238672
4711 0.273566
4712 0.272583
4713 0.280937
4714 0.262805
4715 0.281964
4716 0.251459
4717 0.31828
4718 0.280123
4719 0.308799
4720 0.240988
4721 0.266898
4722 0.262082
4723 0.248214
4724 0.248727
4725 0.254184
4726 0.234023
4727 0.25627
4728 0.253373
4729 0.238602
4730 0.269453
4731 0.267826
4732 0.245127
4733 0.243251
4734 0.276742
4735 0.259183
4736 0.266051
4737 0.246863
4738 0.257571
4739 0.244521
4740 0.249725
4741 0.262556
4742 0.259161
4743 0.239981
4744 0.244632
4745 0.248612
4746 0.262472
4747 0.265057
4748 0.24297
4749 0.255327
4750 0.24532
4751 0.264553
4752 0.234855
4753 0.249366
4754 0.279781
4755 0.246237
4756 0.251476
4757 0.237858
4758 0.251166
4759 0.259503
4760 0.264765
4761 0.252195
4762 0.263266
4763 0.245519
4764 0.265657
4765 0.257534
4766 0.27537
4767 0.241829
4768 0.256265
4769 0.247478
4770 0.26061
4771 0.244659
4772 0.265221
4773 0.268365
4774 0.236565
4775 0.248227
4776 0.255455
4777 0.261887
4778 0.272699
4779 0.264781
4780 0.241984
4781 0.256969
4782 0.240288
4783 0.253343
4784 0.262119
4785 0.253375
4786 0.254219
4787 0.240941
4788 0.314944
4789 0.283733
4790 0.251027
4791 0.274938
4792 0.257398
4793 0.282425
4794 0.23893
4795 0.253029
4796 0.268487
4797 0.243346
4798 0.26832
4799 0.262893
4800 0.241105
4801 0.272606
4802 0.263541
4803 0.248975
4804 0.271179
4805 0.258698
4806 0.286934
4807 0.271436
4808 0.250413
4809 0.258273
4810 0.255075
4811 0.283076
4812 0.254788
4813 0.242684
4814 0.248433
4815 0.239653
4816 0.246842
4817 0.226423
4818 0.251056
4819 0.265873
4820 0.284459
4821 0.267229
4822 0.242842
4823 0.256788
4824 0.25064
4825 0.266362
4826 0.274148
4827 0.26392
4828 0.249179
4829 0.247414
4830 0.245356
4831 0.257146
4832 0.271203
4833 0.257061
4834 0.261465
4835 0.27442
4836 0.23559
4837 0.250101
4838 0.280346
4839 0.262893
4840 0.277978
4841 0.245024
4842 0.251071
4843 0.258079
4844 0.238872
4845 0.248042
4846 0.274634
4847 0.254979
4848 0.237217
4849 0.254407
4850 0.25619
4851 0.265643
4852 0.271867
4853 0.275622
4854 0.252339
4855 0.255188
4856 0.267369
4857 0.24292
4858 0.25545
4859 0.234867
4860 0.2582
4861 0.25329
4862 0.278362
4863 0.254667
4864 0.247204
4865 0.296796
4866 0.2638
4867 0.270527
4868 0.239937
4869 0.294889
4870 0.263877
4871 0.256069
4872 0.260784
4873 0.246914
4874 0.245719
4875 0.250491
4876 0.279715
4877 0.249641
4878 0.263531
4879 0.265495
4880 0.24649
4881 0.276182
4882 0.261974
4883 0.260019
4884 0.245386
4885 0.269001
4886 0.24646
4887 0.259753
4888 0.258438
4889 0.24557
4890 0.251883
4891 0.275678
4892 0.25113
4893 0.251181
4894 0.252437
4895 0.254893
4896 0.24321
4897 0.264755
4898 0.243665
4899 0.267282
4900 0.239258
4901 0.263986
4902 0.239587
4903 0.24397
4904 0.255814
4905 0.250772
4906 0.244014
4907 0.250509
4908 0.250289
4909 0.237567
4910 0.262149
4911 0.249689
4912 0.228349
4913 0.222385
4914 0.255786
4915 0.226144
4916 0.234149
4917 0.225161
4918 0.278129
4919 0.269961
4920 0.244399
4921 0.258997
4922 0.242478
4923 0.239126
4924 0.239265
4925 0.270368
4926 0.259201
4927 0.25955
4928 0.239
4929 0.230772
4930 0.257208
4931 0.244263
4932 0.281097
4933 0.259696
4934 0.240753
4935 0.243246
4936 0.234152
4937 0.248361
4938 0.275318
4939 0.226459
4940 0.238687
4941 0.250033
4942 0.235756
4943 0.232323
4944 0.256572
4945 0.247037
4946 0.243152
4947 0.249471
4948 0.242183
4949 0.238878
4950 0.23942
4951 0.259399
4952 0.246539
4953 0.245284
4954 0.267042
4955 0.253919
4956 0.254215
4957 0.24599
4958 0.232391
4959 0.239965
4960 0.260728
4961 0.254812
4962 0.225289
4963 0.242723
4964 0.250033
4965 0.245889
4966 0.232457
4967 0.250347
4968 0.246486
4969 0.243084
4970 0.232885
4971 0.246281
4972 0.232799
4973 0.260592
4974 0.245427
4975 0.248943
4976 0.25608
4977 0.251003
4978 0.248578
4979 0.261011
4980 0.251519
4981 0.234343
4982 0.261241
4983 0.249758
4984 0.239535
4985 0.246416
4986 0.229651
4987 0.235976
4988 0.230662
4989 0.246804
4990 0.227749
4991 0.248246
4992 0.251543
4993 0.252864
4994 0.238037
4995 0.256743
4996 0.250564
4997 0.242693
4998 0.252826
4999 0.246169
5000 0.231717
