0 4.44881
1 22.7225
2 15.0637
3 12.1869
4 11.6602
5 7.23066
6 3.59335
7 5.05811
8 3.91621
9 12.3438
10 4.46834
11 4.92115
12 4.27857
13 4.39707
14 3.28445
15 3.01374
16 2.66423
17 2.38478
18 2.53655
19 2.58048
20 2.40814
21 2.57033
22 3.3488
23 3.67652
24 2.4777
25 2.39428
26 2.1548
27 2.13124
28 2.14925
29 2.07835
30 2.37994
31 2.23194
32 1.83328
33 2.04969
34 2.0198
35 1.98738
36 1.90592
37 2.03678
38 2.19075
39 1.93398
40 1.80568
41 1.91441
42 1.6698
43 2.14196
44 2.4265
45 1.96029
46 1.80636
47 1.63673
48 1.769
49 1.59452
50 1.99872
51 1.76493
52 1.79191
53 2.02265
54 2.12872
55 1.64596
56 1.98311
57 1.79206
58 2.06446
59 1.73371
60 1.78265
61 1.91298
62 1.5344
63 1.37903
64 1.59317
65 1.59493
66 1.4858
67 1.75846
68 1.61156
69 1.74428
70 1.51571
71 1.50425
72 1.65313
73 1.5922
74 1.99858
75 1.52738
76 1.44652
77 1.63793
78 1.83509
79 1.66681
80 1.48872
81 1.73067
82 2.35893
83 1.6474
84 1.6874
85 1.71573
86 1.5835
87 1.60858
88 1.51725
89 1.69032
90 1.46851
91 1.44688
92 1.4083
93 1.58278
94 1.433
95 1.38515
96 1.39166
97 1.62946
98 1.49112
99 1.54239
100 1.45506
101 1.41732
102 1.76668
103 1.70087
104 1.5841
105 1.55139
106 1.52782
107 1.47918
108 1.60905
109 1.7214
110 1.4852
111 1.3371
112 1.52783
113 1.43712
114 1.49637
115 1.53874
116 1.62387
117 1.65991
118 1.68566
119 1.58637
120 1.52095
121 1.59004
122 1.4106
123 1.34515
124 1.53921
125 1.81765
126 2.10461
127 1.70932
128 1.27231
129 1.37009
130 1.47493
131 1.36655
132 1.42105
133 1.23505
134 1.20571
135 1.45158
136 1.59253
137 1.41809
138 1.30207
139 1.4006
140 1.69966
141 1.67665
142 1.67965
143 1.61795
144 1.69912
145 1.83832
146 2.2388
147 1.55651
148 1.49744
149 1.46411
150 1.53086
151 1.62354
152 1.70637
153 1.69042
154 1.37547
155 1.26105
156 1.25719
157 1.42955
158 1.36863
159 1.45963
160 1.3557
161 1.4934
162 1.34637
163 1.39614
164 1.29795
165 1.36516
166 1.18118
167 1.59773
168 1.49839
169 1.58202
170 1.42158
171 1.33143
172 1.54282
173 1.57468
174 1.52337
175 1.21077
176 1.39666
177 1.22098
178 1.28657
179 1.21889
180 1.38723
181 1.37466
182 1.45101
183 1.34339
184 1.47542
185 1.32611
186 1.33171
187 1.29354
188 1.53132
189 1.45194
190 1.39145
191 1.2985
192 1.13829
193 1.39894
194 1.2446
195 1.50604
196 1.58099
197 1.27794
198 1.4227
199 1.4367
200 1.48935
201 1.28296
202 1.23922
203 1.22044
204 1.27538
205 1.14739
206 1.19939
207 1.17683
208 1.25162
209 1.35282
210 1.38332
211 1.49709
212 1.92638
213 1.46571
214 1.40809
215 1.30417
216 1.25708
217 1.22427
218 1.34457
219 1.33796
220 1.36938
221 1.14926
222 1.36347
223 1.44979
224 1.45102
225 1.24657
226 1.27467
227 1.41929
228 1.20177
229 1.09532
230 1.15044
231 1.3427
232 1.29484
233 1.26287
234 1.5301
235 1.54477
236 1.33842
237 1.79611
238 1.25542
239 1.22329
240 1.10254
241 1.09644
242 1.20966
243 1.42738
244 1.56047
245 1.3395
246 1.5019
247 1.33268
248 1.25959
249 1.40935
250 1.27389
251 1.2634
252 1.18986
253 1.21081
254 1.24542
255 1.22068
256 1.35518
257 1.06159
258 1.19496
259 1.30742
260 1.22722
261 1.11982
262 1.11434
263 1.10789
264 1.35548
265 1.15214
266 1.09844
267 1.41602
268 1.64814
269 1.19881
270 1.29674
271 1.04285
272 1.12113
273 1.76026
274 1.76761
275 1.35594
276 1.28008
277 1.1664
278 1.11851
279 1.27752
280 1.06672
281 1.13064
282 1.27579
283 1.17697
284 1.29084
285 1.0507
286 1.18237
287 1.28717
288 1.1021
289 1.15311
290 1.26826
291 1.25944
292 1.33343
293 1.23337
294 1.39637
295 1.13797
296 1.3478
297 1.19517
298 1.18319
299 1.10194
300 1.33953
301 1.30261
302 1.07356
303 1.11487
304 1.25002
305 1.11086
306 1.20882
307 1.35083
308 1.28103
309 1.37059
310 1.14088
311 1.20853
312 1.19728
313 1.11131
314 1.28106
315 1.21267
316 1.108
317 1.19899
318 1.08209
319 1.06865
320 1.11487
321 1.21467
322 1.17553
323 1.1363
324 1.27899
325 1.36624
326 1.08341
327 1.22802
328 1.1354
329 1.3047
330 1.1553
331 1.16297
332 1.25817
333 1.05625
334 1.3553
335 1.30649
336 1.35402
337 1.27328
338 1.27339
339 1.42784
340 1.28288
341 1.55343
342 1.27368
343 1.04861
344 1.05623
345 1.18344
346 1.48988
347 1.19909
348 1.20409
349 1.22978
350 1.26703
351 1.18505
352 0.996272
353 1.26024
354 1.15269
355 1.08964
356 1.35556
357 1.11011
358 1.07616
359 1.00334
360 1.16911
361 1.26563
362 1.04212
363 1.07914
364 1.13853
365 1.38472
366 1.05119
367 1.20095
368 1.11547
369 1.40396
370 1.25892
371 1.16546
372 1.16907
373 1.1283
374 1.03605
375 1.16411
376 1.17128
377 1.19144
378 1.23812
379 1.29274
380 1.23748
381 1.22145
382 1.23305
383 1.15309
384 1.10053
385 1.08333
386 1.26082
387 1.08388
388 1.08495
389 1.18402
390 1.20635
391 1.19702
392 1.58984
393 1.24747
394 1.14765
395 1.12973
396 0.999158
397 1.21872
398 1.28022
399 1.07313
400 1.19465
401 1.2142
402 1.07019
403 1.20732
404 1.46623
405 1.37478
406 1.4101
407 1.16816
408 1.16521
409 1.24921
410 1.19955
411 1.39044
412 1.27478
413 1.30019
414 1.05452
415 1.12874
416 1.33614
417 1.47482
418 1.14577
419 1.1708
420 1.07201
421 1.13335
422 1.24671
423 1.25249
424 1.2071
425 1.16239
426 1.20488
427 1.27806
428 1.29405
429 1.12347
430 1.1214
431 1.01431
432 1.24586
433 1.0517
434 1.29745
435 1.0482
436 1.02893
437 0.954225
438 1.02831
439 1.01578
440 1.01296
441 1.03842
442 1.05969
443 1.16982
444 1.18109
445 1.06893
446 1.01311
447 1.01014
448 1.09528
449 1.2478
450 1.1292
451 0.975388
452 1.0101
453 1.13128
454 1.17425
455 0.998603
456 1.04678
457 1.05582
458 0.983865
459 1.16661
460 1.18045
461 1.10768
462 1.14241
463 1.20635
464 1.28122
465 1.28151
466 1.54548
467 1.18403
468 1.01652
469 1.0908
470 1.07406
471 1.15294
472 1.16476
473 1.04466
474 1.06627
475 1.13173
476 1.20464
477 0.948608
478 1.12309
479 1.04393
480 1.02238
481 1.01597
482 0.997472
483 1.02876
484 1.12934
485 1.09267
486 1.15015
487 1.06327
488 1.18717
489 0.942923
490 1.23419
491 1.0747
492 1.05848
493 1.10562
494 0.935768
495 0.917531
496 1.04145
497 1.13594
498 1.0257
499 1.06111
500 1.22013
501 1.35354
502 1.20904
503 0.956588
504 1.22926
505 1.28312
506 1.12458
507 1.17204
508 1.11329
509 1.00327
510 1.1717
511 1.24109
512 1.0941
513 1.09296
514 1.10742
515 1.07144
516 1.00049
517 1.01382
518 1.00269
519 1.02714
520 1.10151
521 1.075
522 0.97522
523 1.07985
524 1.17147
525 1.14657
526 1.01587
527 1.08241
528 0.935222
529 0.930853
530 1.00049
531 1.1457
532 0.963578
533 1.05194
534 1.14782
535 1.1689
536 1.33578
537 1.40899
538 1.11692
539 1.02019
540 1.10713
541 1.20449
542 1.0102
543 1.07028
544 1.04476
545 1.105
546 1.24018
547 1.10415
548 1.02796
549 1.03323
550 1.22624
551 1.21426
552 1.05877
553 0.951802
554 1.30981
555 1.06489
556 1.16687
557 1.05987
558 1.05663
559 0.962341
560 0.957642
561 0.965509
562 1.24223
563 1.17087
564 0.995138
565 1.03247
566 1.0418
567 1.1896
568 1.07094
569 1.22176
570 1.24194
571 1.07818
572 1.01467
573 1.0309
574 1.04568
575 1.01371
576 0.996082
577 0.9492
578 1.16329
579 1.05593
580 1.0665
581 1.06138
582 0.907086
583 1.26654
584 1.16989
585 1.14902
586 1.07693
587 0.953481
588 1.12248
589 1.00227
590 0.977473
591 1.27158
592 1.10122
593 1.05767
594 0.962066
595 0.970796
596 1.09135
597 1.11672
598 0.869783
599 0.943414
600 0.946593
601 0.907653
602 1.25127
603 0.978972
604 1.06357
605 0.926035
606 0.964438
607 1.01884
608 0.981836
609 1.02979
610 1.02684
611 0.930956
612 0.913726
613 1.12983
614 1.00861
615 1.0126
616 1.17577
617 0.984114
618 0.901642
619 0.928153
620 0.946644
621 0.934445
622 1.0959
623 1.15011
624 1.0009
625 1.02261
626 1.08196
627 1.22916
628 0.915034
629 0.956811
630 0.893913
631 1.11683
632 1.14202
633 1.10932
634 1.14632
635 1.08757
636 1.0074
637 1.27
638 0.97413
639 1.20178
640 1.04022
641 1.08584
642 1.14474
643 1.02313
644 1.21712
645 1.34024
646 1.10724
647 1.03061
648 0.894533
649 0.915558
650 0.916991
651 1.09874
652 0.990569
653 0.960431
654 0.942547
655 0.955912
656 1.02089
657 0.945467
658 0.932346
659 1.12595
660 1.17223
661 1.02806
662 1.08924
663 1.09975
664 0.912959
665 1.18209
666 0.934348
667 1.02207
668 0.962533
669 0.908712
670 1.29888
671 1.02518
672 0.989884
673 1.00765
674 0.901457
675 0.906086
676 0.935704
677 1.1703
678 0.902265
679 1.06643
680 0.9614
681 1.08984
682 1.12361
683 0.888886
684 0.88692
685 1.00325
686 1.27319
687 1.5291
688 1.14489
689 1.02387
690 1.15427
691 0.997589
692 0.957683
693 0.911971
694 1.07697
695 1.49991
696 1.33383
697 1.13548
698 1.01623
699 0.938373
700 0.99989
701 1.28697
702 0.913907
703 0.91585
704 0.988736
705 0.923377
706 1.27648
707 1.06756
708 1.26652
709 1.27644
710 1.10252
711 1.14973
712 1.00366
713 0.950208
714 0.936623
715 0.912886
716 0.928171
717 1.02873
718 0.898979
719 0.976217
720 0.85418
721 0.997309
722 1.09774
723 1.14422
724 1.04444
725 0.919632
726 1.07781
727 0.912578
728 0.891086
729 0.885372
730 1.13508
731 0.800846
732 0.894923
733 0.95904
734 0.950448
735 1.16149
736 1.1679
737 0.905531
738 0.970335
739 1.01406
740 0.932999
741 0.957543
742 1.01965
743 0.87849
744 1.02731
745 1.01891
746 0.919297
747 1.15432
748 1.35734
749 1.35734
750 0.887468
751 0.94454
752 1.03988
753 1.0166
754 0.879787
755 0.80042
756 0.859586
757 1.04222
758 1.03058
759 1.02285
760 1.0473
761 0.950309
762 0.973391
763 1.01982
764 0.955886
765 0.994732
766 0.945861
767 0.882331
768 0.908416
769 0.859345
770 0.901376
771 0.957157
772 0.852974
773 1.06344
774 0.93744
775 0.818934
776 0.877708
777 0.887452
778 0.866578
779 1.14429
780 0.903597
781 0.875697
782 0.848484
783 0.90869
784 0.995967
785 0.998912
786 1.0153
787 0.914281
788 0.898606
789 0.99593
790 0.989929
791 0.864153
792 0.987932
793 0.931751
794 0.940521
795 1.07193
796 0.838067
797 0.932247
798 0.944358
799 0.855051
800 1.00805
801 0.918366
802 0.919201
803 1.03172
804 0.987908
805 0.859718
806 0.841888
807 0.91676
808 0.930873
809 0.870651
810 0.934856
811 0.884855
812 0.919275
813 0.964148
814 0.79561
815 0.843324
816 0.854565
817 1.01228
818 0.858031
819 0.911271
820 0.920165
821 0.826844
822 0.987268
823 1.02321
824 0.869581
825 0.91471
826 0.794295
827 0.912635
828 0.842752
829 0.860938
830 0.774719
831 0.826779
832 0.800081
833 0.816843
834 0.957568
835 0.828178
836 0.857458
837 0.82899
838 0.90647
839 0.794193
840 0.837357
841 0.923339
842 0.810174
843 0.777982
844 0.793235
845 0.783795
846 0.833409
847 0.796011
848 1.00691
849 1.05806
850 0.987698
851 0.792808
852 0.792348
853 1.02491
854 1.03269
855 1.32078
856 0.879356
857 0.787382
858 1.13775
859 1.12569
860 0.979227
861 1.03137
862 0.844382
863 1.01135
864 0.946707
865 0.866313
866 0.857578
867 0.930969
868 0.858967
869 0.99598
870 0.880658
871 0.923028
872 0.988702
873 0.822237
874 0.800288
875 0.916946
876 0.832335
877 0.889736
878 0.907099
879 0.798923
880 0.88455
881 1.02621
882 0.897855
883 1.02099
884 0.912932
885 0.924839
886 0.85884
887 1.0911
888 1.06344
889 0.988892
890 0.99264
891 0.90669
892 0.88374
893 1.03832
894 1.11146
895 0.952529
896 0.817971
897 0.863834
898 0.901451
899 0.924979
900 0.815489
901 0.944721
902 1.1464
903 0.948318
904 0.820498
905 0.941528
906 0.854788
907 0.935129
908 1.18392
909 0.939496
910 0.810207
911 0.81225
912 1.09087
913 0.779586
914 0.818449
915 0.946978
916 1.11253
917 0.938463
918 0.952785
919 1.08184
920 0.851131
921 0.805141
922 1.01852
923 0.918411
924 0.858948
925 0.896503
926 0.891679
927 0.934193
928 0.859964
929 0.908296
930 0.875516
931 0.753471
932 0.839666
933 0.914581
934 0.777109
935 0.793384
936 0.797453
937 1.01358
938 0.910126
939 1.05809
940 1.02969
941 0.862928
942 0.877602
943 0.808256
944 0.771339
945 0.770867
946 0.837713
947 0.828715
948 0.99345
949 0.918152
950 0.840625
951 0.875261
952 1.0005
953 0.86029
954 0.798913
955 1.12421
956 0.95215
957 0.747299
958 0.875661
959 0.905028
960 0.828145
961 0.934068
962 0.886367
963 0.884254
964 0.906865
965 0.909545
966 0.898482
967 0.860471
968 0.992706
969 0.836545
970 0.787192
971 0.825694
972 0.798404
973 0.875141
974 0.837055
975 0.832023
976 0.841112
977 0.933859
978 0.870683
979 0.869459
980 0.97068
981 0.892989
982 0.893617
983 0.984819
984 1.05351
985 0.966035
986 0.878359
987 0.850457
988 0.842244
989 0.860234
990 0.855614
991 0.886611
992 0.768809
993 0.915415
994 0.960174
995 0.859151
996 0.888727
997 0.812627
998 0.950618
999 0.799999
1000 0.989951
1001 0.909029
1002 0.962566
1003 0.88033
1004 1.10272
1005 0.801321
1006 0.781603
1007 0.8488
1008 1.02421
1009 0.976459
1010 0.99466
1011 0.978638
1012 0.850212
1013 0.739517
1014 0.783485
1015 0.849055
1016 0.879795
1017 0.855831
1018 1.0311
1019 0.794885
1020 0.976036
1021 0.822563
1022 0.836636
1023 0.849039
1024 0.773195
1025 0.876555
1026 1.01493
1027 0.867947
1028 0.859583
1029 0.895895
1030 0.963666
1031 0.803826
1032 0.830135
1033 0.852738
1034 0.840463
1035 0.771709
1036 0.876103
1037 0.980259
1038 0.784107
1039 0.804605
1040 0.82905
1041 0.851501
1042 0.894716
1043 0.849809
1044 0.850265
1045 0.77209
1046 0.810745
1047 0.907222
1048 0.793671
1049 0.917348
1050 0.770509
1051 0.802101
1052 0.968942
1053 0.909475
1054 0.927327
1055 0.817322
1056 0.898306
1057 1.01167
1058 0.902655
1059 0.835775
1060 0.859892
1061 0.91466
1062 0.757884
1063 0.804047
1064 0.798652
1065 0.744759
1066 0.884019
1067 0.838912
1068 0.868717
1069 0.748277
1070 0.868281
1071 0.81621
1072 0.808318
1073 0.826476
1074 0.848585
1075 0.755088
1076 0.800193
1077 0.765943
1078 1.03997
1079 0.867063
1080 0.91764
1081 0.801208
1082 0.97136
1083 0.823086
1084 0.837204
1085 0.814421
1086 0.781098
1087 0.748226
1088 0.752875
1089 0.765618
1090 0.897875
1091 0.855185
1092 0.731088
1093 0.849371
1094 0.79755
1095 0.963033
1096 0.836726
1097 0.876842
1098 0.847474
1099 0.766394
1100 0.809824
1101 0.843942
1102 0.776555
1103 0.816947
1104 1.03307
1105 0.821287
1106 0.884679
1107 0.94502
1108 0.849862
1109 0.861909
1110 0.898513
1111 0.831184
1112 0.760229
1113 0.80124
1114 0.786983
1115 0.7809
1116 0.832927
1117 0.985987
1118 0.744122
1119 0.8558
1120 0.730925
1121 0.761911
1122 0.77584
1123 0.93203
1124 0.765269
1125 0.839923
1126 0.944415
1127 0.8875
1128 0.753125
1129 0.82541
1130 0.794392
1131 0.977167
1132 1.01657
1133 0.773667
1134 0.945049
1135 0.821521
1136 0.977211
1137 0.836719
1138 0.74266
1139 0.71921
1140 0.881989
1141 0.845981
1142 0.906235
1143 0.718874
1144 0.770192
1145 0.869569
1146 0.740959
1147 0.765043
1148 0.850616
1149 0.810121
1150 0.804289
1151 0.901536
1152 0.760959
1153 0.877871
1154 0.906773
1155 0.763791
1156 0.791348
1157 0.730691
1158 0.853711
1159 0.919774
1160 0.771141
1161 0.711251
1162 0.769488
1163 0.864361
1164 0.829307
1165 0.829745
1166 0.884223
1167 0.9662
1168 0.798819
1169 0.822061
1170 0.765566
1171 0.701025
1172 0.835743
1173 0.854242
1174 0.71197
1175 0.713035
1176 0.718916
1177 0.682482
1178 0.782676
1179 0.926127
1180 0.816487
1181 0.815747
1182 0.770337
1183 1.00681
1184 0.724814
1185 0.847445
1186 0.763503
1187 0.882279
1188 0.839046
1189 0.790903
1190 0.720517
1191 0.732666
1192 1.05381
1193 0.865793
1194 0.860054
1195 0.890802
1196 0.955477
1197 0.90986
1198 0.942737
1199 0.835471
1200 0.894438
1201 0.790383
1202 0.732457
1203 0.787889
1204 1.00354
1205 0.720942
1206 0.865365
1207 0.726788
1208 0.685628
1209 0.856143
1210 0.883859
1211 0.734782
1212 0.770489
1213 0.862394
1214 0.785991
1215 0.848883
1216 0.709356
1217 0.768132
1218 0.66335
1219 0.808752
1220 0.804484
1221 0.744369
1222 0.739086
1223 0.951317
1224 0.743678
1225 0.801103
1226 0.789105
1227 1.04106
1228 0.880007
1229 0.763187
1230 0.714552
1231 0.759634
1232 0.771424
1233 0.778963
1234 0.806342
1235 0.899134
1236 0.958332
1237 0.749241
1238 0.731141
1239 0.845075
1240 0.804037
1241 0.672759
1242 0.736184
1243 0.772055
1244 0.813559
1245 0.799862
1246 0.844559
1247 0.789551
1248 0.730937
1249 0.912711
1250 0.765436
1251 0.904605
1252 0.78589
1253 0.8466
1254 0.693974
1255 0.719498
1256 0.751581
1257 0.738407
1258 0.751503
1259 0.79949
1260 0.784601
1261 0.697332
1262 0.806406
1263 0.716049
1264 0.798019
1265 0.735608
1266 0.820444
1267 0.881903
1268 0.731272
1269 0.915912
1270 0.99176
1271 0.867792
1272 0.687842
1273 0.799371
1274 0.812459
1275 0.999773
1276 0.839502
1277 0.877833
1278 0.716207
1279 0.79198
1280 0.777619
1281 0.737133
1282 0.835815
1283 0.746255
1284 0.822176
1285 0.759417
1286 0.860334
1287 0.753137
1288 0.718927
1289 0.790577
1290 0.801394
1291 0.715633
1292 0.771641
1293 0.759265
1294 0.779356
1295 0.664942
1296 0.836814
1297 0.659144
1298 0.673389
1299 0.666671
1300 0.741781
1301 0.934455
1302 0.737791
1303 0.848917
1304 0.697698
1305 0.773105
1306 0.745147
1307 0.862485
1308 0.76302
1309 0.653673
1310 0.677256
1311 0.67311
1312 0.866333
1313 0.66194
1314 0.722762
1315 0.659375
1316 0.688344
1317 0.856127
1318 0.769874
1319 0.743857
1320 0.773458
1321 0.818117
1322 0.849003
1323 0.909902
1324 1.08698
1325 0.99683
1326 0.764931
1327 0.700458
1328 0.756469
1329 0.783813
1330 0.857424
1331 0.672543
1332 0.689396
1333 0.752685
1334 0.984044
1335 0.655223
1336 0.906244
1337 0.687486
1338 0.675769
1339 0.688101
1340 0.760309
1341 0.920197
1342 0.761825
1343 0.781132
1344 0.876953
1345 0.645017
1346 0.825855
1347 0.698292
1348 0.664869
1349 0.930259
1350 0.810399
1351 0.718738
1352 0.721581
1353 0.661952
1354 0.725697
1355 0.703803
1356 0.770505
1357 0.718413
1358 0.858896
1359 0.825014
1360 0.820084
1361 0.663814
1362 0.793992
1363 0.817468
1364 0.851105
1365 0.876633
1366 0.801543
1367 0.770009
1368 0.750976
1369 0.798944
1370 0.705571
1371 0.959402
1372 0.729902
1373 0.715325
1374 0.716886
1375 0.67063
1376 0.652832
1377 0.675029
1378 0.752284
1379 0.751374
1380 0.809017
1381 0.670354
1382 0.716267
1383 0.811412
1384 0.694071
1385 0.721695
1386 0.706542
1387 0.677946
1388 0.688759
1389 0.654409
1390 0.716083
1391 0.71313
1392 0.844419
1393 0.675292
1394 0.780491
1395 0.85915
1396 0.948959
1397 0.972795
1398 0.916057
1399 0.787097
1400 0.745029
1401 0.746468
1402 0.673988
1403 0.779056
1404 0.849827
1405 0.723406
1406 0.695886
1407 0.657695
1408 0.69211
1409 0.756205
1410 0.675738
1411 0.747038
1412 0.675437
1413 0.679905
1414 0.692194
1415 0.762656
1416 0.636517
1417 0.801919
1418 0.660642
1419 0.726499
1420 0.897841
1421 0.860886
1422 0.740605
1423 0.696742
1424 0.683288
1425 0.820883
1426 0.799282
1427 0.76824
1428 0.703008
1429 0.851529
1430 0.845217
1431 0.718042
1432 0.789514
1433 0.691062
1434 0.718267
1435 0.701597
1436 0.837003
1437 0.650845
1438 0.703779
1439 0.67766
1440 0.687803
1441 0.652718
1442 0.902059
1443 0.84941
1444 0.836629
1445 0.721496
1446 0.826412
1447 0.761482
1448 0.714448
1449 0.916517
1450 0.667523
1451 0.825024
1452 0.702747
1453 0.679275
1454 0.669616
1455 0.729759
1456 0.731774
1457 0.676271
1458 0.662003
1459 0.696361
1460 0.750484
1461 0.72843
1462 0.847757
1463 0.640933
1464 0.682402
1465 0.653571
1466 0.814185
1467 0.73173
1468 0.73084
1469 0.727874
1470 0.669577
1471 0.786389
1472 0.680503
1473 0.719068
1474 0.737618
1475 0.701278
1476 0.695024
1477 0.641471
1478 0.75174
1479 0.668281
1480 0.68505
1481 0.780916
1482 0.6959
1483 0.681798
1484 0.706913
1485 0.758828
1486 0.69428
1487 0.745645
1488 0.677923
1489 0.658814
1490 0.812104
1491 0.747401
1492 0.896897
1493 0.701286
1494 0.687771
1495 0.841748
1496 0.69762
1497 0.766901
1498 0.67172
1499 0.763336
1500 0.722689
1501 0.668852
1502 0.784406
1503 0.884747
1504 0.822141
1505 0.837927
1506 0.661351
1507 0.664696
1508 0.665847
1509 0.660362
1510 0.806295
1511 0.685655
1512 0.703181
1513 0.706202
1514 0.70436
1515 0.772662
1516 0.668517
1517 0.663479
1518 1.01324
1519 0.862789
1520 0.669573
1521 0.696237
1522 0.704746
1523 0.740002
1524 0.733868
1525 0.835335
1526 0.74727
1527 0.635028
1528 0.673176
1529 0.768201
1530 0.736362
1531 0.805318
1532 0.670081
1533 0.671813
1534 0.659964
1535 0.697986
1536 0.714495
1537 0.656458
1538 0.682909
1539 0.74514
1540 0.741953
1541 0.680859
1542 0.608628
1543 0.642116
1544 0.920959
1545 0.905694
1546 1.04233
1547 0.628028
1548 0.874073
1549 0.776463
1550 0.754674
1551 0.610287
1552 0.625387
1553 0.889062
1554 0.831844
1555 0.691162
1556 0.804588
1557 0.650916
1558 0.639062
1559 1.05557
1560 0.770054
1561 0.723325
1562 0.686041
1563 0.624852
1564 0.780622
1565 0.826884
1566 0.763968
1567 0.962684
1568 0.959749
1569 0.839388
1570 0.664809
1571 0.649544
1572 0.65797
1573 0.677854
1574 0.715437
1575 0.666229
1576 0.613128
1577 0.655466
1578 0.650562
1579 0.649246
1580 0.71665
1581 0.844489
1582 0.766031
1583 0.609599
1584 0.753091
1585 0.726696
1586 0.628899
1587 0.642611
1588 0.685366
1589 0.756459
1590 0.635153
1591 0.679114
1592 0.662061
1593 0.674474
1594 0.814284
1595 0.754021
1596 0.676244
1597 0.683307
1598 0.688255
1599 0.710993
1600 0.679626
1601 0.61638
1602 0.585524
1603 0.716902
1604 0.613182
1605 0.806527
1606 0.980442
1607 1.07617
1608 0.710639
1609 0.582151
1610 0.792463
1611 0.77988
1612 0.602765
1613 0.664507
1614 0.657523
1615 0.717173
1616 0.749741
1617 0.689538
1618 0.702502
1619 0.801262
1620 0.755624
1621 0.609496
1622 0.693235
1623 0.69665
1624 0.642937
1625 0.679914
1626 0.616954
1627 0.654496
1628 0.684692
1629 0.657685
1630 0.622541
1631 0.771377
1632 0.674508
1633 0.666689
1634 0.633918
1635 0.633334
1636 0.634469
1637 0.735755
1638 0.713264
1639 0.663838
1640 0.656709
1641 0.649242
1642 0.723238
1643 0.68277
1644 0.691054
1645 0.635214
1646 0.659102
1647 0.76413
1648 0.575878
1649 0.631361
1650 0.581293
1651 0.741614
1652 0.690857
1653 0.723357
1654 0.593241
1655 0.667478
1656 0.649687
1657 0.603268
1658 0.732073
1659 0.654022
1660 0.695969
1661 0.642711
1662 0.740863
1663 0.591807
1664 0.672925
1665 0.655024
1666 0.628089
1667 0.676262
1668 0.646812
1669 0.656286
1670 0.603741
1671 0.725883
1672 0.627287
1673 0.649428
1674 0.650433
1675 0.667231
1676 0.60873
1677 0.62628
1678 0.741781
1679 0.594958
1680 0.616376
1681 0.814081
1682 0.717879
1683 0.590822
1684 0.607144
1685 0.555398
1686 0.614321
1687 0.663976
1688 0.629145
1689 0.557677
1690 0.630132
1691 0.599106
1692 0.605663
1693 0.703223
1694 0.602398
1695 0.620645
1696 0.613767
1697 0.604623
1698 0.571869
1699 0.689555
1700 0.693738
1701 0.573093
1702 0.572428
1703 0.562181
1704 0.565096
1705 0.554231
1706 0.702241
1707 0.721733
1708 0.599445
1709 0.576367
1710 0.573842
1711 0.543773
1712 0.684211
1713 1.08884
1714 0.59413
1715 0.558578
1716 0.850543
1717 0.672559
1718 0.764791
1719 0.801043
1720 0.653638
1721 0.712099
1722 0.669031
1723 0.595982
1724 0.616784
1725 0.652569
1726 0.63041
1727 0.718603
1728 0.673775
1729 0.607774
1730 0.7304
1731 0.657578
1732 0.583293
1733 0.590649
1734 0.593728
1735 0.597398
1736 0.69304
1737 0.589713
1738 0.648814
1739 0.713197
1740 0.584444
1741 0.562655
1742 0.640038
1743 0.625233
1744 0.568215
1745 0.708112
1746 0.80692
1747 0.64076
1748 0.754987
1749 0.626529
1750 0.691431
1751 0.685425
1752 0.778045
1753 0.574489
1754 0.590234
1755 0.586874
1756 0.635355
1757 0.834643
1758 0.579431
1759 0.639909
1760 0.633089
1761 0.909855
1762 0.581416
1763 0.660655
1764 0.58485
1765 0.762318
1766 0.753631
1767 0.727539
1768 0.64973
1769 0.641443
1770 0.722288
1771 0.62214
1772 0.588507
1773 0.649098
1774 0.709126
1775 0.802068
1776 0.740165
1777 0.735632
1778 0.666871
1779 0.59212
1780 0.680883
1781 0.648728
1782 0.670084
1783 0.697872
1784 0.651307
1785 0.739895
1786 0.615739
1787 0.596514
1788 0.567958
1789 0.621099
1790 0.56302
1791 0.716769
1792 0.555316
1793 0.580838
1794 0.589895
1795 0.746211
1796 0.650425
1797 0.600656
1798 0.909878
1799 0.788785
1800 0.641004
1801 0.594514
1802 0.645377
1803 0.567074
1804 0.580086
1805 0.569127
1806 0.669178
1807 0.586273
1808 0.612965
1809 0.601689
1810 0.757395
1811 0.798672
1812 0.59085
1813 0.64912
1814 0.570269
1815 0.57095
1816 0.561494
1817 0.602516
1818 0.721989
1819 0.759919
1820 0.726054
1821 0.605802
1822 0.63025
1823 0.670451
1824 0.569042
1825 0.737042
1826 0.656654
1827 0.614065
1828 0.557113
1829 0.622405
1830 0.664785
1831 0.618331
1832 0.558786
1833 0.584143
1834 0.662376
1835 0.852317
1836 0.861746
1837 0.599048
1838 0.659067
1839 0.58908
1840 0.627518
1841 0.621155
1842 0.688332
1843 0.708402
1844 0.702976
1845 0.59358
1846 0.546586
1847 0.666855
1848 0.588116
1849 0.676562
1850 0.560451
1851 0.59198
1852 0.834238
1853 0.687414
1854 0.598486
1855 0.622197
1856 0.687634
1857 0.625627
1858 0.65279
1859 0.61177
1860 0.664894
1861 0.643825
1862 0.695736
1863 0.682218
1864 0.614952
1865 0.558789
1866 0.674905
1867 0.691549
1868 0.738229
1869 0.808646
1870 0.629865
1871 0.599266
1872 0.531381
1873 0.542265
1874 0.717146
1875 0.62693
1876 0.632999
1877 0.618558
1878 0.664714
1879 0.665131
1880 0.555362
1881 0.61547
1882 0.623245
1883 0.60714
1884 0.707394
1885 0.650238
1886 0.646231
1887 0.634792
1888 0.549038
1889 0.643007
1890 0.581824
1891 0.605027
1892 0.60266
1893 0.563401
1894 0.567823
1895 0.628815
1896 0.558388
1897 0.63643
1898 0.614354
1899 0.687169
1900 0.63931
1901 0.58745
1902 0.649118
1903 0.630215
1904 0.593865
1905 0.595425
1906 0.690155
1907 0.623154
1908 0.583729
1909 0.554266
1910 0.756832
1911 0.611409
1912 0.746223
1913 0.630947
1914 0.588299
1915 0.756822
1916 0.68695
1917 0.693365
1918 0.564816
1919 0.770609
1920 0.597743
1921 0.590033
1922 0.588009
1923 0.567003
1924 0.632193
1925 0.578366
1926 0.63523
1927 0.58275
1928 0.535494
1929 0.577996
1930 0.639291
1931 0.593591
1932 0.610211
1933 0.617359
1934 0.529455
1935 0.595477
1936 0.621279
1937 0.659567
1938 0.604838
1939 0.605351
1940 0.635272
1941 0.639409
1942 0.536112
1943 0.628003
1944 0.54243
1945 0.560736
1946 0.506083
1947 0.543814
1948 0.620149
1949 0.554867
1950 0.672582
1951 0.675306
1952 0.653559
1953 0.653432
1954 0.636801
1955 0.537478
1956 0.579077
1957 0.529248
1958 0.523254
1959 0.56047
1960 0.626507
1961 0.746013
1962 0.765763
1963 0.749575
1964 0.586969
1965 0.665657
1966 0.650849
1967 0.627739
1968 0.647116
1969 0.566921
1970 0.525008
1971 0.560738
1972 0.600513
1973 0.627702
1974 0.573816
1975 0.6465
1976 0.701836
1977 0.566988
1978 0.54569
1979 0.552271
1980 0.563838
1981 0.582419
1982 0.59458
1983 0.551958
1984 0.681463
1985 0.953163
1986 0.582605
1987 0.55582
1988 0.538148
1989 0.63765
1990 0.650907
1991 0.759609
1992 0.669943
1993 0.61519
1994 0.653797
1995 0.547791
1996 0.606351
1997 0.544197
1998 0.619045
1999 0.660051
2000 0.636905
2001 0.57297
2002 0.556397
2003 0.557287
2004 0.639986
2005 0.579168
2006 0.579893
2007 0.72433
2008 0.548973
2009 0.659651
2010 0.617357
2011 0.619523
2012 0.656666
2013 0.649292
2014 0.531949
2015 0.530972
2016 0.664632
2017 0.720163
2018 0.571696
2019 0.522551
2020 0.542037
2021 0.592554
2022 0.613123
2023 0.642217
2024 0.539087
2025 0.556039
2026 0.699418
2027 0.573135
2028 0.582433
2029 0.533106
2030 0.588745
2031 0.5613
2032 0.634442
2033 0.513045
2034 0.599287
2035 0.593264
2036 0.583607
2037 0.620835
2038 0.710059
2039 0.631044
2040 0.514384
2041 0.715911
2042 0.55214
2043 0.522152
2044 0.574586
2045 0.611575
2046 0.621709
2047 0.559415
2048 0.586108
2049 0.534444
2050 0.641255
2051 0.659338
2052 0.808305
2053 0.655505
2054 0.706619
2055 0.714732
2056 0.709236
2057 0.605843
2058 0.791874
2059 0.575519
2060 0.498394
2061 0.602344
2062 0.744648
2063 0.750442
2064 0.616486
2065 0.559664
2066 0.525439
2067 0.692527
2068 0.625239
2069 0.561107
2070 0.57816
2071 0.608955
2072 0.549826
2073 0.698023
2074 0.535002
2075 0.521431
2076 0.523435
2077 0.541458
2078 0.565138
2079 0.53005
2080 0.631594
2081 0.633476
2082 0.617404
2083 0.573123
2084 0.591791
2085 0.572884
2086 0.745742
2087 0.608177
2088 0.633832
2089 0.591261
2090 0.589076
2091 0.587437
2092 0.531544
2093 0.684372
2094 0.619678
2095 0.592709
2096 0.648318
2097 0.610811
2098 0.53761
2099 0.603278
2100 0.557561
2101 0.55885
2102 0.617412
2103 0.639953
2104 0.58668
2105 0.574404
2106 0.559269
2107 0.579234
2108 0.658463
2109 0.653418
2110 0.535444
2111 0.511826
2112 0.533647
2113 0.5725
2114 0.576057
2115 0.630837
2116 0.556641
2117 0.586458
2118 0.562461
2119 0.524008
2120 0.562346
2121 0.569923
2122 0.577059
2123 0.563834
2124 0.543057
2125 0.679672
2126 0.560157
2127 0.689124
2128 0.741433
2129 0.551756
2130 0.568155
2131 0.527576
2132 0.641848
2133 0.69695
2134 0.760744
2135 0.590309
2136 0.572949
2137 0.546268
2138 0.63239
2139 0.589977
2140 0.584663
2141 0.562519
2142 0.610585
2143 0.634785
2144 0.703547
2145 0.706827
2146 0.607284
2147 0.573195
2148 0.533567
2149 0.627545
2150 0.573804
2151 0.60663
2152 0.640752
2153 0.476709
2154 0.576468
2155 0.599279
2156 0.544747
2157 0.551597
2158 0.59258
2159 0.573873
2160 0.722332
2161 0.515274
2162 0.572924
2163 0.555561
2164 0.536925
2165 0.602639
2166 0.6417
2167 0.506209
2168 0.500801
2169 0.477225
2170 0.618324
2171 0.505915
2172 0.48259
2173 0.506472
2174 0.502393
2175 0.47316
2176 0.779305
2177 0.603506
2178 0.621198
2179 0.526517
2180 0.631092
2181 0.576799
2182 0.604223
2183 0.714028
2184 0.517189
2185 0.483801
2186 0.638509
2187 0.700062
2188 0.541828
2189 0.572375
2190 0.554751
2191 0.556911
2192 0.555327
2193 0.627031
2194 0.504502
2195 0.632442
2196 0.568406
2197 0.513303
2198 0.562017
2199 0.551817
2200 0.505356
2201 0.598961
2202 0.81226
2203 0.609628
2204 0.611296
2205 0.581258
2206 0.503523
2207 0.609884
2208 0.570215
2209 0.520918
2210 0.492539
2211 0.489058
2212 0.561267
2213 0.548088
2214 0.566568
2215 0.533386
2216 0.567464
2217 0.749069
2218 0.642969
2219 0.600273
2220 0.475276
2221 0.61993
2222 0.692624
2223 0.680891
2224 0.6492
2225 0.594801
2226 0.535828
2227 0.573852
2228 0.590363
2229 0.777728
2230 0.476541
2231 0.565692
2232 0.610199
2233 0.517198
2234 0.479758
2235 0.518327
2236 0.528878
2237 0.595188
2238 0.625941
2239 0.631903
2240 0.570698
2241 0.674416
2242 0.487561
2243 0.489551
2244 0.567935
2245 0.477726
2246 0.559575
2247 0.480352
2248 0.569031
2249 0.539137
2250 0.698583
2251 0.488857
2252 0.600341
2253 0.851221
2254 0.821193
2255 0.617369
2256 0.548688
2257 0.536708
2258 0.541218
2259 0.55916
2260 0.59762
2261 0.572142
2262 0.557649
2263 0.541124
2264 0.54269
2265 0.550525
2266 0.483472
2267 0.526285
2268 0.524373
2269 0.66352
2270 0.540571
2271 0.505393
2272 0.491617
2273 0.557859
2274 0.526613
2275 0.574964
2276 0.511077
2277 0.530472
2278 0.652488
2279 0.546215
2280 0.562949
2281 0.489131
2282 0.592429
2283 0.606097
2284 0.630621
2285 0.562798
2286 0.562487
2287 0.663682
2288 0.604326
2289 0.695303
2290 0.547778
2291 0.479547
2292 0.560704
2293 0.542305
2294 0.600028
2295 0.521291
2296 0.466619
2297 0.562298
2298 0.529258
2299 0.502008
2300 0.552034
2301 0.630545
2302 0.681707
2303 0.620403
2304 0.586425
2305 0.555811
2306 0.542529
2307 0.602293
2308 0.577763
2309 0.64562
2310 0.584672
2311 0.597848
2312 0.549751
2313 0.500969
2314 0.533899
2315 0.530499
2316 0.468033
2317 0.533642
2318 0.498655
2319 0.620307
2320 0.600974
2321 0.492341
2322 0.507658
2323 0.482088
2324 0.585016
2325 0.710521
2326 0.485729
2327 0.563028
2328 0.520959
2329 0.517208
2330 0.685469
2331 0.479379
2332 0.602176
2333 0.576599
2334 0.500539
2335 0.491163
2336 0.500047
2337 0.509948
2338 0.535008
2339 0.536568
2340 0.517015
2341 0.5107
2342 0.494549
2343 0.684446
2344 0.539976
2345 0.507294
2346 0.466573
2347 0.557294
2348 0.587717
2349 0.588504
2350 0.546669
2351 0.567612
2352 0.592349
2353 0.561925
2354 0.722507
2355 0.607226
2356 0.50774
2357 0.532832
2358 0.558265
2359 0.545688
2360 0.480978
2361 0.678509
2362 0.759287
2363 0.629954
2364 0.543396
2365 0.47203
2366 0.509474
2367 0.507127
2368 0.671483
2369 0.495865
2370 0.513251
2371 0.568109
2372 0.544509
2373 0.576691
2374 0.513245
2375 0.511648
2376 0.635182
2377 0.563646
2378 0.588801
2379 0.663417
2380 0.561633
2381 0.478728
2382 0.680748
2383 0.707544
2384 0.617658
2385 0.497091
2386 0.528899
2387 0.622965
2388 0.588012
2389 0.51754
2390 0.621884
2391 0.463767
2392 0.521627
2393 0.467158
2394 0.544518
2395 0.519584
2396 0.612107
2397 0.572942
2398 0.515658
2399 0.587346
2400 0.462237
2401 0.491426
2402 0.480483
2403 0.727283
2404 0.668074
2405 0.588705
2406 0.59805
2407 0.567867
2408 0.530931
2409 0.473982
2410 0.457247
2411 0.563983
2412 0.663305
2413 0.55311
2414 0.640761
2415 0.520619
2416 0.473369
2417 0.514369
2418 0.822681
2419 0.509824
2420 0.523854
2421 0.571546
2422 0.493546
2423 0.696779
2424 0.518417
2425 0.645329
2426 0.623122
2427 0.573563
2428 0.596812
2429 0.478797
2430 0.531401
2431 0.46857
2432 0.457527
2433 0.497057
2434 0.500344
2435 0.469249
2436 0.460675
2437 0.47203
2438 0.476906
2439 0.71159
2440 0.578856
2441 0.477125
2442 0.595848
2443 0.509602
2444 0.545819
2445 0.481644
2446 0.524919
2447 0.556616
2448 0.485634
2449 0.469848
2450 0.597965
2451 0.512142
2452 0.537354
2453 0.621754
2454 0.56505
2455 0.516096
2456 0.469596
2457 0.51775
2458 0.480031
2459 0.447621
2460 0.464445
2461 0.475705
2462 0.520348
2463 0.562488
2464 0.527862
2465 0.638302
2466 0.621632
2467 0.489824
2468 0.525709
2469 0.545406
2470 0.539631
2471 0.490975
2472 0.566556
2473 0.448006
2474 0.572753
2475 0.597931
2476 0.626434
2477 0.620039
2478 0.50803
2479 0.507605
2480 0.59573
2481 0.438919
2482 0.562889
2483 0.461563
2484 0.460604
2485 0.506297
2486 0.512102
2487 0.518863
2488 0.442999
2489 0.474224
2490 0.584062
2491 0.510353
2492 0.506385
2493 0.47896
2494 0.587629
2495 0.513642
2496 0.543548
2497 0.499572
2498 0.469385
2499 0.510124
2500 0.52704
2501 0.476167
2502 0.542332
2503 0.532993
2504 0.47796
2505 0.586986
2506 0.474187
2507 0.515828
2508 0.459067
2509 0.567912
2510 0.491425
2511 0.542894
2512 0.5534
2513 0.490516
2514 0.477042
2515 0.449029
2516 0.496607
2517 0.538869
2518 0.455054
2519 0.547665
2520 0.523323
2521 0.494421
2522 0.489829
2523 0.517928
2524 0.468724
2525 0.503052
2526 0.527902
2527 0.479369
2528 0.449295
2529 0.492027
2530 0.486391
2531 0.435105
2532 0.476256
2533 0.554347
2534 0.579399
2535 0.466957
2536 0.601143
2537 0.458487
2538 0.426188
2539 0.685841
2540 0.478362
2541 0.460324
2542 0.457892
2543 0.449128
2544 0.447269
2545 0.471079
2546 0.497448
2547 0.441243
2548 0.4523
2549 0.462422
2550 0.462225
2551 0.592368
2552 0.526156
2553 0.42875
2554 0.466126
2555 0.46786
2556 0.481901
2557 0.568663
2558 0.492787
2559 0.439887
2560 0.419735
2561 0.423437
2562 0.426623
2563 0.444849
2564 0.470048
2565 0.569897
2566 0.471103
2567 0.462037
2568 0.463
2569 0.427352
2570 0.490271
2571 0.917097
2572 0.476663
2573 0.421768
2574 0.658324
2575 0.532378
2576 0.545865
2577 0.539086
2578 0.525432
2579 0.506507
2580 0.568598
2581 0.46854
2582 0.448111
2583 0.548794
2584 0.513198
2585 0.489662
2586 0.629472
2587 0.492075
2588 0.479964
2589 0.593014
2590 0.457735
2591 0.475988
2592 0.48994
2593 0.452986
2594 0.54245
2595 0.431147
2596 0.451723
2597 0.558847
2598 0.542265
2599 0.465147
2600 0.482149
2601 0.507147
2602 0.495513
2603 0.482487
2604 0.633038
2605 0.559
2606 0.569027
2607 0.556164
2608 0.478391
2609 0.484143
2610 0.552703
2611 0.530849
2612 0.47591
2613 0.461817
2614 0.467077
2615 0.6011
2616 0.514057
2617 0.541527
2618 0.44287
2619 0.661541
2620 0.527343
2621 0.560291
2622 0.523815
2623 0.592351
2624 0.434902
2625 0.658122
2626 0.535506
2627 0.526409
2628 0.464171
2629 0.609643
2630 0.459564
2631 0.476953
2632 0.558179
2633 0.645576
2634 0.538647
2635 0.614624
2636 0.548736
2637 0.601601
2638 0.516287
2639 0.549826
2640 0.461231
2641 0.477765
2642 0.53905
2643 0.463208
2644 0.490601
2645 0.513967
2646 0.436169
2647 0.458277
2648 0.428923
2649 0.523406
2650 0.41769
2651 0.427298
2652 0.494035
2653 0.562574
2654 0.511677
2655 0.502247
2656 0.779196
2657 0.50493
2658 0.442674
2659 0.421739
2660 0.464793
2661 0.435328
2662 0.431144
2663 0.466998
2664 0.500582
2665 0.494297
2666 0.469161
2667 0.438903
2668 0.503582
2669 0.477157
2670 0.432022
2671 0.44399
2672 0.488814
2673 0.442375
2674 0.493318
2675 0.473374
2676 0.436058
2677 0.584919
2678 0.49894
2679 0.532661
2680 0.445353
2681 0.434942
2682 0.488095
2683 0.590792
2684 0.540299
2685 0.429058
2686 0.428612
2687 0.443577
2688 0.452779
2689 0.448237
2690 0.486058
2691 0.483881
2692 0.478257
2693 0.660834
2694 1.92879
2695 0.702648
2696 0.622206
2697 0.558145
2698 0.474798
2699 0.536589
2700 0.52018
2701 0.58693
2702 0.483372
2703 0.463566
2704 0.473228
2705 0.450459
2706 0.558476
2707 0.446742
2708 0.489678
2709 0.419634
2710 0.600035
2711 0.580792
2712 0.416298
2713 0.528075
2714 0.441656
2715 0.560551
2716 0.459098
2717 0.469187
2718 0.451696
2719 0.586748
2720 0.572057
2721 0.619614
2722 0.4444
2723 0.412035
2724 0.503414
2725 0.581488
2726 0.513157
2727 0.617131
2728 0.559524
2729 0.48486
2730 0.487204
2731 0.430322
2732 0.450519
2733 0.554623
2734 0.454091
2735 0.492468
2736 0.524245
2737 0.535726
2738 0.443286
2739 0.473773
2740 0.449696
2741 0.432148
2742 0.511702
2743 0.534723
2744 0.482676
2745 0.464666
2746 0.577295
2747 0.518363
2748 0.470866
2749 0.448111
2750 0.450444
2751 0.487133
2752 0.477549
2753 0.490111
2754 0.446905
2755 0.460183
2756 0.420343
2757 0.485028
2758 0.523614
2759 0.467289
2760 0.449244
2761 0.5061
2762 0.535902
2763 0.482172
2764 0.426807
2765 0.444005
2766 0.49497
2767 0.483031
2768 0.568927
2769 0.4303
2770 0.468897
2771 0.695279
2772 0.42642
2773 0.519692
2774 0.541853
2775 0.50529
2776 0.463625
2777 0.482487
2778 0.522673
2779 0.424789
2780 0.435225
2781 0.517484
2782 0.437075
2783 0.490151
2784 0.488227
2785 0.440827
2786 0.427419
2787 0.500422
2788 0.506478
2789 0.481862
2790 0.424766
2791 0.434
2792 0.420589
2793 0.444528
2794 0.448567
2795 0.632394
2796 0.438829
2797 0.56845
2798 0.507466
2799 0.527188
2800 0.498173
2801 0.474568
2802 0.422992
2803 0.464182
2804 0.43454
2805 0.42728
2806 0.460249
2807 0.46841
2808 0.505612
2809 0.492046
2810 0.489245
2811 0.431417
2812 0.643632
2813 0.523316
2814 0.5355
2815 0.432016
2816 0.430263
2817 0.416286
2818 0.465154
2819 0.496757
2820 0.599358
2821 0.599017
2822 0.474065
2823 0.472135
2824 0.521574
2825 0.434998
2826 0.442978
2827 0.469357
2828 0.441078
2829 0.462581
2830 0.460796
2831 0.42959
2832 0.447615
2833 0.436977
2834 0.499346
2835 0.481936
2836 0.426164
2837 0.421445
2838 0.413353
2839 0.516807
2840 0.459519
2841 0.407159
2842 0.520204
2843 0.715778
2844 0.499859
2845 0.538614
2846 0.389214
2847 0.454003
2848 0.505227
2849 0.572067
2850 0.529682
2851 0.42763
2852 0.540792
2853 0.62042
2854 0.539943
2855 0.433136
2856 0.414261
2857 0.454616
2858 0.541346
2859 0.480236
2860 0.394346
2861 0.414975
2862 0.518583
2863 0.424778
2864 0.433121
2865 0.504902
2866 0.492196
2867 0.553881
2868 0.437797
2869 0.468169
2870 0.509038
2871 0.550565
2872 0.452545
2873 0.409357
2874 0.419153
2875 0.511658
2876 0.58178
2877 0.453333
2878 0.414162
2879 0.470974
2880 0.451561
2881 0.447308
2882 0.459024
2883 0.431621
2884 0.492934
2885 0.401161
2886 0.477488
2887 0.418248
2888 0.401757
2889 0.467578
2890 0.515993
2891 0.452695
2892 0.51782
2893 0.420702
2894 0.415544
2895 0.495311
2896 0.566949
2897 0.461806
2898 0.451621
2899 0.494621
2900 0.54891
2901 0.453089
2902 0.412355
2903 0.51852
2904 0.456918
2905 0.446243
2906 0.455471
2907 0.419249
2908 0.431585
2909 0.553848
2910 0.499254
2911 0.669531
2912 0.553602
2913 0.547056
2914 0.485202
2915 0.419297
2916 0.481127
2917 0.597235
2918 0.415221
2919 0.440043
2920 0.428748
2921 0.624018
2922 0.535744
2923 0.438953
2924 0.405184
2925 0.525612
2926 0.582557
2927 0.489854
2928 0.465985
2929 0.442182
2930 0.432196
2931 0.489139
2932 0.559444
2933 0.42332
2934 0.43444
2935 0.387829
2936 0.470954
2937 0.470886
2938 0.419608
2939 0.429424
2940 0.574402
2941 0.466849
2942 0.436729
2943 0.416622
2944 0.610731
2945 0.528088
2946 0.449925
2947 0.438668
2948 0.430216
2949 0.472275
2950 0.430406
2951 0.458548
2952 0.520501
2953 0.488637
2954 0.481993
2955 0.481814
2956 0.501823
2957 0.456583
2958 0.39634
2959 0.440882
2960 0.52433
2961 0.501628
2962 0.440247
2963 0.471937
2964 0.456175
2965 0.406835
2966 0.434963
2967 0.474978
2968 0.461018
2969 0.444485
2970 0.440261
2971 0.398189
2972 0.456791
2973 0.523775
2974 0.400975
2975 0.427318
2976 0.449157
2977 0.428385
2978 0.404347
2979 0.464485
2980 0.505561
2981 0.381985
2982 0.42726
2983 0.453864
2984 0.532649
2985 0.451462
2986 0.564488
2987 0.448544
2988 0.439541
2989 0.432962
2990 0.576168
2991 0.487032
2992 0.550193
2993 0.511682
2994 0.434962
2995 0.417718
2996 0.49137
2997 0.512024
2998 0.442155
2999 0.44783
3000 0.444401
3001 0.471849
3002 0.489825
3003 0.563384
3004 0.430079
3005 0.480862
3006 0.386995
3007 0.501381
3008 0.417854
3009 0.43498
3010 0.449434
3011 0.390654
3012 0.451805
3013 0.422547
3014 0.41095
3015 0.400838
3016 0.386467
3017 0.46131
3018 0.42937
3019 0.485699
3020 0.476381
3021 0.416423
3022 0.423389
3023 0.506457
3024 0.587362
3025 0.405476
3026 0.462354
3027 0.377819
3028 0.419855
3029 0.526673
3030 0.379615
3031 0.481438
3032 0.384852
3033 0.404896
3034 0.549092
3035 0.409677
3036 0.432624
3037 0.397357
3038 0.50085
3039 0.492728
3040 0.489407
3041 0.566651
3042 0.530222
3043 0.408783
3044 0.479285
3045 0.382209
3046 0.470271
3047 0.534
3048 0.479947
3049 0.431593
3050 0.427371
3051 0.619126
3052 0.403712
3053 0.38842
3054 0.444478
3055 0.452554
3056 0.441698
3057 0.481214
3058 0.415706
3059 0.417646
3060 0.513786
3061 0.595767
3062 0.558618
3063 0.414134
3064 0.400579
3065 0.423948
3066 0.504598
3067 0.441438
3068 0.470114
3069 0.401899
3070 0.407938
3071 0.433035
3072 0.417434
3073 0.422298
3074 0.458022
3075 0.495755
3076 0.53808
3077 0.415764
3078 0.364706
3079 0.467271
3080 0.591133
3081 0.52591
3082 0.521755
3083 0.467447
3084 0.447439
3085 0.424992
3086 0.485863
3087 0.485825
3088 0.626202
3089 0.411873
3090 0.459435
3091 0.386312
3092 0.401762
3093 0.40378
3094 0.421896
3095 0.433805
3096 0.456754
3097 0.431237
3098 0.435076
3099 0.44981
3100 0.428086
3101 0.438276
3102 0.391194
3103 0.421406
3104 0.373845
3105 0.428791
3106 0.41891
3107 0.365517
3108 0.397782
3109 0.469982
3110 0.43152
3111 0.515655
3112 0.561841
3113 0.419453
3114 0.460714
3115 0.448648
3116 0.58455
3117 0.382986
3118 0.475705
3119 0.427137
3120 0.390867
3121 0.503403
3122 0.372908
3123 0.416137
3124 0.393496
3125 0.385711
3126 0.450337
3127 0.470984
3128 0.449255
3129 0.435874
3130 0.411999
3131 0.46498
3132 0.459198
3133 0.47245
3134 0.388263
3135 0.397772
3136 0.414732
3137 0.527651
3138 0.440242
3139 0.405376
3140 0.472582
3141 0.510153
3142 0.57867
3143 0.432495
3144 0.510341
3145 0.44515
3146 0.447423
3147 0.466775
3148 0.447701
3149 0.435109
3150 0.386172
3151 0.446366
3152 0.43426
3153 0.519689
3154 0.465994
3155 0.414902
3156 0.431471
3157 0.402334
3158 0.493616
3159 0.450078
3160 0.493491
3161 0.458311
3162 0.54052
3163 0.486154
3164 0.412606
3165 0.467379
3166 0.449453
3167 0.538104
3168 0.461633
3169 0.435803
3170 0.470879
3171 0.402337
3172 0.426407
3173 0.351475
3174 0.399867
3175 0.422471
3176 0.365408
3177 0.446932
3178 0.352101
3179 0.559224
3180 0.367234
3181 0.424226
3182 0.452635
3183 0.467908
3184 0.4744
3185 0.423076
3186 0.440366
3187 0.35583
3188 0.443797
3189 0.423929
3190 0.455153
3191 0.473578
3192 0.402089
3193 0.396594
3194 0.400999
3195 0.400121
3196 0.378491
3197 0.452164
3198 0.417632
3199 0.450394
3200 0.445005
3201 0.392854
3202 0.47144
3203 0.429469
3204 0.433131
3205 0.389403
3206 0.477499
3207 0.418948
3208 0.405236
3209 0.471072
3210 0.381295
3211 0.425398
3212 0.488015
3213 0.42965
3214 0.441114
3215 0.450722
3216 0.476344
3217 0.414892
3218 0.378508
3219 0.481705
3220 0.483443
3221 0.462941
3222 0.512158
3223 0.376431
3224 0.402247
3225 0.362965
3226 0.422499
3227 0.467948
3228 0.437775
3229 0.378271
3230 0.426779
3231 0.46453
3232 0.403498
3233 0.413917
3234 0.418332
3235 0.499965
3236 0.42655
3237 0.513078
3238 0.418009
3239 0.406717
3240 0.545374
3241 0.39775
3242 0.503003
3243 0.408451
3244 0.400467
3245 0.438577
3246 0.487708
3247 0.368324
3248 0.484245
3249 0.396187
3250 0.357359
3251 0.409947
3252 0.410489
3253 0.405441
3254 0.390259
3255 0.405479
3256 0.407202
3257 0.412718
3258 0.370262
3259 0.38213
3260 0.384244
3261 0.542603
3262 0.601354
3263 0.493111
3264 0.392194
3265 0.49246
3266 0.382795
3267 0.400433
3268 0.364581
3269 0.425553
3270 0.501913
3271 0.531894
3272 0.472166
3273 0.394293
3274 0.413876
3275 0.372934
3276 0.756507
3277 0.375382
3278 0.431513
3279 0.399227
3280 0.404893
3281 0.640114
3282 0.363845
3283 0.437266
3284 0.550934
3285 0.382835
3286 0.527951
3287 0.380924
3288 0.398943
3289 0.391856
3290 0.415212
3291 0.423139
3292 0.381006
3293 0.404567
3294 0.38179
3295 0.384438
3296 0.364072
3297 0.554642
3298 0.519908
3299 0.415817
3300 0.362531
3301 0.428151
3302 0.425867
3303 0.396733
3304 0.41693
3305 0.435024
3306 0.385592
3307 0.356186
3308 0.454115
3309 0.425466
3310 0.436344
3311 0.457844
3312 0.442947
3313 0.38545
3314 0.353181
3315 0.408171
3316 0.477599
3317 0.391359
3318 0.342306
3319 0.366724
3320 0.40109
3321 0.388578
3322 0.517559
3323 0.479549
3324 0.666101
3325 0.362356
3326 0.386444
3327 0.482375
3328 0.466235
3329 0.383822
3330 0.423362
3331 0.379078
3332 0.378177
3333 0.453486
3334 0.418176
3335 0.484834
3336 0.371824
3337 0.451877
3338 0.44269
3339 0.392043
3340 0.377885
3341 0.41541
3342 0.375799
3343 0.393051
3344 0.40509
3345 0.41959
3346 0.36836
3347 0.375024
3348 0.439889
3349 0.39868
3350 0.364284
3351 0.358716
3352 0.416588
3353 0.352636
3354 0.47677
3355 0.399102
3356 0.416027
3357 0.378634
3358 0.374182
3359 0.42249
3360 0.436261
3361 0.449318
3362 0.401241
3363 0.386259
3364 0.488075
3365 0.387233
3366 0.338862
3367 0.51667
3368 0.359813
3369 0.391726
3370 0.423087
3371 0.380511
3372 0.407148
3373 0.373689
3374 0.369426
3375 0.455458
3376 0.394357
3377 0.397211
3378 0.389888
3379 0.462891
3380 0.370337
3381 0.443997
3382 0.405979
3383 0.432873
3384 0.403345
3385 0.448442
3386 0.412572
3387 0.381452
3388 0.471101
3389 0.351376
3390 0.379551
3391 0.388778
3392 0.406612
3393 0.426135
3394 0.434361
3395 0.452911
3396 0.356739
3397 0.426544
3398 0.400478
3399 0.478524
3400 0.390024
3401 0.347797
3402 0.393771
3403 0.33154
3404 0.519274
3405 0.344614
3406 0.387309
3407 0.366296
3408 0.363074
3409 0.348413
3410 0.327855
3411 0.366945
3412 0.357205
3413 0.356631
3414 0.328538
3415 0.348649
3416 0.391544
3417 0.368165
3418 0.339294
3419 0.338147
3420 0.347152
3421 0.365374
3422 0.352818
3423 0.416555
3424 0.470102
3425 0.398845
3426 0.350835
3427 0.332376
3428 0.36036
3429 0.403961
3430 0.7134
3431 0.369478
3432 0.337523
3433 0.572845
3434 0.526532
3435 0.458754
3436 0.535575
3437 0.38638
3438 0.508191
3439 0.382105
3440 0.341563
3441 0.390149
3442 0.433133
3443 0.38614
3444 0.48931
3445 0.467125
3446 0.416051
3447 0.512594
3448 0.375881
3449 0.371367
3450 0.405483
3451 0.338031
3452 0.363361
3453 0.388859
3454 0.35011
3455 0.372385
3456 0.385754
3457 0.364983
3458 0.342794
3459 0.424834
3460 0.379543
3461 0.371301
3462 0.539176
3463 0.476089
3464 0.489836
3465 0.432736
3466 0.424876
3467 0.340411
3468 0.441619
3469 0.514928
3470 0.407545
3471 0.406081
3472 0.371671
3473 0.436561
3474 0.51891
3475 0.380541
3476 0.370056
3477 0.403619
3478 0.469712
3479 0.349102
3480 0.420554
3481 0.399901
3482 0.368168
3483 0.619422
3484 0.39261
3485 0.443968
3486 0.369684
3487 0.511448
3488 0.376004
3489 0.344264
3490 0.387378
3491 0.585393
3492 0.449941
3493 0.418891
3494 0.438625
3495 0.371181
3496 0.365522
3497 0.536252
3498 0.371592
3499 0.386592
3500 0.405501
3501 0.376793
3502 0.41581
3503 0.382255
3504 0.418413
3505 0.364214
3506 0.373394
3507 0.349105
3508 0.472536
3509 0.340891
3510 0.380311
3511 0.346723
3512 0.513995
3513 0.410809
3514 0.533368
3515 0.458008
3516 0.336851
3517 0.355311
3518 0.341751
3519 0.396025
3520 0.33001
3521 0.332301
3522 0.327179
3523 0.410599
3524 0.390891
3525 0.353645
3526 0.33907
3527 0.424222
3528 0.340655
3529 0.365478
3530 0.422529
3531 0.332288
3532 0.341132
3533 0.388714
3534 0.382049
3535 0.435041
3536 0.365688
3537 0.491984
3538 0.46256
3539 0.397828
3540 0.410748
3541 0.375971
3542 0.412318
3543 0.377639
3544 0.344008
3545 0.33992
3546 0.340239
3547 0.385773
3548 0.375927
3549 0.367698
3550 0.405855
3551 0.483812
3552 0.372165
3553 0.463702
3554 0.330002
3555 0.415001
3556 0.378497
3557 0.394841
3558 0.391389
3559 0.389783
3560 0.427645
3561 0.385011
3562 0.382809
3563 0.399453
3564 0.400975
3565 0.382905
3566 0.403411
3567 0.343215
3568 0.355714
3569 0.478421
3570 0.379583
3571 0.442987
3572 0.360456
3573 0.385892
3574 0.4065
3575 0.474
3576 0.368847
3577 0.497324
3578 0.399915
3579 0.423669
3580 0.369342
3581 0.380278
3582 0.361913
3583 0.412646
3584 0.388629
3585 0.445836
3586 0.597168
3587 0.358789
3588 0.36725
3589 0.363492
3590 0.354073
3591 0.427387
3592 0.393683
3593 0.424951
3594 0.462874
3595 0.354803
3596 0.395603
3597 0.347043
3598 0.406877
3599 0.388665
3600 0.337034
3601 0.475596
3602 0.403674
3603 0.376027
3604 0.457264
3605 0.372688
3606 0.372696
3607 0.41392
3608 0.372139
3609 0.373
3610 0.374726
3611 0.340756
3612 0.414677
3613 0.387096
3614 0.383136
3615 0.380921
3616 0.418816
3617 0.359896
3618 0.340519
3619 0.425777
3620 0.376211
3621 0.374337
3622 0.427544
3623 0.331622
3624 0.501414
3625 0.338727
3626 0.349374
3627 0.486131
3628 0.403529
3629 0.457065
3630 0.371029
3631 0.370424
3632 0.41251
3633 0.535384
3634 0.370442
3635 0.402674
3636 0.417599
3637 0.366267
3638 0.335899
3639 0.341887
3640 0.341383
3641 0.420283
3642 0.449519
3643 0.377472
3644 0.410659
3645 0.391939
3646 0.395261
3647 0.351553
3648 0.354823
3649 0.380208
3650 0.332689
3651 0.32818
3652 0.432063
3653 0.366578
3654 0.392471
3655 0.370264
3656 0.402591
3657 0.546322
3658 0.382052
3659 0.396131
3660 0.373718
3661 0.367596
3662 0.372507
3663 0.345606
3664 0.376644
3665 0.449753
3666 0.450102
3667 0.337821
3668 0.407174
3669 0.35483
3670 0.42731
3671 0.400904
3672 0.402945
3673 0.445478
3674 0.32767
3675 0.322473
3676 0.42294
3677 0.420069
3678 0.393172
3679 0.578148
3680 0.35584
3681 0.364851
3682 0.425236
3683 0.339281
3684 0.438236
3685 0.385265
3686 0.401538
3687 0.358955
3688 0.393391
3689 0.349826
3690 0.359656
3691 0.325126
3692 0.506502
3693 0.348071
3694 0.349365
3695 0.34234
3696 0.337123
3697 0.349695
3698 0.402164
3699 0.369556
3700 0.346132
3701 0.455519
3702 0.406207
3703 0.372593
3704 0.341436
3705 0.357148
3706 0.365414
3707 0.482044
3708 0.365358
3709 0.389087
3710 0.375177
3711 0.407707
3712 0.369736
3713 0.324017
3714 0.357455
3715 0.353544
3716 0.425063
3717 0.367721
3718 0.329326
3719 0.326117
3720 0.380849
3721 0.448518
3722 0.341185
3723 0.365758
3724 0.391807
3725 0.377984
3726 0.414322
3727 0.381307
3728 0.458692
3729 0.473088
3730 0.348072
3731 0.340994
3732 0.363817
3733 0.400778
3734 0.365351
3735 0.353927
3736 0.359316
3737 0.342565
3738 0.421697
3739 0.41994
3740 0.406026
3741 0.368113
3742 0.429454
3743 0.367714
3744 0.35073
3745 0.363783
3746 0.307771
3747 0.357339
3748 0.441333
3749 0.34664
3750 0.368397
3751 0.34218
3752 0.361352
3753 0.387684
3754 0.579472
3755 0.414126
3756 0.429362
3757 0.332492
3758 0.491319
3759 0.333139
3760 0.348126
3761 0.343972
3762 0.390129
3763 0.361136
3764 0.366674
3765 0.325697
3766 0.401838
3767 0.506253
3768 0.345054
3769 0.394881
3770 0.525632
3771 0.494844
3772 0.429079
3773 0.454982
3774 0.49527
3775 0.475351
3776 0.339715
3777 0.338072
3778 0.412923
3779 0.455896
3780 0.414938
3781 0.418946
3782 0.323877
3783 0.335196
3784 0.368787
3785 0.485589
3786 0.403816
3787 0.392189
3788 0.388417
3789 0.363927
3790 0.494519
3791 0.359059
3792 0.344407
3793 0.315265
3794 0.339032
3795 0.392635
3796 0.365882
3797 0.364351
3798 0.41614
3799 0.361956
3800 0.369252
3801 0.402842
3802 0.420612
3803 0.461295
3804 0.322651
3805 0.371507
3806 0.353624
3807 0.362734
3808 0.372236
3809 0.384738
3810 0.3355
3811 0.395405
3812 0.378724
3813 0.479591
3814 0.389792
3815 0.389981
3816 0.330316
3817 0.384784
3818 0.377494
3819 0.373678
3820 0.369316
3821 0.39736
3822 0.371731
3823 0.362836
3824 0.457404
3825 0.349801
3826 0.370874
3827 0.346186
3828 0.346715
3829 0.308902
3830 0.389769
3831 0.332789
3832 0.403342
3833 0.33204
3834 0.337864
3835 0.319867
3836 0.335211
3837 0.343139
3838 0.336104
3839 0.391768
3840 0.365997
3841 0.362438
3842 0.430958
3843 0.408107
3844 0.417633
3845 0.43024
3846 0.365399
3847 0.366566
3848 0.325447
3849 0.376383
3850 0.428908
3851 0.450521
3852 0.440344
3853 0.336716
3854 0.344529
3855 0.366428
3856 0.348605
3857 0.352027
3858 0.419527
3859 0.40482
3860 0.364889
3861 0.562055
3862 0.394573
3863 0.371583
3864 0.371816
3865 0.402391
3866 0.360512
3867 0.369975
3868 0.371751
3869 0.40694
3870 0.318799
3871 0.397137
3872 0.312094
3873 0.358491
3874 0.377615
3875 0.352389
3876 0.342555
3877 0.363248
3878 0.366834
3879 0.381021
3880 0.350598
3881 0.357866
3882 0.33042
3883 0.453515
3884 0.307453
3885 0.292383
3886 0.43805
3887 0.440398
3888 0.319501
3889 0.33539
3890 0.307127
3891 0.315394
3892 0.468909
3893 0.324145
3894 0.383461
3895 0.381846
3896 0.383568
3897 0.495043
3898 0.451325
3899 0.359418
3900 0.461917
3901 0.385159
3902 0.31898
3903 0.413675
3904 0.437287
3905 0.44766
3906 0.335347
3907 0.412069
3908 0.344575
3909 0.552521
3910 0.325101
3911 0.448366
3912 0.381815
3913 0.387834
3914 0.346591
3915 0.360659
3916 0.352256
3917 0.424371
3918 0.346092
3919 0.520208
3920 0.368725
3921 0.422283
3922 0.316231
3923 0.333304
3924 0.503324
3925 0.334472
3926 0.323597
3927 0.336256
3928 0.34877
3929 0.392618
3930 0.338074
3931 0.346567
3932 0.348969
3933 0.347484
3934 0.461653
3935 0.406465
3936 0.383203
3937 0.31627
3938 0.404437
3939 0.440975
3940 0.462419
3941 0.332748
3942 0.417292
3943 0.353167
3944 0.456088
3945 0.333967
3946 0.513874
3947 0.361412
3948 0.377444
3949 0.3648
3950 0.303462
3951 0.329339
3952 0.395343
3953 0.357504
3954 0.412267
3955 0.369624
3956 0.327935
3957 0.405342
3958 0.486682
3959 0.300144
3960 0.408168
3961 0.358202
3962 0.316605
3963 0.316647
3964 0.306531
3965 0.367591
3966 0.347782
3967 0.342875
3968 0.32797
3969 0.419481
3970 0.418698
3971 0.524933
3972 0.363957
3973 0.301978
3974 0.35922
3975 0.395703
3976 0.399987
3977 0.348645
3978 0.386734
3979 0.300815
3980 0.425318
3981 0.349461
3982 0.388796
3983 0.324533
3984 0.476918
3985 0.336842
3986 0.464295
3987 0.33108
3988 0.322399
3989 0.366241
3990 0.358727
3991 0.347875
3992 0.342714
3993 0.420263
3994 0.294795
3995 0.440372
3996 0.37973
3997 0.328102
3998 0.371864
3999 0.366115
4000 0.446509
4001 0.405878
4002 0.327532
4003 0.360051
4004 0.404452
4005 0.324839
4006 0.305302
4007 0.387664
4008 0.331033
4009 0.341395
4010 0.376255
4011 0.362114
4012 0.322263
4013 0.341512
4014 0.374699
4015 0.386465
4016 0.358639
4017 0.374158
4018 0.397527
4019 0.430449
4020 0.347246
4021 0.32404
4022 0.344682
4023 0.356153
4024 0.362866
4025 0.341835
4026 0.386838
4027 0.317392
4028 0.370202
4029 0.338615
4030 0.36944
4031 0.29511
4032 0.331415
4033 0.302371
4034 0.364936
4035 0.305569
4036 0.353566
4037 0.488069
4038 0.324628
4039 0.313025
4040 0.362741
4041 0.373447
4042 0.411738
4043 0.347233
4044 0.37966
4045 0.330071
4046 0.384377
4047 0.352067
4048 0.385331
4049 0.352743
4050 0.398994
4051 0.332818
4052 0.317688
4053 0.34384
4054 0.316176
4055 0.336971
4056 0.398655
4057 0.341484
4058 0.299942
4059 0.311641
4060 0.436702
4061 0.379201
4062 0.448584
4063 0.295012
4064 0.394798
4065 0.348504
4066 0.386283
4067 0.339124
4068 0.334053
4069 0.296368
4070 0.34238
4071 0.351868
4072 0.415871
4073 0.304611
4074 0.393084
4075 0.405952
4076 0.358776
4077 0.414264
4078 0.394059
4079 0.417198
4080 0.392605
4081 0.326341
4082 0.3023
4083 0.337976
4084 0.35823
4085 0.405737
4086 0.370763
4087 0.346377
4088 0.38696
4089 0.355149
4090 0.363796
4091 0.313415
4092 0.305148
4093 0.47008
4094 0.319223
4095 0.355011
4096 0.295286
4097 0.324034
4098 0.311169
4099 0.577861
4100 0.53057
4101 0.434397
4102 0.323465
4103 0.339597
4104 0.342283
4105 0.32879
4106 0.382519
4107 0.342319
4108 0.31422
4109 0.344779
4110 0.314697
4111 0.317334
4112 0.330075
4113 0.375848
4114 0.412831
4115 0.315992
4116 0.301577
4117 0.295121
4118 0.327908
4119 0.460193
4120 0.385518
4121 0.492418
4122 0.378
4123 0.342024
4124 0.428092
4125 0.357188
4126 0.299757
4127 0.294956
4128 0.450014
4129 0.445596
4130 0.330721
4131 0.358485
4132 0.35168
4133 0.285581
4134 0.788214
4135 0.37862
4136 0.314332
4137 0.314055
4138 0.394226
4139 0.390776
4140 0.479628
4141 0.375421
4142 0.510968
4143 0.492658
4144 0.463703
4145 0.340266
4146 0.337068
4147 0.300705
4148 0.344503
4149 0.34838
4150 0.33077
4151 0.322125
4152 0.339363
4153 0.308578
4154 0.315263
4155 0.355287
4156 0.533479
4157 0.349148
4158 0.316248
4159 0.399985
4160 0.409283
4161 0.364346
4162 0.30875
4163 0.375014
4164 0.376048
4165 0.313387
4166 0.335642
4167 0.368752
4168 0.386003
4169 0.318221
4170 0.42181
4171 0.36394
4172 0.369274
4173 0.304613
4174 0.345192
4175 0.308639
4176 0.319095
4177 0.328638
4178 0.371059
4179 0.346967
4180 0.346369
4181 0.376213
4182 0.462281
4183 0.440212
4184 0.337513
4185 0.366441
4186 0.383573
4187 0.315118
4188 0.355839
4189 0.343838
4190 0.330961
4191 0.305462
4192 0.399781
4193 0.471138
4194 0.368876
4195 0.323409
4196 0.314598
4197 0.363187
4198 0.303198
4199 0.361963
4200 0.330564
4201 0.286418
4202 0.353862
4203 0.378707
4204 0.281871
4205 0.332207
4206 0.352274
4207 0.325253
4208 0.310956
4209 0.33397
4210 0.296229
4211 0.297411
4212 0.441896
4213 0.312197
4214 0.295399
4215 0.306424
4216 0.301411
4217 0.307409
4218 0.321396
4219 0.337164
4220 0.409877
4221 0.361294
4222 0.409024
4223 0.301937
4224 0.358247
4225 0.314313
4226 0.381747
4227 0.337208
4228 0.372346
4229 0.287023
4230 0.300227
4231 0.336014
4232 0.290524
4233 0.424147
4234 0.292022
4235 0.350554
4236 0.35295
4237 0.370008
4238 0.312578
4239 0.342057
4240 0.332835
4241 0.338547
4242 0.323149
4243 0.314355
4244 0.332948
4245 0.315753
4246 0.335786
4247 0.299722
4248 0.301504
4249 0.307633
4250 0.459764
4251 0.324857
4252 0.326665
4253 0.493677
4254 0.307814
4255 0.330191
4256 0.351212
4257 0.330239
4258 0.314208
4259 0.285529
4260 0.338642
4261 0.343627
4262 0.315667
4263 0.315238
4264 0.306925
4265 0.287076
4266 0.30812
4267 0.302906
4268 0.326106
4269 0.283673
4270 0.293982
4271 0.375337
4272 0.278355
4273 0.290391
4274 0.401732
4275 0.31624
4276 0.304906
4277 0.297201
4278 0.301053
4279 0.289264
4280 0.28676
4281 0.298951
4282 0.342056
4283 0.342877
4284 0.268734
4285 0.26861
4286 0.288844
4287 0.356014
4288 0.622477
4289 0.280784
4290 0.275246
4291 0.434199
4292 0.349681
4293 0.341935
4294 0.331856
4295 0.329412
4296 0.316899
4297 0.339168
4298 0.299533
4299 0.29688
4300 0.337506
4301 0.320201
4302 0.321488
4303 0.301244
4304 0.426429
4305 0.423769
4306 0.331989
4307 0.293856
4308 0.35724
4309 0.297908
4310 0.293962
4311 0.350008
4312 0.323329
4313 0.298972
4314 0.418793
4315 0.307623
4316 0.32464
4317 0.405611
4318 0.319217
4319 0.31517
4320 0.327832
4321 0.507109
4322 0.306924
4323 0.385739
4324 0.369788
4325 0.322548
4326 0.332923
4327 0.441475
4328 0.319394
4329 0.314833
4330 0.323383
4331 0.399608
4332 0.362244
4333 0.311317
4334 0.361114
4335 0.321384
4336 0.388666
4337 0.292474
4338 0.357241
4339 0.28413
4340 0.32763
4341 0.492926
4342 0.324768
4343 0.348246
4344 0.335882
4345 0.363769
4346 0.325038
4347 0.295107
4348 0.338471
4349 0.425636
4350 0.442465
4351 0.326457
4352 0.431503
4353 0.3635
4354 0.285903
4355 0.302542
4356 0.324401
4357 0.312916
4358 0.376076
4359 0.326895
4360 0.318537
4361 0.348071
4362 0.36218
4363 0.311572
4364 0.315891
4365 0.269481
4366 0.330583
4367 0.303199
4368 0.282874
4369 0.318244
4370 0.371909
4371 0.387301
4372 0.325442
4373 0.855222
4374 0.524268
4375 0.327553
4376 0.301977
4377 0.33769
4378 0.273555
4379 0.303347
4380 0.284853
4381 0.412081
4382 0.315023
4383 0.307049
4384 0.348651
4385 0.37579
4386 0.309985
4387 0.330057
4388 0.338519
4389 0.400391
4390 0.30577
4391 0.334761
4392 0.303733
4393 0.330017
4394 0.328072
4395 0.366151
4396 0.329938
4397 0.367936
4398 0.369206
4399 0.39697
4400 0.359114
4401 0.353608
4402 0.30616
4403 0.280743
4404 0.313527
4405 0.358901
4406 0.31498
4407 0.338911
4408 0.309935
4409 0.34823
4410 0.354733
4411 0.317289
4412 0.320406
4413 0.337995
4414 0.342877
4415 0.3388
4416 0.283195
4417 0.302381
4418 0.406265
4419 0.363532
4420 0.289669
4421 0.301352
4422 0.342144
4423 0.338046
4424 0.327241
4425 0.289572
4426 0.291812
4427 0.440265
4428 0.328244
4429 0.322069
4430 0.36257
4431 0.341591
4432 0.401647
4433 0.334957
4434 0.331777
4435 0.345261
4436 0.302447
4437 0.328448
4438 0.385406
4439 0.294465
4440 0.315181
4441 0.411068
4442 0.316116
4443 0.312564
4444 0.403115
4445 0.290438
4446 0.29638
4447 0.295399
4448 0.273626
4449 0.340204
4450 0.305355
4451 0.350454
4452 0.307335
4453 0.361065
4454 0.344999
4455 0.296012
4456 0.301679
4457 0.310283
4458 0.262855
4459 0.325676
4460 0.361785
4461 0.341779
4462 0.396753
4463 0.297263
4464 0.33853
4465 0.306236
4466 0.294769
4467 0.284954
4468 0.336237
4469 0.286735
4470 0.309183
4471 0.276886
4472 0.324328
4473 0.281767
4474 0.358332
4475 0.387524
4476 0.293174
4477 0.323674
4478 0.355451
4479 0.285544
4480 0.316298
4481 0.328727
4482 0.423262
4483 0.318276
4484 0.258376
4485 0.401289
4486 0.361484
4487 0.433571
4488 0.308047
4489 0.309737
4490 0.341254
4491 0.328741
4492 0.390067
4493 0.311262
4494 0.401301
4495 0.327985
4496 0.295479
4497 0.285524
4498 0.269884
4499 0.288773
4500 0.289634
4501 0.32329
4502 0.32349
4503 0.286105
4504 0.316261
4505 0.277227
4506 0.320168
4507 0.336487
4508 0.285219
4509 0.291443
4510 0.283908
4511 0.270106
4512 0.439261
4513 0.347221
4514 0.406723
4515 0.344249
4516 0.357428
4517 0.281879
4518 0.355065
4519 0.305406
4520 0.282343
4521 0.279718
4522 0.289784
4523 0.300046
4524 0.386248
4525 0.331642
4526 0.349988
4527 0.345128
4528 0.353905
4529 0.327793
4530 0.275133
4531 0.395727
4532 0.293624
4533 0.279353
4534 0.268423
4535 0.304759
4536 0.365587
4537 0.360268
4538 0.424142
4539 0.329717
4540 0.296341
4541 0.309919
4542 0.333154
4543 0.321814
4544 0.294766
4545 0.297728
4546 0.289316
4547 0.334781
4548 0.33227
4549 0.270552
4550 0.293452
4551 0.343495
4552 0.319381
4553 0.283305
4554 0.324129
4555 0.274467
4556 0.295302
4557 0.297389
4558 0.292618
4559 0.311442
4560 0.370141
4561 0.382825
4562 0.310825
4563 0.265365
4564 0.282203
4565 0.37022
4566 0.434153
4567 0.286195
4568 0.327605
4569 0.294737
4570 0.356479
4571 0.29008
4572 0.270557
4573 0.291581
4574 0.323241
4575 0.29287
4576 0.323021
4577 0.285287
4578 0.319925
4579 0.325639
4580 0.295852
4581 0.301722
4582 0.388037
4583 0.293691
4584 0.317637
4585 0.295409
4586 0.320522
4587 0.332977
4588 0.352961
4589 0.312398
4590 0.301981
4591 0.303554
4592 0.411693
4593 0.368339
4594 0.31121
4595 0.320748
4596 0.289502
4597 0.348627
4598 0.260067
4599 0.309823
4600 0.299604
4601 0.329317
4602 0.271921
4603 0.375039
4604 0.253676
4605 0.28891
4606 0.343649
4607 0.301501
4608 0.327303
4609 0.294981
4610 0.257216
4611 0.311928
4612 0.354785
4613 0.324387
4614 0.3188
4615 0.270357
4616 0.419376
4617 0.298997
4618 0.293679
4619 0.312701
4620 0.290829
4621 0.277844
4622 0.289148
4623 0.300886
4624 0.318554
4625 0.375466
4626 0.342839
4627 0.420783
4628 0.490385
4629 0.47719
4630 0.2977
4631 0.412434
4632 0.326517
4633 0.442881
4634 0.324077
4635 0.264908
4636 0.378165
4637 0.35156
4638 0.363414
4639 0.351711
4640 0.291464
4641 0.260188
4642 0.316618
4643 0.328715
4644 0.292124
4645 0.278981
4646 0.324564
4647 0.307116
4648 0.44638
4649 0.304473
4650 0.323247
4651 0.326562
4652 0.295816
4653 0.303937
4654 0.283332
4655 0.310806
4656 0.304004
4657 0.351421
4658 0.263926
4659 0.359995
4660 0.300793
4661 0.435061
4662 0.34619
4663 0.318096
4664 0.278022
4665 0.291541
4666 0.330207
4667 0.285084
4668 0.318188
4669 0.299743
4670 0.322111
4671 0.307249
4672 0.363369
4673 0.300521
4674 0.269948
4675 0.273235
4676 0.292079
4677 0.307308
4678 0.323415
4679 0.321736
4680 0.293849
4681 0.337251
4682 0.28973
4683 0.37358
4684 0.319402
4685 0.320894
4686 0.304043
4687 0.292971
4688 0.277171
4689 0.310606
4690 0.339551
4691 0.306075
4692 0.320594
4693 0.290429
4694 0.286372
4695 0.306554
4696 0.300503
4697 0.311073
4698 0.277172
4699 0.305233
4700 0.323697
4701 0.364211
4702 0.358132
4703 0.333443
4704 0.304278
4705 0.298903
4706 0.31458
4707 0.347436
4708 0.332894
4709 0.429173
4710 0.309354
4711 0.345883
4712 0.259038
4713 0.32972
4714 0.282322
4715 0.335791
4716 0.335031
4717 0.340487
4718 0.318813
4719 0.316383
4720 0.317108
4721 0.322866
4722 0.307285
4723 0.285412
4724 0.352866
4725 0.301252
4726 0.332185
4727 0.351122
4728 0.277187
4729 0.266314
4730 0.332449
4731 0.284683
4732 0.289088
4733 0.304274
4734 0.306294
4735 0.331259
4736 0.306325
4737 0.319493
4738 0.317597
4739 0.272088
4740 0.341899
4741 0.380622
4742 0.263332
4743 0.257727
4744 0.257547
4745 0.327137
4746 0.285149
4747 0.308113
4748 0.277851
4749 0.315535
4750 0.24503
4751 0.49978
4752 0.300418
4753 0.303577
4754 0.285234
4755 0.320571
4756 0.319097
4757 0.323721
4758 0.352223
4759 0.332211
4760 0.31681
4761 0.364067
4762 0.346039
4763 0.305012
4764 0.344016
4765 0.284749
4766 0.277202
4767 0.330835
4768 0.391776
4769 0.254752
4770 0.346317
4771 0.318419
4772 0.321752
4773 0.322929
4774 0.267916
4775 0.319719
4776 0.306714
4777 0.374208
4778 0.333258
4779 0.371771
4780 0.309691
4781 0.300447
4782 0.330884
4783 0.349634
4784 0.29271
4785 0.28164
4786 0.270318
4787 0.288498
4788 0.319816
4789 0.29763
4790 0.364606
4791 0.264767
4792 0.386584
4793 0.400149
4794 0.327015
4795 0.273213
4796 0.349646
4797 0.322749
4798 0.46185
4799 0.421062
4800 0.326791
4801 0.318003
4802 0.30798
4803 0.342972
4804 0.407855
4805 0.289072
4806 0.281222
4807 0.278772
4808 0.293886
4809 0.247929
4810 0.270178
4811 0.30739
4812 0.332692
4813 0.341333
4814 0.257919
4815 0.343426
4816 0.296147
4817 0.314087
4818 0.296431
4819 0.32063
4820 0.247274
4821 0.259076
4822 0.282002
4823 0.287472
4824 0.261692
4825 0.348468
4826 0.322107
4827 0.39996
4828 0.433603
4829 0.517755
4830 0.329249
4831 0.290424
4832 0.260859
4833 0.434929
4834 0.329287
4835 0.311814
4836 0.392227
4837 0.296678
4838 0.285679
4839 0.354106
4840 0.253591
4841 0.310277
4842 0.295846
4843 0.322832
4844 0.307846
4845 0.247774
4846 0.273338
4847 0.324361
4848 0.309245
4849 0.263219
4850 0.415389
4851 0.297796
4852 0.329744
4853 0.268319
4854 0.378728
4855 0.316801
4856 0.284307
4857 0.346327
4858 0.397975
4859 0.468779
4860 0.28954
4861 0.311345
4862 0.363159
4863 0.269865
4864 0.288125
4865 0.321696
4866 0.282774
4867 0.294876
4868 0.328322
4869 0.33995
4870 0.25203
4871 0.302128
4872 0.274787
4873 0.258003
4874 0.275601
4875 0.382971
4876 0.40719
4877 0.331594
4878 0.330384
4879 0.265683
4880 0.368806
4881 0.283014
4882 0.335816
4883 0.332509
4884 0.340061
4885 0.272818
4886 0.311943
4887 0.285378
4888 0.307925
4889 0.329894
4890 0.242873
4891 0.278146
4892 0.35316
4893 0.278601
4894 0.324901
4895 0.359343
4896 0.352345
4897 0.255631
4898 0.297528
4899 0.328942
4900 0.361344
4901 0.30258
4902 0.304775
4903 0.266889
4904 0.2643
4905 0.334916
4906 0.244712
4907 0.276954
4908 0.37669
4909 0.283837
4910 0.282055
4911 0.25386
4912 0.310609
4913 0.278703
4914 0.339423
4915 0.255071
4916 0.288723
4917 0.289032
4918 0.327415
4919 0.430409
4920 0.303437
4921 0.261024
4922 0.294017
4923 0.355671
4924 0.290871
4925 0.31156
4926 0.345915
4927 0.251764
4928 0.274303
4929 0.322669
4930 0.388378
4931 0.261951
4932 0.289156
4933 0.373647
4934 0.306398
4935 0.266455
4936 0.485826
4937 0.376438
4938 0.333349
4939 0.367251
4940 0.259038
4941 0.278251
4942 0.250126
4943 0.382147
4944 0.276127
4945 0.27982
4946 0.259202
4947 0.285426
4948 0.346276
4949 0.275714
4950 0.278035
4951 0.358695
4952 0.366459
4953 0.327445
4954 0.280083
4955 0.276444
4956 0.274514
4957 0.409803
4958 0.452747
4959 0.389276
4960 0.265339
4961 0.273447
4962 0.360196
4963 0.324328
4964 0.242872
4965 0.350587
4966 0.260217
4967 0.278735
4968 0.288091
4969 0.293717
4970 0.263125
4971 0.355853
4972 0.323507
4973 0.325096
4974 0.279544
4975 0.278652
4976 0.263756
4977 0.305752
4978 0.453867
4979 0.360865
4980 0.322409
4981 0.360427
4982 0.344536
4983 0.26593
4984 0.331317
4985 0.277565
4986 0.293136
4987 0.425713
4988 0.349976
4989 0.271589
4990 0.350564
4991 0.264615
4992 0.272681
4993 0.54887
4994 0.288084
4995 0.263038
4996 0.293847
4997 0.306776
4998 0.39282
4999 0.259499
5000 0.317956
