0 4.24474
1 16.3296
2 23.3517
3 21.9816
4 8.05222
5 7.80724
6 6.73885
7 4.20989
8 4.43086
9 9.8523
10 4.73891
11 3.26978
12 5.66157
13 8.22849
14 3.52682
15 4.95996
16 5.96784
17 5.23568
18 4.09435
19 3.5514
20 2.78114
21 2.95015
22 3.23555
23 3.29746
24 3.81819
25 4.97163
26 3.50876
27 4.16456
28 3.01213
29 3.40523
30 2.5829
31 2.1418
32 2.78731
33 2.78848
34 2.48266
35 2.49156
36 2.46757
37 2.35665
38 2.34227
39 2.30505
40 2.37417
41 2.34944
42 2.17702
43 2.24866
44 2.18242
45 2.02024
46 2.37151
47 1.94201
48 1.9793
49 1.88658
50 2.08219
51 2.00508
52 2.17674
53 2.07251
54 1.89402
55 1.82099
56 1.82462
57 1.95083
58 2.0934
59 2.12421
60 1.90938
61 1.64624
62 2.12032
63 1.68347
64 1.86286
65 1.84511
66 1.92395
67 1.57967
68 2.02614
69 2.05048
70 2.65088
71 2.13046
72 2.09484
73 2.27587
74 2.66147
75 2.10414
76 1.69493
77 1.99266
78 1.78762
79 1.62469
80 1.44391
81 1.61246
82 1.61433
83 1.437
84 1.54555
85 1.67211
86 1.60252
87 2.08708
88 1.90777
89 1.44926
90 1.56374
91 1.52831
92 1.40101
93 1.51934
94 1.45541
95 1.91695
96 1.36365
97 1.44815
98 1.46574
99 1.63022
100 1.71256
101 1.45856
102 1.51451
103 1.56714
104 1.89152
105 2.24779
106 1.88314
107 1.49307
108 1.45806
109 1.69736
110 2.48468
111 1.86373
112 1.75355
113 1.57529
114 1.90666
115 1.64394
116 1.62191
117 1.63416
118 1.45956
119 1.72688
120 1.645
121 1.41784
122 1.68365
123 2.00406
124 1.90192
125 1.54058
126 1.51616
127 1.56771
128 1.50259
129 1.47311
130 1.65153
131 1.98937
132 1.85822
133 1.61809
134 1.65652
135 1.57204
136 1.35825
137 1.53976
138 1.51836
139 1.43364
140 1.45974
141 1.64026
142 1.28122
143 1.32673
144 1.54001
145 1.6501
146 1.50866
147 1.79529
148 1.83494
149 1.77616
150 2.05029
151 2.00581
152 1.71244
153 1.84179
154 1.49577
155 1.59523
156 1.55789
157 1.34355
158 1.61371
159 1.57395
160 1.89294
161 2.03509
162 2.04708
163 1.68084
164 1.36086
165 1.43184
166 1.52269
167 1.62081
168 1.35599
169 1.34826
170 1.48819
171 1.27302
172 1.26925
173 1.60181
174 1.67577
175 1.38717
176 1.43794
177 1.45204
178 1.85877
179 1.62426
180 1.45173
181 1.63432
182 1.38931
183 1.57751
184 1.71454
185 1.91218
186 1.74893
187 1.59641
188 1.30793
189 1.2365
190 1.36976
191 1.36356
192 1.52879
193 1.62729
194 1.61303
195 1.77187
196 1.39094
197 1.38356
198 1.23318
199 1.33645
200 1.16793
201 1.33638
202 1.47627
203 1.55453
204 1.22664
205 1.38438
206 1.16104
207 1.43029
208 1.46512
209 1.29786
210 1.29404
211 1.33837
212 1.2002
213 1.1616
214 1.66914
215 1.6767
216 1.36236
217 1.57808
218 1.76674
219 1.55249
220 1.72126
221 1.66742
222 1.45143
223 1.39504
224 1.44764
225 1.26833
226 1.22976
227 1.3244
228 1.28691
229 1.63886
230 1.50478
231 1.52254
232 1.40374
233 1.43922
234 1.33153
235 1.6597
236 1.41769
237 1.40896
238 1.24719
239 1.54059
240 1.35384
241 1.44674
242 1.32774
243 1.22801
244 1.64586
245 1.48285
246 1.23062
247 1.24844
248 1.40383
249 1.44597
250 1.37671
251 1.61737
252 1.39014
253 1.57489
254 1.53224
255 1.39723
256 1.46801
257 1.43818
258 1.27681
259 1.23861
260 1.2865
261 1.27298
262 1.21006
263 1.16332
264 1.28924
265 1.26277
266 1.18928
267 1.24545
268 1.31304
269 1.27809
270 1.28599
271 1.29868
272 1.57038
273 1.55225
274 1.36314
275 1.19543
276 1.55747
277 1.14637
278 1.13119
279 1.26344
280 1.47767
281 1.29479
282 1.40749
283 1.26622
284 1.33813
285 1.3282
286 1.41309
287 1.28284
288 1.25891
289 1.23431
290 1.61428
291 1.36259
292 1.29703
293 1.09028
294 1.10689
295 1.16098
296 1.40747
297 1.31781
298 1.36838
299 1.18216
300 1.34138
301 1.6227
302 1.42221
303 1.86347
304 1.42383
305 1.26887
306 1.3433
307 1.28809
308 1.1383
309 1.16736
310 1.33064
311 1.33937
312 1.20892
313 1.50613
314 1.39867
315 1.46359
316 1.20861
317 1.40572
318 1.38966
319 1.36104
320 1.31534
321 1.23528
322 1.3055
323 1.36905
324 1.23957
325 1.16673
326 1.42197
327 1.30276
328 1.31379
329 1.10023
330 1.25263
331 1.37434
332 1.3175
333 1.19195
334 1.28446
335 1.05179
336 1.09812
337 1.19525
338 1.37328
339 1.28107
340 1.18354
341 1.27417
342 1.49635
343 1.25998
344 1.29609
345 1.29614
346 1.25721
347 1.08673
348 1.20362
349 1.49805
350 1.94851
351 2.38203
352 1.60708
353 1.36348
354 1.23642
355 1.38382
356 1.35921
357 1.15305
358 1.19108
359 1.13134
360 1.18448
361 1.2413
362 1.28148
363 1.26769
364 1.34393
365 1.21265
366 1.13066
367 1.23198
368 1.27618
369 1.23813
370 1.26315
371 1.19731
372 1.21504
373 1.15513
374 1.473
375 1.12034
376 1.31399
377 1.34502
378 1.29478
379 1.38885
380 1.20983
381 1.21431
382 1.12886
383 1.17455
384 1.15833
385 1.73775
386 1.32323
387 1.14358
388 1.22371
389 1.21237
390 1.15246
391 1.14934
392 1.46319
393 1.19273
394 1.14321
395 1.45675
396 1.18807
397 1.20853
398 1.38129
399 1.3792
400 1.09762
401 1.34093
402 1.19679
403 1.17798
404 1.33335
405 1.13011
406 1.32985
407 1.39066
408 1.00146
409 1.26836
410 1.16935
411 1.17634
412 1.19316
413 1.25085
414 1.1743
415 1.21585
416 1.31929
417 1.04164
418 1.17889
419 1.29571
420 1.05251
421 1.09588
422 1.12464
423 1.17866
424 1.10774
425 1.24166
426 1.10261
427 1.45037
428 1.19833
429 1.18876
430 1.26736
431 1.19413
432 1.7531
433 1.28895
434 1.52128
435 1.32126
436 1.17678
437 1.43511
438 1.17367
439 1.03545
440 1.08884
441 1.1845
442 1.16264
443 1.50392
444 1.13307
445 1.19548
446 1.23305
447 1.10119
448 1.10889
449 1.26322
450 1.38758
451 1.121
452 1.2989
453 1.22988
454 1.19674
455 1.13217
456 1.27595
457 0.996499
458 1.05847
459 1.07311
460 1.06005
461 1.13356
462 1.28187
463 1.21156
464 1.0427
465 1.07577
466 1.05657
467 1.4283
468 1.16568
469 1.05956
470 1.16493
471 1.20116
472 1.24892
473 1.21628
474 1.23375
475 1.21582
476 1.04317
477 1.14121
478 1.15978
479 1.17552
480 1.05438
481 1.29493
482 1.31403
483 1.17638
484 1.4068
485 1.16023
486 1.23331
487 1.17086
488 1.14539
489 1.19109
490 1.07633
491 1.13148
492 1.15063
493 1.16707
494 1.22123
495 1.17489
496 1.29618
497 1.08882
498 1.30837
499 1.24773
500 1.22066
501 1.09948
502 1.38311
503 1.13966
504 1.16557
505 0.986116
506 1.06246
507 0.990051
508 1.19528
509 1.24881
510 1.22656
511 1.30149
512 1.19561
513 1.25283
514 1.16397
515 1.25282
516 1.17799
517 1.35848
518 1.10617
519 1.20901
520 1.18361
521 0.997949
522 1.40633
523 1.38087
524 0.995186
525 1.34037
526 1.76356
527 1.1878
528 1.1377
529 1.03956
530 1.09895
531 1.25874
532 1.09545
533 1.40827
534 1.59894
535 1.18089
536 1.13509
537 1.01725
538 0.945919
539 1.14829
540 1.35152
541 1.14877
542 1.11612
543 1.35828
544 1.09005
545 1.28835
546 1.11113
547 1.12576
548 1.2312
549 1.17615
550 1.02917
551 1.00579
552 0.978579
553 1.15629
554 1.07473
555 1.16094
556 1.13565
557 1.22197
558 1.11852
559 0.98737
560 1.02743
561 1.17077
562 1.0514
563 1.2224
564 1.35366
565 0.983585
566 1.23236
567 1.10421
568 1.07552
569 1.10294
570 1.11419
571 1.10493
572 1.02573
573 1.10583
574 0.949868
575 1.40547
576 1.07742
577 0.985689
578 1.01632
579 1.16252
580 1.13416
581 1.11222
582 1.00113
583 1.1184
584 1.06442
585 0.97082
586 1.15626
587 1.20133
588 1.44871
589 1.08146
590 1.22053
591 1.15291
592 1.12765
593 1.34553
594 1.25663
595 1.16199
596 1.31596
597 1.07048
598 1.32409
599 1.00048
600 1.03433
601 1.11251
602 1.24258
603 0.973393
604 1.3107
605 0.994129
606 1.14327
607 0.947624
608 1.19142
609 1.39279
610 1.06269
611 0.970846
612 1.2463
613 1.12248
614 0.970093
615 1.02605
616 1.04034
617 1.14437
618 1.13748
619 0.924231
620 1.11367
621 1.0829
622 1.29341
623 1.02405
624 1.21067
625 1.16374
626 0.963879
627 0.993804
628 1.17434
629 1.17852
630 0.994169
631 1.03425
632 0.986493
633 0.944034
634 1.08854
635 1.07395
636 1.21319
637 1.06746
638 1.09025
639 1.0044
640 1.24099
641 1.05102
642 1.08492
643 1.06915
644 0.952233
645 1.12964
646 1.09919
647 1.20653
648 1.18233
649 1.20437
650 1.07948
651 1.15485
652 1.04379
653 1.12202
654 1.15009
655 1.09658
656 1.30541
657 0.940114
658 1.0682
659 1.17119
660 1.09363
661 1.04172
662 0.982519
663 0.940503
664 0.935659
665 1.0053
666 1.11523
667 1.12017
668 1.13474
669 1.11951
670 1.0985
671 1.15214
672 1.10834
673 1.00917
674 0.95327
675 1.06436
676 0.92734
677 1.01936
678 0.994086
679 1.062
680 1.13291
681 0.944542
682 0.987813
683 1.02355
684 0.898466
685 1.28537
686 1.39887
687 1.44451
688 1.65035
689 1.32194
690 1.03755
691 1.00016
692 1.10603
693 1.20524
694 1.02643
695 1.06277
696 1.08926
697 1.0628
698 1.25028
699 1.07795
700 1.06711
701 1.00103
702 0.958404
703 0.909907
704 1.10652
705 1.10102
706 1.0177
707 1.3131
708 0.97021
709 1.16073
710 1.06935
711 1.02724
712 1.08539
713 1.05706
714 1.03204
715 1.13021
716 1.18643
717 1.11494
718 0.962433
719 1.14986
720 1.09301
721 1.00877
722 1.00073
723 1.03166
724 1.13176
725 1.25053
726 1.34205
727 1.1508
728 1.10696
729 1.25311
730 1.14035
731 0.997038
732 1.00249
733 0.996419
734 1.05484
735 0.973472
736 1.0477
737 0.903943
738 1.04224
739 1.05854
740 1.19234
741 0.93927
742 1.01557
743 0.92599
744 0.912975
745 0.936889
746 1.16144
747 1.11239
748 1.28396
749 1.08088
750 1.17624
751 1.01914
752 0.963494
753 1.17556
754 1.07028
755 1.09817
756 1.21214
757 1.04077
758 1.10743
759 1.20403
760 1.12068
761 0.999858
762 0.962357
763 1.11401
764 1.07111
765 0.999179
766 0.869048
767 0.850237
768 0.981996
769 0.933045
770 0.99277
771 1.07065
772 0.894429
773 1.12822
774 0.880587
775 0.922741
776 0.931141
777 1.11436
778 0.896038
779 1.10228
780 0.948471
781 1.03025
782 1.10312
783 0.995381
784 0.990338
785 1.20945
786 1.03658
787 1.08212
788 0.97498
789 1.16872
790 0.907792
791 0.871462
792 0.916646
793 1.09211
794 1.0135
795 0.92722
796 1.06502
797 1.11092
798 1.05277
799 0.95008
800 0.921456
801 0.996576
802 1.1292
803 0.913501
804 1.14633
805 0.942484
806 0.879667
807 0.922132
808 1.15416
809 1.05148
810 1.17516
811 0.885012
812 1.175
813 0.987995
814 0.944749
815 1.01336
816 1.05285
817 0.988717
818 1.04966
819 1.01262
820 1.07802
821 1.1207
822 1.10542
823 0.9576
824 1.11663
825 1.03968
826 1.16184
827 1.08003
828 1.35852
829 0.865271
830 0.845184
831 0.885955
832 0.976318
833 0.928901
834 1.24211
835 1.13936
836 0.981962
837 0.881968
838 0.963399
839 0.970311
840 1.02942
841 0.831741
842 0.882101
843 0.859681
844 1.10684
845 1.06199
846 1.14639
847 1.02758
848 1.08299
849 1.07651
850 0.943982
851 1.05278
852 1.04369
853 1.11777
854 0.982109
855 1.01066
856 0.86771
857 0.846757
858 1.23856
859 0.921696
860 1.05083
861 1.09118
862 1.02032
863 0.90753
864 0.840321
865 1.03503
866 0.88094
867 1.20213
868 0.855574
869 0.847637
870 1.06265
871 1.08988
872 0.937015
873 0.905053
874 0.829622
875 0.810075
876 0.839003
877 0.989237
878 1.28071
879 1.16098
880 1.17133
881 1.10683
882 1.09437
883 0.987498
884 0.995277
885 0.925692
886 0.942807
887 0.834393
888 0.897871
889 1.15781
890 1.2621
891 1.16816
892 1.09875
893 1.12462
894 0.917567
895 0.82258
896 0.991379
897 1.25095
898 0.935805
899 0.959094
900 0.844732
901 1.02217
902 0.902358
903 0.928771
904 1.19432
905 1.00783
906 1.11286
907 1.28936
908 1.30855
909 0.984086
910 1.10877
911 1.12209
912 1.04808
913 0.866872
914 0.955239
915 0.892138
916 0.948279
917 0.885091
918 0.874681
919 0.923914
920 0.818648
921 0.888085
922 0.980631
923 1.03001
924 1.08972
925 0.951375
926 1.0922
927 0.861928
928 0.87046
929 0.893369
930 0.983603
931 0.794887
932 0.872621
933 0.95863
934 0.955246
935 0.921713
936 0.81285
937 0.866139
938 1.07286
939 0.963233
940 0.927698
941 1.01749
942 1.11528
943 0.941809
944 1.06892
945 0.962949
946 0.989845
947 0.909049
948 0.851251
949 0.955614
950 1.04025
951 0.794432
952 0.819422
953 1.07417
954 1.07695
955 0.945969
956 0.967488
957 1.19944
958 1.08057
959 1.32595
960 0.869392
961 0.946765
962 0.878792
963 0.988565
964 1.02362
965 0.801093
966 0.823351
967 0.876327
968 0.809931
969 1.01342
970 0.998185
971 1.0393
972 1.03133
973 0.926035
974 0.897343
975 0.863994
976 1.00448
977 0.918213
978 0.92281
979 1.03353
980 0.840655
981 0.882378
982 0.795181
983 0.987008
984 0.767225
985 1.01698
986 0.824777
987 0.968192
988 0.854967
989 0.885343
990 0.944418
991 0.891337
992 0.898628
993 0.904019
994 0.895769
995 0.935217
996 0.838958
997 1.107
998 1.05231
999 0.925678
1000 0.833571
1001 0.842286
1002 0.951569
1003 1.07938
1004 0.891131
1005 1.11397
1006 1.03995
1007 0.848422
1008 0.861327
1009 0.903951
1010 0.961628
1011 0.812779
1012 0.902498
1013 0.846461
1014 0.974887
1015 0.87016
1016 0.809514
1017 1.05591
1018 0.899067
1019 0.837433
1020 0.88158
1021 0.862579
1022 0.813137
1023 0.817869
1024 1.07535
1025 1.0072
1026 0.828292
1027 0.9724
1028 0.811434
1029 1.10411
1030 0.818351
1031 0.804398
1032 0.853281
1033 0.872098
1034 1.09181
1035 0.840327
1036 0.937868
1037 1.10046
1038 0.858693
1039 0.864893
1040 1.01136
1041 0.93084
1042 0.762956
1043 0.959156
1044 0.812512
1045 0.933694
1046 1.00982
1047 0.804813
1048 0.8122
1049 0.903744
1050 0.841112
1051 0.817425
1052 0.916719
1053 1.12333
1054 1.00293
1055 0.90175
1056 0.865035
1057 0.860265
1058 0.777663
1059 0.913231
1060 0.928901
1061 0.785853
1062 0.901195
1063 0.745125
1064 0.762481
1065 0.763211
1066 0.786589
1067 0.770649
1068 0.77659
1069 0.80461
1070 0.769858
1071 0.873258
1072 0.893808
1073 0.830218
1074 0.751637
1075 0.787807
1076 0.923351
1077 0.87109
1078 0.72505
1079 0.791447
1080 0.762705
1081 0.778441
1082 0.781711
1083 0.783313
1084 0.838057
1085 1.16795
1086 1.03074
1087 1.07102
1088 0.963413
1089 0.789349
1090 0.811683
1091 0.805553
1092 0.904638
1093 0.817849
1094 1.56871
1095 0.856791
1096 0.759993
1097 0.725097
1098 1.36083
1099 1.25975
1100 0.908303
1101 1.05007
1102 1.02067
1103 0.912807
1104 0.973718
1105 0.975861
1106 0.876164
1107 0.883035
1108 0.896746
1109 0.897999
1110 0.857518
1111 0.892013
1112 0.866951
1113 1.1127
1114 0.889976
1115 0.891484
1116 0.963153
1117 0.852593
1118 0.822794
1119 0.834791
1120 0.800022
1121 0.916139
1122 0.882486
1123 0.792843
1124 1.01936
1125 0.768678
1126 0.866545
1127 0.858492
1128 0.895566
1129 0.758661
1130 0.764148
1131 0.888911
1132 0.880781
1133 0.816436
1134 0.855395
1135 0.971708
1136 1.11929
1137 0.976314
1138 0.813692
1139 1.08778
1140 0.973414
1141 0.976539
1142 0.804641
1143 0.919133
1144 0.892707
1145 0.930367
1146 0.923174
1147 0.825364
1148 0.789394
1149 0.895015
1150 0.937065
1151 1.04659
1152 0.794801
1153 0.939757
1154 0.893351
1155 0.843833
1156 0.99796
1157 0.730877
1158 0.998972
1159 0.859827
1160 0.813246
1161 0.960736
1162 0.770161
1163 1.12404
1164 1.13257
1165 0.794419
1166 0.7791
1167 0.90354
1168 1.12345
1169 0.75392
1170 0.761303
1171 0.865082
1172 1.0414
1173 1.14645
1174 0.937536
1175 0.923417
1176 1.0689
1177 0.996285
1178 0.874811
1179 0.8012
1180 0.840224
1181 0.949135
1182 0.760185
1183 0.813315
1184 0.886162
1185 0.831703
1186 0.811827
1187 0.883364
1188 0.857559
1189 0.918072
1190 0.868122
1191 0.763794
1192 0.733919
1193 0.788748
1194 0.963271
1195 0.751693
1196 0.802343
1197 0.784083
1198 0.83582
1199 0.996271
1200 0.86027
1201 0.742876
1202 0.896396
1203 1.08914
1204 1.23198
1205 0.753731
1206 0.916548
1207 0.843543
1208 0.804834
1209 0.708086
1210 0.770107
1211 0.841263
1212 0.817728
1213 0.912552
1214 0.953012
1215 0.87506
1216 0.881434
1217 0.844906
1218 0.886719
1219 0.942762
1220 0.768643
1221 0.765159
1222 0.75402
1223 0.924301
1224 0.769371
1225 0.756872
1226 0.758227
1227 0.833666
1228 0.818547
1229 0.903998
1230 1.10246
1231 0.908315
1232 0.839553
1233 0.914603
1234 0.892184
1235 0.841128
1236 0.849404
1237 0.831832
1238 0.779966
1239 0.819002
1240 0.895202
1241 0.740211
1242 0.811758
1243 1.07216
1244 0.94956
1245 0.886604
1246 0.844012
1247 0.819827
1248 0.840704
1249 0.881197
1250 0.92043
1251 0.91288
1252 1.05677
1253 0.791309
1254 0.829654
1255 0.832191
1256 0.8849
1257 0.903246
1258 0.824183
1259 0.915713
1260 1.02676
1261 1.03708
1262 0.913884
1263 0.716534
1264 0.750964
1265 0.850591
1266 0.814374
1267 0.822495
1268 0.764301
1269 0.840197
1270 0.720998
1271 0.724328
1272 0.982748
1273 0.996001
1274 0.820567
1275 0.911766
1276 0.775849
1277 0.839887
1278 0.864066
1279 0.84989
1280 0.929431
1281 0.812044
1282 0.770397
1283 0.949365
1284 0.737263
1285 0.917133
1286 1.29178
1287 0.828422
1288 0.752143
1289 0.760885
1290 1.00922
1291 0.882013
1292 0.934429
1293 0.852106
1294 1.08049
1295 0.889422
1296 0.831753
1297 0.784496
1298 0.803554
1299 0.790988
1300 0.776834
1301 0.908702
1302 0.80173
1303 0.849846
1304 0.871713
1305 0.771433
1306 0.959639
1307 0.864546
1308 0.808932
1309 0.750689
1310 0.757245
1311 0.81983
1312 0.741053
1313 0.886414
1314 0.97951
1315 0.808892
1316 1.05123
1317 0.945232
1318 0.759014
1319 0.992943
1320 0.797961
1321 0.79071
1322 0.747634
1323 0.710969
1324 0.761076
1325 0.691873
1326 0.754896
1327 0.900892
1328 0.893494
1329 0.825555
1330 0.783915
1331 0.780204
1332 0.764101
1333 0.834888
1334 1.04468
1335 0.749383
1336 0.89379
1337 0.793024
1338 0.870136
1339 0.820065
1340 0.767446
1341 0.878897
1342 0.805809
1343 1.06857
1344 0.798048
1345 0.670813
1346 0.728917
1347 0.953074
1348 0.783576
1349 0.816217
1350 1.00573
1351 0.748396
1352 0.865364
1353 1.12279
1354 0.896853
1355 0.785926
1356 0.824164
1357 0.669516
1358 0.777384
1359 0.80962
1360 0.708146
1361 0.762515
1362 0.690073
1363 0.744605
1364 0.739734
1365 0.80442
1366 0.768994
1367 0.786642
1368 0.808189
1369 0.84179
1370 0.774587
1371 0.834846
1372 0.707207
1373 0.808345
1374 0.777976
1375 0.812484
1376 0.68599
1377 0.699246
1378 0.671943
1379 0.829433
1380 0.950718
1381 0.837022
1382 0.735297
1383 0.85178
1384 0.80276
1385 0.889943
1386 0.816014
1387 0.778175
1388 0.717673
1389 0.994233
1390 0.74735
1391 0.749481
1392 0.695581
1393 0.747797
1394 0.744604
1395 0.799162
1396 0.877206
1397 0.791469
1398 0.719463
1399 0.819867
1400 0.778089
1401 0.705302
1402 0.854412
1403 0.884691
1404 0.796385
1405 0.763159
1406 0.752681
1407 0.73283
1408 0.686038
1409 0.736815
1410 0.807293
1411 0.799944
1412 0.792436
1413 0.766113
1414 1.16695
1415 0.765607
1416 0.813157
1417 0.894377
1418 0.828651
1419 0.816551
1420 0.706632
1421 0.832922
1422 0.725535
1423 0.696703
1424 0.701364
1425 0.790777
1426 0.712033
1427 0.856594
1428 0.756763
1429 0.840203
1430 0.821491
1431 0.858255
1432 0.746549
1433 0.741895
1434 0.702963
1435 0.687926
1436 0.68338
1437 0.827113
1438 0.833503
1439 0.700011
1440 0.747522
1441 0.976397
1442 0.770652
1443 0.981152
1444 0.768739
1445 0.69067
1446 0.656854
1447 0.738489
1448 0.874318
1449 1.01776
1450 1.16357
1451 0.865082
1452 0.771158
1453 0.788946
1454 0.97638
1455 0.753401
1456 0.738769
1457 0.788958
1458 0.722148
1459 0.658322
1460 0.754978
1461 0.801913
1462 0.685172
1463 0.818131
1464 0.716652
1465 0.762033
1466 0.7289
1467 0.798133
1468 0.794197
1469 0.691512
1470 0.754039
1471 0.719142
1472 0.787025
1473 1.02314
1474 0.707656
1475 0.842962
1476 0.715934
1477 0.725795
1478 0.930271
1479 0.741669
1480 0.736774
1481 0.787178
1482 0.773788
1483 0.844625
1484 0.936364
1485 0.766846
1486 0.632431
1487 0.801303
1488 0.802575
1489 0.812337
1490 0.831616
1491 0.878945
1492 0.782675
1493 0.714719
1494 0.993689
1495 0.719044
1496 0.740443
1497 0.782242
1498 0.691742
1499 0.68645
1500 0.739603
1501 0.698539
1502 0.778711
1503 0.895848
1504 0.71907
1505 0.722446
1506 0.721604
1507 0.643583
1508 0.782745
1509 0.774783
1510 0.833198
1511 0.765109
1512 0.802636
1513 0.764508
1514 0.853763
1515 0.786102
1516 0.642056
1517 0.825929
1518 0.860414
1519 0.715342
1520 0.78498
1521 0.816612
1522 0.720666
1523 0.634122
1524 0.737677
1525 0.647884
1526 1.00475
1527 0.824004
1528 0.774356
1529 0.994842
1530 0.798102
1531 1.04355
1532 0.67795
1533 0.996782
1534 0.956212
1535 0.686372
1536 1.05055
1537 0.797983
1538 0.632225
1539 0.669968
1540 0.709812
1541 0.692974
1542 0.972964
1543 0.812938
1544 0.82271
1545 0.685466
1546 0.650443
1547 0.738245
1548 0.762906
1549 0.919606
1550 0.654746
1551 0.804908
1552 0.783067
1553 0.730754
1554 0.742508
1555 0.845803
1556 0.6369
1557 0.671161
1558 0.663815
1559 0.697006
1560 0.723468
1561 0.770384
1562 0.741342
1563 0.710419
1564 0.748432
1565 0.754633
1566 0.961747
1567 0.686052
1568 0.715192
1569 0.714952
1570 0.792201
1571 0.975227
1572 0.808998
1573 0.841965
1574 0.760854
1575 0.748618
1576 0.675414
1577 0.679835
1578 0.707187
1579 0.739029
1580 0.795678
1581 0.847915
1582 0.744786
1583 0.885881
1584 0.903033
1585 0.800947
1586 0.819878
1587 0.756616
1588 0.658055
1589 0.67728
1590 0.687425
1591 0.823726
1592 0.723936
1593 0.741637
1594 0.794467
1595 0.736462
1596 0.716838
1597 0.794846
1598 0.709124
1599 0.803704
1600 0.706776
1601 0.902942
1602 0.703906
1603 0.72123
1604 0.661212
1605 0.630567
1606 0.618257
1607 0.67833
1608 0.724506
1609 0.728915
1610 0.651157
1611 0.829876
1612 0.79789
1613 0.687984
1614 0.717652
1615 0.698151
1616 0.707278
1617 0.669861
1618 0.76781
1619 0.659671
1620 0.674619
1621 0.795297
1622 1.0629
1623 0.59908
1624 0.789399
1625 0.914274
1626 0.794467
1627 0.686535
1628 0.641403
1629 0.679755
1630 0.753059
1631 0.819481
1632 0.787236
1633 0.893967
1634 0.621479
1635 0.771227
1636 0.759157
1637 0.610109
1638 0.770751
1639 0.754686
1640 0.69209
1641 0.758283
1642 0.783174
1643 0.728465
1644 0.755724
1645 0.812181
1646 0.752557
1647 0.853175
1648 0.834772
1649 0.651667
1650 0.706343
1651 0.652155
1652 0.87162
1653 0.668637
1654 0.743177
1655 0.760863
1656 0.75235
1657 0.709161
1658 0.596763
1659 0.691261
1660 0.724184
1661 0.7186
1662 0.725303
1663 0.701646
1664 0.58907
1665 0.690532
1666 0.760121
1667 0.666658
1668 0.667802
1669 0.663503
1670 0.64369
1671 0.72487
1672 0.800978
1673 0.61585
1674 0.9788
1675 0.713654
1676 0.642965
1677 0.631679
1678 0.64807
1679 0.752144
1680 0.729953
1681 0.619053
1682 0.707408
1683 0.634063
1684 0.599098
1685 0.691114
1686 0.607095
1687 1.01544
1688 0.614293
1689 0.765909
1690 0.744633
1691 0.691771
1692 0.747904
1693 0.748573
1694 0.784536
1695 0.762954
1696 0.726448
1697 0.901629
1698 0.650488
1699 0.634954
1700 0.725562
1701 0.748366
1702 0.659242
1703 0.867041
1704 0.616357
1705 0.691277
1706 0.687234
1707 0.787285
1708 0.894192
1709 0.603897
1710 0.643191
1711 0.793915
1712 0.673833
1713 0.620013
1714 0.683253
1715 0.64285
1716 0.704859
1717 0.702521
1718 0.632143
1719 0.672101
1720 0.673784
1721 0.744711
1722 0.649631
1723 0.760346
1724 0.750541
1725 0.58841
1726 0.599148
1727 0.827503
1728 0.784973
1729 0.653452
1730 0.628436
1731 0.611426
1732 0.600016
1733 0.736259
1734 0.727692
1735 0.740363
1736 0.739398
1737 0.683987
1738 0.648078
1739 0.906079
1740 0.70703
1741 0.80387
1742 0.674784
1743 0.583713
1744 0.70344
1745 0.642124
1746 0.899401
1747 0.719669
1748 0.808533
1749 0.620193
1750 0.698569
1751 0.684457
1752 0.731468
1753 0.746122
1754 0.751059
1755 1.07515
1756 0.593477
1757 0.696372
1758 0.746906
1759 0.790193
1760 0.647691
1761 0.597978
1762 0.632854
1763 0.692814
1764 0.694813
1765 0.734702
1766 0.726724
1767 0.784204
1768 0.616677
1769 0.743475
1770 0.707697
1771 0.685941
1772 0.608494
1773 0.658798
1774 0.768
1775 0.592972
1776 0.609197
1777 0.662145
1778 0.597745
1779 0.721104
1780 0.624601
1781 0.717323
1782 0.803207
1783 0.629442
1784 0.889015
1785 0.851584
1786 0.956713
1787 0.893019
1788 0.77231
1789 0.641722
1790 0.62951
1791 0.715764
1792 0.681863
1793 0.659889
1794 0.684284
1795 0.735752
1796 0.639298
1797 0.757641
1798 0.658043
1799 0.660404
1800 0.621821
1801 0.666272
1802 0.760867
1803 0.6131
1804 0.766458
1805 0.670802
1806 0.860506
1807 0.607879
1808 0.697853
1809 0.770247
1810 0.711201
1811 0.645086
1812 0.663101
1813 0.700505
1814 0.651856
1815 0.620783
1816 0.656218
1817 0.585105
1818 0.800849
1819 0.656384
1820 0.65487
1821 0.685794
1822 0.626719
1823 0.774729
1824 0.784481
1825 0.872497
1826 0.831361
1827 0.677988
1828 0.748896
1829 0.655562
1830 0.671894
1831 0.660371
1832 0.828849
1833 0.794655
1834 0.634946
1835 0.675383
1836 0.619474
1837 0.768395
1838 0.839097
1839 0.785701
1840 0.668513
1841 0.823933
1842 0.645755
1843 0.621692
1844 0.571323
1845 0.641564
1846 0.717428
1847 0.984194
1848 0.757966
1849 0.822864
1850 0.634138
1851 0.621965
1852 0.66393
1853 0.657283
1854 0.739098
1855 0.838168
1856 0.758796
1857 0.781733
1858 0.829515
1859 0.739411
1860 0.581347
1861 0.599419
1862 0.729375
1863 0.759792
1864 0.565223
1865 0.577175
1866 0.562653
1867 0.61929
1868 0.757846
1869 0.742275
1870 0.774638
1871 0.565076
1872 0.793281
1873 0.653494
1874 0.611575
1875 0.572351
1876 0.763974
1877 0.595111
1878 0.80821
1879 0.5878
1880 0.689842
1881 0.694331
1882 0.722973
1883 0.637533
1884 0.826074
1885 0.582461
1886 0.725231
1887 0.700215
1888 0.786038
1889 0.649035
1890 0.660212
1891 0.586604
1892 0.665978
1893 0.572764
1894 0.615578
1895 0.740997
1896 0.750502
1897 0.808644
1898 0.735337
1899 0.649506
1900 0.636861
1901 0.763951
1902 0.608145
1903 0.683376
1904 0.701287
1905 0.593061
1906 0.643477
1907 0.760393
1908 0.615031
1909 0.737519
1910 0.753783
1911 0.796463
1912 0.624215
1913 0.582505
1914 0.707285
1915 0.779096
1916 0.736904
1917 0.738362
1918 0.667068
1919 0.766792
1920 0.782982
1921 0.634216
1922 0.605131
1923 0.741708
1924 0.718159
1925 0.896148
1926 0.784216
1927 0.728657
1928 0.546997
1929 0.57113
1930 0.629095
1931 0.64067
1932 0.605933
1933 0.818637
1934 0.684887
1935 0.593525
1936 0.683279
1937 0.661492
1938 0.665945
1939 0.808141
1940 0.546474
1941 0.581705
1942 0.554757
1943 0.937907
1944 0.760434
1945 0.731737
1946 0.688829
1947 0.691604
1948 0.736654
1949 0.632891
1950 0.732729
1951 0.71815
1952 0.787979
1953 0.639006
1954 0.782745
1955 0.628879
1956 0.56774
1957 0.832492
1958 0.722897
1959 0.686614
1960 0.722699
1961 0.709501
1962 0.626089
1963 0.552426
1964 0.608209
1965 0.583694
1966 0.854697
1967 0.550463
1968 0.755734
1969 0.679911
1970 0.694323
1971 0.667781
1972 0.809015
1973 0.605464
1974 0.583567
1975 0.57559
1976 0.735368
1977 0.986664
1978 0.844138
1979 0.865694
1980 0.682412
1981 0.578214
1982 0.638536
1983 0.735633
1984 0.549579
1985 0.602099
1986 0.590465
1987 0.614969
1988 0.717294
1989 0.990698
1990 0.793006
1991 0.618707
1992 0.710651
1993 0.749197
1994 0.566986
1995 0.634961
1996 1.01335
1997 0.732734
1998 0.619283
1999 0.559507
2000 0.677891
2001 0.626179
2002 0.604025
2003 0.923672
2004 0.558332
2005 0.820495
2006 0.882584
2007 0.809922
2008 0.744868
2009 0.838221
2010 0.708436
2011 0.649607
2012 0.599528
2013 0.702857
2014 0.643373
2015 0.633894
2016 0.609838
2017 0.589076
2018 0.600967
2019 0.551037
2020 0.597951
2021 0.615426
2022 0.71687
2023 0.812041
2024 0.717812
2025 0.646325
2026 0.619338
2027 0.607489
2028 0.633536
2029 0.683172
2030 0.581131
2031 0.591677
2032 0.657738
2033 0.576158
2034 0.625365
2035 0.568653
2036 0.554486
2037 0.659387
2038 0.659432
2039 0.645576
2040 0.739089
2041 0.741683
2042 0.698993
2043 0.692991
2044 0.567924
2045 0.620818
2046 0.586714
2047 0.646015
2048 0.631326
2049 0.739659
2050 0.519993
2051 0.582996
2052 0.752099
2053 0.84269
2054 0.53544
2055 0.686693
2056 0.77421
2057 0.78806
2058 0.997392
2059 0.632272
2060 0.596108
2061 0.62925
2062 0.676616
2063 0.685106
2064 0.595307
2065 0.593469
2066 0.569299
2067 0.512295
2068 0.729318
2069 0.616978
2070 0.644095
2071 0.695354
2072 0.776066
2073 0.590365
2074 0.563289
2075 0.593684
2076 0.635976
2077 0.677854
2078 0.704278
2079 0.673667
2080 0.632068
2081 0.531222
2082 0.680094
2083 0.538757
2084 0.6802
2085 0.548058
2086 0.594331
2087 0.57893
2088 0.555919
2089 0.677633
2090 0.694008
2091 0.560206
2092 0.563263
2093 0.526872
2094 0.6161
2095 0.545637
2096 0.813158
2097 0.685289
2098 0.631279
2099 0.535186
2100 0.587191
2101 0.666769
2102 0.683392
2103 0.60639
2104 0.604275
2105 0.696272
2106 0.527984
2107 0.565996
2108 0.608417
2109 0.662129
2110 0.521724
2111 0.648747
2112 0.572199
2113 0.676696
2114 0.606131
2115 0.606532
2116 0.774053
2117 0.650351
2118 0.620834
2119 0.635133
2120 0.588462
2121 0.538415
2122 0.580707
2123 0.697552
2124 0.625228
2125 0.555457
2126 0.65451
2127 0.608753
2128 0.666183
2129 0.511373
2130 0.569569
2131 0.542845
2132 0.604545
2133 0.660052
2134 0.527996
2135 0.617964
2136 0.520958
2137 0.562804
2138 0.49745
2139 0.629725
2140 0.560248
2141 0.538383
2142 0.533099
2143 0.541208
2144 0.631512
2145 0.947722
2146 0.599587
2147 0.530431
2148 0.647147
2149 0.567015
2150 0.521109
2151 0.652472
2152 0.747288
2153 0.654266
2154 0.557614
2155 0.611691
2156 0.597068
2157 0.524933
2158 0.598626
2159 0.549545
2160 0.61794
2161 0.634421
2162 0.546625
2163 0.554239
2164 0.506524
2165 0.531537
2166 0.537651
2167 0.574919
2168 0.527362
2169 0.530615
2170 0.579354
2171 0.564817
2172 0.574741
2173 0.5267
2174 0.497619
2175 0.631806
2176 0.666849
2177 0.522312
2178 0.493338
2179 0.510734
2180 0.500392
2181 0.498565
2182 0.518096
2183 0.533945
2184 0.668289
2185 0.598341
2186 0.711595
2187 0.616602
2188 0.501566
2189 0.520701
2190 0.494058
2191 0.529555
2192 0.596958
2193 1.20135
2194 0.576968
2195 0.505438
2196 0.502765
2197 0.993535
2198 0.771457
2199 0.566504
2200 0.650544
2201 0.588319
2202 0.578467
2203 0.618806
2204 0.587556
2205 0.627651
2206 0.523611
2207 0.609679
2208 0.658096
2209 0.709002
2210 0.518896
2211 0.587575
2212 0.761025
2213 0.645157
2214 0.697076
2215 0.679241
2216 0.579258
2217 0.50991
2218 0.523555
2219 0.605128
2220 0.565248
2221 0.65123
2222 0.625707
2223 0.612382
2224 0.599547
2225 0.528221
2226 0.705459
2227 0.671417
2228 0.502274
2229 0.492472
2230 0.587479
2231 0.609417
2232 0.544524
2233 0.557846
2234 0.692636
2235 0.703025
2236 0.646776
2237 0.564682
2238 0.671025
2239 0.833787
2240 0.574418
2241 0.530154
2242 0.654049
2243 0.686162
2244 0.64147
2245 0.600681
2246 0.551672
2247 0.535107
2248 0.569731
2249 0.687308
2250 0.668006
2251 0.500595
2252 0.613309
2253 0.590148
2254 0.561642
2255 0.953865
2256 0.545957
2257 0.648737
2258 0.652442
2259 0.529069
2260 0.614231
2261 0.52747
2262 0.859469
2263 0.768121
2264 0.553659
2265 0.559195
2266 0.658307
2267 0.695725
2268 0.516326
2269 0.527369
2270 0.648886
2271 0.711114
2272 0.825346
2273 0.721772
2274 0.665004
2275 0.766808
2276 0.672581
2277 0.619407
2278 0.490139
2279 0.666029
2280 0.51529
2281 0.575186
2282 0.553788
2283 0.600657
2284 0.575824
2285 0.573764
2286 0.593848
2287 0.620673
2288 0.601213
2289 0.62749
2290 0.521271
2291 0.505386
2292 0.4925
2293 0.681359
2294 0.545038
2295 0.578186
2296 0.537645
2297 0.518132
2298 0.721264
2299 0.583913
2300 0.562588
2301 0.609366
2302 0.934358
2303 0.805506
2304 0.688066
2305 0.57561
2306 0.574109
2307 0.585044
2308 0.478213
2309 0.505561
2310 0.544967
2311 0.551302
2312 0.57163
2313 0.659874
2314 0.661075
2315 0.724673
2316 0.573113
2317 0.771891
2318 0.690556
2319 0.578992
2320 0.552809
2321 0.636631
2322 0.893427
2323 0.577359
2324 0.468692
2325 0.546813
2326 0.629245
2327 0.579171
2328 0.642471
2329 0.822969
2330 0.638433
2331 0.72167
2332 0.680199
2333 0.603606
2334 0.575957
2335 0.614709
2336 0.697023
2337 0.641689
2338 0.562641
2339 0.512589
2340 0.537158
2341 0.553164
2342 0.576929
2343 0.643919
2344 0.557462
2345 0.621379
2346 0.534576
2347 0.530197
2348 0.588726
2349 0.629073
2350 0.771698
2351 0.895257
2352 0.532712
2353 0.575767
2354 0.647433
2355 0.552152
2356 0.58548
2357 0.536233
2358 0.623351
2359 0.665792
2360 0.602763
2361 0.670781
2362 0.500212
2363 0.563322
2364 0.525829
2365 0.624849
2366 0.528852
2367 0.549054
2368 0.620967
2369 0.537175
2370 0.482856
2371 0.688337
2372 0.591912
2373 0.58291
2374 0.549614
2375 0.626551
2376 0.590296
2377 0.732455
2378 0.575808
2379 0.635934
2380 0.573145
2381 0.50957
2382 0.701887
2383 0.581107
2384 0.583115
2385 0.729665
2386 0.504748
2387 0.489708
2388 0.559931
2389 0.687843
2390 0.57105
2391 0.637155
2392 0.661722
2393 0.925571
2394 0.58717
2395 0.561217
2396 0.528967
2397 0.507115
2398 0.512182
2399 0.54885
2400 0.64656
2401 0.530528
2402 0.652824
2403 0.577696
2404 0.520658
2405 0.573007
2406 0.622302
2407 0.521007
2408 0.597763
2409 0.50349
2410 0.597499
2411 0.493662
2412 0.677277
2413 0.655932
2414 0.564324
2415 0.595915
2416 0.605027
2417 0.503667
2418 0.730357
2419 0.536277
2420 0.591235
2421 0.562474
2422 0.500267
2423 0.523747
2424 0.537133
2425 0.569898
2426 0.624361
2427 0.744629
2428 0.566129
2429 0.567239
2430 0.481997
2431 0.54903
2432 0.668875
2433 0.643244
2434 0.515666
2435 0.806246
2436 0.55631
2437 0.591834
2438 0.555258
2439 0.555931
2440 0.57259
2441 0.508693
2442 0.605349
2443 0.490169
2444 0.48779
2445 0.571704
2446 0.671692
2447 0.585531
2448 0.593538
2449 0.618335
2450 0.4873
2451 0.539376
2452 0.789604
2453 0.666491
2454 0.573128
2455 0.589033
2456 0.487292
2457 0.6291
2458 0.594423
2459 0.478636
2460 0.540103
2461 0.513709
2462 0.529711
2463 0.532033
2464 0.599777
2465 0.587364
2466 0.529085
2467 0.498834
2468 0.530726
2469 0.606694
2470 0.494479
2471 0.480351
2472 0.505697
2473 0.471374
2474 0.530686
2475 0.474625
2476 0.465992
2477 0.463891
2478 0.571865
2479 0.6902
2480 0.587646
2481 0.477322
2482 0.535356
2483 0.560873
2484 0.689266
2485 0.607065
2486 0.533853
2487 0.490529
2488 0.576545
2489 0.519525
2490 0.465131
2491 0.499425
2492 0.480135
2493 0.520098
2494 0.535452
2495 0.591065
2496 0.605996
2497 0.493225
2498 0.62854
2499 0.600626
2500 0.481578
2501 0.671845
2502 0.603522
2503 0.499953
2504 0.467417
2505 0.52241
2506 0.568541
2507 0.459158
2508 0.493499
2509 0.585103
2510 0.585808
2511 0.668407
2512 0.595656
2513 0.795066
2514 0.484686
2515 0.559065
2516 0.607207
2517 0.560015
2518 0.527169
2519 0.496539
2520 0.680331
2521 0.485229
2522 0.49349
2523 0.490892
2524 0.614535
2525 0.486239
2526 0.574799
2527 0.506828
2528 0.559995
2529 0.606824
2530 0.608497
2531 0.485834
2532 0.504445
2533 0.48772
2534 0.530188
2535 0.463034
2536 0.485859
2537 0.596727
2538 0.491938
2539 0.454809
2540 0.574015
2541 0.583358
2542 0.67075
2543 0.564661
2544 0.521614
2545 0.459795
2546 0.610554
2547 0.713285
2548 0.590813
2549 0.696916
2550 0.678574
2551 0.508507
2552 0.537671
2553 0.584803
2554 0.565534
2555 0.544881
2556 0.485434
2557 0.463183
2558 0.563267
2559 0.556302
2560 0.588039
2561 0.463656
2562 0.567885
2563 0.511109
2564 0.490746
2565 0.487539
2566 0.455363
2567 0.588693
2568 0.519819
2569 0.522961
2570 0.597705
2571 0.495649
2572 0.593648
2573 0.515344
2574 0.569517
2575 0.55033
2576 0.526418
2577 0.625196
2578 0.498388
2579 0.463584
2580 0.496953
2581 0.520064
2582 0.664526
2583 0.654112
2584 0.527279
2585 0.498843
2586 0.557168
2587 0.617451
2588 0.548621
2589 0.521345
2590 0.70805
2591 0.568746
2592 0.576354
2593 0.704639
2594 0.516262
2595 0.555656
2596 0.622501
2597 0.486478
2598 0.461351
2599 0.569333
2600 0.516891
2601 0.628367
2602 0.546101
2603 0.508913
2604 0.518938
2605 0.515085
2606 0.465651
2607 0.521464
2608 0.646104
2609 0.663607
2610 0.565662
2611 0.656616
2612 0.528388
2613 0.516017
2614 0.608064
2615 0.498318
2616 0.476254
2617 0.495655
2618 0.465928
2619 0.524121
2620 0.53586
2621 0.500883
2622 0.489702
2623 0.484767
2624 0.46407
2625 0.789369
2626 0.667744
2627 0.634688
2628 0.713023
2629 0.711206
2630 0.779316
2631 0.47771
2632 0.675276
2633 0.571784
2634 0.62138
2635 0.792363
2636 0.545479
2637 0.453542
2638 0.475264
2639 0.575728
2640 0.552816
2641 0.817495
2642 0.526228
2643 0.610083
2644 0.484271
2645 0.447569
2646 0.484961
2647 0.559836
2648 0.663644
2649 0.481556
2650 0.591482
2651 0.583298
2652 0.523921
2653 0.559828
2654 0.689038
2655 0.456679
2656 0.535429
2657 0.531026
2658 0.535577
2659 0.471542
2660 0.481976
2661 0.546122
2662 0.530657
2663 0.480831
2664 0.47959
2665 0.857253
2666 0.515746
2667 0.480392
2668 0.501048
2669 0.523462
2670 0.577748
2671 0.557031
2672 0.6563
2673 0.48557
2674 0.483516
2675 0.517244
2676 0.57726
2677 0.510491
2678 0.525872
2679 0.553811
2680 0.560473
2681 0.572067
2682 0.627073
2683 0.592907
2684 0.614784
2685 0.596878
2686 0.579291
2687 0.506521
2688 0.435901
2689 0.513218
2690 0.509066
2691 0.519546
2692 0.52776
2693 0.520172
2694 0.572805
2695 0.49807
2696 0.500665
2697 0.499864
2698 0.633783
2699 0.49142
2700 0.62364
2701 0.485378
2702 0.504139
2703 0.497187
2704 0.584609
2705 0.427297
2706 0.45243
2707 0.495688
2708 0.571672
2709 0.461787
2710 0.544621
2711 0.553278
2712 0.463659
2713 0.466529
2714 0.543988
2715 0.527485
2716 0.484047
2717 0.538537
2718 0.503173
2719 0.511333
2720 0.519246
2721 0.664618
2722 0.448534
2723 0.63969
2724 0.72616
2725 0.673152
2726 0.507965
2727 0.466999
2728 0.483826
2729 0.580497
2730 0.577434
2731 0.589069
2732 0.690927
2733 0.435699
2734 0.506993
2735 0.490826
2736 0.414013
2737 0.51699
2738 0.492032
2739 0.549632
2740 0.437059
2741 0.517306
2742 0.609605
2743 0.555117
2744 0.518247
2745 0.531302
2746 0.732961
2747 0.608866
2748 0.458725
2749 0.581658
2750 0.456498
2751 0.581701
2752 0.488006
2753 0.491288
2754 0.546799
2755 0.608681
2756 0.536543
2757 0.425864
2758 0.515121
2759 0.507429
2760 0.458465
2761 0.446847
2762 0.448658
2763 0.454183
2764 0.538759
2765 0.503844
2766 0.498399
2767 0.477259
2768 0.453825
2769 0.516923
2770 0.458137
2771 0.612509
2772 0.42916
2773 0.832193
2774 0.426486
2775 0.481785
2776 0.432596
2777 0.424386
2778 0.50893
2779 0.462993
2780 0.54386
2781 0.490353
2782 0.478357
2783 0.433259
2784 0.472139
2785 0.485776
2786 0.771448
2787 0.451405
2788 0.603294
2789 0.629133
2790 0.467015
2791 0.648973
2792 0.624715
2793 0.663453
2794 0.605203
2795 0.465189
2796 0.625791
2797 0.457904
2798 0.483821
2799 0.611513
2800 0.628241
2801 0.500804
2802 0.594736
2803 0.447667
2804 0.544577
2805 0.490592
2806 0.670302
2807 0.75114
2808 0.483018
2809 0.448733
2810 0.611221
2811 0.499676
2812 0.503883
2813 0.466056
2814 0.47865
2815 0.490831
2816 0.532858
2817 0.528949
2818 0.508397
2819 0.522088
2820 0.694206
2821 0.475184
2822 0.550865
2823 0.495512
2824 0.448684
2825 0.439105
2826 0.680946
2827 0.483817
2828 0.525559
2829 0.476656
2830 0.451789
2831 0.423527
2832 0.524831
2833 0.494989
2834 0.511975
2835 0.478086
2836 0.674457
2837 0.441402
2838 0.634782
2839 0.568447
2840 0.697968
2841 0.500772
2842 0.416983
2843 0.464068
2844 0.503296
2845 0.664596
2846 0.44768
2847 0.690798
2848 0.485207
2849 0.68776
2850 0.480563
2851 0.510601
2852 0.579176
2853 0.509376
2854 0.742421
2855 0.468621
2856 0.484213
2857 0.509958
2858 0.464384
2859 0.457682
2860 0.433585
2861 0.456932
2862 0.483276
2863 0.53497
2864 0.578845
2865 0.545511
2866 0.498054
2867 0.436091
2868 0.482339
2869 0.502894
2870 0.503091
2871 0.518019
2872 0.507524
2873 0.506963
2874 0.462006
2875 0.469311
2876 0.504252
2877 0.457559
2878 0.472085
2879 0.437736
2880 0.516054
2881 0.589977
2882 0.440207
2883 0.498402
2884 0.588431
2885 0.767256
2886 0.730657
2887 0.498998
2888 0.512026
2889 0.428347
2890 0.505063
2891 0.590258
2892 0.455917
2893 0.487962
2894 0.479638
2895 0.553621
2896 0.516263
2897 0.470894
2898 0.453457
2899 0.472215
2900 0.542633
2901 0.476558
2902 0.44293
2903 0.499155
2904 0.435823
2905 0.576701
2906 0.405612
2907 0.45994
2908 0.524268
2909 0.513708
2910 0.464415
2911 0.473938
2912 0.54126
2913 0.521727
2914 0.476168
2915 0.423248
2916 0.423303
2917 0.571448
2918 0.461919
2919 0.4722
2920 0.435653
2921 0.45525
2922 0.552495
2923 0.65075
2924 0.730128
2925 0.510408
2926 0.449399
2927 0.635633
2928 0.669892
2929 0.53267
2930 0.459979
2931 0.46145
2932 0.516098
2933 0.454819
2934 0.559654
2935 0.530616
2936 0.58981
2937 0.5909
2938 0.487291
2939 0.458552
2940 0.532661
2941 0.500972
2942 0.445898
2943 0.478766
2944 0.4291
2945 0.565016
2946 0.698557
2947 0.49363
2948 0.57902
2949 0.564409
2950 0.413848
2951 0.53681
2952 0.449617
2953 0.492204
2954 0.476698
2955 0.567113
2956 0.641615
2957 0.492181
2958 0.636893
2959 0.459846
2960 0.420168
2961 0.470968
2962 0.500978
2963 0.394981
2964 0.438966
2965 0.418668
2966 0.47264
2967 0.456035
2968 0.438327
2969 0.518853
2970 0.408117
2971 0.676709
2972 0.433491
2973 0.410216
2974 0.471412
2975 0.558684
2976 0.415185
2977 0.61887
2978 0.507496
2979 0.547737
2980 0.485196
2981 0.491823
2982 0.480502
2983 0.645343
2984 0.46097
2985 0.534789
2986 0.488096
2987 0.605781
2988 0.455317
2989 0.412118
2990 0.480725
2991 0.510013
2992 0.487596
2993 0.522875
2994 0.503994
2995 0.639365
2996 0.428631
2997 0.530976
2998 0.454703
2999 0.423942
3000 0.564517
3001 0.452628
3002 0.490337
3003 0.429726
3004 0.396587
3005 0.447899
3006 0.477649
3007 0.475311
3008 0.635685
3009 0.570309
3010 0.639916
3011 0.443666
3012 0.477844
3013 0.579428
3014 0.651044
3015 0.452325
3016 0.472059
3017 0.480073
3018 0.461848
3019 0.646559
3020 0.467272
3021 0.453405
3022 0.578206
3023 0.483057
3024 0.657501
3025 0.579537
3026 0.573134
3027 0.430975
3028 0.409303
3029 0.428025
3030 0.406635
3031 0.428982
3032 0.530003
3033 0.463177
3034 0.552974
3035 0.530457
3036 0.49998
3037 0.482018
3038 0.523034
3039 0.505213
3040 0.459101
3041 0.468441
3042 0.757206
3043 0.527985
3044 0.563363
3045 0.519137
3046 0.545204
3047 0.587405
3048 0.502646
3049 0.545154
3050 0.49967
3051 0.628955
3052 0.645401
3053 0.524532
3054 0.426816
3055 0.490882
3056 0.644227
3057 0.50654
3058 0.470504
3059 0.45208
3060 0.438411
3061 0.427337
3062 0.503878
3063 0.53397
3064 0.40387
3065 0.466374
3066 0.384925
3067 0.419843
3068 0.433585
3069 0.465953
3070 0.41776
3071 0.48269
3072 0.39768
3073 0.425702
3074 0.45022
3075 0.431156
3076 0.786654
3077 0.614859
3078 0.673642
3079 0.471339
3080 0.473288
3081 0.653426
3082 0.49838
3083 0.433512
3084 0.4602
3085 0.382155
3086 0.430151
3087 0.575514
3088 0.52128
3089 0.504985
3090 0.480943
3091 0.536446
3092 0.561918
3093 0.444846
3094 0.565066
3095 0.614418
3096 0.449133
3097 0.525384
3098 0.442008
3099 0.492969
3100 0.4443
3101 0.406463
3102 0.67747
3103 0.410278
3104 0.639357
3105 0.901348
3106 0.65113
3107 0.460267
3108 0.630589
3109 0.499531
3110 0.476044
3111 0.426721
3112 0.451178
3113 0.412901
3114 0.513706
3115 0.396202
3116 0.411298
3117 0.402624
3118 0.391369
3119 0.4071
3120 0.437947
3121 0.462197
3122 0.475793
3123 0.606526
3124 0.545
3125 0.409531
3126 0.459816
3127 0.476231
3128 0.482176
3129 0.378256
3130 0.40512
3131 0.484966
3132 0.429641
3133 0.559567
3134 0.442112
3135 0.402153
3136 0.586471
3137 0.496859
3138 0.478232
3139 0.503444
3140 0.603224
3141 0.601456
3142 0.53781
3143 0.474503
3144 0.427671
3145 0.436838
3146 0.476678
3147 0.429067
3148 0.50601
3149 0.372569
3150 0.381558
3151 0.523512
3152 0.573171
3153 0.427801
3154 0.493231
3155 0.525998
3156 0.608445
3157 0.91038
3158 0.44207
3159 0.474949
3160 0.407142
3161 0.548261
3162 0.512548
3163 0.430697
3164 0.416551
3165 0.382836
3166 0.393377
3167 0.515884
3168 0.637633
3169 0.472897
3170 0.583991
3171 0.512018
3172 0.458381
3173 0.399424
3174 0.464549
3175 0.489744
3176 0.409201
3177 0.469093
3178 0.54718
3179 0.458917
3180 0.385927
3181 0.437535
3182 0.379817
3183 0.512146
3184 0.427425
3185 0.480102
3186 0.446997
3187 0.459854
3188 0.533429
3189 0.567918
3190 0.397778
3191 0.385767
3192 0.404301
3193 0.453321
3194 0.407816
3195 0.617697
3196 0.435669
3197 0.452648
3198 0.439312
3199 0.450394
3200 0.515608
3201 0.574082
3202 0.477162
3203 0.499765
3204 0.561753
3205 0.420174
3206 0.421741
3207 0.414924
3208 0.594925
3209 0.409097
3210 0.496993
3211 0.387424
3212 0.479411
3213 0.426143
3214 0.462957
3215 0.467897
3216 0.452588
3217 0.412524
3218 0.495002
3219 0.407134
3220 0.424523
3221 0.454024
3222 0.544569
3223 0.399618
3224 0.393605
3225 0.427756
3226 0.440842
3227 0.604882
3228 0.389355
3229 0.487128
3230 0.404634
3231 0.432448
3232 0.567572
3233 0.40482
3234 0.509459
3235 0.425693
3236 0.448499
3237 0.429841
3238 0.492666
3239 0.452967
3240 0.360213
3241 0.412769
3242 0.377497
3243 0.455307
3244 0.624662
3245 0.437738
3246 0.520009
3247 0.5254
3248 0.385136
3249 0.389497
3250 0.457525
3251 0.595144
3252 0.453889
3253 0.426211
3254 0.418302
3255 0.439319
3256 0.372764
3257 0.499145
3258 0.441034
3259 0.478528
3260 0.424812
3261 0.377646
3262 0.405603
3263 0.406973
3264 0.390928
3265 0.375861
3266 0.402849
3267 0.367869
3268 0.395396
3269 0.382663
3270 0.443632
3271 0.412017
3272 0.359857
3273 0.408796
3274 0.493031
3275 0.484071
3276 0.385313
3277 0.356008
3278 0.391814
3279 0.360541
3280 0.374255
3281 0.363807
3282 0.375491
3283 0.571261
3284 0.515747
3285 0.43618
3286 0.475132
3287 0.39117
3288 0.404214
3289 0.364635
3290 0.438937
3291 0.533812
3292 1.02675
3293 0.404493
3294 0.385408
3295 0.354403
3296 0.811156
3297 0.666537
3298 0.441231
3299 0.481536
3300 0.494805
3301 0.418387
3302 0.479145
3303 0.493669
3304 0.428692
3305 0.382666
3306 0.430562
3307 0.492614
3308 0.372275
3309 0.414516
3310 0.436444
3311 0.584139
3312 0.44865
3313 0.545451
3314 0.546887
3315 0.452927
3316 0.411654
3317 0.368846
3318 0.429001
3319 0.465203
3320 0.453733
3321 0.418858
3322 0.513237
3323 0.428531
3324 0.381563
3325 0.47308
3326 0.488058
3327 0.382086
3328 0.357075
3329 0.428985
3330 0.468243
3331 0.429927
3332 0.360796
3333 0.534093
3334 0.55336
3335 0.525206
3336 0.409367
3337 0.569745
3338 0.531548
3339 0.429769
3340 0.389275
3341 0.488789
3342 0.474451
3343 0.575373
3344 0.442923
3345 0.378167
3346 0.410236
3347 0.429794
3348 0.422543
3349 0.529311
3350 0.416034
3351 0.459296
3352 0.428986
3353 0.434552
3354 0.569036
3355 0.383268
3356 0.498238
3357 0.444984
3358 0.393521
3359 0.49627
3360 0.447616
3361 0.689011
3362 0.550256
3363 0.480588
3364 0.408582
3365 0.430414
3366 0.599661
3367 0.433399
3368 0.372991
3369 0.485796
3370 0.607263
3371 0.779715
3372 0.424056
3373 0.42699
3374 0.659615
3375 0.470028
3376 0.431234
3377 0.368958
3378 0.463102
3379 0.436336
3380 0.391919
3381 0.421883
3382 0.55308
3383 0.463841
3384 0.481793
3385 0.463361
3386 0.410447
3387 0.41879
3388 0.441777
3389 0.39502
3390 0.383123
3391 0.376008
3392 0.523736
3393 0.397108
3394 0.400398
3395 0.414761
3396 0.401506
3397 0.490679
3398 0.432334
3399 0.413756
3400 0.439374
3401 0.697745
3402 0.499678
3403 0.389363
3404 0.42048
3405 0.398403
3406 0.41798
3407 0.386798
3408 0.400334
3409 0.418536
3410 0.388802
3411 0.524333
3412 0.471358
3413 0.428415
3414 0.430187
3415 0.450182
3416 0.429064
3417 0.484059
3418 0.373647
3419 0.415431
3420 0.406117
3421 0.499046
3422 0.35845
3423 0.36796
3424 0.406324
3425 0.453801
3426 0.49607
3427 0.392884
3428 0.654558
3429 0.437049
3430 0.559634
3431 0.50902
3432 0.570725
3433 0.432069
3434 0.453518
3435 0.466541
3436 0.349833
3437 0.465789
3438 0.417815
3439 0.460903
3440 0.389496
3441 0.420898
3442 0.449861
3443 0.365737
3444 0.457548
3445 0.395947
3446 0.370407
3447 0.462529
3448 0.429289
3449 0.446118
3450 0.62968
3451 0.447942
3452 0.438932
3453 0.520641
3454 0.399092
3455 0.41409
3456 0.470199
3457 0.488948
3458 0.517014
3459 0.534562
3460 0.485976
3461 0.385057
3462 0.496076
3463 0.367179
3464 0.457664
3465 0.398677
3466 0.433307
3467 0.439891
3468 0.37219
3469 0.394737
3470 0.510714
3471 0.430765
3472 0.420109
3473 0.381092
3474 0.462133
3475 0.371619
3476 0.555481
3477 0.433252
3478 0.55161
3479 0.420281
3480 0.371514
3481 0.502276
3482 0.39728
3483 0.43767
3484 0.54659
3485 0.413057
3486 0.380572
3487 0.391783
3488 0.452034
3489 0.463556
3490 0.517891
3491 0.545926
3492 0.62084
3493 0.375227
3494 0.463102
3495 0.39774
3496 0.352372
3497 0.396272
3498 0.415706
3499 0.547214
3500 0.38725
3501 0.371256
3502 0.433611
3503 0.426191
3504 0.441349
3505 0.536547
3506 0.359906
3507 0.399877
3508 0.360189
3509 0.438273
3510 0.404188
3511 0.423345
3512 0.5018
3513 0.483651
3514 0.50022
3515 0.452166
3516 0.358091
3517 0.539963
3518 0.345296
3519 0.429647
3520 0.482123
3521 0.367063
3522 0.432118
3523 0.37625
3524 0.381827
3525 0.418083
3526 0.490362
3527 0.414612
3528 0.488609
3529 0.403843
3530 0.412599
3531 0.470518
3532 0.567438
3533 0.354523
3534 0.53601
3535 0.385436
3536 0.436929
3537 0.379993
3538 0.460871
3539 0.481484
3540 0.471797
3541 0.579842
3542 0.418936
3543 0.390832
3544 0.386289
3545 0.437008
3546 0.417641
3547 0.411134
3548 0.723632
3549 0.402207
3550 0.404603
3551 0.615415
3552 0.473777
3553 0.408471
3554 0.414467
3555 0.396145
3556 0.482891
3557 0.388989
3558 0.383414
3559 0.389626
3560 0.456182
3561 0.370753
3562 0.4249
3563 0.478762
3564 0.407573
3565 0.453811
3566 0.371048
3567 0.391021
3568 0.417477
3569 0.37025
3570 0.383778
3571 0.40672
3572 0.388642
3573 0.410836
3574 0.344967
3575 0.392095
3576 0.362484
3577 0.420512
3578 0.465316
3579 0.446236
3580 0.3628
3581 0.450592
3582 0.432086
3583 0.665919
3584 0.505544
3585 0.509145
3586 0.442437
3587 0.556752
3588 0.371198
3589 0.374099
3590 0.333428
3591 0.396378
3592 0.403215
3593 0.407519
3594 0.453608
3595 0.438157
3596 0.409941
3597 0.448651
3598 0.413467
3599 0.426206
3600 0.575352
3601 0.491987
3602 0.417757
3603 0.377718
3604 0.418629
3605 0.378652
3606 0.353165
3607 0.371591
3608 0.441549
3609 0.386354
3610 0.366665
3611 0.441614
3612 0.535281
3613 0.340802
3614 0.385218
3615 0.467357
3616 0.484499
3617 0.39785
3618 0.392964
3619 0.44216
3620 0.367813
3621 0.437398
3622 0.363861
3623 0.483157
3624 0.366046
3625 0.433764
3626 0.362714
3627 0.40283
3628 0.424689
3629 0.456712
3630 0.369587
3631 0.45551
3632 0.362999
3633 0.34529
3634 0.413741
3635 0.428866
3636 0.40584
3637 0.377235
3638 0.386476
3639 0.458954
3640 0.480966
3641 0.530214
3642 0.396146
3643 0.438225
3644 0.32923
3645 0.388059
3646 0.467475
3647 0.454845
3648 0.646939
3649 0.587091
3650 0.407156
3651 0.405434
3652 0.512542
3653 0.438698
3654 0.442602
3655 0.351748
3656 0.333909
3657 0.412354
3658 0.392493
3659 0.403097
3660 0.354941
3661 0.475121
3662 0.350016
3663 0.391279
3664 0.39679
3665 0.370721
3666 0.432174
3667 0.35868
3668 0.441134
3669 0.474052
3670 0.394105
3671 0.457795
3672 0.441204
3673 0.40811
3674 0.406709
3675 0.461223
3676 0.518886
3677 0.365255
3678 0.407566
3679 0.406207
3680 0.368795
3681 0.494947
3682 0.46817
3683 0.397589
3684 0.384918
3685 0.394333
3686 0.427501
3687 0.393885
3688 0.361918
3689 0.477153
3690 0.464753
3691 0.36416
3692 0.546645
3693 0.365238
3694 0.374975
3695 0.412658
3696 0.40302
3697 0.331262
3698 0.375423
3699 0.364077
3700 0.442485
3701 0.438987
3702 0.388198
3703 0.404305
3704 0.342476
3705 0.357217
3706 0.386679
3707 0.543427
3708 0.512628
3709 0.509191
3710 0.529161
3711 0.380372
3712 0.446575
3713 0.513569
3714 0.369152
3715 0.352587
3716 0.385432
3717 0.355606
3718 0.419149
3719 0.346236
3720 0.392145
3721 0.411806
3722 0.365254
3723 0.357345
3724 0.657692
3725 0.415664
3726 0.42555
3727 0.551399
3728 0.510595
3729 0.706758
3730 0.347836
3731 0.519545
3732 0.406081
3733 0.488359
3734 0.574872
3735 0.386094
3736 0.384055
3737 0.359021
3738 0.450533
3739 0.368686
3740 0.621392
3741 0.477967
3742 0.391036
3743 0.378097
3744 0.35495
3745 0.358391
3746 0.436544
3747 0.466923
3748 0.374785
3749 0.39823
3750 0.381425
3751 0.516187
3752 0.43058
3753 0.610307
3754 0.354067
3755 0.429529
3756 0.376561
3757 0.359611
3758 0.377865
3759 0.389107
3760 0.41395
3761 0.34131
3762 0.390859
3763 0.366764
3764 0.553555
3765 0.390537
3766 0.372757
3767 0.33143
3768 0.339842
3769 0.532531
3770 0.476612
3771 0.480371
3772 0.43826
3773 0.43075
3774 0.380979
3775 0.437046
3776 0.402779
3777 0.366771
3778 0.465475
3779 0.415812
3780 0.430883
3781 0.379111
3782 0.331359
3783 0.523199
3784 0.421715
3785 0.443856
3786 0.373629
3787 0.336282
3788 0.375827
3789 0.353601
3790 0.44425
3791 0.471692
3792 0.39306
3793 0.427358
3794 0.366107
3795 0.46543
3796 0.355403
3797 0.451705
3798 0.373826
3799 0.47297
3800 0.34964
3801 0.401215
3802 0.327555
3803 0.35415
3804 0.34583
3805 0.354155
3806 0.376591
3807 0.505748
3808 0.353598
3809 0.418273
3810 0.383656
3811 0.369145
3812 0.364086
3813 0.376714
3814 0.462365
3815 0.347257
3816 0.499246
3817 0.397665
3818 0.383812
3819 0.531431
3820 0.506206
3821 0.325666
3822 0.516051
3823 0.569702
3824 0.531023
3825 0.382226
3826 0.366729
3827 0.402255
3828 0.455034
3829 0.386522
3830 0.453629
3831 0.589678
3832 0.431978
3833 0.343899
3834 0.350902
3835 0.354877
3836 0.47641
3837 0.511176
3838 0.331527
3839 0.388408
3840 0.390298
3841 0.401847
3842 0.374669
3843 0.363876
3844 0.467746
3845 0.465681
3846 0.42004
3847 0.386172
3848 0.369628
3849 0.358199
3850 0.442911
3851 0.395728
3852 0.410667
3853 0.434568
3854 0.566127
3855 0.461565
3856 0.344466
3857 0.350981
3858 0.499078
3859 0.341982
3860 0.370969
3861 0.393687
3862 0.352474
3863 0.484323
3864 0.430413
3865 0.365137
3866 0.352031
3867 0.451027
3868 0.382171
3869 0.355928
3870 0.438929
3871 0.342558
3872 0.54699
3873 0.338371
3874 0.323627
3875 0.33068
3876 0.346775
3877 0.421662
3878 0.406812
3879 0.41523
3880 0.387914
3881 0.353817
3882 0.318804
3883 0.334251
3884 0.360267
3885 0.644679
3886 0.379772
3887 0.518078
3888 0.369656
3889 0.409923
3890 0.465263
3891 0.514651
3892 0.450006
3893 0.429805
3894 0.444747
3895 0.549802
3896 0.358123
3897 0.457154
3898 0.44431
3899 0.502758
3900 0.386538
3901 0.521873
3902 0.324987
3903 0.416277
3904 0.347293
3905 0.385682
3906 0.605229
3907 0.35759
3908 0.336088
3909 0.404759
3910 0.397216
3911 0.363695
3912 0.348853
3913 0.32751
3914 0.410135
3915 0.39229
3916 0.330931
3917 0.386185
3918 0.429612
3919 0.459913
3920 0.350417
3921 0.471007
3922 0.447609
3923 0.330132
3924 0.352722
3925 0.468054
3926 0.350523
3927 0.375509
3928 0.422087
3929 0.318163
3930 0.347496
3931 0.366757
3932 0.426736
3933 0.339609
3934 0.383488
3935 0.411545
3936 0.313219
3937 0.465314
3938 0.405613
3939 0.471897
3940 0.472404
3941 0.356565
3942 0.387709
3943 0.417379
3944 0.623903
3945 0.36823
3946 0.527974
3947 0.357663
3948 0.514099
3949 0.427956
3950 0.383002
3951 0.477874
3952 0.381997
3953 0.65928
3954 0.319664
3955 0.408336
3956 0.391157
3957 0.347587
3958 0.36352
3959 0.33756
3960 0.386314
3961 0.418917
3962 0.382972
3963 0.373678
3964 0.5176
3965 0.387257
3966 0.328881
3967 0.495568
3968 0.38079
3969 0.416862
3970 0.332877
3971 0.462493
3972 0.372202
3973 0.326313
3974 0.31908
3975 0.37828
3976 0.371236
3977 0.397063
3978 0.302658
3979 0.3364
3980 0.447118
3981 0.340423
3982 0.578584
3983 0.577776
3984 0.613871
3985 0.76925
3986 0.395501
3987 0.366135
3988 0.425906
3989 0.384652
3990 0.497064
3991 0.383047
3992 0.430577
3993 0.382647
3994 0.410946
3995 0.329854
3996 0.388155
3997 0.351644
3998 0.417548
3999 0.453817
4000 0.337218
4001 0.396426
4002 0.361222
4003 0.353424
4004 0.567623
4005 0.327648
4006 0.32928
4007 0.455375
4008 0.424558
4009 0.365745
4010 0.361629
4011 0.337525
4012 0.381281
4013 0.398459
4014 0.357073
4015 0.333649
4016 0.53391
4017 0.430962
4018 0.395498
4019 0.357536
4020 0.463598
4021 0.397296
4022 0.622171
4023 0.432886
4024 0.376925
4025 0.389876
4026 0.545516
4027 0.492422
4028 0.418648
4029 0.404738
4030 0.420707
4031 0.437424
4032 0.342711
4033 0.336059
4034 0.421878
4035 0.433509
4036 0.456309
4037 0.366992
4038 0.34498
4039 0.427298
4040 0.517243
4041 0.340585
4042 0.365297
4043 0.383232
4044 0.405308
4045 0.514909
4046 0.332585
4047 0.49799
4048 0.405502
4049 0.346243
4050 0.378802
4051 0.351993
4052 0.405272
4053 0.424042
4054 0.419186
4055 0.433274
4056 0.449874
4057 0.416723
4058 0.342915
4059 0.369714
4060 0.443991
4061 0.473827
4062 0.349807
4063 0.32985
4064 0.346864
4065 0.356043
4066 0.557243
4067 0.365063
4068 0.466167
4069 0.351358
4070 0.562581
4071 0.361111
4072 0.310658
4073 0.357683
4074 0.421063
4075 0.351675
4076 0.517506
4077 0.37149
4078 0.385102
4079 0.433852
4080 0.360104
4081 0.356113
4082 0.458819
4083 0.330893
4084 0.42518
4085 0.441977
4086 0.476985
4087 0.34282
4088 0.326379
4089 0.341038
4090 0.356236
4091 0.387803
4092 0.35997
4093 0.434467
4094 0.454222
4095 0.330871
4096 0.342682
4097 0.436188
4098 0.345813
4099 0.486527
4100 0.343388
4101 0.339236
4102 0.373912
4103 0.304727
4104 0.406211
4105 0.442228
4106 0.406438
4107 0.418782
4108 0.446061
4109 0.471374
4110 0.371072
4111 0.405336
4112 0.385903
4113 0.418585
4114 0.459315
4115 0.433574
4116 0.336998
4117 0.404198
4118 0.475664
4119 0.389372
4120 0.322555
4121 0.419994
4122 0.384743
4123 0.61011
4124 0.408968
4125 0.42741
4126 0.3193
4127 0.324742
4128 0.335188
4129 0.319276
4130 0.31803
4131 0.411993
4132 0.404831
4133 0.404717
4134 0.358683
4135 0.35477
4136 0.427957
4137 0.456694
4138 0.344877
4139 0.352402
4140 0.299083
4141 0.47041
4142 0.468332
4143 0.408008
4144 0.353731
4145 0.465907
4146 0.404276
4147 0.372636
4148 0.358958
4149 0.456344
4150 0.38515
4151 0.367303
4152 0.388439
4153 0.373489
4154 0.339993
4155 0.55174
4156 0.440806
4157 0.355059
4158 0.463859
4159 0.383552
4160 0.316854
4161 0.346912
4162 0.342182
4163 0.312953
4164 0.379038
4165 0.320167
4166 0.340414
4167 0.474381
4168 0.358779
4169 0.489165
4170 0.333152
4171 0.304592
4172 0.378597
4173 0.316784
4174 0.351402
4175 0.43814
4176 0.445698
4177 0.567901
4178 0.442864
4179 0.350534
4180 0.415812
4181 0.436454
4182 0.324834
4183 0.333576
4184 0.328043
4185 0.33225
4186 0.450998
4187 0.570498
4188 0.433481
4189 0.337883
4190 0.374988
4191 0.333245
4192 0.312905
4193 0.358919
4194 0.712949
4195 0.375086
4196 0.385968
4197 0.321442
4198 0.377773
4199 0.365171
4200 0.315628
4201 0.424412
4202 0.29851
4203 0.461466
4204 0.465731
4205 0.477929
4206 0.33095
4207 0.568916
4208 0.347943
4209 0.399585
4210 0.311292
4211 0.343363
4212 0.439773
4213 0.372711
4214 0.320949
4215 0.349992
4216 0.374036
4217 0.335137
4218 0.332151
4219 0.319261
4220 0.378428
4221 0.440487
4222 0.392289
4223 0.442867
4224 0.41667
4225 0.358247
4226 0.383669
4227 0.405004
4228 0.306082
4229 0.505714
4230 0.381558
4231 0.332882
4232 0.432521
4233 0.36023
4234 0.396072
4235 0.473218
4236 0.407477
4237 0.43369
4238 0.521163
4239 0.407258
4240 0.356157
4241 0.433318
4242 0.368168
4243 0.378483
4244 0.375024
4245 0.427011
4246 0.32962
4247 0.418644
4248 0.291989
4249 0.341584
4250 0.461571
4251 0.477768
4252 0.293209
4253 0.384787
4254 0.402485
4255 0.464778
4256 0.614145
4257 0.314672
4258 0.344406
4259 0.351711
4260 0.351192
4261 0.393113
4262 0.298419
4263 0.350772
4264 0.426872
4265 0.292405
4266 0.423964
4267 0.412478
4268 0.408876
4269 0.478605
4270 0.442257
4271 0.325461
4272 0.341666
4273 0.320703
4274 0.336732
4275 0.357735
4276 0.42602
4277 0.395397
4278 0.33117
4279 0.317254
4280 0.304549
4281 0.306027
4282 0.456524
4283 0.341683
4284 0.319857
4285 0.337775
4286 0.348442
4287 0.404979
4288 0.408463
4289 0.343785
4290 0.311725
4291 0.317405
4292 0.397282
4293 0.340403
4294 0.463879
4295 0.337678
4296 0.366211
4297 0.328321
4298 0.324866
4299 0.300638
4300 0.359006
4301 0.344908
4302 0.36686
4303 0.46747
4304 0.328956
4305 0.319297
4306 0.399494
4307 0.394287
4308 0.316806
4309 0.368958
4310 0.301495
4311 0.387483
4312 0.321381
4313 0.340231
4314 0.431648
4315 0.33179
4316 0.295323
4317 0.378068
4318 0.360421
4319 0.298655
4320 0.303621
4321 0.392336
4322 0.333001
4323 0.3659
4324 0.346141
4325 0.322299
4326 0.505845
4327 0.327278
4328 0.383259
4329 0.321948
4330 0.355703
4331 0.362166
4332 0.314919
4333 0.385931
4334 0.302913
4335 0.299955
4336 0.318302
4337 0.367571
4338 0.331934
4339 0.3606
4340 0.323371
4341 0.36449
4342 0.349206
4343 0.435532
4344 0.300462
4345 0.318979
4346 0.553421
4347 0.360666
4348 0.295671
4349 0.368607
4350 0.438079
4351 0.379871
4352 0.387935
4353 0.346276
4354 0.295548
4355 0.319751
4356 0.327114
4357 0.38942
4358 0.377569
4359 0.365668
4360 0.312887
4361 0.326213
4362 0.373775
4363 0.412772
4364 0.315756
4365 0.313752
4366 0.310928
4367 0.299527
4368 0.351151
4369 0.389869
4370 0.381582
4371 0.325935
4372 0.309944
4373 0.371495
4374 0.350925
4375 0.358009
4376 0.275242
4377 0.281056
4378 0.288988
4379 0.277562
4380 0.282234
4381 0.328558
4382 0.331
4383 0.301558
4384 0.341792
4385 0.355279
4386 0.295684
4387 0.275827
4388 0.310618
4389 0.340318
4390 0.362131
4391 0.821999
4392 0.337568
4393 0.310484
4394 0.297644
4395 0.520279
4396 0.445864
4397 0.375113
4398 0.334584
4399 0.37839
4400 0.317253
4401 0.417077
4402 0.404321
4403 0.353315
4404 0.304718
4405 0.373657
4406 0.334182
4407 0.332105
4408 0.377294
4409 0.331074
4410 0.436309
4411 0.321101
4412 0.439944
4413 0.376333
4414 0.354092
4415 0.327392
4416 0.293407
4417 0.316388
4418 0.330222
4419 0.301637
4420 0.335383
4421 0.359383
4422 0.314235
4423 0.317056
4424 0.425087
4425 0.325216
4426 0.326131
4427 0.278734
4428 0.327774
4429 0.331708
4430 0.402603
4431 0.29708
4432 0.46951
4433 0.39895
4434 0.510901
4435 0.29805
4436 0.388514
4437 0.447615
4438 0.320873
4439 0.331558
4440 0.367151
4441 0.421678
4442 0.471072
4443 0.30069
4444 0.301455
4445 0.294431
4446 0.356522
4447 0.391594
4448 0.387832
4449 0.311937
4450 0.471129
4451 0.362363
4452 0.326152
4453 0.36857
4454 0.27788
4455 0.375274
4456 0.289447
4457 0.372674
4458 0.345689
4459 0.365928
4460 0.560997
4461 0.336136
4462 0.355073
4463 0.351833
4464 0.366916
4465 0.498622
4466 0.287409
4467 0.290627
4468 0.367589
4469 0.399902
4470 0.546665
4471 0.433772
4472 0.300135
4473 0.628223
4474 0.445952
4475 0.3577
4476 0.276231
4477 0.436093
4478 0.342655
4479 0.371489
4480 0.347165
4481 0.362049
4482 0.40625
4483 0.334432
4484 0.319829
4485 0.329578
4486 0.352472
4487 0.342348
4488 0.293571
4489 0.34695
4490 0.305973
4491 0.439028
4492 0.315174
4493 0.276688
4494 0.345835
4495 0.327143
4496 0.40271
4497 0.340194
4498 0.390078
4499 0.307592
4500 0.567784
4501 0.342364
4502 0.349237
4503 0.307002
4504 0.355613
4505 0.310804
4506 0.295717
4507 0.284836
4508 0.285342
4509 0.290412
4510 0.376639
4511 0.416107
4512 0.306413
4513 0.371333
4514 0.345233
4515 0.564628
4516 0.347832
4517 0.294689
4518 0.30051
4519 0.320442
4520 0.435136
4521 0.317852
4522 0.292749
4523 0.309235
4524 0.324942
4525 0.362044
4526 0.351057
4527 0.436661
4528 0.378737
4529 0.373788
4530 0.356533
4531 0.405863
4532 0.296332
4533 0.447336
4534 0.389356
4535 0.297436
4536 0.350787
4537 0.328204
4538 0.286506
4539 0.326604
4540 0.325003
4541 0.326132
4542 0.317519
4543 0.387675
4544 0.295622
4545 0.355222
4546 0.361043
4547 0.385239
4548 0.339004
4549 0.344543
4550 0.342323
4551 0.327596
4552 0.400823
4553 0.333444
4554 0.401534
4555 0.321129
4556 0.425901
4557 0.354237
4558 0.380668
4559 0.35419
4560 0.272378
4561 0.331248
4562 0.328397
4563 0.378449
4564 0.328002
4565 0.298744
4566 0.348124
4567 0.337562
4568 0.333088
4569 0.441723
4570 0.332839
4571 0.391679
4572 0.316781
4573 0.323964
4574 0.362512
4575 0.397358
4576 0.411682
4577 0.456217
4578 0.355356
4579 0.292648
4580 0.450778
4581 0.312249
4582 0.386275
4583 0.471594
4584 0.298609
4585 0.286088
4586 0.28853
4587 0.420079
4588 0.319825
4589 0.45856
4590 0.346933
4591 0.632527
4592 0.350104
4593 0.351947
4594 0.287563
4595 0.312838
4596 0.294835
4597 0.367802
4598 0.419717
4599 0.294
4600 0.335742
4601 0.367602
4602 0.341844
4603 0.41748
4604 0.40366
4605 0.350724
4606 0.360219
4607 0.270366
4608 0.362503
4609 0.288076
4610 0.362669
4611 0.397422
4612 0.392644
4613 0.401254
4614 0.381427
4615 0.35675
4616 0.426509
4617 0.342017
4618 0.357038
4619 0.377881
4620 0.324191
4621 0.337501
4622 0.296667
4623 0.313389
4624 0.344385
4625 0.347544
4626 0.316203
4627 0.34956
4628 0.27367
4629 0.436367
4630 0.401832
4631 0.370439
4632 0.310436
4633 0.387794
4634 0.321422
4635 0.353559
4636 0.352404
4637 0.478363
4638 0.348303
4639 0.326817
4640 0.438515
4641 0.308935
4642 0.261171
4643 0.309925
4644 0.366263
4645 0.368245
4646 0.357788
4647 0.695111
4648 0.373865
4649 0.373942
4650 0.398394
4651 0.417273
4652 0.375593
4653 0.322775
4654 0.346529
4655 0.374244
4656 0.376052
4657 0.352635
4658 0.320803
4659 0.296178
4660 0.318317
4661 0.298446
4662 0.29771
4663 0.335287
4664 0.484739
4665 0.293395
4666 0.288235
4667 0.387923
4668 0.307596
4669 0.309429
4670 0.399277
4671 0.28988
4672 0.365584
4673 0.296343
4674 0.302583
4675 0.303513
4676 0.35951
4677 0.352303
4678 0.469472
4679 0.304066
4680 0.406434
4681 0.305295
4682 0.415628
4683 0.377728
4684 0.441366
4685 0.264061
4686 0.431433
4687 0.423205
4688 0.397675
4689 0.290155
4690 0.301339
4691 0.308758
4692 0.367541
4693 0.353058
4694 0.416103
4695 0.297754
4696 0.352961
4697 0.338499
4698 0.320896
4699 0.415786
4700 0.353989
4701 0.301208
4702 0.297349
4703 0.360694
4704 0.2954
4705 0.262189
4706 0.351761
4707 0.348361
4708 0.269709
4709 0.375541
4710 0.411772
4711 0.431504
4712 0.275565
4713 0.302706
4714 0.386738
4715 0.42419
4716 0.340711
4717 0.339885
4718 0.368824
4719 0.317086
4720 0.306213
4721 0.289962
4722 0.3481
4723 0.298118
4724 0.333832
4725 0.308223
4726 0.340175
4727 0.317773
4728 0.401206
4729 0.289839
4730 0.333251
4731 0.259783
4732 0.327241
4733 0.281071
4734 0.401297
4735 0.315228
4736 0.286848
4737 0.264687
4738 0.342022
4739 0.3574
4740 0.437791
4741 0.335556
4742 0.331818
4743 0.276502
4744 0.284638
4745 0.401662
4746 0.380099
4747 0.450018
4748 0.373967
4749 0.272551
4750 0.300155
4751 0.375138
4752 0.342236
4753 0.317277
4754 0.285024
4755 0.32917
4756 0.309024
4757 0.322223
4758 0.319324
4759 0.308257
4760 0.35239
4761 0.320413
4762 0.277897
4763 0.320068
4764 0.30695
4765 0.298677
4766 0.298233
4767 0.37421
4768 0.300128
4769 0.272751
4770 0.410596
4771 0.306662
4772 0.338465
4773 0.37586
4774 0.392057
4775 0.471324
4776 0.309532
4777 0.326538
4778 0.342851
4779 0.310839
4780 0.355448
4781 0.376677
4782 0.26981
4783 0.297671
4784 0.353678
4785 0.415309
4786 0.350974
4787 0.280915
4788 0.421895
4789 0.357511
4790 0.299462
4791 0.44663
4792 0.295386
4793 0.332076
4794 0.359724
4795 0.298232
4796 0.281936
4797 0.31217
4798 0.286947
4799 0.365847
4800 0.317624
4801 0.326822
4802 0.34417
4803 0.294989
4804 0.308599
4805 0.343527
4806 0.405207
4807 0.342245
4808 0.360091
4809 0.393285
4810 0.305172
4811 0.351942
4812 0.424913
4813 0.301424
4814 0.359278
4815 0.307569
4816 0.300618
4817 0.273285
4818 0.323614
4819 0.314887
4820 0.296096
4821 0.305144
4822 0.283417
4823 0.492802
4824 0.4032
4825 0.296656
4826 0.460078
4827 0.488265
4828 0.516195
4829 0.312712
4830 0.400692
4831 0.295448
4832 0.346338
4833 0.494902
4834 0.305048
4835 0.278885
4836 0.288257
4837 0.365052
4838 0.308694
4839 0.599995
4840 0.379181
4841 0.403284
4842 0.315501
4843 0.278106
4844 0.345956
4845 0.345411
4846 0.37751
4847 0.34407
4848 0.321117
4849 0.333992
4850 0.316302
4851 0.317022
4852 0.480725
4853 0.26813
4854 0.311883
4855 0.290396
4856 0.321728
4857 0.305229
4858 0.323461
4859 0.380423
4860 0.29922
4861 0.299313
4862 0.364263
4863 0.472493
4864 0.290071
4865 0.323503
4866 0.373023
4867 0.394161
4868 0.390026
4869 0.370154
4870 0.382913
4871 0.303367
4872 0.291437
4873 0.30325
4874 0.36224
4875 0.299949
4876 0.297743
4877 0.305026
4878 0.340276
4879 0.332437
4880 0.427715
4881 0.356166
4882 0.358414
4883 0.453035
4884 0.340522
4885 0.275533
4886 0.256126
4887 0.27912
4888 0.290893
4889 0.294677
4890 0.375692
4891 0.342417
4892 0.3883
4893 0.316383
4894 0.338875
4895 0.313522
4896 0.348508
4897 0.319514
4898 0.401435
4899 0.276295
4900 0.293567
4901 0.275976
4902 0.252363
4903 0.292517
4904 0.272647
4905 0.316924
4906 0.352063
4907 0.309245
4908 0.343802
4909 0.358712
4910 0.290285
4911 0.305381
4912 0.32555
4913 0.312768
4914 0.328102
4915 0.352099
4916 0.318401
4917 0.317607
4918 0.314788
4919 0.43604
4920 0.26788
4921 0.358032
4922 0.437597
4923 0.422918
4924 0.2761
4925 0.258352
4926 0.306174
4927 0.378224
4928 0.348895
4929 0.323489
4930 0.485623
4931 0.302617
4932 0.278985
4933 0.329388
4934 0.272589
4935 0.300724
4936 0.351512
4937 0.29684
4938 0.399586
4939 0.313477
4940 0.308546
4941 0.308888
4942 0.297161
4943 0.410734
4944 0.444393
4945 0.387226
4946 0.258514
4947 0.334798
4948 0.266109
4949 0.348173
4950 0.331961
4951 0.27875
4952 0.34549
4953 0.376796
4954 0.273346
4955 0.277634
4956 0.288481
4957 0.303649
4958 0.272132
4959 0.290663
4960 0.33801
4961 0.264962
4962 0.310647
4963 0.320493
4964 0.348693
4965 0.320252
4966 0.340992
4967 0.311115
4968 0.264533
4969 0.361429
4970 0.26635
4971 0.434884
4972 0.322112
4973 0.28666
4974 0.253413
4975 0.254998
4976 0.358171
4977 0.302117
4978 0.333257
4979 0.305242
4980 0.313433
4981 0.270775
4982 0.314216
4983 0.280159
4984 0.580128
4985 0.343507
4986 0.335347
4987 0.362852
4988 0.261542
4989 0.400538
4990 0.442748
4991 0.325174
4992 0.373971
4993 0.357702
4994 0.387414
4995 0.250566
4996 0.265597
4997 0.343483
4998 0.412492
4999 0.276274
5000 0.413744
