0 4.56065
1 38.1629
2 16.1465
3 6.69163
4 6.7963
5 5.9807
6 5.65459
7 14.3132
8 5.89719
9 4.10004
10 11.0935
11 3.25302
12 3.32133
13 3.46935
14 5.0461
15 2.92715
16 4.09007
17 3.64168
18 2.77162
19 2.71449
20 5.39581
21 3.51961
22 3.13717
23 3.49082
24 2.5983
25 2.77963
26 2.69868
27 3.09806
28 3.71121
29 4.10137
30 2.76531
31 2.58433
32 2.46974
33 2.01966
34 2.33207
35 2.10301
36 2.48679
37 2.26093
38 2.53599
39 2.51754
40 2.81924
41 3.72234
42 5.01247
43 8.84951
44 30.7231
45 9.9383
46 5.81267
47 12.1774
48 6.26852
49 3.30161
50 3.07711
51 3.44297
52 3.00158
53 2.44164
54 2.35974
55 2.4469
56 2.48526
57 2.70847
58 3.46293
59 4.64861
60 3.21664
61 3.40615
62 2.57183
63 2.28258
64 2.58059
65 2.59641
66 2.3591
67 2.32681
68 2.21999
69 2.6167
70 2.32495
71 2.62158
72 2.1664
73 2.0598
74 2.03257
75 1.73755
76 2.21853
77 1.95176
78 2.0663
79 2.29624
80 1.93098
81 2.14169
82 2.35674
83 1.97718
84 2.18204
85 2.19027
86 2.34407
87 2.19561
88 1.9443
89 2.39483
90 2.13615
91 2.07971
92 2.23674
93 2.20454
94 2.33882
95 1.80854
96 1.76619
97 2.0991
98 1.78607
99 1.98244
100 2.27921
101 2.13465
102 1.93318
103 2.51955
104 2.37184
105 2.22868
106 2.27313
107 2.03066
108 2.34939
109 2.68235
110 1.85173
111 2.11996
112 1.82226
113 2.10879
114 2.14701
115 2.46792
116 2.68324
117 2.10535
118 1.80586
119 1.74382
120 2.09198
121 2.12515
122 1.97035
123 1.7209
124 1.77601
125 1.72787
126 1.546
127 1.56712
128 1.74751
129 1.55459
130 1.59148
131 2.08574
132 1.69351
133 1.73624
134 1.62367
135 2.30043
136 1.81783
137 2.66865
138 2.45224
139 1.64324
140 1.66804
141 2.19379
142 1.85974
143 1.74505
144 2.22726
145 1.74865
146 1.58372
147 1.68414
148 1.86857
149 2.02739
150 1.85999
151 1.43169
152 1.63138
153 1.37644
154 1.458
155 1.56127
156 1.61947
157 2.16248
158 1.80116
159 1.75399
160 1.45521
161 1.49287
162 1.67597
163 1.91907
164 2.71926
165 1.68034
166 2.12351
167 1.80544
168 1.58569
169 1.647
170 1.73354
171 1.42008
172 1.39197
173 1.31751
174 1.55893
175 1.35353
176 1.52316
177 1.57194
178 1.82284
179 1.75037
180 1.67769
181 1.58485
182 1.65747
183 1.60379
184 1.48526
185 1.57364
186 1.79949
187 1.58605
188 1.62184
189 1.48722
190 1.72656
191 1.3615
192 1.58661
193 2.71664
194 2.23412
195 2.04021
196 1.51295
197 1.32104
198 1.45152
199 1.74471
200 1.4562
201 1.50177
202 1.55674
203 1.61799
204 1.59011
205 2.40322
206 1.90563
207 1.83504
208 1.81014
209 2.14826
210 1.82224
211 1.73882
212 1.60488
213 1.53863
214 1.6093
215 1.68666
216 1.54218
217 1.67273
218 1.75849
219 1.53648
220 1.51094
221 1.54622
222 1.57569
223 1.28234
224 1.4491
225 1.39889
226 1.65518
227 1.84672
228 1.73438
229 1.70127
230 1.65912
231 1.34026
232 1.61907
233 1.87338
234 1.98297
235 1.80853
236 1.67763
237 1.95776
238 1.79871
239 2.19064
240 1.75316
241 1.4021
242 1.53722
243 1.78854
244 1.68049
245 1.53767
246 1.68049
247 1.68518
248 1.81507
249 1.57028
250 2.11662
251 1.88019
252 2.1222
253 1.853
254 2.07544
255 1.83387
256 1.47213
257 1.29397
258 1.49614
259 1.40925
260 1.55393
261 1.5724
262 1.5905
263 1.49241
264 1.44693
265 1.44804
266 1.54408
267 2.20814
268 1.46638
269 1.39891
270 1.79665
271 1.91727
272 1.48933
273 1.71226
274 1.38906
275 1.70313
276 1.31095
277 1.52871
278 1.70087
279 1.53465
280 1.8193
281 1.56665
282 1.32797
283 1.79361
284 1.61877
285 2.05696
286 1.92028
287 1.83318
288 3.2728
289 2.45064
290 2.17891
291 1.97644
292 2.06591
293 1.90287
294 1.74257
295 1.62664
296 1.73703
297 2.03319
298 1.48088
299 1.68567
300 1.82992
301 1.90138
302 1.78644
303 1.56662
304 1.95414
305 2.17094
306 1.54191
307 1.92464
308 1.53085
309 1.44148
310 1.33353
311 1.49191
312 1.41248
313 1.26328
314 1.61995
315 1.38117
316 1.48721
317 1.30635
318 1.59894
319 1.39791
320 1.22118
321 1.43025
322 1.25542
323 1.52545
324 1.31043
325 1.44207
326 1.46456
327 1.67939
328 1.3961
329 1.56985
330 1.37874
331 1.78505
332 1.21696
333 1.36195
334 1.71457
335 2.18127
336 1.92941
337 1.15981
338 1.60765
339 1.6217
340 1.47344
341 1.47689
342 1.40517
343 1.2766
344 1.67887
345 1.55272
346 1.55178
347 1.42974
348 1.3698
349 1.45681
350 1.44061
351 1.25472
352 1.37473
353 1.31609
354 1.63193
355 1.44212
356 1.11461
357 1.62691
358 1.56134
359 1.29005
360 1.32433
361 1.81293
362 1.40498
363 1.59501
364 1.61166
365 1.65127
366 1.33112
367 1.58548
368 1.39784
369 1.48704
370 1.21
371 1.32265
372 1.31135
373 1.58465
374 1.65843
375 1.51268
376 1.34713
377 1.51495
378 1.52851
379 1.44247
380 1.50222
381 1.52051
382 1.33147
383 1.56177
384 1.33651
385 1.24605
386 1.32115
387 1.64568
388 1.20986
389 1.5029
390 1.40875
391 1.39818
392 1.41349
393 1.8031
394 1.47856
395 1.58216
396 1.53567
397 1.92344
398 1.77691
399 1.71234
400 1.5099
401 1.26889
402 1.26278
403 1.29323
404 1.50722
405 1.28975
406 1.23111
407 1.36731
408 1.32203
409 1.49712
410 1.20692
411 1.35327
412 1.18525
413 1.31827
414 1.16665
415 1.27412
416 1.32795
417 1.52616
418 1.30443
419 1.5448
420 1.25717
421 1.71655
422 1.40833
423 1.10848
424 1.85882
425 1.91914
426 1.51604
427 1.21032
428 1.24371
429 1.60189
430 1.13435
431 1.48943
432 1.15302
433 1.36646
434 1.0883
435 1.31543
436 1.22954
437 1.58437
438 1.41729
439 1.39752
440 1.72703
441 1.53064
442 1.45287
443 1.22294
444 1.32812
445 1.42802
446 1.50383
447 1.49428
448 1.82776
449 1.21567
450 1.5399
451 1.09917
452 1.2938
453 1.395
454 1.35485
455 1.34621
456 1.26421
457 1.15234
458 1.14296
459 1.1635
460 1.13399
461 1.23572
462 1.24355
463 1.49135
464 1.21336
465 1.27072
466 1.45777
467 1.09128
468 1.50015
469 1.60031
470 1.19989
471 1.65194
472 1.33763
473 1.43565
474 1.84385
475 2.37108
476 1.50923
477 1.40185
478 1.24931
479 1.54711
480 1.26207
481 1.22408
482 1.10211
483 1.29782
484 1.09609
485 1.32478
486 1.82285
487 1.21177
488 1.37235
489 1.7978
490 1.11405
491 1.44572
492 1.62043
493 1.28886
494 1.20294
495 1.81065
496 1.17057
497 1.3794
498 1.97365
499 1.41857
500 1.42938
501 1.44901
502 1.27505
503 1.20306
504 1.26104
505 1.15932
506 1.49982
507 1.33898
508 1.15905
509 1.53023
510 1.18032
511 1.38723
512 1.091
513 1.65718
514 1.10949
515 1.05597
516 1.21526
517 1.06768
518 1.67864
519 1.14369
520 1.20512
521 1.22649
522 1.41413
523 1.07246
524 1.13245
525 1.11308
526 1.24095
527 1.27996
528 1.21848
529 1.31301
530 1.2733
531 1.13954
532 1.12962
533 1.0786
534 1.37712
535 1.66464
536 1.28318
537 1.85901
538 1.16299
539 1.44141
540 1.28426
541 1.28142
542 1.05215
543 1.17431
544 1.26363
545 1.18067
546 1.77896
547 1.88085
548 2.19997
549 1.74942
550 1.32139
551 1.40186
552 1.51671
553 1.24031
554 1.29322
555 1.44046
556 1.40614
557 1.16854
558 1.17414
559 1.1963
560 1.148
561 1.08574
562 1.12439
563 1.21111
564 1.09779
565 1.45651
566 1.33447
567 1.08721
568 1.29356
569 1.41057
570 1.24645
571 1.14322
572 1.17675
573 1.1206
574 1.48111
575 1.3584
576 1.44329
577 1.14979
578 1.18482
579 1.18169
580 1.3912
581 1.24412
582 1.44663
583 1.58992
584 1.59085
585 2.05687
586 1.25287
587 1.28781
588 1.22446
589 1.63103
590 1.41629
591 1.08399
592 1.63188
593 1.41238
594 1.43313
595 1.42549
596 1.26924
597 1.17052
598 1.26332
599 1.2509
600 1.44235
601 1.30992
602 1.23873
603 1.11771
604 1.03851
605 1.17145
606 1.20372
607 1.31135
608 1.16365
609 1.38239
610 1.15338
611 1.32835
612 1.20166
613 1.23402
614 1.27268
615 1.24064
616 1.3498
617 1.3083
618 1.52608
619 1.46733
620 1.29578
621 1.23877
622 1.30075
623 1.33388
624 1.27903
625 1.15285
626 0.984086
627 1.22188
628 1.41075
629 1.22576
630 1.32927
631 1.19373
632 1.05478
633 1.07172
634 1.31474
635 1.15527
636 1.05489
637 1.28385
638 1.0777
639 1.05719
640 1.37069
641 1.05699
642 1.25044
643 1.07921
644 1.20617
645 1.0684
646 1.33545
647 1.06057
648 1.21545
649 1.30409
650 1.45272
651 1.02774
652 1.09875
653 1.05048
654 1.14933
655 1.46683
656 1.26835
657 1.13621
658 1.12016
659 1.161
660 1.39261
661 1.23603
662 1.55919
663 1.00329
664 1.40553
665 1.21181
666 1.04929
667 1.32984
668 1.91579
669 1.1952
670 1.37414
671 1.25624
672 1.50294
673 1.53532
674 1.19439
675 1.41663
676 1.27176
677 1.12582
678 1.32461
679 1.49267
680 1.25332
681 1.43554
682 1.38382
683 1.5614
684 1.16779
685 1.1132
686 1.01163
687 0.991652
688 1.0899
689 1.23556
690 1.64431
691 1.29524
692 1.16568
693 1.66143
694 1.62935
695 1.53
696 1.07507
697 1.25283
698 1.22035
699 1.13527
700 1.24316
701 1.21056
702 1.26812
703 1.39764
704 1.11527
705 1.02367
706 1.26289
707 1.65148
708 1.47292
709 1.08531
710 1.23195
711 1.07217
712 1.43573
713 1.29732
714 0.961073
715 1.11655
716 1.2212
717 1.09648
718 1.02294
719 1.08716
720 1.06214
721 1.27454
722 1.23242
723 1.31872
724 1.14786
725 1.1474
726 1.18424
727 0.992587
728 1.09807
729 1.19818
730 1.28871
731 1.32143
732 0.981787
733 0.995161
734 1.20539
735 1.11974
736 1.0981
737 1.02922
738 1.58834
739 1.35672
740 1.24392
741 1.36174
742 1.05397
743 1.29914
744 1.2161
745 1.27157
746 1.03517
747 1.32678
748 1.19762
749 1.16698
750 1.16154
751 1.39236
752 1.08126
753 1.29
754 1.29328
755 1.55468
756 1.40457
757 1.25678
758 1.03051
759 1.20445
760 1.34795
761 1.25619
762 1.0666
763 1.24181
764 1.25956
765 1.28463
766 1.01823
767 1.23154
768 1.01282
769 1.09823
770 1.02968
771 1.04146
772 1.31857
773 1.07245
774 1.00916
775 1.23601
776 1.20735
777 1.08722
778 1.53707
779 1.18734
780 1.30795
781 1.09155
782 1.32318
783 1.1489
784 1.25547
785 1.49539
786 1.08892
787 1.19527
788 1.20082
789 1.39678
790 0.990573
791 1.1144
792 0.964608
793 1.04589
794 1.06564
795 1.17697
796 1.23648
797 1.70591
798 1.33442
799 1.10916
800 1.21668
801 1.31252
802 1.37012
803 1.15397
804 1.22586
805 1.13128
806 1.14279
807 1.11125
808 1.16876
809 1.11364
810 1.06586
811 1.44962
812 1.02977
813 1.11099
814 1.05088
815 1.1225
816 1.52561
817 0.993059
818 1.82317
819 0.966691
820 1.05999
821 1.31023
822 1.40922
823 1.58025
824 1.4318
825 1.15322
826 1.22986
827 1.24996
828 1.02184
829 1.00422
830 1.09486
831 1.12873
832 1.34873
833 1.32755
834 1.53739
835 1.23351
836 1.04463
837 1.23004
838 1.14446
839 1.10498
840 1.02046
841 1.03508
842 1.16701
843 1.02479
844 1.21459
845 1.16802
846 0.993864
847 1.27795
848 1.00663
849 1.38465
850 1.19476
851 1.20065
852 1.17789
853 1.31497
854 1.29999
855 1.03031
856 1.18396
857 1.45958
858 1.2664
859 1.22032
860 1.00905
861 1.06191
862 0.886555
863 0.986531
864 1.34278
865 1.48909
866 1.08882
867 1.23831
868 1.10729
869 1.21099
870 0.991288
871 1.31251
872 1.11872
873 0.906875
874 0.906656
875 0.946381
876 1.28852
877 0.98739
878 1.0917
879 1.15695
880 1.06104
881 1.00444
882 1.16788
883 0.870154
884 1.06761
885 1.08699
886 1.20744
887 1.0708
888 1.07667
889 0.996202
890 1.26112
891 0.89602
892 0.974342
893 1.04047
894 1.1167
895 0.976039
896 1.32296
897 0.921189
898 1.019
899 1.36248
900 1.22359
901 1.11377
902 0.893822
903 0.890768
904 0.956008
905 0.99819
906 1.01585
907 1.11639
908 1.01406
909 1.15223
910 0.976356
911 0.906205
912 1.22661
913 0.973061
914 1.15732
915 0.979028
916 0.939782
917 0.932097
918 1.36227
919 1.42573
920 1.0103
921 1.21668
922 1.3241
923 1.23954
924 1.14222
925 1.06243
926 1.02673
927 1.28115
928 1.44209
929 1.22514
930 1.05086
931 1.18879
932 1.31153
933 1.26337
934 1.16433
935 1.14986
936 1.0343
937 1.17448
938 0.922398
939 1.19039
940 1.02874
941 1.21014
942 0.967495
943 0.998218
944 1.23377
945 0.927619
946 0.95517
947 1.10964
948 1.13567
949 0.983297
950 1.15219
951 0.927043
952 1.38284
953 0.893469
954 1.05755
955 0.869544
956 1.21559
957 1.46397
958 1.13883
959 0.953493
960 0.970356
961 0.998354
962 1.09683
963 0.974112
964 1.05358
965 0.988429
966 1.0568
967 0.986395
968 1.17556
969 1.09148
970 1.23074
971 1.03605
972 1.50579
973 1.06989
974 0.904002
975 0.973075
976 1.11854
977 1.06833
978 1.07329
979 0.921459
980 0.982769
981 1.18233
982 1.05618
983 0.995782
984 1.08333
985 1.00114
986 1.02214
987 1.0132
988 0.856878
989 1.00057
990 0.846359
991 0.987479
992 1.17008
993 1.01168
994 1.0967
995 0.912801
996 1.11153
997 1.14317
998 0.925353
999 0.898072
1000 1.07703
1001 1.27828
1002 1.17575
1003 1.057
1004 0.862671
1005 1.21633
1006 1.13117
1007 0.898382
1008 1.21586
1009 0.959884
1010 1.11722
1011 1.43812
1012 0.990482
1013 1.14764
1014 1.28911
1015 1.06665
1016 0.955844
1017 1.15342
1018 0.996026
1019 0.88011
1020 1.09347
1021 1.38456
1022 1.16243
1023 1.09372
1024 0.923715
1025 1.23701
1026 1.24546
1027 1.00552
1028 1.07623
1029 0.995772
1030 1.09006
1031 1.20364
1032 1.0792
1033 1.0404
1034 0.92547
1035 1.017
1036 0.907
1037 1.04695
1038 0.913858
1039 1.00107
1040 0.88589
1041 1.2481
1042 0.947255
1043 1.04264
1044 1.00472
1045 0.894505
1046 0.937023
1047 1.4115
1048 1.09384
1049 1.198
1050 1.22179
1051 0.92484
1052 0.976104
1053 1.02697
1054 1.00047
1055 1.42983
1056 0.935448
1057 0.851319
1058 1.05218
1059 0.900363
1060 0.927855
1061 0.889656
1062 0.921271
1063 1.16528
1064 0.877086
1065 0.929358
1066 1.19136
1067 0.958653
1068 1.451
1069 1.0373
1070 1.24923
1071 1.02021
1072 1.46569
1073 1.14025
1074 1.29826
1075 1.69025
1076 1.01914
1077 1.08945
1078 0.970005
1079 1.00954
1080 1.10625
1081 1.02164
1082 1.08444
1083 1.09974
1084 0.966619
1085 1.32324
1086 1.00202
1087 0.992058
1088 0.961344
1089 1.11615
1090 1.151
1091 1.43012
1092 1.16534
1093 0.934277
1094 0.966143
1095 1.13652
1096 0.962905
1097 0.990819
1098 0.881524
1099 1.07104
1100 0.948829
1101 0.891191
1102 0.927696
1103 1.03492
1104 0.796334
1105 1.11896
1106 0.843743
1107 0.940139
1108 1.04395
1109 1.28378
1110 1.12261
1111 1.01563
1112 1.01884
1113 1.27913
1114 1.02136
1115 0.872291
1116 0.94841
1117 1.21265
1118 0.83866
1119 1.24549
1120 1.00253
1121 1.06729
1122 0.812296
1123 0.94993
1124 1.21957
1125 1.50067
1126 1.17969
1127 1.00675
1128 0.956563
1129 0.836522
1130 1.06957
1131 1.04771
1132 0.908031
1133 1.25027
1134 0.945256
1135 1.44597
1136 1.10056
1137 1.18489
1138 1.2125
1139 1.13993
1140 0.926446
1141 1.17863
1142 0.981204
1143 0.915345
1144 1.0662
1145 0.837636
1146 0.874667
1147 0.916592
1148 1.02804
1149 1.12278
1150 0.906146
1151 0.901447
1152 0.933059
1153 1.00944
1154 0.966924
1155 0.967325
1156 1.07371
1157 1.15863
1158 1.01376
1159 1.14465
1160 1.06966
1161 0.933091
1162 0.921147
1163 0.886011
1164 0.894554
1165 0.89631
1166 1.2173
1167 1.10098
1168 0.961751
1169 1.45242
1170 0.949628
1171 1.25215
1172 1.17355
1173 1.12441
1174 1.13768
1175 0.88625
1176 1.05009
1177 1.33658
1178 0.964795
1179 0.87867
1180 1.08312
1181 0.801255
1182 1.64579
1183 0.88114
1184 0.913386
1185 1.25208
1186 1.02138
1187 1.3819
1188 0.936747
1189 0.886027
1190 0.967521
1191 0.871264
1192 0.962508
1193 0.983055
1194 1.0977
1195 0.91201
1196 0.77498
1197 0.79879
1198 0.887427
1199 0.878525
1200 0.8607
1201 1.0087
1202 0.867588
1203 0.932296
1204 0.882408
1205 1.15288
1206 0.926616
1207 0.961644
1208 1.17696
1209 0.873558
1210 0.790365
1211 0.855357
1212 0.960238
1213 0.823201
1214 0.90549
1215 1.07792
1216 0.813463
1217 0.973597
1218 1.11516
1219 0.908213
1220 0.960397
1221 1.1521
1222 0.890047
1223 1.03016
1224 0.946357
1225 0.845682
1226 1.28616
1227 0.921033
1228 0.833359
1229 0.914199
1230 1.06697
1231 0.868416
1232 0.940236
1233 1.16397
1234 1.08515
1235 0.879735
1236 0.972699
1237 0.777586
1238 0.925215
1239 0.860614
1240 1.14377
1241 0.800014
1242 0.907698
1243 0.82834
1244 0.888358
1245 1.17449
1246 1.00945
1247 0.88546
1248 1.0086
1249 0.910287
1250 1.02968
1251 0.901083
1252 0.808866
1253 1.0721
1254 1.32005
1255 1.10795
1256 1.04196
1257 0.928323
1258 1.16863
1259 0.886487
1260 0.898411
1261 0.82024
1262 0.895118
1263 1.23041
1264 1.13584
1265 0.968263
1266 1.43545
1267 1.01178
1268 1.07501
1269 1.13045
1270 1.01755
1271 0.867715
1272 0.814321
1273 0.957537
1274 0.976429
1275 1.10348
1276 0.84188
1277 0.96751
1278 1.14256
1279 1.16056
1280 0.978004
1281 1.00758
1282 1.1866
1283 1.00909
1284 1.04878
1285 1.25625
1286 0.827244
1287 0.88621
1288 1.04572
1289 1.04192
1290 1.1628
1291 1.21104
1292 1.20194
1293 0.982757
1294 1.11188
1295 0.884013
1296 0.870944
1297 0.768626
1298 0.831362
1299 0.94807
1300 1.07906
1301 0.793503
1302 0.824347
1303 1.03548
1304 0.828886
1305 0.927032
1306 0.971948
1307 0.781169
1308 0.930372
1309 0.935833
1310 0.889245
1311 1.0157
1312 0.899476
1313 0.996476
1314 0.829776
1315 0.742672
1316 0.867962
1317 0.860392
1318 0.753411
1319 1.00285
1320 1.03762
1321 1.02342
1322 1.01861
1323 0.978124
1324 0.929149
1325 0.962044
1326 0.906543
1327 1.12874
1328 0.880722
1329 0.857725
1330 0.748679
1331 1.24839
1332 0.827965
1333 0.914388
1334 1.22668
1335 1.2991
1336 1.0401
1337 0.833275
1338 0.852849
1339 0.764104
1340 0.805715
1341 1.27201
1342 0.94329
1343 0.86002
1344 0.960514
1345 0.877148
1346 1.15944
1347 0.785055
1348 0.893867
1349 0.787341
1350 0.897901
1351 0.814764
1352 1.00468
1353 0.93414
1354 1.11482
1355 0.90014
1356 0.800585
1357 0.741282
1358 1.05464
1359 0.999789
1360 0.955475
1361 0.842555
1362 0.977435
1363 0.861925
1364 1.27952
1365 1.25589
1366 0.800302
1367 0.929965
1368 0.763997
1369 0.786564
1370 0.906336
1371 0.946823
1372 1.40343
1373 1.02744
1374 1.00443
1375 1.38266
1376 1.03674
1377 0.943236
1378 0.894725
1379 0.843834
1380 1.10623
1381 1.15879
1382 0.902717
1383 1.06597
1384 0.908416
1385 0.867903
1386 0.786123
1387 0.787715
1388 0.943834
1389 1.03682
1390 1.22732
1391 1.42049
1392 1.3017
1393 0.919378
1394 1.06693
1395 0.981612
1396 0.81868
1397 0.911807
1398 1.00975
1399 0.720734
1400 0.936741
1401 0.98435
1402 1.35898
1403 0.892762
1404 0.797601
1405 1.03452
1406 0.952804
1407 0.85675
1408 0.912607
1409 0.906167
1410 0.861291
1411 0.819856
1412 1.00555
1413 1.42178
1414 0.840163
1415 0.860107
1416 1.21809
1417 1.47245
1418 0.966145
1419 1.09474
1420 0.967511
1421 0.774475
1422 1.29029
1423 0.786036
1424 1.03251
1425 0.861871
1426 0.95518
1427 0.835111
1428 0.915726
1429 0.845286
1430 0.776997
1431 0.90752
1432 0.797458
1433 1.05359
1434 1.06025
1435 0.891835
1436 0.790577
1437 0.771006
1438 0.719507
1439 0.833188
1440 0.854408
1441 0.791582
1442 1.21048
1443 0.92536
1444 0.813187
1445 1.09533
1446 1.14753
1447 0.877233
1448 0.89805
1449 0.793993
1450 0.771025
1451 0.8452
1452 0.942973
1453 1.02859
1454 0.869993
1455 0.71401
1456 0.955
1457 0.861468
1458 0.940793
1459 0.879208
1460 0.900714
1461 0.907882
1462 0.777733
1463 0.853059
1464 0.902279
1465 0.796933
1466 0.780415
1467 0.889774
1468 1.45393
1469 0.833449
1470 0.96384
1471 1.10429
1472 1.03672
1473 1.43643
1474 0.771383
1475 0.927034
1476 0.936918
1477 0.796522
1478 0.92103
1479 0.940897
1480 0.732783
1481 1.01363
1482 0.981466
1483 0.940992
1484 0.895747
1485 0.855277
1486 0.790885
1487 0.808223
1488 0.768556
1489 1.0132
1490 1.07767
1491 1.09525
1492 0.775614
1493 0.874153
1494 0.901661
1495 1.19431
1496 1.27414
1497 1.12633
1498 1.04329
1499 1.22906
1500 0.851113
1501 0.848046
1502 0.767947
1503 0.816315
1504 0.910212
1505 0.943916
1506 1.00957
1507 0.745743
1508 0.907407
1509 0.912714
1510 0.717235
1511 0.78692
1512 0.851145
1513 0.758439
1514 1.01429
1515 0.885567
1516 0.761085
1517 0.940467
1518 0.944664
1519 1.14212
1520 0.891743
1521 0.919779
1522 0.821192
1523 0.824767
1524 0.699983
1525 0.887244
1526 0.871097
1527 0.929193
1528 1.08017
1529 0.793703
1530 0.974676
1531 0.936522
1532 0.837783
1533 0.781456
1534 0.775203
1535 0.755646
1536 0.895881
1537 1.07831
1538 0.704966
1539 0.980494
1540 0.831642
1541 0.733436
1542 0.722832
1543 0.949974
1544 0.898686
1545 0.867852
1546 0.757781
1547 1.13755
1548 0.84279
1549 0.772257
1550 0.848366
1551 0.720499
1552 0.805725
1553 0.745842
1554 0.804528
1555 0.934815
1556 0.740788
1557 0.744075
1558 1.02518
1559 1.01886
1560 0.839672
1561 0.909592
1562 0.9574
1563 0.828107
1564 0.789703
1565 0.697624
1566 0.907245
1567 0.86032
1568 1.01978
1569 0.692035
1570 0.773114
1571 1.16096
1572 1.00886
1573 0.754806
1574 0.784303
1575 0.796295
1576 0.780039
1577 0.712885
1578 1.2109
1579 0.813242
1580 0.738488
1581 0.894012
1582 0.869113
1583 0.767383
1584 0.675639
1585 0.903774
1586 0.739833
1587 0.788171
1588 0.721713
1589 1.0472
1590 1.012
1591 0.763292
1592 0.688538
1593 0.70707
1594 0.805747
1595 0.768912
1596 0.801385
1597 0.716432
1598 0.749191
1599 0.769497
1600 1.30731
1601 0.690561
1602 0.805659
1603 0.737173
1604 0.733066
1605 0.954747
1606 1.02547
1607 0.912508
1608 1.00875
1609 0.763227
1610 0.716453
1611 0.843777
1612 1.07805
1613 0.686292
1614 0.997783
1615 0.679988
1616 0.934375
1617 0.709085
1618 0.710859
1619 0.789854
1620 0.885707
1621 0.724108
1622 0.789933
1623 0.696023
1624 0.827465
1625 0.764176
1626 0.995711
1627 1.06316
1628 0.687385
1629 0.741401
1630 0.689472
1631 0.739314
1632 0.690042
1633 0.891575
1634 0.907793
1635 1.1512
1636 0.743115
1637 0.842626
1638 0.777368
1639 0.795739
1640 1.01978
1641 0.729872
1642 0.769132
1643 0.708453
1644 0.897226
1645 1.3226
1646 0.820104
1647 0.887237
1648 0.820388
1649 0.720911
1650 0.771373
1651 0.756602
1652 0.753074
1653 0.661492
1654 0.677302
1655 0.760199
1656 0.695271
1657 0.853743
1658 0.709275
1659 0.850698
1660 0.659768
1661 0.645019
1662 0.645056
1663 0.761483
1664 0.833305
1665 0.675842
1666 0.708692
1667 0.65456
1668 0.803159
1669 0.741375
1670 0.73543
1671 0.668439
1672 0.803309
1673 0.696363
1674 0.71866
1675 0.710133
1676 0.973725
1677 0.718778
1678 0.644595
1679 0.651836
1680 0.734321
1681 0.760287
1682 0.959624
1683 0.903226
1684 0.824541
1685 0.66347
1686 0.728211
1687 0.689018
1688 0.648856
1689 0.681645
1690 0.693909
1691 0.645134
1692 0.706082
1693 0.808244
1694 0.64565
1695 0.862512
1696 1.0303
1697 0.758237
1698 0.895475
1699 0.943312
1700 1.04043
1701 0.706286
1702 0.650101
1703 0.674389
1704 0.63725
1705 0.708073
1706 0.688858
1707 1.00668
1708 0.730009
1709 1.13751
1710 1.10028
1711 0.744002
1712 0.666452
1713 0.662025
1714 0.637317
1715 0.693859
1716 1.42642
1717 0.668395
1718 0.848566
1719 0.880306
1720 0.759183
1721 0.727733
1722 0.826141
1723 1.32484
1724 0.770585
1725 0.802891
1726 0.761468
1727 0.993611
1728 0.855347
1729 0.868042
1730 0.808406
1731 0.783374
1732 0.828652
1733 0.702163
1734 0.933947
1735 1.00311
1736 0.858394
1737 0.816553
1738 0.757904
1739 0.920698
1740 0.947902
1741 0.75522
1742 0.750056
1743 0.842172
1744 0.842977
1745 0.831129
1746 0.793774
1747 0.78551
1748 0.712484
1749 0.662146
1750 0.677849
1751 0.689784
1752 0.852992
1753 0.714438
1754 0.75603
1755 0.830581
1756 0.81597
1757 0.765629
1758 0.699553
1759 0.734522
1760 0.715302
1761 0.670607
1762 0.926072
1763 1.0006
1764 0.811825
1765 0.644436
1766 0.690186
1767 0.80801
1768 0.781995
1769 0.956407
1770 0.752415
1771 0.840752
1772 0.729443
1773 0.712124
1774 1.02094
1775 1.20973
1776 0.995684
1777 1.0148
1778 0.831153
1779 0.727835
1780 0.976141
1781 0.681088
1782 0.979156
1783 0.685109
1784 0.876112
1785 0.865829
1786 0.899686
1787 0.762124
1788 0.85902
1789 1.16698
1790 0.666021
1791 0.839931
1792 0.775368
1793 0.744648
1794 0.749849
1795 0.739928
1796 0.874887
1797 0.69179
1798 1.11567
1799 0.894036
1800 0.830892
1801 0.772863
1802 0.785415
1803 0.972645
1804 0.840513
1805 0.967106
1806 0.866905
1807 0.843991
1808 0.69342
1809 0.656382
1810 0.903529
1811 1.19102
1812 0.801888
1813 0.708382
1814 0.785323
1815 0.867312
1816 0.737716
1817 1.01208
1818 0.853473
1819 0.852329
1820 1.03811
1821 0.675828
1822 0.906383
1823 0.75142
1824 0.642687
1825 0.926188
1826 0.848089
1827 0.738481
1828 0.719125
1829 0.767334
1830 0.740089
1831 0.764555
1832 0.776655
1833 1.3234
1834 1.08847
1835 1.0062
1836 0.719247
1837 0.707643
1838 0.881946
1839 1.07657
1840 0.725974
1841 0.862953
1842 0.705166
1843 0.818526
1844 0.682052
1845 0.914105
1846 0.894343
1847 0.698768
1848 0.780475
1849 0.756836
1850 0.754807
1851 0.889241
1852 0.751841
1853 0.955757
1854 0.786355
1855 0.893443
1856 1.10871
1857 0.769129
1858 0.7395
1859 0.744617
1860 0.743226
1861 0.785797
1862 0.690069
1863 0.705751
1864 0.600624
1865 0.649764
1866 0.846602
1867 0.889051
1868 0.701591
1869 0.731195
1870 0.629726
1871 0.655144
1872 0.73048
1873 0.703389
1874 0.671604
1875 0.892785
1876 0.837969
1877 0.875839
1878 0.713882
1879 0.784792
1880 0.944532
1881 0.88565
1882 0.999284
1883 0.649588
1884 0.706905
1885 0.763271
1886 0.668779
1887 0.712995
1888 0.805772
1889 0.684272
1890 0.711315
1891 0.654655
1892 0.739887
1893 0.712485
1894 0.84498
1895 0.625799
1896 0.642001
1897 1.11924
1898 0.763397
1899 0.707008
1900 0.794176
1901 0.781716
1902 0.772079
1903 0.897132
1904 0.827469
1905 0.692615
1906 0.840706
1907 0.781629
1908 0.728727
1909 1.05932
1910 0.798222
1911 0.83515
1912 0.844249
1913 0.63469
1914 0.64248
1915 0.624056
1916 0.733928
1917 0.741649
1918 0.859431
1919 0.686142
1920 0.824859
1921 0.723893
1922 0.702994
1923 1.32589
1924 0.724041
1925 0.987267
1926 0.741411
1927 0.907148
1928 0.68549
1929 0.695803
1930 0.859173
1931 0.640614
1932 0.865636
1933 0.620341
1934 0.923138
1935 0.647912
1936 0.814046
1937 0.683716
1938 0.784349
1939 0.618296
1940 0.760927
1941 0.663088
1942 0.719948
1943 0.961487
1944 0.688584
1945 0.72722
1946 0.687917
1947 0.71836
1948 0.80562
1949 0.657578
1950 0.703112
1951 0.771548
1952 0.741029
1953 0.702753
1954 0.70315
1955 1.12218
1956 0.781366
1957 0.861597
1958 0.815398
1959 0.636327
1960 0.821366
1961 0.800297
1962 0.795243
1963 0.645519
1964 1.02337
1965 0.793281
1966 0.778976
1967 0.757342
1968 1.06465
1969 0.678816
1970 1.1186
1971 0.67692
1972 0.894877
1973 0.849209
1974 0.609687
1975 0.748226
1976 0.642798
1977 0.732545
1978 0.722901
1979 0.799507
1980 0.770794
1981 0.817916
1982 0.625548
1983 0.819311
1984 0.777239
1985 0.591579
1986 0.645121
1987 0.694529
1988 0.854334
1989 0.879543
1990 0.880903
1991 0.860063
1992 0.591422
1993 0.754616
1994 0.774194
1995 0.629901
1996 0.719707
1997 0.651227
1998 0.935866
1999 0.694959
2000 0.612183
2001 0.977942
2002 0.741469
2003 0.741272
2004 0.705047
2005 0.741738
2006 0.706118
2007 0.792079
2008 0.645464
2009 0.868002
2010 1.43635
2011 0.812872
2012 0.639552
2013 0.606176
2014 0.69225
2015 0.631447
2016 0.617153
2017 1.11321
2018 0.954145
2019 0.961388
2020 0.953612
2021 0.925194
2022 1.02882
2023 0.879369
2024 0.792003
2025 0.812432
2026 0.805858
2027 0.64823
2028 0.65843
2029 0.657318
2030 0.703331
2031 0.593083
2032 0.899325
2033 0.852832
2034 0.639113
2035 0.748747
2036 0.870529
2037 0.732635
2038 0.790588
2039 0.630048
2040 0.668025
2041 1.08384
2042 0.879189
2043 0.703375
2044 0.639976
2045 0.692397
2046 0.707948
2047 0.710868
2048 0.600961
2049 0.803895
2050 0.571885
2051 0.633505
2052 0.724771
2053 1.01125
2054 0.890829
2055 0.585196
2056 0.806692
2057 0.905675
2058 0.725645
2059 0.81989
2060 0.636315
2061 0.593276
2062 0.923627
2063 0.624091
2064 0.726031
2065 0.639722
2066 0.616382
2067 0.896773
2068 0.58426
2069 0.638249
2070 0.833306
2071 0.615795
2072 0.665076
2073 0.703516
2074 0.631454
2075 0.823612
2076 0.755263
2077 0.670345
2078 0.816138
2079 0.762869
2080 0.68858
2081 0.814669
2082 0.963783
2083 0.851859
2084 0.613735
2085 0.824978
2086 0.642475
2087 0.617852
2088 0.703859
2089 0.759054
2090 0.831393
2091 0.631394
2092 0.767226
2093 0.725773
2094 0.734711
2095 0.86715
2096 0.929489
2097 0.571873
2098 0.868062
2099 0.922192
2100 0.821092
2101 0.611109
2102 0.608925
2103 0.589986
2104 0.692078
2105 0.978259
2106 0.686638
2107 0.662867
2108 0.856351
2109 0.978579
2110 0.647541
2111 0.85926
2112 0.598515
2113 0.77002
2114 0.723634
2115 1.04209
2116 0.7889
2117 0.597258
2118 0.819732
2119 0.765925
2120 0.610618
2121 0.624286
2122 0.85698
2123 0.635155
2124 0.696833
2125 0.667314
2126 0.772894
2127 0.724188
2128 0.659865
2129 0.804295
2130 0.579718
2131 0.65725
2132 0.588989
2133 0.731688
2134 0.754334
2135 0.599224
2136 0.766274
2137 0.689563
2138 0.613852
2139 0.797652
2140 0.624482
2141 0.62529
2142 0.689168
2143 0.670551
2144 0.620919
2145 0.624615
2146 0.868527
2147 0.704765
2148 0.609815
2149 0.665735
2150 0.617081
2151 0.738314
2152 0.617211
2153 0.55412
2154 0.714377
2155 0.810019
2156 0.806566
2157 0.728637
2158 1.01086
2159 0.759087
2160 0.596126
2161 0.64846
2162 0.85752
2163 0.75495
2164 0.658341
2165 0.741277
2166 1.06498
2167 0.614635
2168 0.768924
2169 0.620591
2170 0.971285
2171 0.554726
2172 0.853106
2173 0.687002
2174 0.603457
2175 0.650074
2176 0.588212
2177 0.668719
2178 0.709117
2179 0.633799
2180 0.782769
2181 0.622723
2182 0.742141
2183 0.65366
2184 0.777362
2185 0.595447
2186 0.598281
2187 0.765839
2188 0.781973
2189 0.646936
2190 0.585394
2191 0.89409
2192 0.724993
2193 0.697502
2194 0.619512
2195 0.574361
2196 0.61937
2197 0.784278
2198 0.622919
2199 0.601988
2200 0.65661
2201 0.601833
2202 0.606451
2203 0.621337
2204 0.82715
2205 0.642327
2206 0.744762
2207 0.932036
2208 0.584956
2209 0.895456
2210 0.880315
2211 0.830506
2212 0.917295
2213 0.845076
2214 0.698013
2215 0.840669
2216 0.776179
2217 0.864898
2218 0.641281
2219 0.683119
2220 0.626723
2221 0.809781
2222 0.768715
2223 0.670269
2224 0.730545
2225 0.620772
2226 0.638393
2227 0.741578
2228 0.7142
2229 0.740269
2230 0.65021
2231 0.707977
2232 0.701897
2233 0.574239
2234 0.751798
2235 0.635099
2236 0.971379
2237 0.724173
2238 0.662716
2239 0.823734
2240 0.646241
2241 0.633693
2242 0.581648
2243 0.570048
2244 0.572516
2245 0.717792
2246 0.824311
2247 0.713525
2248 0.849777
2249 0.549586
2250 0.648446
2251 0.625815
2252 0.822216
2253 1.10709
2254 0.974485
2255 1.22242
2256 0.674409
2257 0.727664
2258 0.623007
2259 0.571075
2260 0.596605
2261 0.598215
2262 0.828903
2263 0.599402
2264 0.896792
2265 0.890973
2266 0.820026
2267 0.874925
2268 0.705489
2269 0.736716
2270 0.729091
2271 0.674722
2272 0.738145
2273 0.720361
2274 0.814728
2275 0.579256
2276 0.59451
2277 0.59565
2278 0.534196
2279 0.594852
2280 0.579597
2281 0.619329
2282 0.61918
2283 0.772066
2284 0.546876
2285 0.574691
2286 0.871331
2287 0.56838
2288 0.724103
2289 0.550636
2290 0.561633
2291 0.626036
2292 0.907834
2293 0.564573
2294 0.72429
2295 0.703777
2296 0.643646
2297 0.626056
2298 0.723722
2299 0.725831
2300 0.53819
2301 0.659459
2302 0.906002
2303 0.855297
2304 0.629586
2305 0.596358
2306 0.684698
2307 0.676395
2308 0.685134
2309 0.666562
2310 0.87882
2311 0.668593
2312 0.650236
2313 0.636194
2314 0.692308
2315 0.57654
2316 0.553289
2317 0.573811
2318 0.798162
2319 0.705821
2320 0.962635
2321 0.625031
2322 0.620218
2323 0.533376
2324 0.647308
2325 0.626584
2326 0.68749
2327 0.688894
2328 0.632733
2329 0.705863
2330 0.799441
2331 0.646493
2332 0.636045
2333 0.923017
2334 0.626613
2335 0.843383
2336 0.95906
2337 0.622991
2338 0.610866
2339 0.551207
2340 0.807815
2341 0.567026
2342 0.574563
2343 0.565872
2344 0.58888
2345 0.741023
2346 0.695853
2347 0.660871
2348 0.910412
2349 0.563208
2350 0.666058
2351 0.6014
2352 0.638468
2353 0.559462
2354 0.644919
2355 0.52453
2356 0.575661
2357 0.848
2358 0.54203
2359 0.699721
2360 0.772058
2361 0.5536
2362 0.553345
2363 0.723648
2364 0.637012
2365 0.55771
2366 0.619986
2367 0.996218
2368 0.664491
2369 0.585693
2370 0.628455
2371 0.617067
2372 0.706618
2373 0.935787
2374 1.32258
2375 0.722778
2376 0.672215
2377 0.586469
2378 0.665134
2379 0.638614
2380 0.657522
2381 0.524656
2382 0.558838
2383 0.727998
2384 0.756107
2385 1.02233
2386 0.695852
2387 0.586439
2388 0.599336
2389 0.823821
2390 0.707525
2391 0.757283
2392 0.642444
2393 0.952405
2394 0.708852
2395 0.590657
2396 1.08028
2397 0.889317
2398 0.698711
2399 0.727223
2400 0.738562
2401 0.765809
2402 0.578511
2403 0.595018
2404 0.510196
2405 0.58807
2406 0.521045
2407 0.852691
2408 0.644159
2409 0.680432
2410 1.19868
2411 0.71919
2412 0.599242
2413 0.819154
2414 0.727876
2415 0.72654
2416 0.649713
2417 0.730389
2418 0.747792
2419 0.750878
2420 0.655634
2421 0.708637
2422 0.642359
2423 0.531164
2424 0.734033
2425 0.718057
2426 0.559292
2427 0.748786
2428 0.61731
2429 0.556688
2430 0.73681
2431 0.721025
2432 0.573885
2433 0.547157
2434 0.616576
2435 0.561036
2436 0.60731
2437 0.587073
2438 0.561813
2439 0.683929
2440 0.638502
2441 0.646509
2442 0.557855
2443 0.804806
2444 0.527781
2445 0.569428
2446 0.570288
2447 0.76781
2448 0.795424
2449 0.710509
2450 0.537332
2451 0.581958
2452 0.634915
2453 0.786628
2454 0.547081
2455 0.71604
2456 1.17422
2457 0.625843
2458 0.840317
2459 0.583717
2460 0.746852
2461 0.68049
2462 0.597532
2463 0.584778
2464 0.555495
2465 0.657962
2466 0.584879
2467 0.621228
2468 0.583857
2469 0.728049
2470 0.74476
2471 0.854982
2472 0.65382
2473 0.651803
2474 0.937002
2475 0.560415
2476 0.617953
2477 0.668554
2478 0.601168
2479 0.827403
2480 0.552258
2481 0.634033
2482 0.62571
2483 0.63649
2484 0.50158
2485 0.65221
2486 0.60771
2487 0.595575
2488 0.591861
2489 0.659746
2490 0.616342
2491 0.657221
2492 0.582646
2493 0.723157
2494 0.688873
2495 0.702383
2496 0.740303
2497 0.686237
2498 0.761246
2499 0.65622
2500 0.760375
2501 0.637427
2502 0.707662
2503 0.869952
2504 0.703541
2505 0.730205
2506 0.49884
2507 0.538087
2508 0.653095
2509 0.585662
2510 0.534359
2511 0.590606
2512 0.595507
2513 0.588957
2514 0.674367
2515 0.590027
2516 0.537845
2517 0.590756
2518 0.556786
2519 0.788642
2520 0.659168
2521 0.507176
2522 0.611925
2523 0.546312
2524 0.613334
2525 0.642878
2526 0.631712
2527 0.605574
2528 0.568177
2529 0.762723
2530 0.573222
2531 0.605076
2532 0.565359
2533 0.575051
2534 0.554851
2535 0.581154
2536 1.10568
2537 0.572765
2538 0.717197
2539 0.834198
2540 0.605939
2541 1.07048
2542 0.556449
2543 0.548468
2544 0.600541
2545 0.525845
2546 0.631034
2547 0.599224
2548 0.706462
2549 0.595551
2550 0.778659
2551 0.779382
2552 0.993007
2553 0.664057
2554 0.685244
2555 0.675048
2556 0.816109
2557 0.55933
2558 0.520998
2559 0.534927
2560 0.626623
2561 0.611603
2562 0.738692
2563 0.707311
2564 0.552631
2565 0.602789
2566 0.628963
2567 0.821056
2568 0.542888
2569 0.642032
2570 0.727875
2571 0.541297
2572 0.764332
2573 0.669542
2574 0.736796
2575 0.657662
2576 0.603694
2577 0.603469
2578 0.569252
2579 0.58442
2580 0.510644
2581 0.49372
2582 0.704067
2583 0.602489
2584 0.6177
2585 0.801313
2586 0.563146
2587 0.635183
2588 0.548366
2589 0.744208
2590 0.675177
2591 0.507938
2592 0.507682
2593 0.565289
2594 0.713205
2595 0.59006
2596 0.50101
2597 0.644396
2598 0.523187
2599 0.552083
2600 0.602001
2601 0.572087
2602 0.715156
2603 0.644223
2604 0.683685
2605 0.575288
2606 0.69461
2607 0.551935
2608 0.591499
2609 0.479624
2610 0.549516
2611 0.688612
2612 0.655076
2613 0.527944
2614 0.566041
2615 0.524381
2616 0.639941
2617 0.645822
2618 0.669956
2619 0.576941
2620 0.47765
2621 0.488441
2622 0.483116
2623 0.483173
2624 0.521309
2625 0.668893
2626 0.565074
2627 0.536278
2628 0.55452
2629 0.6159
2630 0.598786
2631 0.557904
2632 0.489863
2633 0.503145
2634 0.511131
2635 0.553604
2636 1.04659
2637 0.577098
2638 0.497177
2639 0.727999
2640 0.667744
2641 0.619603
2642 0.579002
2643 0.556406
2644 0.679484
2645 0.589804
2646 1.00276
2647 0.718382
2648 0.515091
2649 0.770475
2650 0.743643
2651 0.619963
2652 0.926235
2653 0.625609
2654 0.569357
2655 0.49459
2656 0.706289
2657 0.803277
2658 0.603208
2659 0.735864
2660 0.488534
2661 0.73949
2662 0.525415
2663 0.54482
2664 0.578707
2665 0.638363
2666 0.510727
2667 0.599269
2668 0.528368
2669 0.744402
2670 0.836083
2671 0.530786
2672 0.496485
2673 0.520889
2674 0.92982
2675 0.705035
2676 0.679513
2677 0.50206
2678 0.573462
2679 0.565247
2680 0.58043
2681 0.521104
2682 0.691547
2683 0.69805
2684 0.540334
2685 0.52788
2686 0.607655
2687 0.694424
2688 0.697766
2689 0.699873
2690 0.713423
2691 0.587252
2692 0.490106
2693 0.613417
2694 0.661066
2695 0.592905
2696 0.577328
2697 0.560686
2698 0.51747
2699 0.748554
2700 0.806281
2701 0.615666
2702 0.642519
2703 0.569088
2704 0.543163
2705 0.538003
2706 0.594858
2707 0.494036
2708 0.523688
2709 0.614276
2710 0.751971
2711 0.541132
2712 0.677319
2713 0.622635
2714 0.661786
2715 0.716621
2716 0.500338
2717 0.565039
2718 0.813252
2719 0.779101
2720 0.593947
2721 0.734888
2722 0.637634
2723 0.538334
2724 0.572997
2725 0.480635
2726 0.662403
2727 0.607348
2728 0.920005
2729 0.869263
2730 0.525685
2731 0.785702
2732 0.827729
2733 0.505163
2734 0.677302
2735 0.7416
2736 0.524154
2737 0.578665
2738 0.515593
2739 0.755238
2740 0.777248
2741 0.618127
2742 0.682673
2743 0.98811
2744 0.50302
2745 0.561349
2746 0.589057
2747 0.541694
2748 0.572795
2749 0.694107
2750 0.548579
2751 0.484267
2752 0.475091
2753 0.554729
2754 0.600593
2755 0.557283
2756 0.575849
2757 0.548966
2758 0.650388
2759 0.531643
2760 0.628901
2761 0.625211
2762 0.538901
2763 0.485704
2764 0.505131
2765 0.810776
2766 0.593848
2767 0.696594
2768 0.583699
2769 0.550418
2770 0.736312
2771 0.517051
2772 0.596794
2773 0.665276
2774 0.551467
2775 0.465251
2776 0.685615
2777 0.590894
2778 0.538165
2779 0.512364
2780 0.47004
2781 0.641735
2782 0.472663
2783 0.523187
2784 0.6729
2785 0.488417
2786 0.835439
2787 0.581061
2788 0.585338
2789 0.868431
2790 0.94501
2791 0.634435
2792 0.74797
2793 1.09512
2794 0.789387
2795 0.615594
2796 0.53976
2797 0.655546
2798 0.479529
2799 0.610397
2800 0.708581
2801 0.677772
2802 0.530909
2803 0.69334
2804 0.621785
2805 0.538306
2806 0.58968
2807 0.667892
2808 0.469993
2809 0.63178
2810 0.556734
2811 0.580755
2812 0.545576
2813 0.718644
2814 0.564148
2815 0.478011
2816 0.700575
2817 0.579891
2818 0.493148
2819 0.60024
2820 0.565019
2821 0.742781
2822 0.457296
2823 0.682897
2824 0.465406
2825 0.488977
2826 0.777959
2827 0.46059
2828 0.55579
2829 0.638677
2830 0.605959
2831 0.551934
2832 0.547608
2833 0.586534
2834 0.555418
2835 0.645197
2836 0.508469
2837 0.6056
2838 0.499095
2839 0.577809
2840 0.476351
2841 0.642448
2842 0.797847
2843 0.713608
2844 0.543711
2845 0.633772
2846 0.657682
2847 0.503977
2848 0.518481
2849 0.7926
2850 0.567869
2851 1.03109
2852 0.548424
2853 0.889606
2854 0.52691
2855 0.677394
2856 0.852875
2857 0.589515
2858 0.670752
2859 0.825451
2860 0.552713
2861 0.562157
2862 0.659192
2863 0.46601
2864 0.538499
2865 0.69899
2866 0.610204
2867 0.473831
2868 0.600691
2869 0.477279
2870 0.53734
2871 0.701215
2872 0.554472
2873 0.642931
2874 0.573174
2875 0.553079
2876 0.476693
2877 0.518859
2878 0.569913
2879 0.515989
2880 0.586522
2881 0.526436
2882 0.536929
2883 0.518042
2884 0.495088
2885 0.78164
2886 0.457236
2887 0.784502
2888 0.610193
2889 0.82367
2890 0.545792
2891 0.743866
2892 0.480655
2893 0.483556
2894 0.656768
2895 0.691616
2896 0.54798
2897 0.620802
2898 0.585894
2899 0.669796
2900 0.758849
2901 0.565462
2902 0.502074
2903 0.819304
2904 0.677559
2905 0.637255
2906 0.542273
2907 0.48803
2908 0.570927
2909 0.458028
2910 0.672717
2911 0.579681
2912 0.614553
2913 0.673612
2914 0.494028
2915 0.462554
2916 0.525555
2917 0.501477
2918 0.497342
2919 0.708012
2920 0.500227
2921 0.56848
2922 0.638684
2923 0.620119
2924 0.543557
2925 0.725553
2926 0.579731
2927 0.505246
2928 0.477321
2929 0.506067
2930 0.539954
2931 0.48929
2932 0.480136
2933 0.804414
2934 0.600806
2935 0.623592
2936 0.654889
2937 0.544652
2938 0.508515
2939 0.714981
2940 0.550057
2941 0.627198
2942 0.441814
2943 0.484654
2944 0.912993
2945 0.651849
2946 0.46417
2947 0.743
2948 0.804778
2949 0.489363
2950 0.948923
2951 0.626562
2952 0.519653
2953 0.535682
2954 0.619852
2955 0.468148
2956 0.597573
2957 0.484578
2958 0.549726
2959 0.489941
2960 0.5629
2961 0.487894
2962 0.569673
2963 0.826777
2964 0.619593
2965 0.48107
2966 0.905378
2967 0.518145
2968 0.486681
2969 0.520935
2970 0.519017
2971 0.614834
2972 0.87079
2973 0.496601
2974 0.49041
2975 0.528596
2976 0.594853
2977 0.453191
2978 0.519235
2979 0.464466
2980 0.616478
2981 0.785833
2982 0.51084
2983 0.567556
2984 0.805029
2985 0.682384
2986 0.668641
2987 0.513569
2988 0.560889
2989 0.661473
2990 0.489111
2991 0.552382
2992 0.930363
2993 0.502614
2994 0.684017
2995 0.638308
2996 0.592652
2997 0.523858
2998 0.578029
2999 0.504915
3000 0.593306
3001 0.682822
3002 0.565873
3003 0.653832
3004 0.684252
3005 0.442353
3006 0.859203
3007 0.590616
3008 1.03347
3009 0.511483
3010 0.961874
3011 0.799882
3012 0.600354
3013 0.647747
3014 0.538239
3015 0.514711
3016 0.493161
3017 0.586679
3018 0.438628
3019 0.452932
3020 0.548976
3021 0.862345
3022 0.547516
3023 0.571628
3024 0.563888
3025 0.559403
3026 0.534973
3027 0.486596
3028 0.676085
3029 0.65892
3030 0.550499
3031 0.648034
3032 0.499943
3033 0.427521
3034 0.49109
3035 0.507446
3036 0.500579
3037 0.969979
3038 0.610062
3039 0.600892
3040 0.607972
3041 0.488181
3042 0.548408
3043 0.629199
3044 0.616066
3045 0.648837
3046 0.487132
3047 0.53128
3048 0.544178
3049 0.540196
3050 0.553105
3051 0.656418
3052 0.631324
3053 0.691133
3054 0.463259
3055 0.44753
3056 0.491152
3057 0.442823
3058 0.478909
3059 0.840716
3060 0.486658
3061 0.54768
3062 0.53429
3063 0.603139
3064 0.649906
3065 0.487373
3066 0.574577
3067 0.437693
3068 0.61071
3069 0.492066
3070 0.526761
3071 0.425532
3072 0.724784
3073 0.625622
3074 0.43421
3075 0.488984
3076 0.585866
3077 0.695503
3078 0.443803
3079 0.663969
3080 0.539526
3081 0.554878
3082 0.501161
3083 0.603985
3084 0.473011
3085 0.529851
3086 0.431761
3087 0.44844
3088 0.53842
3089 0.64354
3090 0.738941
3091 0.922646
3092 0.722091
3093 1.16035
3094 0.615571
3095 0.505184
3096 0.497015
3097 0.710489
3098 0.448814
3099 0.826577
3100 0.42542
3101 0.507811
3102 0.654687
3103 0.448081
3104 0.443776
3105 0.526191
3106 0.495671
3107 0.595321
3108 0.799481
3109 0.793945
3110 0.765517
3111 0.598568
3112 0.526259
3113 0.617747
3114 0.513912
3115 0.590887
3116 0.455195
3117 0.48366
3118 0.530158
3119 0.620368
3120 0.957026
3121 0.577393
3122 0.545038
3123 0.489687
3124 0.45158
3125 0.521502
3126 0.592842
3127 0.463904
3128 0.607102
3129 0.445252
3130 0.729302
3131 0.754455
3132 0.549258
3133 0.482761
3134 0.856771
3135 1.07149
3136 0.986809
3137 0.670687
3138 0.50966
3139 0.472437
3140 0.729151
3141 0.715484
3142 0.554553
3143 0.531251
3144 0.429866
3145 0.574939
3146 0.585758
3147 0.479064
3148 0.485382
3149 0.535915
3150 0.563501
3151 0.498002
3152 0.592564
3153 0.587534
3154 0.4572
3155 0.439696
3156 0.448027
3157 0.494762
3158 0.502242
3159 0.48534
3160 0.521102
3161 0.4302
3162 0.62413
3163 0.845288
3164 0.732975
3165 0.516378
3166 0.519191
3167 0.478084
3168 0.589975
3169 0.560741
3170 0.562755
3171 0.652137
3172 0.456651
3173 0.474139
3174 0.693048
3175 0.431535
3176 0.521624
3177 0.61694
3178 0.514363
3179 0.692065
3180 0.469814
3181 0.4166
3182 0.424866
3183 0.454297
3184 0.672546
3185 0.430268
3186 0.852209
3187 0.525339
3188 0.446611
3189 0.739495
3190 0.642664
3191 0.882628
3192 0.423394
3193 0.650055
3194 0.484091
3195 0.617632
3196 0.588533
3197 0.532965
3198 0.554937
3199 0.483419
3200 0.542966
3201 0.449178
3202 0.419464
3203 0.450718
3204 0.433436
3205 0.453658
3206 0.452741
3207 0.650383
3208 0.737559
3209 0.574968
3210 0.457198
3211 0.542724
3212 0.510212
3213 0.853913
3214 0.687986
3215 0.853179
3216 0.901517
3217 0.675264
3218 0.55042
3219 0.556868
3220 0.475
3221 0.504653
3222 0.566657
3223 0.503452
3224 0.701495
3225 0.490471
3226 0.448976
3227 0.438921
3228 0.492566
3229 0.412966
3230 0.587584
3231 0.490724
3232 0.642852
3233 0.581771
3234 0.550652
3235 0.699885
3236 0.491681
3237 0.778597
3238 0.461484
3239 0.684907
3240 0.443754
3241 0.49544
3242 0.588724
3243 0.460611
3244 0.511575
3245 0.564512
3246 0.490843
3247 0.445215
3248 0.720638
3249 0.473766
3250 0.590335
3251 0.504659
3252 0.453798
3253 0.401621
3254 0.515888
3255 0.441374
3256 0.434901
3257 0.647468
3258 0.597829
3259 0.449881
3260 0.586728
3261 0.476238
3262 0.524364
3263 0.490828
3264 0.694066
3265 0.485236
3266 0.515215
3267 0.51784
3268 0.461848
3269 0.455771
3270 0.507975
3271 0.460221
3272 0.484677
3273 0.557755
3274 0.432237
3275 0.573489
3276 0.698041
3277 0.623994
3278 0.547495
3279 0.460627
3280 0.506692
3281 0.49545
3282 0.430033
3283 0.431598
3284 0.488819
3285 0.569018
3286 0.651187
3287 0.443837
3288 0.496488
3289 0.544532
3290 0.692602
3291 0.506593
3292 0.403347
3293 0.477703
3294 0.470847
3295 0.505364
3296 0.661949
3297 0.45505
3298 0.459803
3299 0.450287
3300 0.438073
3301 0.445683
3302 0.462476
3303 0.589331
3304 0.437768
3305 0.67025
3306 0.588073
3307 0.583329
3308 0.640009
3309 0.449088
3310 0.455874
3311 0.50677
3312 0.410045
3313 0.448872
3314 0.533331
3315 0.452971
3316 0.464487
3317 0.548488
3318 0.685912
3319 0.478434
3320 0.508847
3321 0.410685
3322 0.404211
3323 0.620241
3324 0.508894
3325 0.601821
3326 0.722283
3327 0.527205
3328 0.425962
3329 0.486464
3330 0.549062
3331 0.502152
3332 0.651159
3333 0.506422
3334 0.395323
3335 0.505953
3336 0.465857
3337 0.566612
3338 0.399696
3339 0.45739
3340 0.478379
3341 0.435201
3342 0.673418
3343 0.472945
3344 0.523797
3345 0.473245
3346 0.417152
3347 0.421828
3348 0.461417
3349 0.44845
3350 0.497427
3351 0.46293
3352 0.490862
3353 0.772822
3354 0.439421
3355 0.448687
3356 0.439253
3357 0.800264
3358 0.51542
3359 0.424049
3360 0.48954
3361 0.431548
3362 0.508516
3363 0.709003
3364 0.451004
3365 0.537299
3366 0.523543
3367 0.404397
3368 0.49282
3369 0.49951
3370 0.561584
3371 0.452847
3372 0.4251
3373 0.569359
3374 0.443052
3375 0.512919
3376 0.551444
3377 0.459932
3378 0.443493
3379 0.412187
3380 0.430614
3381 0.592383
3382 0.423155
3383 0.445639
3384 0.464003
3385 0.386661
3386 0.651985
3387 0.525569
3388 0.483722
3389 0.566751
3390 0.47555
3391 0.44695
3392 0.436658
3393 0.402394
3394 0.683036
3395 0.429829
3396 0.395096
3397 0.411016
3398 0.411634
3399 0.488231
3400 0.447759
3401 0.528423
3402 0.435323
3403 0.388896
3404 0.389153
3405 0.405972
3406 0.396113
3407 0.409379
3408 0.389733
3409 0.41692
3410 0.405473
3411 0.578726
3412 0.428105
3413 0.428881
3414 0.740665
3415 0.549345
3416 0.891658
3417 0.574063
3418 0.42574
3419 0.498245
3420 0.443349
3421 0.431066
3422 0.386162
3423 0.390358
3424 0.382256
3425 0.473424
3426 0.387344
3427 1.20345
3428 0.682098
3429 0.449778
3430 0.394197
3431 0.432101
3432 0.408958
3433 0.744805
3434 0.490584
3435 0.472506
3436 0.591405
3437 0.536031
3438 0.509154
3439 0.445324
3440 0.514694
3441 0.518534
3442 0.490374
3443 0.392427
3444 0.508644
3445 0.696259
3446 0.453004
3447 0.47108
3448 0.600722
3449 0.378015
3450 0.48994
3451 0.392408
3452 0.618568
3453 0.40716
3454 0.481129
3455 0.437221
3456 0.425487
3457 0.656122
3458 0.726573
3459 0.432489
3460 0.601036
3461 0.674433
3462 0.530769
3463 0.546121
3464 0.620127
3465 0.44456
3466 0.406655
3467 0.430339
3468 0.503104
3469 0.50335
3470 0.499348
3471 0.410518
3472 0.404762
3473 0.5703
3474 0.429475
3475 0.454084
3476 0.394303
3477 0.449217
3478 0.471213
3479 0.450042
3480 0.675631
3481 0.541121
3482 0.428677
3483 0.396827
3484 0.416706
3485 0.479314
3486 0.415935
3487 0.711848
3488 0.5088
3489 0.389584
3490 0.424888
3491 0.452236
3492 0.64211
3493 0.72768
3494 0.527841
3495 0.713509
3496 0.468757
3497 0.459869
3498 0.625262
3499 0.530074
3500 0.588301
3501 0.411701
3502 0.572955
3503 0.416535
3504 0.564159
3505 0.736273
3506 0.673038
3507 0.48376
3508 0.499313
3509 0.637521
3510 0.401854
3511 0.419239
3512 0.397958
3513 0.433743
3514 0.625892
3515 0.437577
3516 0.918115
3517 0.668828
3518 0.470525
3519 0.484874
3520 0.547537
3521 0.470846
3522 0.440171
3523 0.426701
3524 0.600173
3525 0.450687
3526 0.541307
3527 0.38083
3528 0.537198
3529 0.654811
3530 0.4452
3531 0.408123
3532 0.655601
3533 0.499911
3534 0.419492
3535 0.700212
3536 0.567298
3537 0.533311
3538 0.632503
3539 0.46507
3540 0.491841
3541 0.39442
3542 0.487217
3543 0.912704
3544 0.420676
3545 0.457077
3546 0.43617
3547 0.47532
3548 0.492844
3549 0.676892
3550 0.555194
3551 0.715964
3552 0.728742
3553 0.551942
3554 0.568351
3555 0.773874
3556 0.701065
3557 0.842738
3558 0.482379
3559 0.669746
3560 0.502417
3561 0.375666
3562 0.549701
3563 0.611061
3564 0.502712
3565 0.451573
3566 0.476441
3567 0.543225
3568 0.585957
3569 0.598233
3570 0.635939
3571 0.447409
3572 0.668708
3573 0.484057
3574 0.640367
3575 0.378732
3576 0.589993
3577 0.740956
3578 0.452309
3579 0.466409
3580 0.476728
3581 0.448836
3582 0.435528
3583 0.385086
3584 0.560392
3585 0.668841
3586 0.381829
3587 0.451981
3588 0.394927
3589 0.55053
3590 0.445252
3591 0.468975
3592 0.472845
3593 0.73199
3594 0.475428
3595 0.513609
3596 0.492372
3597 0.425155
3598 0.915326
3599 0.599817
3600 0.576981
3601 0.397471
3602 0.45521
3603 0.393124
3604 0.377474
3605 0.454661
3606 0.440198
3607 0.41233
3608 0.389754
3609 0.397806
3610 0.37368
3611 0.492976
3612 0.401559
3613 0.400047
3614 0.682341
3615 0.581258
3616 0.445976
3617 0.45957
3618 0.549344
3619 0.448854
3620 0.399193
3621 0.618567
3622 0.63649
3623 0.384452
3624 0.681283
3625 0.508165
3626 0.436136
3627 0.445431
3628 0.382505
3629 0.687091
3630 0.446218
3631 0.368188
3632 0.383014
3633 0.394767
3634 0.472271
3635 0.427921
3636 0.468855
3637 0.467801
3638 0.454175
3639 0.549956
3640 0.67069
3641 0.464216
3642 0.508673
3643 0.551763
3644 0.550459
3645 0.418058
3646 0.520768
3647 0.524079
3648 0.454828
3649 0.461678
3650 0.502206
3651 0.406517
3652 0.549665
3653 0.468272
3654 0.591588
3655 0.447657
3656 0.481221
3657 0.473624
3658 0.396816
3659 0.386787
3660 0.385648
3661 0.537389
3662 0.391813
3663 0.53892
3664 0.413357
3665 0.616495
3666 0.479267
3667 0.433894
3668 0.511253
3669 0.47505
3670 0.405065
3671 0.55575
3672 0.608499
3673 0.516278
3674 0.511456
3675 0.617962
3676 0.448717
3677 0.53172
3678 0.555382
3679 0.52406
3680 0.524088
3681 0.461107
3682 0.479148
3683 0.585353
3684 0.458319
3685 0.545301
3686 0.673129
3687 0.508982
3688 0.732283
3689 0.550612
3690 0.509069
3691 0.676421
3692 0.383798
3693 0.488948
3694 0.400226
3695 0.436176
3696 0.515622
3697 0.512936
3698 0.515818
3699 0.595965
3700 0.37066
3701 0.415214
3702 0.490802
3703 0.38606
3704 0.3982
3705 0.396562
3706 0.608599
3707 0.541785
3708 0.385177
3709 0.432876
3710 0.44309
3711 0.61388
3712 0.600937
3713 0.496191
3714 0.424763
3715 0.528313
3716 0.439649
3717 0.455047
3718 0.446375
3719 0.522289
3720 0.377788
3721 0.515942
3722 0.430242
3723 0.755484
3724 0.508074
3725 0.457864
3726 0.461483
3727 0.838169
3728 0.679247
3729 0.383499
3730 0.383579
3731 0.380036
3732 0.425472
3733 0.449407
3734 0.737485
3735 0.440058
3736 0.50829
3737 0.450945
3738 0.454358
3739 0.506037
3740 0.844396
3741 0.542524
3742 0.41128
3743 0.51675
3744 0.408679
3745 0.407507
3746 0.385633
3747 0.452887
3748 0.377534
3749 0.3726
3750 0.484687
3751 0.51555
3752 0.440718
3753 0.627165
3754 0.389062
3755 0.396368
3756 0.682746
3757 0.38479
3758 0.55791
3759 0.727736
3760 0.612545
3761 0.587379
3762 0.38911
3763 0.45187
3764 0.467628
3765 0.399528
3766 0.385068
3767 0.47492
3768 0.35837
3769 0.370242
3770 0.485554
3771 0.703734
3772 0.775429
3773 0.414943
3774 0.582804
3775 0.481465
3776 0.421134
3777 0.575206
3778 0.386085
3779 0.395044
3780 0.634801
3781 0.432316
3782 0.409869
3783 0.5297
3784 0.373123
3785 0.511653
3786 0.400427
3787 0.413311
3788 0.434694
3789 0.376488
3790 0.361026
3791 0.465589
3792 0.375641
3793 0.44705
3794 0.434361
3795 0.565957
3796 0.517829
3797 0.420792
3798 0.418258
3799 0.428541
3800 0.631053
3801 0.600227
3802 0.624675
3803 0.459655
3804 0.407343
3805 0.436148
3806 0.462871
3807 0.417943
3808 0.439552
3809 0.519775
3810 0.530662
3811 0.478028
3812 0.589945
3813 0.465998
3814 0.530375
3815 0.386297
3816 0.499581
3817 0.587158
3818 0.477996
3819 0.438279
3820 0.354728
3821 0.376289
3822 0.587895
3823 0.958639
3824 0.4066
3825 0.587574
3826 0.51514
3827 0.717158
3828 0.356195
3829 0.53194
3830 0.454815
3831 0.425597
3832 0.595608
3833 0.682472
3834 0.456227
3835 0.467853
3836 0.558609
3837 0.457619
3838 0.431297
3839 0.473813
3840 0.495483
3841 0.605168
3842 0.400835
3843 0.463868
3844 0.428512
3845 0.410109
3846 0.360996
3847 0.430735
3848 0.488572
3849 0.391862
3850 0.458833
3851 0.463369
3852 0.56322
3853 0.367258
3854 0.732332
3855 0.466381
3856 0.439222
3857 0.410774
3858 0.374498
3859 0.393005
3860 0.483553
3861 0.376261
3862 0.396515
3863 0.566517
3864 0.437989
3865 0.364429
3866 0.346685
3867 0.394469
3868 0.459594
3869 0.416009
3870 0.381624
3871 0.413623
3872 0.401891
3873 0.589003
3874 0.37323
3875 0.65795
3876 0.636407
3877 0.451249
3878 0.375124
3879 0.415466
3880 0.555197
3881 0.416982
3882 0.465713
3883 0.828304
3884 0.676983
3885 0.430007
3886 0.439145
3887 0.377986
3888 0.555785
3889 0.4089
3890 0.429186
3891 0.432055
3892 0.473571
3893 0.39734
3894 0.351056
3895 0.390837
3896 0.497275
3897 0.461402
3898 0.625437
3899 0.435891
3900 0.514094
3901 0.450533
3902 0.503386
3903 0.352865
3904 0.607716
3905 0.442779
3906 0.440057
3907 0.452861
3908 0.347683
3909 0.499396
3910 0.53645
3911 0.577175
3912 0.395997
3913 0.371699
3914 0.44514
3915 0.559391
3916 0.391639
3917 0.367776
3918 0.37095
3919 0.371693
3920 0.426373
3921 0.354882
3922 0.663997
3923 0.400402
3924 0.554525
3925 0.651226
3926 0.445736
3927 0.603103
3928 0.736465
3929 0.400601
3930 0.412813
3931 0.4924
3932 0.616327
3933 0.51583
3934 0.621057
3935 0.365348
3936 0.447944
3937 0.510794
3938 0.415992
3939 0.528071
3940 0.484049
3941 0.426122
3942 0.456201
3943 0.375045
3944 0.426635
3945 0.405559
3946 0.412933
3947 0.363158
3948 0.498285
3949 0.397819
3950 0.472291
3951 0.347556
3952 0.381764
3953 0.48006
3954 0.625724
3955 0.451704
3956 0.355248
3957 0.518521
3958 0.376981
3959 0.36867
3960 0.394431
3961 0.361166
3962 0.382368
3963 0.577601
3964 0.344995
3965 0.647556
3966 0.585617
3967 0.356879
3968 0.420746
3969 0.509024
3970 0.449233
3971 0.679434
3972 0.674592
3973 0.697117
3974 0.357822
3975 0.476813
3976 0.42676
3977 0.341619
3978 0.375915
3979 0.391516
3980 0.438331
3981 0.371075
3982 0.4225
3983 0.560068
3984 0.509745
3985 0.593614
3986 0.583462
3987 0.378218
3988 0.486471
3989 0.458793
3990 0.513174
3991 0.547374
3992 0.407035
3993 0.450025
3994 0.405348
3995 0.378051
3996 0.339161
3997 0.376367
3998 0.391076
3999 0.356013
4000 0.408651
4001 0.449243
4002 0.347879
4003 0.416703
4004 0.397179
4005 0.415262
4006 0.352791
4007 0.338836
4008 0.346219
4009 0.386715
4010 0.681893
4011 0.347892
4012 0.507616
4013 0.528521
4014 0.48407
4015 0.377297
4016 0.646249
4017 0.432099
4018 0.344609
4019 0.46343
4020 0.547287
4021 0.348691
4022 0.426377
4023 0.551458
4024 0.367873
4025 0.424332
4026 0.419262
4027 0.521149
4028 0.456657
4029 0.391513
4030 0.593046
4031 0.467347
4032 0.398027
4033 0.398716
4034 0.427285
4035 0.483093
4036 0.390938
4037 0.695528
4038 0.364794
4039 0.348868
4040 0.344774
4041 0.387261
4042 0.461969
4043 0.398258
4044 0.449548
4045 0.547
4046 0.443605
4047 0.434323
4048 0.615171
4049 0.493994
4050 0.448947
4051 0.468109
4052 0.634817
4053 0.367922
4054 0.692991
4055 0.382717
4056 0.397807
4057 0.384597
4058 0.561975
4059 0.359291
4060 0.367776
4061 0.340382
4062 0.333741
4063 0.518786
4064 0.421773
4065 0.457173
4066 0.524979
4067 0.514557
4068 0.474167
4069 0.376277
4070 0.401202
4071 0.355514
4072 0.472046
4073 0.357555
4074 0.378033
4075 0.644339
4076 0.357709
4077 0.497839
4078 0.623067
4079 0.376947
4080 0.445128
4081 0.541414
4082 0.430289
4083 0.378024
4084 0.50281
4085 0.701382
4086 0.397865
4087 0.485107
4088 0.365739
4089 0.34816
4090 0.469241
4091 0.420062
4092 0.601442
4093 0.423276
4094 0.375855
4095 0.433457
4096 0.427702
4097 0.350335
4098 0.506252
4099 0.32481
4100 0.468838
4101 0.496835
4102 0.462702
4103 0.749388
4104 0.432293
4105 0.449686
4106 0.417736
4107 0.580894
4108 0.548991
4109 0.669716
4110 0.449309
4111 0.807409
4112 0.335175
4113 0.551104
4114 0.464451
4115 0.579925
4116 0.477306
4117 0.459552
4118 0.649935
4119 0.671678
4120 0.364497
4121 0.508861
4122 0.412559
4123 0.33279
4124 0.343705
4125 0.52712
4126 0.403485
4127 0.516096
4128 0.632743
4129 0.440036
4130 0.879414
4131 0.339115
4132 0.462785
4133 0.428976
4134 0.387781
4135 0.38224
4136 0.461272
4137 0.581116
4138 0.548537
4139 0.62101
4140 0.383482
4141 0.425182
4142 0.465503
4143 0.470807
4144 0.396294
4145 0.553979
4146 0.340937
4147 0.43021
4148 0.378609
4149 0.463763
4150 0.396046
4151 0.360421
4152 0.383242
4153 0.386308
4154 0.37439
4155 0.325265
4156 0.410233
4157 0.480357
4158 0.448256
4159 0.700715
4160 0.442768
4161 0.39275
4162 0.354383
4163 0.448399
4164 0.359486
4165 0.552942
4166 0.436493
4167 0.367475
4168 0.393826
4169 0.448027
4170 0.441813
4171 0.669234
4172 0.474069
4173 0.438181
4174 0.669383
4175 0.404597
4176 0.589392
4177 0.338231
4178 0.430699
4179 0.446019
4180 0.420152
4181 0.493209
4182 0.377631
4183 0.577101
4184 0.380421
4185 0.610215
4186 0.398295
4187 0.493855
4188 0.446097
4189 0.516576
4190 0.35653
4191 0.586236
4192 0.604006
4193 0.418255
4194 0.476689
4195 0.514708
4196 0.528358
4197 0.454951
4198 0.363919
4199 0.481868
4200 0.375944
4201 0.492115
4202 0.347253
4203 0.412056
4204 0.401585
4205 0.447144
4206 0.426561
4207 0.418717
4208 0.507647
4209 0.389449
4210 0.435102
4211 0.511501
4212 0.414867
4213 0.427986
4214 0.484446
4215 0.372563
4216 0.413444
4217 0.498846
4218 0.517551
4219 0.412077
4220 0.523492
4221 0.516133
4222 0.399943
4223 0.493644
4224 0.397534
4225 0.381546
4226 0.478774
4227 0.341946
4228 0.328712
4229 0.335594
4230 0.39037
4231 0.429231
4232 0.429372
4233 0.606668
4234 0.376989
4235 0.500887
4236 0.48211
4237 0.530602
4238 0.369577
4239 0.466842
4240 0.449493
4241 0.372205
4242 0.386415
4243 0.407659
4244 0.433724
4245 0.385886
4246 0.50568
4247 0.394286
4248 0.37142
4249 0.346864
4250 0.490818
4251 0.375236
4252 0.388982
4253 0.548542
4254 0.402965
4255 0.47746
4256 0.395252
4257 0.534617
4258 0.547035
4259 0.607599
4260 0.424328
4261 0.427823
4262 0.463044
4263 0.348536
4264 0.348583
4265 0.525955
4266 0.595138
4267 0.411939
4268 0.567678
4269 0.575856
4270 0.804239
4271 0.484763
4272 0.38008
4273 0.333612
4274 0.575707
4275 0.395795
4276 0.365335
4277 0.403871
4278 0.477495
4279 0.592727
4280 0.421433
4281 0.443921
4282 0.454842
4283 0.369336
4284 0.429857
4285 0.638923
4286 0.572145
4287 0.43098
4288 0.513103
4289 0.551202
4290 0.539473
4291 0.463981
4292 0.404891
4293 0.362817
4294 0.424154
4295 0.348359
4296 0.317455
4297 0.39118
4298 0.316992
4299 0.429412
4300 0.458838
4301 0.458603
4302 0.472343
4303 0.54145
4304 0.418263
4305 0.450628
4306 0.655544
4307 0.419568
4308 0.378784
4309 0.321206
4310 0.35761
4311 0.372524
4312 0.554215
4313 0.393401
4314 0.352313
4315 0.37618
4316 0.46663
4317 0.346826
4318 0.394613
4319 0.459994
4320 0.517759
4321 0.461475
4322 0.414202
4323 0.510533
4324 0.391522
4325 0.31465
4326 0.398261
4327 0.315784
4328 0.368835
4329 0.383032
4330 0.352432
4331 0.375398
4332 0.577621
4333 0.361395
4334 0.602193
4335 0.43403
4336 0.379271
4337 0.379496
4338 0.379492
4339 0.320121
4340 0.33991
4341 0.37148
4342 0.324305
4343 0.552711
4344 0.37828
4345 0.414461
4346 0.335359
4347 0.523588
4348 0.475165
4349 0.339919
4350 0.316365
4351 0.331149
4352 0.355283
4353 0.361441
4354 0.598305
4355 0.348176
4356 0.372108
4357 0.407323
4358 0.492019
4359 0.437382
4360 0.470166
4361 0.396482
4362 0.649308
4363 0.565253
4364 0.426659
4365 0.684709
4366 0.450137
4367 0.598103
4368 0.543109
4369 0.466478
4370 0.405445
4371 0.399941
4372 0.315883
4373 0.319261
4374 0.474439
4375 0.509492
4376 0.355204
4377 0.552853
4378 0.375862
4379 0.387116
4380 0.543835
4381 0.318039
4382 0.340732
4383 0.355228
4384 0.347838
4385 0.439448
4386 0.337145
4387 0.504393
4388 0.598978
4389 0.333049
4390 0.516028
4391 0.348742
4392 0.730638
4393 0.348264
4394 0.392831
4395 0.37001
4396 0.478583
4397 0.360546
4398 0.353679
4399 0.371158
4400 0.344933
4401 0.426549
4402 0.353954
4403 0.321691
4404 0.464684
4405 0.630785
4406 0.35726
4407 0.808443
4408 0.49794
4409 0.336412
4410 0.525692
4411 0.329176
4412 0.32833
4413 0.328736
4414 0.374729
4415 0.377383
4416 0.347477
4417 0.520955
4418 0.451543
4419 0.360075
4420 0.470131
4421 0.3286
4422 0.367244
4423 0.322555
4424 0.390011
4425 0.311889
4426 0.373344
4427 0.363713
4428 0.427888
4429 0.373541
4430 0.441234
4431 0.393474
4432 0.410194
4433 0.445936
4434 0.41372
4435 0.347628
4436 0.540639
4437 0.461909
4438 0.439691
4439 0.614512
4440 0.465213
4441 0.3753
4442 0.338157
4443 0.335589
4444 0.355308
4445 0.387578
4446 0.660573
4447 0.589098
4448 0.41338
4449 0.542075
4450 0.444209
4451 0.379791
4452 0.614164
4453 0.396299
4454 0.327868
4455 0.646322
4456 0.47902
4457 0.392337
4458 0.57933
4459 0.41983
4460 0.34287
4461 0.897906
4462 0.319785
4463 0.340448
4464 0.448239
4465 0.368521
4466 0.398549
4467 0.460054
4468 0.431869
4469 0.320095
4470 0.403671
4471 0.31909
4472 0.340165
4473 0.4344
4474 0.371403
4475 0.426746
4476 0.376153
4477 0.335618
4478 0.450281
4479 0.467238
4480 0.347234
4481 0.368718
4482 0.451528
4483 0.624053
4484 0.340262
4485 0.66692
4486 0.407799
4487 0.339785
4488 0.469539
4489 0.359139
4490 0.569864
4491 0.347893
4492 0.345592
4493 0.310272
4494 0.34924
4495 0.390063
4496 0.306364
4497 0.331564
4498 0.520839
4499 0.349394
4500 0.315776
4501 0.352596
4502 0.396283
4503 0.572589
4504 0.374025
4505 0.442799
4506 0.479352
4507 0.687473
4508 0.442119
4509 0.554892
4510 0.493396
4511 0.574522
4512 0.486152
4513 0.49334
4514 0.339693
4515 0.475317
4516 0.444163
4517 0.439953
4518 0.642056
4519 0.472234
4520 0.380196
4521 0.527123
4522 0.423044
4523 0.492218
4524 0.340074
4525 0.450748
4526 0.391461
4527 0.474617
4528 0.424633
4529 0.421626
4530 0.426506
4531 0.33047
4532 0.307287
4533 0.389334
4534 0.327041
4535 0.354957
4536 0.383468
4537 0.35288
4538 0.628178
4539 0.30813
4540 0.34161
4541 0.584743
4542 0.30055
4543 0.385026
4544 0.384569
4545 0.438714
4546 0.331814
4547 0.445329
4548 0.369816
4549 0.46315
4550 0.444288
4551 0.415427
4552 0.678461
4553 0.364144
4554 0.345072
4555 0.524486
4556 0.372689
4557 0.300143
4558 0.352232
4559 0.58318
4560 0.355863
4561 0.513624
4562 0.379646
4563 0.420318
4564 0.336354
4565 0.411425
4566 0.421951
4567 0.429737
4568 0.374098
4569 0.585435
4570 0.456743
4571 0.559368
4572 0.40479
4573 0.494718
4574 0.447441
4575 0.398377
4576 0.681641
4577 0.490785
4578 0.385401
4579 0.46348
4580 0.549875
4581 0.488445
4582 0.35804
4583 0.457878
4584 0.342887
4585 0.356288
4586 0.387879
4587 0.311204
4588 0.431129
4589 0.326459
4590 0.409618
4591 0.548304
4592 0.410792
4593 0.328171
4594 0.398586
4595 0.453688
4596 0.402697
4597 0.372134
4598 0.393528
4599 0.30587
4600 0.323612
4601 0.382416
4602 0.352092
4603 0.48002
4604 0.40591
4605 0.635737
4606 0.344502
4607 0.627212
4608 0.333741
4609 0.626201
4610 0.39132
4611 0.357553
4612 0.330034
4613 0.405035
4614 0.348779
4615 0.340848
4616 0.338369
4617 0.538466
4618 0.531026
4619 0.488594
4620 0.385114
4621 0.635401
4622 0.470348
4623 0.522082
4624 0.335225
4625 0.341849
4626 0.379771
4627 0.422098
4628 0.372318
4629 0.504022
4630 0.415467
4631 0.306494
4632 0.326063
4633 0.330141
4634 0.316575
4635 0.296957
4636 0.310241
4637 0.447192
4638 0.333898
4639 0.391457
4640 0.537701
4641 0.429333
4642 0.294988
4643 0.701097
4644 0.415913
4645 0.341648
4646 0.358837
4647 0.379623
4648 0.372027
4649 0.328713
4650 0.361645
4651 0.504833
4652 0.36847
4653 0.513372
4654 0.315514
4655 0.313229
4656 0.391541
4657 0.471337
4658 0.495119
4659 0.394534
4660 0.300543
4661 0.32112
4662 0.563091
4663 0.558127
4664 0.386672
4665 0.336828
4666 0.433446
4667 0.428409
4668 0.663603
4669 0.422382
4670 0.381578
4671 0.315922
4672 0.419292
4673 0.362794
4674 0.291157
4675 0.37479
4676 0.356483
4677 0.319665
4678 0.321696
4679 0.323727
4680 0.542747
4681 0.422198
4682 0.42456
4683 0.331164
4684 0.437674
4685 0.341781
4686 0.329405
4687 0.363539
4688 0.401906
4689 0.537505
4690 0.315437
4691 0.403731
4692 0.329036
4693 0.454127
4694 0.467897
4695 0.313298
4696 0.383218
4697 0.330843
4698 0.38952
4699 0.610026
4700 0.299027
4701 0.55287
4702 0.383627
4703 0.644141
4704 0.625888
4705 0.439179
4706 0.30418
4707 0.404037
4708 0.442904
4709 0.397958
4710 0.451791
4711 0.342536
4712 0.485389
4713 0.427545
4714 0.371546
4715 0.403577
4716 0.43084
4717 0.434666
4718 0.365193
4719 0.363485
4720 0.49211
4721 0.379698
4722 0.359119
4723 0.303987
4724 0.584904
4725 0.47761
4726 0.696481
4727 0.443197
4728 0.759418
4729 0.416254
4730 0.359285
4731 0.391545
4732 0.313721
4733 0.345296
4734 0.472648
4735 0.390819
4736 0.325993
4737 0.300777
4738 0.35325
4739 0.520607
4740 0.394285
4741 0.459561
4742 0.428677
4743 0.363721
4744 0.506239
4745 0.332691
4746 0.419452
4747 0.36157
4748 0.488343
4749 0.589317
4750 0.344143
4751 0.289659
4752 0.367922
4753 0.296637
4754 0.46733
4755 0.683143
4756 0.565818
4757 0.404672
4758 0.487743
4759 0.421534
4760 0.40158
4761 0.411914
4762 0.54677
4763 0.336652
4764 0.449512
4765 0.412033
4766 0.673297
4767 0.452104
4768 0.448322
4769 0.590058
4770 0.39412
4771 0.541531
4772 0.375596
4773 0.315569
4774 0.339918
4775 0.355006
4776 0.512762
4777 0.38732
4778 0.376104
4779 0.444038
4780 0.347305
4781 0.342056
4782 0.475499
4783 0.316301
4784 0.341864
4785 0.381854
4786 0.358993
4787 0.417434
4788 0.370311
4789 0.305652
4790 0.552298
4791 0.549312
4792 0.289477
4793 0.366506
4794 0.386557
4795 0.38705
4796 0.314078
4797 0.46097
4798 0.305189
4799 0.428837
4800 0.383708
4801 0.381323
4802 0.298132
4803 0.318221
4804 0.384649
4805 0.336826
4806 0.30544
4807 0.334575
4808 0.70554
4809 0.648571
4810 0.704839
4811 0.533909
4812 0.384164
4813 0.436472
4814 0.350758
4815 0.395549
4816 0.409525
4817 0.520549
4818 0.354483
4819 0.468094
4820 0.384195
4821 0.326635
4822 0.317368
4823 0.401545
4824 0.37232
4825 0.666092
4826 0.659059
4827 0.502537
4828 0.527889
4829 0.377067
4830 0.395984
4831 0.462132
4832 0.3603
4833 0.343804
4834 0.347768
4835 0.311341
4836 0.452065
4837 0.396454
4838 0.651385
4839 0.375873
4840 0.395921
4841 0.358047
4842 0.338751
4843 0.359684
4844 0.355063
4845 0.325501
4846 0.32521
4847 0.30686
4848 0.496014
4849 0.463315
4850 0.418033
4851 0.425702
4852 0.728905
4853 0.514262
4854 0.642548
4855 0.669294
4856 0.442887
4857 0.639764
4858 0.377909
4859 0.416059
4860 0.322339
4861 0.432784
4862 0.371118
4863 0.375186
4864 0.474687
4865 0.343765
4866 0.395635
4867 0.424949
4868 0.339661
4869 0.370224
4870 0.412102
4871 0.3417
4872 0.309248
4873 0.310674
4874 0.299826
4875 0.350461
4876 0.390455
4877 0.444274
4878 0.321655
4879 0.322394
4880 0.629357
4881 0.443785
4882 0.366701
4883 0.468854
4884 0.357611
4885 0.32304
4886 0.327412
4887 0.476466
4888 0.280722
4889 0.388386
4890 0.32744
4891 0.44399
4892 0.280113
4893 0.324471
4894 0.455653
4895 0.281931
4896 0.47316
4897 0.288568
4898 0.283887
4899 0.318484
4900 0.417367
4901 0.307498
4902 0.356234
4903 0.457896
4904 0.418329
4905 0.430713
4906 0.400912
4907 0.432817
4908 0.583856
4909 0.614671
4910 0.335542
4911 0.513745
4912 0.402962
4913 0.307304
4914 0.403005
4915 0.324202
4916 0.367353
4917 0.329111
4918 0.337746
4919 0.300775
4920 0.386687
4921 0.355415
4922 0.304965
4923 0.294269
4924 0.404813
4925 0.521783
4926 0.546962
4927 0.403944
4928 0.303134
4929 0.462793
4930 0.455915
4931 0.404104
4932 0.624666
4933 0.486727
4934 0.818959
4935 0.292714
4936 0.366283
4937 0.285567
4938 0.378036
4939 0.30795
4940 0.360201
4941 0.349248
4942 0.423153
4943 0.345872
4944 0.321312
4945 0.399795
4946 0.276562
4947 0.450767
4948 0.331268
4949 0.343201
4950 0.495453
4951 0.31511
4952 0.407446
4953 0.458919
4954 0.337664
4955 0.521101
4956 0.356547
4957 0.347292
4958 0.365327
4959 0.301244
4960 0.347769
4961 0.322946
4962 0.440807
4963 0.492757
4964 0.282707
4965 0.299938
4966 0.472314
4967 0.399568
4968 0.341029
4969 0.39642
4970 0.274103
4971 0.299403
4972 0.469898
4973 0.275907
4974 0.32321
4975 0.41055
4976 0.427234
4977 0.319201
4978 0.388928
4979 0.392247
4980 0.372369
4981 0.360742
4982 0.549027
4983 0.311793
4984 0.345952
4985 0.417487
4986 0.372296
4987 0.286065
4988 0.33752
4989 0.275915
4990 0.356638
4991 0.369358
4992 0.39945
4993 0.430361
4994 0.616411
4995 0.4271
4996 0.393673
4997 0.382338
4998 0.391289
4999 0.345117
5000 0.285752
