0 4.88627
1 22.6177
2 13.9101
3 6.9898
4 4.08602
5 2.88041
6 2.69668
7 2.44508
8 2.76932
9 3.17278
10 3.22533
11 2.44725
12 1.96175
13 1.95014
14 2.03086
15 1.8465
16 1.91471
17 2.09292
18 1.78003
19 1.65732
20 1.90439
21 1.79484
22 1.80425
23 1.68468
24 1.6783
25 1.86823
26 1.72718
27 1.51445
28 1.76015
29 1.84793
30 1.76566
31 1.48972
32 1.53511
33 1.59491
34 1.5762
35 1.54339
36 1.27281
37 1.60298
38 1.4291
39 1.54085
40 1.49911
41 1.57063
42 1.46331
43 1.36075
44 1.56386
45 1.47291
46 1.35428
47 1.36653
48 1.58116
49 1.45693
50 1.41757
51 1.7433
52 1.56746
53 1.37068
54 1.47132
55 1.52641
56 1.63125
57 1.42109
58 1.58653
59 1.59491
60 1.49784
61 1.40153
62 1.54639
63 1.69142
64 1.34178
65 1.39764
66 1.2975
67 1.48024
68 1.41185
69 1.27747
70 1.53469
71 1.45298
72 1.73891
73 1.53131
74 1.48326
75 1.50663
76 1.73192
77 1.41116
78 1.21044
79 1.30022
80 1.30162
81 1.36272
82 1.2924
83 1.31945
84 1.50544
85 1.39731
86 1.42778
87 1.23806
88 1.33392
89 1.28525
90 1.32576
91 1.32193
92 1.29727
93 1.32114
94 1.35798
95 1.34018
96 1.19703
97 1.40465
98 1.52819
99 1.4364
100 1.39793
101 1.21316
102 1.2041
103 1.1287
104 1.28442
105 1.22667
106 1.40094
107 1.37647
108 1.16961
109 1.28142
110 1.31322
111 1.35892
112 1.29229
113 1.35522
114 1.14146
115 1.27803
116 1.24665
117 1.39166
118 1.54942
119 1.25545
120 1.17007
121 1.22352
122 1.27793
123 1.41759
124 1.42484
125 1.30636
126 1.19596
127 1.1937
128 1.22376
129 1.22342
130 1.17677
131 1.07661
132 1.26126
133 1.20877
134 1.31833
135 1.09847
136 1.45385
137 1.54195
138 1.4962
139 1.36369
140 1.12609
141 1.19778
142 1.21054
143 1.17824
144 1.15783
145 1.29083
146 1.29015
147 1.24013
148 1.34985
149 1.15179
150 1.35501
151 1.1617
152 1.27519
153 1.3153
154 1.35767
155 1.26868
156 1.13981
157 1.18337
158 1.23035
159 1.092
160 1.21619
161 1.13397
162 1.29424
163 1.18778
164 1.11508
165 1.10811
166 1.16207
167 1.33062
168 1.31302
169 1.42572
170 1.56039
171 1.21812
172 1.20035
173 1.61526
174 1.36883
175 1.28138
176 1.11248
177 1.16203
178 1.22382
179 1.13452
180 1.1373
181 1.11363
182 1.30794
183 1.07077
184 1.29844
185 1.15465
186 1.14176
187 1.1802
188 1.25591
189 1.26805
190 1.20409
191 1.15959
192 1.17195
193 1.27196
194 1.24492
195 1.14215
196 1.24198
197 1.13089
198 1.17476
199 1.19168
200 1.29888
201 1.18665
202 1.1483
203 1.25018
204 1.29091
205 1.35119
206 1.21823
207 1.12456
208 1.42652
209 1.20462
210 1.12582
211 1.25876
212 1.18716
213 1.24841
214 1.26438
215 1.05676
216 1.15966
217 1.21929
218 1.01933
219 1.10169
220 1.07708
221 1.20442
222 1.21878
223 1.09531
224 1.20337
225 1.02728
226 1.12729
227 1.02528
228 1.12333
229 1.25536
230 1.20473
231 1.20212
232 1.19377
233 1.28354
234 1.0824
235 1.15734
236 1.18026
237 1.07396
238 1.16524
239 1.15823
240 1.09124
241 1.09056
242 1.16101
243 1.17111
244 1.07703
245 1.15574
246 1.1146
247 1.03919
248 1.07218
249 1.10043
250 1.25618
251 1.1891
252 1.23659
253 1.24228
254 1.26894
255 1.33024
256 1.14188
257 1.16966
258 1.04332
259 1.10748
260 1.14643
261 1.11877
262 1.19681
263 1.10408
264 1.00359
265 1.09634
266 1.02913
267 1.12025
268 1.41479
269 1.16043
270 1.25869
271 1.20541
272 1.15364
273 1.0849
274 1.12919
275 1.17346
276 1.07685
277 1.11313
278 1.07735
279 1.08606
280 1.07605
281 1.17335
282 1.04527
283 1.21022
284 1.23892
285 1.20484
286 1.0805
287 1.13816
288 1.1179
289 1.15449
290 1.14275
291 1.1911
292 1.26619
293 1.15422
294 1.13922
295 1.21695
296 1.22305
297 1.10116
298 1.08093
299 0.986738
300 1.03995
301 1.12178
302 1.10347
303 1.08047
304 1.1145
305 1.12631
306 1.20505
307 1.13354
308 1.15178
309 1.04518
310 1.0214
311 1.10509
312 1.07573
313 1.19468
314 1.03494
315 1.07409
316 1.14187
317 1.11781
318 1.14284
319 1.23639
320 1.15145
321 1.16653
322 1.28045
323 1.23806
324 1.09779
325 1.20674
326 1.05168
327 1.0604
328 1.03202
329 1.07222
330 1.23135
331 1.1513
332 1.16008
333 1.19838
334 1.0386
335 1.155
336 1.08127
337 0.984474
338 1.16242
339 1.02784
340 1.06341
341 1.03315
342 1.01734
343 1.37509
344 1.11295
345 1.07121
346 0.978744
347 1.20108
348 1.18472
349 1.07627
350 1.25688
351 1.05917
352 1.04549
353 1.17512
354 1.25963
355 1.18368
356 1.09384
357 1.11749
358 1.03648
359 0.986865
360 1.03036
361 1.1409
362 1.06218
363 1.10552
364 1.01383
365 1.01551
366 1.00864
367 1.19322
368 1.17724
369 1.10517
370 1.03001
371 0.976119
372 1.14515
373 1.08197
374 1.39794
375 1.02107
376 1.05851
377 0.948578
378 1.02935
379 1.03873
380 1.04652
381 1.04814
382 1.08094
383 0.991521
384 1.00537
385 1.09647
386 0.997439
387 0.992562
388 0.966596
389 1.09182
390 1.03163
391 1.04059
392 1.02448
393 1.07638
394 1.03471
395 0.975696
396 1.0482
397 1.06204
398 0.980786
399 0.987509
400 1.04398
401 1.07408
402 1.03689
403 1.03208
404 1.05165
405 0.998658
406 1.01725
407 0.914537
408 1.02616
409 0.970121
410 1.02803
411 1.18528
412 0.986359
413 0.983517
414 0.995264
415 0.892879
416 0.93743
417 0.970234
418 0.950847
419 0.947965
420 1.00364
421 0.897611
422 0.894465
423 0.93529
424 1.26239
425 1.00022
426 0.92985
427 1.28878
428 0.897962
429 0.9981
430 1.03172
431 1.09318
432 0.987008
433 1.00832
434 1.03545
435 1.01673
436 0.917286
437 0.980319
438 1.09142
439 0.958789
440 1.00297
441 1.00342
442 1.00184
443 1.18078
444 1.12491
445 0.979881
446 1.10981
447 0.992436
448 1.03265
449 1.00182
450 1.04444
451 0.96022
452 0.940522
453 1.21689
454 1.01989
455 1.06824
456 0.915577
457 1.24509
458 1.17307
459 1.06915
460 1.0519
461 1.01273
462 1.08671
463 0.992245
464 1.06453
465 0.927156
466 0.992066
467 0.959303
468 1.04758
469 1.30971
470 1.01174
471 0.975052
472 0.905818
473 1.07181
474 0.911375
475 1.07473
476 0.937126
477 0.976303
478 0.952734
479 0.955458
480 1.00334
481 1.07145
482 0.967168
483 0.992303
484 0.909987
485 0.973877
486 0.964625
487 1.12603
488 1.15256
489 1.04084
490 0.973724
491 1.06922
492 0.959839
493 0.974738
494 1.0072
495 0.952732
496 1.00082
497 1.02941
498 0.969337
499 1.0696
500 1.03754
501 1.1332
502 0.930341
503 1.02719
504 1.13891
505 1.17783
506 0.922425
507 1.00909
508 1.03084
509 0.937856
510 1.01729
511 0.939787
512 1.03372
513 1.04213
514 1.05
515 0.941016
516 0.914918
517 0.893083
518 0.999927
519 1.00053
520 1.01821
521 0.95936
522 0.961334
523 0.975224
524 1.03624
525 0.978934
526 1.04538
527 1.05656
528 1.07316
529 0.949395
530 0.989034
531 0.951392
532 0.996131
533 0.932506
534 1.00956
535 0.950689
536 0.969332
537 0.8977
538 1.02114
539 1.01787
540 1.01294
541 0.990663
542 0.964062
543 0.886693
544 0.975942
545 0.961624
546 0.974439
547 1.15801
548 0.976158
549 0.910311
550 0.958236
551 1.04479
552 1.00866
553 1.11504
554 1.09875
555 0.879032
556 0.917006
557 0.991722
558 1.00091
559 0.904939
560 0.936512
561 0.976279
562 0.991466
563 1.02042
564 0.921131
565 1.13982
566 1.03039
567 1.00329
568 0.903802
569 0.965028
570 0.993676
571 0.856514
572 0.935568
573 0.940776
574 0.951285
575 0.958997
576 1.01032
577 0.896482
578 0.942199
579 0.977887
580 0.938609
581 1.03471
582 0.990241
583 1.04819
584 0.90937
585 0.922851
586 1.00017
587 0.915194
588 0.910829
589 0.955454
590 0.917389
591 0.964432
592 0.882209
593 0.902338
594 0.862064
595 1.05997
596 0.991784
597 1.07051
598 0.989795
599 1.0229
600 0.922734
601 1.01755
602 0.970351
603 0.866564
604 0.960959
605 0.930626
606 0.989934
607 0.966165
608 0.890131
609 0.922625
610 0.863545
611 0.971349
612 0.947199
613 1.04936
614 0.930195
615 0.917964
616 0.925226
617 1.00765
618 0.91892
619 0.933317
620 0.905983
621 0.923161
622 0.961043
623 0.955296
624 0.978925
625 0.941778
626 0.865625
627 0.926376
628 0.951355
629 0.913868
630 0.918073
631 0.961962
632 1.06054
633 1.01721
634 1.06937
635 0.904796
636 0.922179
637 1.14021
638 0.939962
639 1.02164
640 0.930711
641 0.941446
642 0.97661
643 0.899649
644 0.932642
645 0.941482
646 0.938349
647 0.871883
648 0.850136
649 0.903796
650 0.953361
651 0.923548
652 0.940332
653 0.958619
654 0.806157
655 0.960107
656 0.860015
657 0.838237
658 1.05258
659 0.964552
660 1.034
661 0.954122
662 0.945318
663 0.876913
664 0.922227
665 0.874685
666 1.00484
667 0.950883
668 0.916054
669 0.918107
670 0.921303
671 0.996197
672 0.926023
673 0.805829
674 1.0063
675 0.890847
676 0.866891
677 0.924231
678 0.898682
679 0.979561
680 0.941564
681 0.99586
682 0.974735
683 0.922641
684 0.933984
685 0.972848
686 0.896466
687 0.835714
688 0.874353
689 0.892111
690 0.878574
691 0.932508
692 0.866748
693 0.878945
694 0.899828
695 0.949019
696 0.964848
697 1.07647
698 0.906005
699 0.980617
700 0.925382
701 0.962879
702 0.846659
703 0.862821
704 0.891949
705 0.933592
706 0.868422
707 0.870358
708 0.909755
709 0.941753
710 0.961419
711 0.879643
712 1.04325
713 1.00278
714 0.919791
715 0.969591
716 0.87376
717 1.00126
718 0.889075
719 0.880115
720 0.955365
721 1.17171
722 0.898983
723 0.945656
724 0.922712
725 0.991193
726 0.899108
727 0.844947
728 0.859142
729 0.878915
730 0.901986
731 0.870105
732 0.957937
733 0.898817
734 0.91659
735 0.914406
736 0.981904
737 0.860309
738 0.855014
739 0.86453
740 0.92997
741 0.899968
742 0.958684
743 0.881118
744 0.924947
745 0.974377
746 0.907793
747 0.950806
748 0.892904
749 0.963904
750 0.943302
751 1.03133
752 0.905125
753 0.867385
754 0.979234
755 0.841835
756 0.878235
757 0.80704
758 0.926135
759 0.905749
760 0.915479
761 0.937623
762 0.895828
763 0.859967
764 0.955031
765 0.893781
766 0.875158
767 0.866034
768 0.880077
769 0.874647
770 0.872237
771 0.936977
772 1.11944
773 0.903734
774 0.915598
775 0.804956
776 1.00267
777 0.940091
778 0.81206
779 1.01143
780 0.845907
781 0.926334
782 1.00913
783 1.09934
784 0.997305
785 0.903811
786 0.818742
787 0.874998
788 0.87016
789 0.87455
790 0.957824
791 0.860611
792 0.874527
793 0.874697
794 0.85663
795 0.908817
796 0.996328
797 0.945956
798 0.867232
799 0.858087
800 0.821284
801 0.929539
802 0.96394
803 1.09731
804 0.865439
805 0.834266
806 0.803732
807 0.875446
808 0.931471
809 0.882943
810 0.890244
811 0.858045
812 0.93295
813 0.858903
814 0.867826
815 0.852569
816 0.827419
817 0.797571
818 0.920658
819 0.838804
820 0.924086
821 0.918186
822 0.802414
823 0.880259
824 0.820596
825 0.880038
826 0.862994
827 0.833624
828 0.845166
829 0.824477
830 0.936832
831 0.823817
832 0.825025
833 0.820892
834 0.807506
835 0.809664
836 0.825694
837 0.885176
838 0.892554
839 0.792294
840 0.983822
841 0.805575
842 0.781278
843 0.84498
844 0.779629
845 0.801374
846 0.781305
847 0.782839
848 0.76791
849 0.854708
850 0.769197
851 0.746272
852 0.829061
853 0.863839
854 0.776329
855 0.806353
856 1.08337
857 0.974696
858 0.865979
859 0.864255
860 0.831223
861 0.815633
862 0.832342
863 0.886773
864 0.825798
865 0.768606
866 0.829098
867 0.873877
868 0.878631
869 0.786002
870 0.845668
871 0.885501
872 0.889814
873 0.859871
874 0.831594
875 0.888468
876 0.798312
877 0.899195
878 0.802064
879 0.840176
880 0.87692
881 0.790896
882 0.966205
883 0.803658
884 0.916465
885 0.793085
886 1.09877
887 0.914906
888 0.849595
889 0.817542
890 0.87422
891 0.83616
892 0.86477
893 0.842643
894 0.877245
895 0.793181
896 0.877367
897 0.80839
898 1.05742
899 0.91434
900 0.786351
901 0.767744
902 0.861759
903 0.800484
904 0.862967
905 0.81492
906 0.776603
907 0.807238
908 0.873423
909 0.858421
910 0.868604
911 0.850517
912 0.836383
913 0.826754
914 0.865535
915 0.81645
916 0.863833
917 0.852529
918 0.819526
919 0.818041
920 0.87389
921 0.842713
922 0.833336
923 0.828367
924 0.797897
925 0.921381
926 0.793924
927 0.915615
928 0.856002
929 0.900077
930 0.988469
931 0.825013
932 0.891627
933 0.903089
934 0.852456
935 0.755193
936 0.894133
937 0.831317
938 0.842669
939 0.770353
940 0.809135
941 0.906359
942 0.887085
943 0.79423
944 0.837275
945 0.773983
946 0.789956
947 0.797425
948 0.781201
949 0.856121
950 0.826372
951 0.790715
952 0.851526
953 0.761897
954 0.851791
955 0.906031
956 0.866818
957 0.858007
958 0.871619
959 0.793746
960 0.761774
961 0.80454
962 0.8715
963 0.812246
964 0.785461
965 0.750856
966 0.762503
967 0.827239
968 0.808638
969 0.891789
970 0.815143
971 0.789878
972 0.748434
973 0.818318
974 0.866694
975 0.873043
976 0.844547
977 0.819557
978 0.818754
979 0.8946
980 0.911215
981 0.816706
982 0.851007
983 0.875872
984 0.777785
985 0.801505
986 0.797509
987 0.868451
988 0.760512
989 0.846854
990 0.802599
991 0.85808
992 0.783252
993 0.806202
994 0.925933
995 0.765347
996 0.826845
997 0.766266
998 0.829633
999 0.81088
1000 0.744941
1001 0.820591
1002 0.834229
1003 0.813398
1004 0.79483
1005 0.848502
1006 0.804248
1007 0.851341
1008 0.732723
1009 0.820117
1010 0.871436
1011 0.775174
1012 0.850135
1013 0.77748
1014 0.777097
1015 0.768657
1016 0.748279
1017 0.836605
1018 0.848329
1019 0.823791
1020 0.767471
1021 0.789001
1022 0.765451
1023 0.742761
1024 0.920207
1025 0.913905
1026 0.845122
1027 0.828489
1028 0.85181
1029 0.764266
1030 0.862456
1031 0.798277
1032 0.782044
1033 0.798856
1034 0.745942
1035 0.863012
1036 0.760687
1037 0.776552
1038 0.806108
1039 0.826104
1040 0.813977
1041 0.757503
1042 0.882839
1043 0.764146
1044 0.82723
1045 0.82351
1046 0.851205
1047 0.819879
1048 0.724536
1049 0.752589
1050 0.777316
1051 0.774131
1052 0.793951
1053 0.833823
1054 0.760917
1055 0.753228
1056 0.839396
1057 0.785771
1058 0.822084
1059 0.766398
1060 0.805931
1061 0.847011
1062 0.836098
1063 0.777364
1064 0.757505
1065 0.810328
1066 0.843785
1067 0.79523
1068 0.828911
1069 0.775385
1070 0.740266
1071 0.837249
1072 0.760394
1073 0.753715
1074 0.776955
1075 0.764736
1076 0.783854
1077 0.740018
1078 0.825156
1079 0.786157
1080 0.784184
1081 0.754177
1082 0.801428
1083 0.713444
1084 0.790303
1085 0.731166
1086 0.721323
1087 0.906429
1088 0.749363
1089 0.867732
1090 0.825668
1091 0.733606
1092 0.774017
1093 0.787895
1094 0.763877
1095 0.832129
1096 0.753459
1097 0.811493
1098 0.763694
1099 0.794021
1100 0.810576
1101 0.764324
1102 0.765867
1103 0.774316
1104 0.734576
1105 0.779693
1106 0.761478
1107 0.816079
1108 0.762818
1109 0.7704
1110 0.973531
1111 0.810271
1112 0.774296
1113 0.853378
1114 0.748989
1115 0.765421
1116 0.720419
1117 0.742413
1118 0.731237
1119 0.828741
1120 0.79526
1121 0.757136
1122 0.750958
1123 0.750007
1124 0.796999
1125 0.885488
1126 0.841404
1127 0.746895
1128 0.810782
1129 0.836241
1130 0.778744
1131 0.728307
1132 0.73498
1133 0.831916
1134 0.730866
1135 0.745291
1136 0.820992
1137 0.753971
1138 0.831269
1139 0.766355
1140 0.869299
1141 0.851345
1142 0.828126
1143 0.746764
1144 0.754331
1145 0.764341
1146 0.812453
1147 0.787529
1148 0.741961
1149 0.85686
1150 0.904882
1151 0.761072
1152 0.765198
1153 0.836122
1154 0.822502
1155 0.757712
1156 0.700992
1157 0.744632
1158 0.81517
1159 0.778403
1160 0.723253
1161 0.824377
1162 0.779241
1163 0.755996
1164 0.753247
1165 0.881614
1166 0.735393
1167 0.736741
1168 0.75979
1169 0.773747
1170 0.816669
1171 0.760033
1172 0.71768
1173 0.843314
1174 0.796812
1175 0.756702
1176 0.83797
1177 0.734131
1178 0.838823
1179 0.829831
1180 0.82279
1181 0.72156
1182 0.722444
1183 0.786212
1184 0.737854
1185 0.824483
1186 0.696619
1187 0.888816
1188 0.802872
1189 0.754254
1190 0.906412
1191 0.751946
1192 0.76915
1193 0.725158
1194 0.722801
1195 0.721442
1196 0.721481
1197 0.735364
1198 0.732189
1199 0.700796
1200 0.856331
1201 0.87028
1202 0.782939
1203 0.731247
1204 0.730949
1205 0.847376
1206 0.789351
1207 0.724961
1208 0.851122
1209 0.73997
1210 0.814702
1211 0.820078
1212 0.855626
1213 0.823436
1214 0.791852
1215 0.71711
1216 0.759987
1217 0.737524
1218 0.782957
1219 0.783221
1220 0.81449
1221 0.703317
1222 0.760836
1223 0.70508
1224 0.751369
1225 0.837554
1226 0.749765
1227 0.747887
1228 0.702006
1229 0.752432
1230 0.786299
1231 0.868292
1232 0.791131
1233 0.723207
1234 0.73827
1235 0.698674
1236 0.834589
1237 0.797343
1238 0.736337
1239 0.746038
1240 0.756025
1241 0.723032
1242 0.734934
1243 0.725067
1244 0.764579
1245 0.687393
1246 0.76352
1247 0.779611
1248 0.706081
1249 0.785526
1250 0.7824
1251 0.76616
1252 0.74694
1253 0.753933
1254 0.766655
1255 0.709092
1256 0.72615
1257 0.743678
1258 0.740293
1259 0.72547
1260 0.744421
1261 0.715836
1262 0.725474
1263 0.726231
1264 0.713761
1265 0.719828
1266 0.801636
1267 0.735742
1268 0.791508
1269 0.795353
1270 0.687744
1271 0.709337
1272 0.70262
1273 0.676225
1274 0.665508
1275 0.684362
1276 0.709339
1277 0.719787
1278 0.69005
1279 0.648384
1280 0.652892
1281 0.759374
1282 0.710243
1283 0.67224
1284 0.95868
1285 0.713107
1286 0.767465
1287 0.737782
1288 0.751275
1289 0.678933
1290 0.7334
1291 0.748924
1292 0.777235
1293 0.726475
1294 0.703279
1295 0.731163
1296 0.719831
1297 0.738897
1298 0.740749
1299 0.714893
1300 0.83714
1301 0.794834
1302 0.742789
1303 0.757764
1304 0.765252
1305 0.744948
1306 0.719453
1307 0.70623
1308 0.782314
1309 0.77589
1310 0.737421
1311 0.87841
1312 0.731918
1313 0.711305
1314 0.727086
1315 0.842984
1316 0.802379
1317 0.689781
1318 0.712471
1319 0.725402
1320 0.740752
1321 0.707
1322 0.681424
1323 0.692498
1324 0.667223
1325 0.762741
1326 0.861247
1327 0.767673
1328 0.669971
1329 0.668425
1330 0.712152
1331 0.710435
1332 0.71262
1333 0.671236
1334 0.719638
1335 0.680295
1336 0.702526
1337 0.781087
1338 0.769837
1339 0.705805
1340 0.712744
1341 0.673968
1342 0.678952
1343 0.692574
1344 0.690049
1345 0.792306
1346 0.689732
1347 0.705556
1348 0.753096
1349 0.725475
1350 0.6978
1351 0.74255
1352 0.677034
1353 0.727506
1354 0.734954
1355 0.713108
1356 0.789986
1357 0.73474
1358 0.765017
1359 0.691815
1360 0.715399
1361 0.720235
1362 0.826655
1363 0.721686
1364 0.705204
1365 0.78065
1366 0.719234
1367 0.745919
1368 0.70874
1369 0.712919
1370 0.747833
1371 0.707046
1372 0.743082
1373 0.678346
1374 0.709124
1375 0.728158
1376 0.676552
1377 0.741131
1378 0.72058
1379 0.711929
1380 0.762005
1381 0.706317
1382 0.687177
1383 0.704626
1384 0.809531
1385 0.769919
1386 0.71405
1387 0.786393
1388 0.693967
1389 0.668782
1390 0.785432
1391 0.676088
1392 0.743832
1393 0.703505
1394 0.651974
1395 0.672964
1396 0.750578
1397 0.706558
1398 0.753907
1399 0.739514
1400 0.653453
1401 0.70579
1402 0.701521
1403 0.691697
1404 0.728907
1405 0.734857
1406 0.665806
1407 0.715649
1408 0.791932
1409 0.753759
1410 0.726425
1411 0.734869
1412 0.733924
1413 0.7108
1414 0.696761
1415 0.72575
1416 0.677563
1417 0.637111
1418 0.7517
1419 0.68782
1420 0.725486
1421 0.679777
1422 0.751655
1423 0.791396
1424 0.726965
1425 0.708588
1426 0.675833
1427 0.671901
1428 0.657446
1429 0.680598
1430 0.705487
1431 0.693965
1432 0.728004
1433 0.72015
1434 0.694126
1435 0.655228
1436 0.697274
1437 0.642273
1438 0.669024
1439 0.695432
1440 0.717259
1441 0.703978
1442 0.64504
1443 0.731391
1444 0.705579
1445 0.641032
1446 0.749527
1447 0.688782
1448 0.716359
1449 0.733268
1450 0.696545
1451 0.660267
1452 0.665262
1453 0.804112
1454 0.789529
1455 0.765787
1456 0.701276
1457 0.723957
1458 0.659426
1459 0.824368
1460 0.642137
1461 0.687102
1462 0.717703
1463 0.706869
1464 0.738858
1465 0.659067
1466 0.669491
1467 0.657558
1468 0.72595
1469 0.678738
1470 0.715777
1471 0.679468
1472 0.694985
1473 0.679256
1474 0.739853
1475 0.727184
1476 0.673525
1477 0.650459
1478 0.66523
1479 0.66501
1480 0.701911
1481 0.697675
1482 0.672932
1483 0.678681
1484 0.66957
1485 0.687513
1486 0.701094
1487 0.699594
1488 0.686502
1489 0.664889
1490 0.728678
1491 0.731215
1492 0.687633
1493 0.699426
1494 0.800599
1495 0.70641
1496 0.694561
1497 0.728938
1498 0.666223
1499 0.68548
1500 0.730575
1501 0.678125
1502 0.675475
1503 0.708671
1504 0.638329
1505 0.643199
1506 0.653659
1507 0.686759
1508 0.702799
1509 0.622555
1510 0.764128
1511 0.633269
1512 0.62964
1513 0.65828
1514 0.630417
1515 0.761626
1516 0.724098
1517 0.729214
1518 0.725309
1519 0.752397
1520 0.677127
1521 0.647093
1522 0.695925
1523 0.651048
1524 0.747037
1525 0.73769
1526 0.628567
1527 0.68277
1528 0.680292
1529 0.763138
1530 0.622914
1531 0.686056
1532 0.673314
1533 0.670592
1534 0.657359
1535 0.677263
1536 0.739825
1537 0.675716
1538 0.722664
1539 0.769989
1540 0.663877
1541 0.710674
1542 0.738868
1543 0.648266
1544 0.640941
1545 0.63894
1546 0.672201
1547 0.686437
1548 0.705489
1549 0.704619
1550 0.623265
1551 0.674807
1552 0.629016
1553 0.705284
1554 0.769551
1555 0.649645
1556 0.726007
1557 0.708508
1558 0.666459
1559 0.648021
1560 0.642525
1561 0.677969
1562 0.672322
1563 0.613732
1564 0.683423
1565 0.69952
1566 0.649581
1567 0.715845
1568 0.640221
1569 0.731651
1570 0.701822
1571 0.668503
1572 0.642682
1573 0.652652
1574 0.697307
1575 0.693175
1576 0.656509
1577 0.707237
1578 0.746381
1579 0.742979
1580 0.669616
1581 0.738588
1582 0.713724
1583 0.695965
1584 0.663782
1585 0.633203
1586 0.651244
1587 0.66609
1588 0.714068
1589 0.687905
1590 0.674774
1591 0.686264
1592 0.678305
1593 0.680463
1594 0.768802
1595 0.64049
1596 0.648479
1597 0.683025
1598 0.690132
1599 0.715731
1600 0.676277
1601 0.666447
1602 0.721732
1603 0.674201
1604 0.669102
1605 0.691087
1606 0.68853
1607 0.668721
1608 0.769951
1609 0.670549
1610 0.631018
1611 0.652374
1612 0.692316
1613 0.634689
1614 0.710524
1615 0.662425
1616 0.709319
1617 0.6803
1618 0.726975
1619 0.669234
1620 0.690106
1621 0.698066
1622 0.6734
1623 0.622281
1624 0.658741
1625 0.631163
1626 0.679546
1627 0.638144
1628 0.602134
1629 0.849945
1630 0.751485
1631 0.709871
1632 0.614478
1633 0.706832
1634 0.720462
1635 0.656083
1636 0.809386
1637 0.6487
1638 0.635679
1639 0.717382
1640 0.77198
1641 0.68056
1642 0.639427
1643 0.649256
1644 0.634199
1645 0.598127
1646 0.617258
1647 0.751912
1648 0.665281
1649 0.641613
1650 0.635941
1651 0.668504
1652 0.672948
1653 0.670382
1654 0.735185
1655 0.620723
1656 0.626623
1657 0.641408
1658 0.677467
1659 0.673904
1660 0.839511
1661 0.619445
1662 0.687299
1663 0.613332
1664 0.636911
1665 0.685405
1666 0.684365
1667 0.716523
1668 0.6598
1669 0.652213
1670 0.637453
1671 0.617723
1672 0.625895
1673 0.641265
1674 0.628422
1675 0.65899
1676 0.663278
1677 0.651546
1678 0.707126
1679 0.702138
1680 0.693345
1681 0.618338
1682 0.669094
1683 0.650567
1684 0.623225
1685 0.613965
1686 0.660686
1687 0.639273
1688 0.645958
1689 0.632943
1690 0.651403
1691 0.630866
1692 0.656003
1693 0.598537
1694 0.679399
1695 0.643955
1696 0.646755
1697 0.690028
1698 0.644365
1699 0.617243
1700 0.651997
1701 0.597748
1702 0.617467
1703 0.604685
1704 0.584904
1705 0.608189
1706 0.619054
1707 0.578727
1708 0.579307
1709 0.592856
1710 0.627964
1711 0.587621
1712 0.591475
1713 0.841313
1714 0.593283
1715 0.663503
1716 0.633905
1717 0.662758
1718 0.640954
1719 0.62833
1720 0.662924
1721 0.66094
1722 0.607204
1723 0.62118
1724 0.689117
1725 0.603796
1726 0.599914
1727 0.645303
1728 0.655301
1729 0.721574
1730 0.626027
1731 0.645553
1732 0.698256
1733 0.60676
1734 0.631935
1735 0.671182
1736 0.629639
1737 0.68664
1738 0.626367
1739 0.767728
1740 0.622106
1741 0.631781
1742 0.614021
1743 0.736258
1744 0.722558
1745 0.687141
1746 0.640064
1747 0.615593
1748 0.631691
1749 0.658833
1750 0.627972
1751 0.599127
1752 0.619833
1753 0.596613
1754 0.639031
1755 0.819273
1756 0.657349
1757 0.615092
1758 0.573145
1759 0.645278
1760 0.593989
1761 0.724219
1762 0.593135
1763 0.636807
1764 0.604664
1765 0.652708
1766 0.660285
1767 0.659242
1768 0.659541
1769 0.634321
1770 0.592003
1771 0.657329
1772 0.605504
1773 0.641159
1774 0.645377
1775 0.642908
1776 0.63044
1777 0.626111
1778 0.621659
1779 0.599012
1780 0.63245
1781 0.60567
1782 0.648591
1783 0.636816
1784 0.663688
1785 0.672041
1786 0.657339
1787 0.696101
1788 0.605323
1789 0.644664
1790 0.680996
1791 0.654526
1792 0.598053
1793 0.639661
1794 0.618818
1795 0.651526
1796 0.622543
1797 0.592648
1798 0.720353
1799 0.656814
1800 0.644464
1801 0.621839
1802 0.608833
1803 0.584152
1804 0.597352
1805 0.660703
1806 0.613064
1807 0.604225
1808 0.623575
1809 0.633643
1810 0.624823
1811 0.598743
1812 0.643044
1813 0.642179
1814 0.668721
1815 0.587253
1816 0.66039
1817 0.57137
1818 0.5866
1819 0.65104
1820 0.64647
1821 0.611872
1822 0.568622
1823 0.562731
1824 0.652813
1825 0.633022
1826 0.63518
1827 0.608175
1828 0.64338
1829 0.585059
1830 0.63747
1831 0.640801
1832 0.611338
1833 0.700972
1834 0.628378
1835 0.586563
1836 0.642602
1837 0.675283
1838 0.628098
1839 0.652046
1840 0.676731
1841 0.591248
1842 0.613721
1843 0.570131
1844 0.656823
1845 0.59292
1846 0.580162
1847 0.605792
1848 0.590663
1849 0.633334
1850 0.599323
1851 0.659079
1852 0.644584
1853 0.616182
1854 0.567549
1855 0.599919
1856 0.616597
1857 0.586177
1858 0.59266
1859 0.623224
1860 0.605349
1861 0.620451
1862 0.701995
1863 0.591298
1864 0.624761
1865 0.57923
1866 0.584258
1867 0.594526
1868 0.616194
1869 0.6163
1870 0.596506
1871 0.580823
1872 0.599043
1873 0.594264
1874 0.592052
1875 0.681442
1876 0.589215
1877 0.631417
1878 0.584792
1879 0.586294
1880 0.585706
1881 0.678943
1882 0.679319
1883 0.733671
1884 0.718409
1885 0.711667
1886 0.61477
1887 0.684301
1888 0.730273
1889 0.584125
1890 0.629792
1891 0.573411
1892 0.591948
1893 0.665462
1894 0.58412
1895 0.580556
1896 0.589571
1897 0.633384
1898 0.578942
1899 0.689704
1900 0.593621
1901 0.583378
1902 0.581254
1903 0.63239
1904 0.633921
1905 0.643082
1906 0.559104
1907 0.658348
1908 0.610425
1909 0.598341
1910 0.642328
1911 0.59224
1912 0.565079
1913 0.599485
1914 0.602856
1915 0.598932
1916 0.610832
1917 0.619363
1918 0.613494
1919 0.642728
1920 0.628682
1921 0.586776
1922 0.627012
1923 0.647356
1924 0.591688
1925 0.618845
1926 0.616677
1927 0.617427
1928 0.637271
1929 0.677429
1930 0.628154
1931 0.624567
1932 0.616649
1933 0.569746
1934 0.54881
1935 0.575863
1936 0.612355
1937 0.581729
1938 0.594128
1939 0.617196
1940 0.534406
1941 0.584493
1942 0.570024
1943 0.547647
1944 0.683672
1945 0.588538
1946 0.634365
1947 0.629505
1948 0.619096
1949 0.632477
1950 0.637819
1951 0.567091
1952 0.693494
1953 0.628725
1954 0.576959
1955 0.620215
1956 0.617724
1957 0.638973
1958 0.557443
1959 0.54907
1960 0.621936
1961 0.587147
1962 0.594738
1963 0.574361
1964 0.591625
1965 0.649681
1966 0.577422
1967 0.654267
1968 0.610468
1969 0.577269
1970 0.570795
1971 0.691518
1972 0.569537
1973 0.557405
1974 0.560347
1975 0.608917
1976 0.572394
1977 0.621924
1978 0.592947
1979 0.56426
1980 0.569751
1981 0.608673
1982 0.616587
1983 0.716217
1984 0.559499
1985 0.614659
1986 0.596822
1987 0.6336
1988 0.590849
1989 0.584424
1990 0.579238
1991 0.59387
1992 0.595484
1993 0.570277
1994 0.588724
1995 0.617665
1996 0.601512
1997 0.59216
1998 0.731868
1999 0.613253
2000 0.612169
2001 0.584299
2002 0.579834
2003 0.627161
2004 0.569923
2005 0.597227
2006 0.632998
2007 0.671176
2008 0.550825
2009 0.648042
2010 0.598851
2011 0.613339
2012 0.606006
2013 0.57451
2014 0.54425
2015 0.584786
2016 0.63827
2017 0.551292
2018 0.584231
2019 0.606351
2020 0.632533
2021 0.595182
2022 0.603629
2023 0.614276
2024 0.552466
2025 0.580919
2026 0.589903
2027 0.60269
2028 0.616956
2029 0.557959
2030 0.581843
2031 0.602456
2032 0.575749
2033 0.613888
2034 0.647699
2035 0.639546
2036 0.601138
2037 0.70347
2038 0.589321
2039 0.574945
2040 0.64622
2041 0.581292
2042 0.582395
2043 0.558872
2044 0.620538
2045 0.600058
2046 0.589692
2047 0.625728
2048 0.651794
2049 0.564695
2050 0.618708
2051 0.586203
2052 0.55711
2053 0.576504
2054 0.626736
2055 0.573982
2056 0.558548
2057 0.621334
2058 0.720535
2059 0.580748
2060 0.615933
2061 0.542772
2062 0.753559
2063 0.582877
2064 0.558537
2065 0.66973
2066 0.555283
2067 0.647731
2068 0.634906
2069 0.634185
2070 0.61733
2071 0.629018
2072 0.571424
2073 0.573719
2074 0.550259
2075 0.567253
2076 0.693613
2077 0.573691
2078 0.599715
2079 0.573458
2080 0.551683
2081 0.598955
2082 0.615371
2083 0.630146
2084 0.563005
2085 0.58382
2086 0.522597
2087 0.584017
2088 0.615291
2089 0.673957
2090 0.561243
2091 0.580966
2092 0.552863
2093 0.60679
2094 0.629067
2095 0.584583
2096 0.611071
2097 0.57749
2098 0.584892
2099 0.600877
2100 0.55273
2101 0.550811
2102 0.584791
2103 0.550911
2104 0.587033
2105 0.562833
2106 0.563693
2107 0.5779
2108 0.61129
2109 0.60012
2110 0.531869
2111 0.571696
2112 0.564461
2113 0.586757
2114 0.579476
2115 0.556856
2116 0.578564
2117 0.549651
2118 0.562994
2119 0.541867
2120 0.559911
2121 0.57053
2122 0.53961
2123 0.561116
2124 0.585272
2125 0.515816
2126 0.60909
2127 0.528625
2128 0.570418
2129 0.548397
2130 0.522824
2131 0.524329
2132 0.52974
2133 0.562311
2134 0.508696
2135 0.583313
2136 0.508306
2137 0.514474
2138 0.526125
2139 0.55929
2140 0.51909
2141 0.547666
2142 0.701412
2143 0.665861
2144 0.623856
2145 0.57404
2146 0.560228
2147 0.564967
2148 0.648028
2149 0.621753
2150 0.588569
2151 0.553786
2152 0.558702
2153 0.591684
2154 0.574517
2155 0.554553
2156 0.590409
2157 0.590058
2158 0.593788
2159 0.584099
2160 0.570618
2161 0.596759
2162 0.542463
2163 0.562749
2164 0.559787
2165 0.597646
2166 0.575396
2167 0.56655
2168 0.672577
2169 0.553882
2170 0.569452
2171 0.549064
2172 0.691762
2173 0.643572
2174 0.583856
2175 0.543991
2176 0.56192
2177 0.573888
2178 0.583887
2179 0.551972
2180 0.573774
2181 0.532176
2182 0.562865
2183 0.574595
2184 0.727345
2185 0.537624
2186 0.529174
2187 0.507612
2188 0.570156
2189 0.542332
2190 0.611939
2191 0.56839
2192 0.533301
2193 0.549018
2194 0.542357
2195 0.611037
2196 0.561138
2197 0.557419
2198 0.54891
2199 0.527806
2200 0.552537
2201 0.54689
2202 0.619161
2203 0.574984
2204 0.54814
2205 0.553534
2206 0.560584
2207 0.553704
2208 0.568101
2209 0.582902
2210 0.516137
2211 0.609619
2212 0.571314
2213 0.596092
2214 0.564735
2215 0.557873
2216 0.577216
2217 0.521498
2218 0.587866
2219 0.581496
2220 0.529586
2221 0.508275
2222 0.613591
2223 0.534078
2224 0.564567
2225 0.516543
2226 0.547247
2227 0.607471
2228 0.588011
2229 0.578263
2230 0.567464
2231 0.539766
2232 0.548095
2233 0.577998
2234 0.554148
2235 0.574418
2236 0.531935
2237 0.575363
2238 0.618495
2239 0.525333
2240 0.525498
2241 0.62763
2242 0.565398
2243 0.588526
2244 0.546859
2245 0.553852
2246 0.520599
2247 0.555506
2248 0.56263
2249 0.58631
2250 0.541049
2251 0.512919
2252 0.510826
2253 0.587403
2254 0.575749
2255 0.598999
2256 0.589378
2257 0.531356
2258 0.545204
2259 0.529878
2260 0.589361
2261 0.538978
2262 0.543576
2263 0.512472
2264 0.53438
2265 0.598633
2266 0.629155
2267 0.546087
2268 0.58948
2269 0.541186
2270 0.533123
2271 0.565891
2272 0.509843
2273 0.570845
2274 0.515085
2275 0.548702
2276 0.53434
2277 0.588485
2278 0.523258
2279 0.497871
2280 0.541743
2281 0.5152
2282 0.531086
2283 0.52778
2284 0.613612
2285 0.523246
2286 0.496798
2287 0.529623
2288 0.630781
2289 0.568374
2290 0.543531
2291 0.632833
2292 0.526966
2293 0.536098
2294 0.537682
2295 0.522586
2296 0.529007
2297 0.523182
2298 0.537653
2299 0.524762
2300 0.5248
2301 0.530756
2302 0.525009
2303 0.593383
2304 0.560691
2305 0.556334
2306 0.513414
2307 0.526558
2308 0.509822
2309 0.497271
2310 0.600122
2311 0.637541
2312 0.54336
2313 0.571104
2314 0.558508
2315 0.505058
2316 0.557223
2317 0.565343
2318 0.539085
2319 0.545085
2320 0.512006
2321 0.629047
2322 0.524609
2323 0.5194
2324 0.519774
2325 0.536796
2326 0.545841
2327 0.49331
2328 0.5601
2329 0.513607
2330 0.53605
2331 0.568878
2332 0.538842
2333 0.579549
2334 0.507452
2335 0.513145
2336 0.557433
2337 0.537777
2338 0.558738
2339 0.612538
2340 0.539948
2341 0.530872
2342 0.594245
2343 0.543452
2344 0.523808
2345 0.514972
2346 0.540247
2347 0.567088
2348 0.605983
2349 0.573266
2350 0.515833
2351 0.56229
2352 0.577688
2353 0.577289
2354 0.584352
2355 0.559983
2356 0.537066
2357 0.599986
2358 0.547154
2359 0.516513
2360 0.525039
2361 0.544839
2362 0.526386
2363 0.508276
2364 0.539812
2365 0.553936
2366 0.509135
2367 0.521083
2368 0.625149
2369 0.48588
2370 0.527737
2371 0.498669
2372 0.513519
2373 0.586407
2374 0.544593
2375 0.647444
2376 0.532263
2377 0.530316
2378 0.524656
2379 0.541248
2380 0.517691
2381 0.580698
2382 0.572083
2383 0.492387
2384 0.538907
2385 0.543269
2386 0.578381
2387 0.52177
2388 0.520169
2389 0.518633
2390 0.526396
2391 0.540906
2392 0.532472
2393 0.591266
2394 0.581114
2395 0.515666
2396 0.611105
2397 0.556206
2398 0.511152
2399 0.624687
2400 0.518756
2401 0.527753
2402 0.493234
2403 0.567738
2404 0.52385
2405 0.585071
2406 0.520257
2407 0.507906
2408 0.53452
2409 0.502234
2410 0.566902
2411 0.594232
2412 0.607913
2413 0.50936
2414 0.559166
2415 0.557645
2416 0.515781
2417 0.509404
2418 0.51986
2419 0.543175
2420 0.507672
2421 0.51557
2422 0.574088
2423 0.522754
2424 0.558712
2425 0.520568
2426 0.583195
2427 0.537913
2428 0.554591
2429 0.523115
2430 0.530001
2431 0.502351
2432 0.509201
2433 0.521993
2434 0.525053
2435 0.59204
2436 0.622059
2437 0.535066
2438 0.518793
2439 0.534721
2440 0.546675
2441 0.539026
2442 0.494103
2443 0.524739
2444 0.569511
2445 0.531748
2446 0.490509
2447 0.56746
2448 0.531719
2449 0.510623
2450 0.534269
2451 0.601678
2452 0.476416
2453 0.507193
2454 0.512446
2455 0.533464
2456 0.512736
2457 0.585129
2458 0.528162
2459 0.558889
2460 0.586995
2461 0.521543
2462 0.540441
2463 0.502388
2464 0.565527
2465 0.565116
2466 0.585246
2467 0.515215
2468 0.513584
2469 0.546655
2470 0.512613
2471 0.557971
2472 0.501589
2473 0.589117
2474 0.520159
2475 0.50559
2476 0.650105
2477 0.509985
2478 0.56223
2479 0.526127
2480 0.481929
2481 0.504567
2482 0.508792
2483 0.533514
2484 0.495289
2485 0.50398
2486 0.593939
2487 0.597664
2488 0.550671
2489 0.483169
2490 0.512335
2491 0.608946
2492 0.554254
2493 0.497714
2494 0.555346
2495 0.491656
2496 0.577333
2497 0.519093
2498 0.530958
2499 0.564905
2500 0.521115
2501 0.553409
2502 0.537909
2503 0.487967
2504 0.554499
2505 0.545266
2506 0.524595
2507 0.474077
2508 0.499545
2509 0.499239
2510 0.490266
2511 0.586674
2512 0.557954
2513 0.48966
2514 0.486271
2515 0.53217
2516 0.543542
2517 0.559871
2518 0.606727
2519 0.532574
2520 0.576464
2521 0.529655
2522 0.561662
2523 0.557044
2524 0.5176
2525 0.508288
2526 0.50367
2527 0.528526
2528 0.503383
2529 0.503581
2530 0.522851
2531 0.520359
2532 0.533862
2533 0.513919
2534 0.505171
2535 0.534661
2536 0.535556
2537 0.486666
2538 0.535652
2539 0.519654
2540 0.496703
2541 0.497159
2542 0.483009
2543 0.530142
2544 0.527821
2545 0.516009
2546 0.508563
2547 0.525809
2548 0.53718
2549 0.480591
2550 0.490929
2551 0.51953
2552 0.529288
2553 0.511453
2554 0.53614
2555 0.539966
2556 0.473245
2557 0.512526
2558 0.515678
2559 0.498375
2560 0.487373
2561 0.476937
2562 0.485094
2563 0.46146
2564 0.519354
2565 0.482682
2566 0.477764
2567 0.493957
2568 0.479392
2569 0.461506
2570 0.628915
2571 0.510105
2572 0.611975
2573 0.529945
2574 0.511778
2575 0.475431
2576 0.506067
2577 0.535186
2578 0.571911
2579 0.48683
2580 0.498437
2581 0.511296
2582 0.502665
2583 0.506004
2584 0.487437
2585 0.490612
2586 0.574058
2587 0.52824
2588 0.528862
2589 0.519553
2590 0.507976
2591 0.504265
2592 0.506604
2593 0.519676
2594 0.50988
2595 0.490463
2596 0.498444
2597 0.612972
2598 0.499317
2599 0.495503
2600 0.502151
2601 0.583775
2602 0.580769
2603 0.49896
2604 0.500162
2605 0.502718
2606 0.524406
2607 0.503424
2608 0.471745
2609 0.496361
2610 0.482607
2611 0.522556
2612 0.56267
2613 0.559023
2614 0.482241
2615 0.463698
2616 0.493834
2617 0.514838
2618 0.535182
2619 0.475395
2620 0.482973
2621 0.487523
2622 0.510447
2623 0.506065
2624 0.544415
2625 0.477398
2626 0.519096
2627 0.472967
2628 0.488782
2629 0.518534
2630 0.477466
2631 0.516716
2632 0.48866
2633 0.537942
2634 0.565061
2635 0.495644
2636 0.527252
2637 0.509483
2638 0.491222
2639 0.489778
2640 0.511056
2641 0.463837
2642 0.513063
2643 0.530687
2644 0.557079
2645 0.522884
2646 0.492448
2647 0.535139
2648 0.511081
2649 0.499314
2650 0.481584
2651 0.511425
2652 0.494259
2653 0.495905
2654 0.479487
2655 0.505785
2656 0.573811
2657 0.483243
2658 0.498859
2659 0.478242
2660 0.501284
2661 0.484496
2662 0.484656
2663 0.499906
2664 0.492503
2665 0.507498
2666 0.499485
2667 0.467483
2668 0.465997
2669 0.511364
2670 0.529578
2671 0.544713
2672 0.523244
2673 0.529618
2674 0.462794
2675 0.481941
2676 0.535884
2677 0.473836
2678 0.490775
2679 0.489737
2680 0.472185
2681 0.470937
2682 0.532042
2683 0.470932
2684 0.548774
2685 0.487998
2686 0.486764
2687 0.460969
2688 0.503986
2689 0.49287
2690 0.53215
2691 0.459205
2692 0.508297
2693 0.476132
2694 0.53755
2695 0.54976
2696 0.486512
2697 0.488543
2698 0.497357
2699 0.477082
2700 0.507804
2701 0.505117
2702 0.477577
2703 0.477275
2704 0.497545
2705 0.475607
2706 0.537988
2707 0.477405
2708 0.483531
2709 0.540154
2710 0.474998
2711 0.454464
2712 0.476743
2713 0.48281
2714 0.463519
2715 0.484671
2716 0.460425
2717 0.507377
2718 0.506169
2719 0.501537
2720 0.532397
2721 0.455005
2722 0.487566
2723 0.479416
2724 0.500017
2725 0.518332
2726 0.491837
2727 0.480429
2728 0.45636
2729 0.501306
2730 0.499271
2731 0.46374
2732 0.588698
2733 0.486816
2734 0.491805
2735 0.504795
2736 0.469477
2737 0.457073
2738 0.481707
2739 0.50957
2740 0.571519
2741 0.529489
2742 0.522763
2743 0.509227
2744 0.477677
2745 0.577524
2746 0.459537
2747 0.486757
2748 0.473974
2749 0.516608
2750 0.543103
2751 0.468239
2752 0.450348
2753 0.489061
2754 0.506423
2755 0.4701
2756 0.472347
2757 0.486614
2758 0.488226
2759 0.489707
2760 0.530654
2761 0.514141
2762 0.488962
2763 0.486444
2764 0.47331
2765 0.476798
2766 0.496913
2767 0.473346
2768 0.516974
2769 0.461025
2770 0.474248
2771 0.48971
2772 0.525211
2773 0.481227
2774 0.505992
2775 0.475352
2776 0.528784
2777 0.508231
2778 0.490356
2779 0.483855
2780 0.578307
2781 0.480811
2782 0.489329
2783 0.51952
2784 0.475701
2785 0.463948
2786 0.528623
2787 0.496578
2788 0.484305
2789 0.50486
2790 0.44994
2791 0.460183
2792 0.475621
2793 0.470929
2794 0.483143
2795 0.470405
2796 0.527743
2797 0.448342
2798 0.474227
2799 0.493568
2800 0.471346
2801 0.536518
2802 0.494704
2803 0.533632
2804 0.525763
2805 0.485259
2806 0.484323
2807 0.478436
2808 0.481366
2809 0.464339
2810 0.547661
2811 0.509457
2812 0.47925
2813 0.507442
2814 0.502335
2815 0.532253
2816 0.460011
2817 0.490299
2818 0.486421
2819 0.468628
2820 0.478944
2821 0.506568
2822 0.525589
2823 0.479487
2824 0.481919
2825 0.57935
2826 0.460634
2827 0.458655
2828 0.523375
2829 0.462553
2830 0.463221
2831 0.460789
2832 0.472037
2833 0.470293
2834 0.548137
2835 0.478374
2836 0.446083
2837 0.458755
2838 0.471472
2839 0.535439
2840 0.545055
2841 0.508709
2842 0.465351
2843 0.483014
2844 0.485799
2845 0.461302
2846 0.459498
2847 0.493131
2848 0.477651
2849 0.44909
2850 0.511697
2851 0.466113
2852 0.463649
2853 0.498245
2854 0.481951
2855 0.507722
2856 0.489464
2857 0.512479
2858 0.480044
2859 0.484367
2860 0.533224
2861 0.479781
2862 0.467104
2863 0.458264
2864 0.532275
2865 0.565788
2866 0.511348
2867 0.494265
2868 0.517046
2869 0.520776
2870 0.491216
2871 0.44267
2872 0.463713
2873 0.472556
2874 0.502298
2875 0.453345
2876 0.483614
2877 0.470451
2878 0.491586
2879 0.530054
2880 0.511895
2881 0.449114
2882 0.440299
2883 0.497333
2884 0.479242
2885 0.479577
2886 0.459257
2887 0.471146
2888 0.514376
2889 0.502615
2890 0.467653
2891 0.479623
2892 0.498551
2893 0.478033
2894 0.536513
2895 0.509306
2896 0.439154
2897 0.475537
2898 0.485596
2899 0.491527
2900 0.519797
2901 0.440129
2902 0.558911
2903 0.474815
2904 0.529574
2905 0.481888
2906 0.492668
2907 0.498356
2908 0.488097
2909 0.441394
2910 0.451101
2911 0.478572
2912 0.496884
2913 0.482118
2914 0.451186
2915 0.581619
2916 0.518929
2917 0.501256
2918 0.448363
2919 0.511766
2920 0.501445
2921 0.495458
2922 0.541899
2923 0.438978
2924 0.492924
2925 0.521748
2926 0.520738
2927 0.54873
2928 0.460625
2929 0.438702
2930 0.462245
2931 0.441783
2932 0.462804
2933 0.551227
2934 0.471742
2935 0.476598
2936 0.475568
2937 0.429347
2938 0.452149
2939 0.45055
2940 0.516908
2941 0.516948
2942 0.467291
2943 0.448152
2944 0.472325
2945 0.468393
2946 0.545139
2947 0.440265
2948 0.506999
2949 0.465982
2950 0.48669
2951 0.501619
2952 0.473591
2953 0.494672
2954 0.46233
2955 0.495578
2956 0.454102
2957 0.472819
2958 0.460431
2959 0.44644
2960 0.44595
2961 0.528734
2962 0.467534
2963 0.43027
2964 0.460453
2965 0.475093
2966 0.509376
2967 0.445807
2968 0.472016
2969 0.436918
2970 0.433173
2971 0.428836
2972 0.472083
2973 0.441826
2974 0.473452
2975 0.449135
2976 0.444421
2977 0.427528
2978 0.448455
2979 0.438822
2980 0.460797
2981 0.472149
2982 0.487324
2983 0.488572
2984 0.476589
2985 0.446088
2986 0.462306
2987 0.439454
2988 0.442947
2989 0.426992
2990 0.429228
2991 0.421632
2992 0.461224
2993 0.428326
2994 0.416211
2995 0.430615
2996 0.454056
2997 0.434067
2998 0.421669
2999 0.64168
3000 0.419897
3001 0.509585
3002 0.484785
3003 0.450804
3004 0.466757
3005 0.471534
3006 0.473612
3007 0.498323
3008 0.444669
3009 0.434944
3010 0.481288
3011 0.478554
3012 0.451816
3013 0.443287
3014 0.454825
3015 0.508358
3016 0.492792
3017 0.474523
3018 0.521247
3019 0.43434
3020 0.453809
3021 0.474626
3022 0.434783
3023 0.47236
3024 0.463555
3025 0.544247
3026 0.495458
3027 0.449424
3028 0.444034
3029 0.540353
3030 0.525347
3031 0.498893
3032 0.460887
3033 0.462764
3034 0.477406
3035 0.460491
3036 0.462705
3037 0.433417
3038 0.433154
3039 0.454973
3040 0.472041
3041 0.541652
3042 0.447304
3043 0.442222
3044 0.433863
3045 0.452433
3046 0.41173
3047 0.526977
3048 0.432405
3049 0.428938
3050 0.439332
3051 0.440784
3052 0.481525
3053 0.445377
3054 0.432035
3055 0.473642
3056 0.428023
3057 0.458755
3058 0.427571
3059 0.446905
3060 0.463126
3061 0.43321
3062 0.437386
3063 0.455673
3064 0.431256
3065 0.452277
3066 0.469561
3067 0.455517
3068 0.472285
3069 0.429972
3070 0.461562
3071 0.480149
3072 0.492291
3073 0.471098
3074 0.43915
3075 0.446893
3076 0.474678
3077 0.482598
3078 0.42753
3079 0.454491
3080 0.438509
3081 0.445681
3082 0.466082
3083 0.421819
3084 0.437092
3085 0.450343
3086 0.471743
3087 0.466228
3088 0.410835
3089 0.459804
3090 0.473665
3091 0.4419
3092 0.457288
3093 0.444689
3094 0.476042
3095 0.451995
3096 0.440792
3097 0.452779
3098 0.494478
3099 0.449729
3100 0.537488
3101 0.434143
3102 0.471521
3103 0.422806
3104 0.413508
3105 0.466886
3106 0.473746
3107 0.439878
3108 0.433635
3109 0.412995
3110 0.44898
3111 0.464588
3112 0.506294
3113 0.46347
3114 0.462279
3115 0.453558
3116 0.449516
3117 0.460831
3118 0.461554
3119 0.443832
3120 0.444615
3121 0.438549
3122 0.451422
3123 0.504733
3124 0.48746
3125 0.447713
3126 0.481731
3127 0.453084
3128 0.441198
3129 0.437456
3130 0.468948
3131 0.435064
3132 0.420621
3133 0.438842
3134 0.434805
3135 0.461291
3136 0.412419
3137 0.467188
3138 0.465776
3139 0.439286
3140 0.407444
3141 0.414579
3142 0.468924
3143 0.414769
3144 0.425771
3145 0.406622
3146 0.459413
3147 0.451043
3148 0.483149
3149 0.42924
3150 0.432886
3151 0.42739
3152 0.418355
3153 0.44125
3154 0.464315
3155 0.471856
3156 0.448444
3157 0.419219
3158 0.442749
3159 0.424018
3160 0.425515
3161 0.513583
3162 0.435277
3163 0.460966
3164 0.419759
3165 0.410375
3166 0.410513
3167 0.44673
3168 0.483442
3169 0.500021
3170 0.487697
3171 0.477535
3172 0.433526
3173 0.455039
3174 0.480961
3175 0.405942
3176 0.465081
3177 0.431608
3178 0.427137
3179 0.504514
3180 0.427274
3181 0.469273
3182 0.439239
3183 0.464481
3184 0.43067
3185 0.466905
3186 0.488723
3187 0.451992
3188 0.456815
3189 0.442586
3190 0.438082
3191 0.426981
3192 0.393719
3193 0.464454
3194 0.465877
3195 0.449688
3196 0.496437
3197 0.473732
3198 0.420891
3199 0.439741
3200 0.456411
3201 0.427791
3202 0.420398
3203 0.438661
3204 0.462593
3205 0.440704
3206 0.453422
3207 0.405908
3208 0.45583
3209 0.46316
3210 0.439328
3211 0.478416
3212 0.446372
3213 0.452014
3214 0.434794
3215 0.456825
3216 0.440753
3217 0.420121
3218 0.44374
3219 0.400897
3220 0.444056
3221 0.421587
3222 0.447597
3223 0.405065
3224 0.427914
3225 0.461474
3226 0.423183
3227 0.434258
3228 0.405824
3229 0.403892
3230 0.460776
3231 0.46143
3232 0.466299
3233 0.429504
3234 0.452492
3235 0.429907
3236 0.47018
3237 0.452553
3238 0.500676
3239 0.423175
3240 0.448265
3241 0.463466
3242 0.45526
3243 0.433086
3244 0.447451
3245 0.402544
3246 0.440002
3247 0.396108
3248 0.413653
3249 0.442296
3250 0.431012
3251 0.49726
3252 0.405788
3253 0.468096
3254 0.47909
3255 0.42104
3256 0.416221
3257 0.477034
3258 0.405083
3259 0.433258
3260 0.437032
3261 0.448463
3262 0.43256
3263 0.438077
3264 0.458647
3265 0.42471
3266 0.393861
3267 0.409821
3268 0.4567
3269 0.550425
3270 0.418894
3271 0.442252
3272 0.449454
3273 0.436359
3274 0.418252
3275 0.421288
3276 0.431206
3277 0.449568
3278 0.41874
3279 0.435358
3280 0.414214
3281 0.438088
3282 0.408499
3283 0.445474
3284 0.488817
3285 0.427057
3286 0.43453
3287 0.437224
3288 0.404401
3289 0.46471
3290 0.449163
3291 0.44529
3292 0.424483
3293 0.455909
3294 0.403904
3295 0.433822
3296 0.450455
3297 0.45848
3298 0.44466
3299 0.44246
3300 0.395069
3301 0.429268
3302 0.517225
3303 0.411991
3304 0.428616
3305 0.431256
3306 0.441653
3307 0.419432
3308 0.448234
3309 0.492911
3310 0.408313
3311 0.438381
3312 0.455202
3313 0.43928
3314 0.462807
3315 0.433648
3316 0.433741
3317 0.436277
3318 0.418569
3319 0.429598
3320 0.454141
3321 0.436285
3322 0.40677
3323 0.477168
3324 0.440238
3325 0.395225
3326 0.431432
3327 0.412317
3328 0.436322
3329 0.409524
3330 0.417397
3331 0.451782
3332 0.431232
3333 0.478469
3334 0.457375
3335 0.43637
3336 0.423531
3337 0.440854
3338 0.399594
3339 0.462652
3340 0.450926
3341 0.430888
3342 0.415866
3343 0.421998
3344 0.516625
3345 0.431942
3346 0.429838
3347 0.390898
3348 0.502878
3349 0.454718
3350 0.43773
3351 0.473287
3352 0.429555
3353 0.409801
3354 0.460456
3355 0.492941
3356 0.440974
3357 0.408132
3358 0.445582
3359 0.406905
3360 0.390494
3361 0.408411
3362 0.484067
3363 0.412223
3364 0.473586
3365 0.409794
3366 0.419365
3367 0.450941
3368 0.435997
3369 0.445799
3370 0.407652
3371 0.406499
3372 0.394416
3373 0.459214
3374 0.411135
3375 0.492353
3376 0.429045
3377 0.478645
3378 0.421221
3379 0.466407
3380 0.45368
3381 0.447034
3382 0.420503
3383 0.441215
3384 0.422305
3385 0.404305
3386 0.403782
3387 0.425152
3388 0.413211
3389 0.437407
3390 0.467833
3391 0.422337
3392 0.424015
3393 0.426527
3394 0.447583
3395 0.40612
3396 0.410612
3397 0.415996
3398 0.420264
3399 0.415197
3400 0.400123
3401 0.445985
3402 0.413483
3403 0.425082
3404 0.421985
3405 0.402391
3406 0.403765
3407 0.441653
3408 0.397926
3409 0.418143
3410 0.434553
3411 0.411227
3412 0.44764
3413 0.406355
3414 0.402404
3415 0.429495
3416 0.404626
3417 0.377494
3418 0.41187
3419 0.426838
3420 0.37968
3421 0.423648
3422 0.396247
3423 0.377739
3424 0.387543
3425 0.420584
3426 0.374814
3427 0.39639
3428 0.522251
3429 0.494361
3430 0.452464
3431 0.428041
3432 0.429133
3433 0.393618
3434 0.436717
3435 0.452698
3436 0.412053
3437 0.400772
3438 0.406704
3439 0.420114
3440 0.438348
3441 0.398606
3442 0.404887
3443 0.435983
3444 0.466821
3445 0.417813
3446 0.412082
3447 0.428647
3448 0.391432
3449 0.423066
3450 0.388026
3451 0.389538
3452 0.417976
3453 0.43079
3454 0.493522
3455 0.422563
3456 0.442095
3457 0.42197
3458 0.473
3459 0.475529
3460 0.450383
3461 0.422655
3462 0.428354
3463 0.430995
3464 0.404188
3465 0.429256
3466 0.402581
3467 0.404607
3468 0.395303
3469 0.41559
3470 0.626657
3471 0.413074
3472 0.39874
3473 0.38401
3474 0.445172
3475 0.427153
3476 0.413673
3477 0.380736
3478 0.398997
3479 0.410554
3480 0.410237
3481 0.468299
3482 0.388768
3483 0.421836
3484 0.413313
3485 0.389426
3486 0.403584
3487 0.389223
3488 0.420507
3489 0.404771
3490 0.441522
3491 0.43423
3492 0.407643
3493 0.412041
3494 0.425
3495 0.439977
3496 0.413635
3497 0.457567
3498 0.396032
3499 0.432012
3500 0.426884
3501 0.417366
3502 0.430493
3503 0.39185
3504 0.441722
3505 0.435646
3506 0.408836
3507 0.375575
3508 0.432312
3509 0.427713
3510 0.427766
3511 0.422078
3512 0.390339
3513 0.423024
3514 0.429319
3515 0.406475
3516 0.390639
3517 0.407491
3518 0.387928
3519 0.400562
3520 0.40593
3521 0.413446
3522 0.431252
3523 0.42547
3524 0.441969
3525 0.39035
3526 0.395421
3527 0.445446
3528 0.449181
3529 0.443242
3530 0.378347
3531 0.416537
3532 0.40481
3533 0.42412
3534 0.419459
3535 0.419226
3536 0.400982
3537 0.394251
3538 0.413024
3539 0.422651
3540 0.407247
3541 0.423189
3542 0.430973
3543 0.389605
3544 0.376154
3545 0.453134
3546 0.442882
3547 0.401033
3548 0.436234
3549 0.374729
3550 0.391243
3551 0.408101
3552 0.4634
3553 0.438362
3554 0.420355
3555 0.442176
3556 0.385928
3557 0.410229
3558 0.377338
3559 0.450229
3560 0.399311
3561 0.381615
3562 0.396876
3563 0.426736
3564 0.397966
3565 0.389898
3566 0.432438
3567 0.433265
3568 0.382529
3569 0.393862
3570 0.408699
3571 0.40031
3572 0.385215
3573 0.399705
3574 0.402867
3575 0.403874
3576 0.391575
3577 0.470717
3578 0.394388
3579 0.39165
3580 0.408133
3581 0.397698
3582 0.409199
3583 0.390424
3584 0.404305
3585 0.400448
3586 0.430872
3587 0.387754
3588 0.385716
3589 0.371473
3590 0.419087
3591 0.391041
3592 0.400457
3593 0.392665
3594 0.40457
3595 0.417881
3596 0.423047
3597 0.501551
3598 0.42616
3599 0.427689
3600 0.429999
3601 0.380799
3602 0.404368
3603 0.445488
3604 0.381732
3605 0.417765
3606 0.40154
3607 0.512656
3608 0.377873
3609 0.373099
3610 0.39556
3611 0.405225
3612 0.390632
3613 0.399161
3614 0.441111
3615 0.377126
3616 0.394295
3617 0.41269
3618 0.413871
3619 0.400914
3620 0.398965
3621 0.386683
3622 0.37766
3623 0.402512
3624 0.415889
3625 0.439975
3626 0.4008
3627 0.393049
3628 0.389973
3629 0.389638
3630 0.370186
3631 0.374109
3632 0.38907
3633 0.423498
3634 0.454385
3635 0.401402
3636 0.405778
3637 0.412052
3638 0.431835
3639 0.40582
3640 0.418881
3641 0.381051
3642 0.398498
3643 0.428298
3644 0.422666
3645 0.365996
3646 0.402667
3647 0.388389
3648 0.408071
3649 0.369486
3650 0.400597
3651 0.382633
3652 0.392091
3653 0.391538
3654 0.391579
3655 0.36531
3656 0.401728
3657 0.377733
3658 0.356543
3659 0.441448
3660 0.423328
3661 0.416342
3662 0.397448
3663 0.416797
3664 0.380671
3665 0.394726
3666 0.382405
3667 0.434977
3668 0.428305
3669 0.408385
3670 0.382603
3671 0.394085
3672 0.432101
3673 0.395597
3674 0.394174
3675 0.429369
3676 0.361032
3677 0.416204
3678 0.384861
3679 0.406251
3680 0.417829
3681 0.398683
3682 0.406352
3683 0.406225
3684 0.40641
3685 0.407602
3686 0.440893
3687 0.438333
3688 0.366466
3689 0.384389
3690 0.396281
3691 0.405263
3692 0.455616
3693 0.394498
3694 0.385858
3695 0.38414
3696 0.404764
3697 0.440563
3698 0.45087
3699 0.390637
3700 0.411685
3701 0.462394
3702 0.39606
3703 0.395745
3704 0.36845
3705 0.428122
3706 0.36514
3707 0.413755
3708 0.424016
3709 0.397896
3710 0.414745
3711 0.420033
3712 0.452891
3713 0.418987
3714 0.453393
3715 0.413513
3716 0.373207
3717 0.427071
3718 0.413016
3719 0.383626
3720 0.365406
3721 0.437071
3722 0.424213
3723 0.375032
3724 0.401354
3725 0.40563
3726 0.398096
3727 0.387164
3728 0.370863
3729 0.430722
3730 0.398205
3731 0.418466
3732 0.373626
3733 0.43479
3734 0.400507
3735 0.387161
3736 0.425309
3737 0.430867
3738 0.384308
3739 0.367154
3740 0.427144
3741 0.416561
3742 0.378529
3743 0.445574
3744 0.385326
3745 0.419773
3746 0.401234
3747 0.392103
3748 0.436752
3749 0.372961
3750 0.429456
3751 0.43037
3752 0.424956
3753 0.387329
3754 0.383725
3755 0.378643
3756 0.416833
3757 0.459192
3758 0.377296
3759 0.42943
3760 0.397154
3761 0.390261
3762 0.438468
3763 0.406724
3764 0.399026
3765 0.366778
3766 0.396028
3767 0.369023
3768 0.369466
3769 0.39301
3770 0.420716
3771 0.383442
3772 0.417987
3773 0.463257
3774 0.413705
3775 0.405557
3776 0.370497
3777 0.445393
3778 0.393285
3779 0.403532
3780 0.466264
3781 0.37271
3782 0.416389
3783 0.409661
3784 0.468073
3785 0.404657
3786 0.383624
3787 0.387413
3788 0.403336
3789 0.382097
3790 0.397398
3791 0.440936
3792 0.408288
3793 0.368658
3794 0.370831
3795 0.367905
3796 0.412969
3797 0.398214
3798 0.406372
3799 0.393382
3800 0.388304
3801 0.406333
3802 0.40747
3803 0.431176
3804 0.445162
3805 0.380933
3806 0.40747
3807 0.384177
3808 0.413213
3809 0.40663
3810 0.399041
3811 0.381538
3812 0.407923
3813 0.396753
3814 0.352999
3815 0.374141
3816 0.396962
3817 0.389534
3818 0.3631
3819 0.424481
3820 0.358039
3821 0.386725
3822 0.429188
3823 0.381939
3824 0.399046
3825 0.382637
3826 0.389856
3827 0.366541
3828 0.375217
3829 0.416974
3830 0.388006
3831 0.432178
3832 0.373699
3833 0.383509
3834 0.37104
3835 0.365881
3836 0.376666
3837 0.373155
3838 0.375113
3839 0.37935
3840 0.410364
3841 0.405054
3842 0.352941
3843 0.393896
3844 0.367059
3845 0.35417
3846 0.364958
3847 0.369091
3848 0.379533
3849 0.365289
3850 0.364973
3851 0.342594
3852 0.36776
3853 0.373507
3854 0.383003
3855 0.347218
3856 0.454207
3857 0.435895
3858 0.495411
3859 0.390296
3860 0.397437
3861 0.366846
3862 0.380159
3863 0.395055
3864 0.424504
3865 0.393136
3866 0.377835
3867 0.386749
3868 0.372666
3869 0.385506
3870 0.367132
3871 0.366
3872 0.439106
3873 0.393088
3874 0.39253
3875 0.405546
3876 0.399395
3877 0.374031
3878 0.377587
3879 0.3735
3880 0.43348
3881 0.389097
3882 0.361857
3883 0.515868
3884 0.355255
3885 0.399462
3886 0.359953
3887 0.465532
3888 0.419014
3889 0.360686
3890 0.367237
3891 0.410589
3892 0.404557
3893 0.374857
3894 0.380413
3895 0.384637
3896 0.362778
3897 0.375719
3898 0.377496
3899 0.421571
3900 0.360617
3901 0.374474
3902 0.350336
3903 0.396383
3904 0.39713
3905 0.38949
3906 0.35874
3907 0.364271
3908 0.384772
3909 0.389574
3910 0.387442
3911 0.373461
3912 0.378318
3913 0.373101
3914 0.369703
3915 0.374341
3916 0.386769
3917 0.393062
3918 0.370106
3919 0.406929
3920 0.395111
3921 0.403129
3922 0.362768
3923 0.374274
3924 0.386822
3925 0.355093
3926 0.394447
3927 0.405285
3928 0.412853
3929 0.367873
3930 0.390152
3931 0.385696
3932 0.36371
3933 0.364488
3934 0.383531
3935 0.398002
3936 0.364376
3937 0.377214
3938 0.372052
3939 0.35401
3940 0.361022
3941 0.369329
3942 0.413213
3943 0.374586
3944 0.379438
3945 0.37075
3946 0.367156
3947 0.386827
3948 0.38009
3949 0.385772
3950 0.382811
3951 0.367161
3952 0.413557
3953 0.372939
3954 0.359627
3955 0.38616
3956 0.393123
3957 0.425413
3958 0.369087
3959 0.386914
3960 0.352829
3961 0.360211
3962 0.38038
3963 0.359223
3964 0.394952
3965 0.364752
3966 0.385692
3967 0.373325
3968 0.425171
3969 0.374715
3970 0.396752
3971 0.376131
3972 0.365321
3973 0.358753
3974 0.372631
3975 0.39878
3976 0.377579
3977 0.359889
3978 0.358398
3979 0.340245
3980 0.396771
3981 0.442194
3982 0.367276
3983 0.376918
3984 0.39265
3985 0.359239
3986 0.377985
3987 0.422846
3988 0.365486
3989 0.356801
3990 0.408164
3991 0.342084
3992 0.380005
3993 0.354442
3994 0.390613
3995 0.424304
3996 0.429121
3997 0.366291
3998 0.347059
3999 0.350772
4000 0.344452
4001 0.372439
4002 0.345874
4003 0.399182
4004 0.373398
4005 0.361249
4006 0.439761
4007 0.382892
4008 0.377504
4009 0.338547
4010 0.36487
4011 0.378807
4012 0.394682
4013 0.380161
4014 0.364966
4015 0.393805
4016 0.377484
4017 0.34053
4018 0.449489
4019 0.356098
4020 0.406205
4021 0.341744
4022 0.355527
4023 0.360638
4024 0.361902
4025 0.395035
4026 0.424703
4027 0.412106
4028 0.418988
4029 0.367008
4030 0.35522
4031 0.426916
4032 0.386261
4033 0.381662
4034 0.370247
4035 0.395797
4036 0.392983
4037 0.363585
4038 0.350342
4039 0.357643
4040 0.379552
4041 0.367334
4042 0.379976
4043 0.365221
4044 0.337136
4045 0.371814
4046 0.36349
4047 0.422506
4048 0.371361
4049 0.343157
4050 0.358516
4051 0.358003
4052 0.375186
4053 0.371393
4054 0.368154
4055 0.343796
4056 0.356009
4057 0.380973
4058 0.363688
4059 0.374528
4060 0.355434
4061 0.371084
4062 0.384234
4063 0.354801
4064 0.349322
4065 0.370701
4066 0.405544
4067 0.402876
4068 0.376228
4069 0.381657
4070 0.393318
4071 0.369222
4072 0.405567
4073 0.367173
4074 0.370557
4075 0.390152
4076 0.3465
4077 0.32971
4078 0.380652
4079 0.377278
4080 0.358036
4081 0.36291
4082 0.365872
4083 0.343643
4084 0.354837
4085 0.388237
4086 0.34351
4087 0.370956
4088 0.399819
4089 0.392494
4090 0.404613
4091 0.428214
4092 0.36168
4093 0.375973
4094 0.37453
4095 0.339516
4096 0.422569
4097 0.360298
4098 0.344887
4099 0.375884
4100 0.37217
4101 0.440246
4102 0.371542
4103 0.400665
4104 0.342181
4105 0.359067
4106 0.383377
4107 0.36904
4108 0.36948
4109 0.377336
4110 0.369119
4111 0.418328
4112 0.368592
4113 0.344192
4114 0.413849
4115 0.343742
4116 0.379261
4117 0.367882
4118 0.374982
4119 0.35621
4120 0.404473
4121 0.362914
4122 0.353478
4123 0.354437
4124 0.38392
4125 0.377676
4126 0.422349
4127 0.384101
4128 0.348324
4129 0.388875
4130 0.360463
4131 0.345687
4132 0.353936
4133 0.356022
4134 0.427968
4135 0.363236
4136 0.355953
4137 0.363388
4138 0.355641
4139 0.399752
4140 0.35894
4141 0.457835
4142 0.400068
4143 0.384082
4144 0.367665
4145 0.361502
4146 0.382895
4147 0.356745
4148 0.362934
4149 0.343581
4150 0.380591
4151 0.399803
4152 0.350859
4153 0.362728
4154 0.397177
4155 0.412263
4156 0.357872
4157 0.333838
4158 0.346127
4159 0.381154
4160 0.392333
4161 0.362335
4162 0.383642
4163 0.370842
4164 0.361272
4165 0.386861
4166 0.385444
4167 0.348211
4168 0.358584
4169 0.379063
4170 0.367795
4171 0.383937
4172 0.345109
4173 0.357376
4174 0.398106
4175 0.387292
4176 0.350035
4177 0.360079
4178 0.362006
4179 0.393079
4180 0.428475
4181 0.351699
4182 0.335435
4183 0.35431
4184 0.371654
4185 0.352016
4186 0.355235
4187 0.34307
4188 0.413821
4189 0.374816
4190 0.37437
4191 0.429562
4192 0.366104
4193 0.390553
4194 0.394427
4195 0.337234
4196 0.344712
4197 0.348609
4198 0.397673
4199 0.369978
4200 0.326275
4201 0.407169
4202 0.39851
4203 0.391948
4204 0.329038
4205 0.382214
4206 0.367299
4207 0.34985
4208 0.381058
4209 0.355597
4210 0.345993
4211 0.360987
4212 0.392947
4213 0.381342
4214 0.343918
4215 0.351539
4216 0.361404
4217 0.345129
4218 0.337166
4219 0.47461
4220 0.354034
4221 0.363223
4222 0.343047
4223 0.368378
4224 0.349161
4225 0.368901
4226 0.385456
4227 0.387182
4228 0.367413
4229 0.329805
4230 0.372893
4231 0.359247
4232 0.431569
4233 0.403699
4234 0.392583
4235 0.377314
4236 0.35323
4237 0.346489
4238 0.372002
4239 0.354026
4240 0.370508
4241 0.352559
4242 0.387068
4243 0.343466
4244 0.333389
4245 0.33174
4246 0.345705
4247 0.375269
4248 0.368358
4249 0.342988
4250 0.368678
4251 0.378513
4252 0.348333
4253 0.340355
4254 0.351553
4255 0.362575
4256 0.323594
4257 0.342514
4258 0.350775
4259 0.37251
4260 0.346621
4261 0.347123
4262 0.36871
4263 0.348074
4264 0.379459
4265 0.333142
4266 0.346418
4267 0.371436
4268 0.369289
4269 0.353962
4270 0.361136
4271 0.363844
4272 0.344226
4273 0.345312
4274 0.327971
4275 0.352103
4276 0.339855
4277 0.336019
4278 0.347782
4279 0.341718
4280 0.313009
4281 0.334278
4282 0.336846
4283 0.349711
4284 0.345431
4285 0.480497
4286 0.318117
4287 0.400501
4288 0.35463
4289 0.357754
4290 0.335683
4291 0.387002
4292 0.3479
4293 0.37147
4294 0.355971
4295 0.365036
4296 0.362809
4297 0.360425
4298 0.334412
4299 0.345891
4300 0.33166
4301 0.42353
4302 0.36854
4303 0.348664
4304 0.404753
4305 0.349151
4306 0.378509
4307 0.357017
4308 0.349464
4309 0.359435
4310 0.343987
4311 0.406534
4312 0.390159
4313 0.339935
4314 0.353311
4315 0.365523
4316 0.415914
4317 0.407865
4318 0.375592
4319 0.374583
4320 0.3633
4321 0.388473
4322 0.35719
4323 0.331753
4324 0.350985
4325 0.320256
4326 0.397414
4327 0.427231
4328 0.342558
4329 0.337305
4330 0.310268
4331 0.337509
4332 0.366871
4333 0.370734
4334 0.351214
4335 0.334595
4336 0.340459
4337 0.347417
4338 0.387867
4339 0.352452
4340 0.380843
4341 0.340832
4342 0.351974
4343 0.3528
4344 0.35824
4345 0.359124
4346 0.36695
4347 0.344626
4348 0.357871
4349 0.360286
4350 0.337153
4351 0.355471
4352 0.363297
4353 0.320789
4354 0.349018
4355 0.344353
4356 0.352454
4357 0.397391
4358 0.367882
4359 0.38099
4360 0.354128
4361 0.323834
4362 0.354653
4363 0.363832
4364 0.339996
4365 0.340934
4366 0.35047
4367 0.371487
4368 0.324754
4369 0.354867
4370 0.370768
4371 0.374959
4372 0.343346
4373 0.365334
4374 0.328892
4375 0.339798
4376 0.338669
4377 0.322677
4378 0.339373
4379 0.358319
4380 0.330905
4381 0.344442
4382 0.338044
4383 0.339086
4384 0.356548
4385 0.36835
4386 0.40156
4387 0.366392
4388 0.360948
4389 0.331288
4390 0.35699
4391 0.355205
4392 0.333687
4393 0.349797
4394 0.322011
4395 0.343968
4396 0.332867
4397 0.371241
4398 0.352726
4399 0.338085
4400 0.347088
4401 0.338117
4402 0.334296
4403 0.357034
4404 0.360119
4405 0.372688
4406 0.332824
4407 0.325086
4408 0.335898
4409 0.394788
4410 0.348067
4411 0.397627
4412 0.353321
4413 0.325204
4414 0.354682
4415 0.330207
4416 0.377358
4417 0.325476
4418 0.338793
4419 0.363043
4420 0.317547
4421 0.374015
4422 0.317109
4423 0.360708
4424 0.366102
4425 0.319643
4426 0.342415
4427 0.330293
4428 0.362262
4429 0.365146
4430 0.358264
4431 0.314005
4432 0.343968
4433 0.388267
4434 0.38205
4435 0.369438
4436 0.331987
4437 0.353612
4438 0.322567
4439 0.345874
4440 0.346169
4441 0.328791
4442 0.362192
4443 0.362938
4444 0.350116
4445 0.336729
4446 0.342564
4447 0.422934
4448 0.343993
4449 0.357949
4450 0.322124
4451 0.350572
4452 0.360476
4453 0.350977
4454 0.417582
4455 0.401502
4456 0.334579
4457 0.366681
4458 0.329622
4459 0.327014
4460 0.388523
4461 0.341586
4462 0.377868
4463 0.320203
4464 0.332046
4465 0.348862
4466 0.308438
4467 0.363216
4468 0.331823
4469 0.377392
4470 0.330774
4471 0.350276
4472 0.327267
4473 0.322542
4474 0.359363
4475 0.37308
4476 0.349069
4477 0.356895
4478 0.329796
4479 0.328483
4480 0.36305
4481 0.341786
4482 0.34479
4483 0.347581
4484 0.336433
4485 0.340409
4486 0.341336
4487 0.333498
4488 0.364866
4489 0.333169
4490 0.349693
4491 0.372631
4492 0.362224
4493 0.328579
4494 0.358138
4495 0.381675
4496 0.378395
4497 0.367409
4498 0.322565
4499 0.352757
4500 0.349332
4501 0.359087
4502 0.321118
4503 0.34057
4504 0.359471
4505 0.327258
4506 0.349805
4507 0.321478
4508 0.369732
4509 0.329814
4510 0.34695
4511 0.371939
4512 0.30862
4513 0.342889
4514 0.331087
4515 0.345752
4516 0.427217
4517 0.340948
4518 0.367853
4519 0.383185
4520 0.352909
4521 0.377968
4522 0.378607
4523 0.337824
4524 0.357017
4525 0.375476
4526 0.382389
4527 0.363676
4528 0.348983
4529 0.374711
4530 0.33817
4531 0.312289
4532 0.350448
4533 0.328004
4534 0.326294
4535 0.335236
4536 0.341871
4537 0.376733
4538 0.334719
4539 0.350843
4540 0.344032
4541 0.349514
4542 0.345251
4543 0.41257
4544 0.328686
4545 0.335103
4546 0.346096
4547 0.357965
4548 0.366709
4549 0.367001
4550 0.339692
4551 0.315843
4552 0.356993
4553 0.354221
4554 0.349595
4555 0.442145
4556 0.376521
4557 0.364241
4558 0.36567
4559 0.358702
4560 0.321796
4561 0.335299
4562 0.36001
4563 0.32916
4564 0.342136
4565 0.342152
4566 0.330171
4567 0.363274
4568 0.327398
4569 0.331549
4570 0.356635
4571 0.336345
4572 0.41008
4573 0.356857
4574 0.305304
4575 0.372948
4576 0.309971
4577 0.322806
4578 0.330137
4579 0.372694
4580 0.331733
4581 0.353411
4582 0.3392
4583 0.342018
4584 0.378192
4585 0.332399
4586 0.315596
4587 0.347391
4588 0.364706
4589 0.324837
4590 0.327313
4591 0.355743
4592 0.338902
4593 0.334648
4594 0.345768
4595 0.391701
4596 0.314422
4597 0.339352
4598 0.376789
4599 0.321841
4600 0.34398
4601 0.299001
4602 0.329153
4603 0.355101
4604 0.3515
4605 0.330495
4606 0.351787
4607 0.369552
4608 0.332697
4609 0.378596
4610 0.344824
4611 0.305637
4612 0.338064
4613 0.376755
4614 0.325846
4615 0.373291
4616 0.36415
4617 0.360737
4618 0.350877
4619 0.370464
4620 0.347378
4621 0.315189
4622 0.3582
4623 0.332574
4624 0.31467
4625 0.351736
4626 0.319015
4627 0.327777
4628 0.322557
4629 0.306697
4630 0.40251
4631 0.353017
4632 0.342051
4633 0.302813
4634 0.394037
4635 0.3605
4636 0.331668
4637 0.363809
4638 0.310293
4639 0.320215
4640 0.371485
4641 0.388016
4642 0.355863
4643 0.323071
4644 0.36928
4645 0.316618
4646 0.303432
4647 0.330728
4648 0.402542
4649 0.357464
4650 0.34397
4651 0.333287
4652 0.346969
4653 0.337988
4654 0.340413
4655 0.383122
4656 0.326125
4657 0.328149
4658 0.347532
4659 0.330797
4660 0.343606
4661 0.357365
4662 0.324351
4663 0.339747
4664 0.313365
4665 0.311806
4666 0.330947
4667 0.347368
4668 0.346059
4669 0.328733
4670 0.327981
4671 0.357412
4672 0.31229
4673 0.326514
4674 0.357061
4675 0.32216
4676 0.362787
4677 0.312864
4678 0.307234
4679 0.337465
4680 0.378005
4681 0.368831
4682 0.317501
4683 0.346475
4684 0.314616
4685 0.325627
4686 0.310524
4687 0.315341
4688 0.336032
4689 0.334431
4690 0.334735
4691 0.349591
4692 0.314754
4693 0.333964
4694 0.325241
4695 0.351951
4696 0.36436
4697 0.32588
4698 0.395888
4699 0.320792
4700 0.326027
4701 0.375257
4702 0.309782
4703 0.32079
4704 0.319372
4705 0.30723
4706 0.327013
4707 0.319251
4708 0.299758
4709 0.296061
4710 0.337948
4711 0.326195
4712 0.313407
4713 0.303015
4714 0.439188
4715 0.423422
4716 0.365478
4717 0.359599
4718 0.338397
4719 0.327338
4720 0.328014
4721 0.370999
4722 0.338278
4723 0.315509
4724 0.339631
4725 0.330504
4726 0.339653
4727 0.362911
4728 0.333464
4729 0.341053
4730 0.370567
4731 0.322865
4732 0.319914
4733 0.360841
4734 0.336192
4735 0.343074
4736 0.3312
4737 0.325297
4738 0.355825
4739 0.349849
4740 0.42174
4741 0.332678
4742 0.332688
4743 0.305043
4744 0.335386
4745 0.377381
4746 0.34638
4747 0.328577
4748 0.359162
4749 0.34285
4750 0.338157
4751 0.330068
4752 0.322846
4753 0.29237
4754 0.331402
4755 0.347971
4756 0.439026
4757 0.301279
4758 0.316976
4759 0.313484
4760 0.358239
4761 0.334627
4762 0.348199
4763 0.313405
4764 0.324561
4765 0.319645
4766 0.313264
4767 0.361317
4768 0.342663
4769 0.351025
4770 0.34897
4771 0.303506
4772 0.309691
4773 0.323146
4774 0.312609
4775 0.32663
4776 0.322997
4777 0.316941
4778 0.336215
4779 0.318406
4780 0.324523
4781 0.337847
4782 0.31287
4783 0.362646
4784 0.339928
4785 0.360702
4786 0.353646
4787 0.309023
4788 0.352278
4789 0.30993
4790 0.351861
4791 0.323174
4792 0.365871
4793 0.307765
4794 0.320188
4795 0.32955
4796 0.333252
4797 0.327861
4798 0.327822
4799 0.327965
4800 0.334467
4801 0.338312
4802 0.330856
4803 0.339224
4804 0.322187
4805 0.323717
4806 0.328685
4807 0.340401
4808 0.308638
4809 0.339911
4810 0.331906
4811 0.32517
4812 0.30157
4813 0.352496
4814 0.337653
4815 0.35788
4816 0.303519
4817 0.310752
4818 0.332323
4819 0.323378
4820 0.322435
4821 0.313972
4822 0.345883
4823 0.312601
4824 0.312771
4825 0.341518
4826 0.330606
4827 0.324691
4828 0.31619
4829 0.292819
4830 0.328669
4831 0.324872
4832 0.324845
4833 0.342523
4834 0.344533
4835 0.329416
4836 0.314021
4837 0.323092
4838 0.336605
4839 0.320596
4840 0.330785
4841 0.321315
4842 0.310714
4843 0.318282
4844 0.310302
4845 0.352242
4846 0.305966
4847 0.331846
4848 0.318561
4849 0.344379
4850 0.315445
4851 0.310419
4852 0.312308
4853 0.356486
4854 0.319419
4855 0.293157
4856 0.310014
4857 0.326433
4858 0.292711
4859 0.327952
4860 0.350408
4861 0.373487
4862 0.299321
4863 0.366831
4864 0.333317
4865 0.317912
4866 0.330516
4867 0.298479
4868 0.321261
4869 0.331669
4870 0.332529
4871 0.311636
4872 0.302134
4873 0.336042
4874 0.300997
4875 0.305917
4876 0.385967
4877 0.336012
4878 0.321089
4879 0.304535
4880 0.323324
4881 0.291397
4882 0.323514
4883 0.359505
4884 0.40878
4885 0.347002
4886 0.334605
4887 0.315189
4888 0.326853
4889 0.343152
4890 0.325969
4891 0.339474
4892 0.308981
4893 0.332386
4894 0.351902
4895 0.288924
4896 0.313698
4897 0.30242
4898 0.333163
4899 0.301999
4900 0.354325
4901 0.315214
4902 0.316118
4903 0.319538
4904 0.355057
4905 0.324858
4906 0.318833
4907 0.321719
4908 0.31146
4909 0.331078
4910 0.326283
4911 0.336351
4912 0.334567
4913 0.328323
4914 0.31253
4915 0.340334
4916 0.317916
4917 0.309199
4918 0.318957
4919 0.307202
4920 0.328666
4921 0.32854
4922 0.330682
4923 0.342265
4924 0.324144
4925 0.324992
4926 0.318078
4927 0.308684
4928 0.322156
4929 0.359829
4930 0.317251
4931 0.314457
4932 0.319455
4933 0.332899
4934 0.308992
4935 0.30029
4936 0.345341
4937 0.328462
4938 0.317951
4939 0.304318
4940 0.321694
4941 0.303055
4942 0.364649
4943 0.293509
4944 0.290653
4945 0.366825
4946 0.298984
4947 0.388388
4948 0.364314
4949 0.327408
4950 0.34099
4951 0.324027
4952 0.339659
4953 0.33448
4954 0.329219
4955 0.319413
4956 0.340685
4957 0.316169
4958 0.361054
4959 0.342403
4960 0.283449
4961 0.333649
4962 0.311751
4963 0.325824
4964 0.305512
4965 0.312667
4966 0.339495
4967 0.289833
4968 0.371844
4969 0.347068
4970 0.309786
4971 0.33182
4972 0.372659
4973 0.304359
4974 0.3161
4975 0.324224
4976 0.339896
4977 0.330464
4978 0.345257
4979 0.297533
4980 0.317929
4981 0.291696
4982 0.349619
4983 0.370091
4984 0.351899
4985 0.311451
4986 0.3286
4987 0.337019
4988 0.314231
4989 0.329559
4990 0.30929
4991 0.334662
4992 0.3261
4993 0.325538
4994 0.311079
4995 0.293831
4996 0.32697
4997 0.332192
4998 0.319745
4999 0.37637
5000 0.313212
