0 4.94655
1 3.79344
2 3.48333
3 3.46672
4 3.59986
5 3.34563
6 3.32738
7 3.26971
8 3.02199
9 3.10936
10 3.06404
11 3.09874
12 2.93516
13 2.86338
14 2.99408
15 3.03999
16 2.94277
17 3.00761
18 2.73156
19 2.90943
20 2.70928
21 2.71885
22 2.78899
23 2.74039
24 2.58684
25 2.71213
26 2.69777
27 2.36662
28 2.59383
29 2.6575
30 2.54272
31 2.32926
32 2.43364
33 2.45235
34 2.42867
35 2.41975
36 2.29352
37 2.25265
38 2.09356
39 2.28978
40 2.34804
41 2.18884
42 2.10998
43 2.19899
44 2.24497
45 2.12797
46 2.13208
47 2.05264
48 2.25543
49 2.1833
50 2.14976
51 2.30836
52 2.25074
53 2.28728
54 2.18103
55 2.0685
56 2.1135
57 2.12729
58 2.11692
59 2.17698
60 2.1409
61 2.11596
62 2.11053
63 2.14482
64 1.97018
65 1.91195
66 1.75656
67 2.03018
68 2.14034
69 2.13652
70 2.14879
71 2.00409
72 1.95404
73 1.98827
74 2.03123
75 2.35404
76 2.21541
77 1.92399
78 1.88577
79 1.9502
80 1.79606
81 1.94825
82 1.94385
83 2.0319
84 2.15796
85 1.90113
86 2.04161
87 1.80751
88 1.87646
89 1.84765
90 1.83565
91 1.87374
92 2.05339
93 1.86711
94 1.92119
95 1.77896
96 1.92849
97 1.90374
98 2.0885
99 1.96659
100 1.91618
101 1.7591
102 1.75077
103 1.76746
104 1.8731
105 1.7249
106 1.86253
107 1.66932
108 1.62827
109 1.83031
110 1.92135
111 1.81304
112 1.73497
113 1.74442
114 1.56746
115 1.70417
116 1.87315
117 1.93879
118 1.81951
119 1.82293
120 1.6248
121 1.68444
122 1.80135
123 1.8087
124 1.87994
125 1.7689
126 1.65707
127 1.68581
128 1.74545
129 1.75405
130 1.75279
131 1.44334
132 1.57989
133 1.88873
134 1.76889
135 1.56433
136 2.08375
137 1.8959
138 1.62569
139 1.61269
140 1.57981
141 1.69923
142 1.61641
143 1.62002
144 1.61578
145 1.70213
146 1.79399
147 1.78426
148 1.71307
149 1.62014
150 1.72297
151 1.60016
152 1.82895
153 1.73203
154 1.90019
155 1.72417
156 1.60257
157 1.67064
158 1.68422
159 1.5193
160 1.57338
161 1.57224
162 1.67089
163 1.68629
164 1.63354
165 1.65051
166 1.66041
167 1.7931
168 1.77547
169 1.78731
170 1.67272
171 1.57624
172 1.67459
173 1.77587
174 1.60797
175 1.74792
176 1.48589
177 1.66992
178 1.72846
179 1.40674
180 1.45183
181 1.49105
182 1.75006
183 1.55088
184 1.75776
185 1.60332
186 1.48979
187 1.54516
188 1.81883
189 1.57532
190 1.54375
191 1.62629
192 1.60113
193 1.76017
194 1.8015
195 1.73971
196 1.84132
197 1.56483
198 1.62531
199 1.67773
200 1.81071
201 1.63051
202 1.66759
203 1.5529
204 1.66615
205 1.76887
206 1.72752
207 1.60179
208 1.9142
209 1.581
210 1.62065
211 1.54272
212 1.69481
213 1.84807
214 1.86023
215 1.54045
216 1.60988
217 1.57515
218 1.60679
219 1.77633
220 1.53902
221 1.6166
222 1.57683
223 1.50257
224 1.58901
225 1.35403
226 1.57963
227 1.4316
228 1.47765
229 1.55552
230 1.58872
231 1.59807
232 1.65012
233 1.68923
234 1.49443
235 1.607
236 1.48966
237 1.46044
238 1.56267
239 1.57288
240 1.4658
241 1.57858
242 1.86512
243 1.54949
244 1.41313
245 1.65305
246 1.52783
247 1.34962
248 1.46715
249 1.51484
250 1.5081
251 1.5389
252 1.76259
253 1.76786
254 1.6338
255 1.48416
256 1.53684
257 1.5056
258 1.58076
259 1.55781
260 1.50077
261 1.48245
262 1.69177
263 1.45298
264 1.37716
265 1.49734
266 1.41729
267 1.51543
268 1.89081
269 1.51692
270 1.61413
271 1.69875
272 1.73761
273 1.55754
274 1.50151
275 1.57286
276 1.49065
277 1.64345
278 1.63923
279 1.44047
280 1.42058
281 1.55869
282 1.46708
283 1.66747
284 1.76208
285 1.61279
286 1.53647
287 1.59072
288 1.46799
289 1.62846
290 1.6
291 1.71095
292 1.63151
293 1.43552
294 1.50987
295 1.53233
296 1.69724
297 1.5706
298 1.43225
299 1.3022
300 1.34619
301 1.39564
302 1.40849
303 1.62099
304 1.48907
305 1.59343
306 1.63438
307 1.66572
308 1.35615
309 1.32351
310 1.51991
311 1.64003
312 1.5931
313 1.58016
314 1.42833
315 1.55962
316 1.65066
317 1.53554
318 1.6374
319 1.60072
320 1.61196
321 1.55436
322 1.6751
323 1.62761
324 1.36243
325 1.51254
326 1.30856
327 1.4798
328 1.37283
329 1.4545
330 1.68696
331 1.49773
332 1.60572
333 1.49264
334 1.37797
335 1.63642
336 1.26691
337 1.30066
338 1.58474
339 1.31462
340 1.43994
341 1.36717
342 1.32681
343 1.70201
344 1.54396
345 1.625
346 1.34128
347 1.83749
348 1.65453
349 1.39221
350 1.65671
351 1.55073
352 1.4709
353 1.44124
354 1.78324
355 1.45839
356 1.56436
357 1.49231
358 1.36967
359 1.34956
360 1.56987
361 1.5302
362 1.31865
363 1.37913
364 1.42932
365 1.5102
366 1.41429
367 1.53646
368 1.67726
369 1.57627
370 1.32257
371 1.23743
372 1.54999
373 1.50463
374 1.71297
375 1.5316
376 1.42551
377 1.38274
378 1.37884
379 1.57014
380 1.37318
381 1.43213
382 1.55656
383 1.524
384 1.41786
385 1.40259
386 1.35091
387 1.40709
388 1.30792
389 1.59457
390 1.55876
391 1.33186
392 1.34594
393 1.40438
394 1.42637
395 1.3478
396 1.41622
397 1.33153
398 1.21742
399 1.34889
400 1.54781
401 1.39375
402 1.43818
403 1.43941
404 1.35408
405 1.32159
406 1.48614
407 1.31864
408 1.46119
409 1.42197
410 1.42491
411 1.53564
412 1.33703
413 1.43318
414 1.34186
415 1.15747
416 1.27428
417 1.31176
418 1.29377
419 1.30434
420 1.36795
421 1.15861
422 1.17551
423 1.22897
424 1.63766
425 1.21974
426 1.22309
427 1.52452
428 1.12482
429 1.55555
430 1.3271
431 1.46975
432 1.37133
433 1.35872
434 1.34697
435 1.3924
436 1.20776
437 1.29448
438 1.39202
439 1.37132
440 1.32341
441 1.3751
442 1.39628
443 1.58861
444 1.51242
445 1.4326
446 1.64784
447 1.39586
448 1.40362
449 1.37654
450 1.50169
451 1.48932
452 1.41762
453 1.52854
454 1.44181
455 1.45411
456 1.31055
457 1.72419
458 1.63351
459 1.4876
460 1.30298
461 1.4162
462 1.49979
463 1.45516
464 1.41739
465 1.37293
466 1.30983
467 1.29658
468 1.35012
469 1.64118
470 1.28031
471 1.23502
472 1.26604
473 1.51999
474 1.2685
475 1.30275
476 1.38755
477 1.40213
478 1.28332
479 1.39772
480 1.64375
481 1.47358
482 1.40953
483 1.31469
484 1.34959
485 1.3672
486 1.40351
487 1.59109
488 1.64996
489 1.39572
490 1.37346
491 1.6597
492 1.40043
493 1.37145
494 1.28395
495 1.25301
496 1.63078
497 1.45267
498 1.57907
499 1.50959
500 1.42309
501 1.5375
502 1.43687
503 1.61583
504 1.77589
505 1.54133
506 1.38693
507 1.43391
508 1.43503
509 1.3357
510 1.42219
511 1.30284
512 1.55456
513 1.48382
514 1.71205
515 1.33825
516 1.35984
517 1.25117
518 1.36994
519 1.42905
520 1.44019
521 1.43588
522 1.45425
523 1.38016
524 1.43982
525 1.35165
526 1.6068
527 1.57547
528 1.44609
529 1.38244
530 1.31079
531 1.36264
532 1.36978
533 1.35421
534 1.3993
535 1.45224
536 1.31251
537 1.22458
538 1.42748
539 1.3789
540 1.43992
541 1.39063
542 1.29719
543 1.17093
544 1.32472
545 1.42066
546 1.528
547 1.40812
548 1.36598
549 1.30013
550 1.39842
551 1.43896
552 1.5688
553 1.6125
554 1.41877
555 1.24663
556 1.37438
557 1.32421
558 1.33714
559 1.28321
560 1.25833
561 1.34097
562 1.51205
563 1.50462
564 1.29776
565 1.83532
566 1.47448
567 1.41931
568 1.19707
569 1.42523
570 1.46106
571 1.29904
572 1.3388
573 1.31613
574 1.3745
575 1.35748
576 1.54206
577 1.36237
578 1.34357
579 1.40607
580 1.3616
581 1.48858
582 1.4249
583 1.48479
584 1.45517
585 1.2194
586 1.37451
587 1.40933
588 1.2498
589 1.28922
590 1.33456
591 1.46252
592 1.31709
593 1.27429
594 1.26727
595 1.58085
596 1.46141
597 1.52346
598 1.48434
599 1.40767
600 1.31972
601 1.50289
602 1.44272
603 1.39239
604 1.39661
605 1.27695
606 1.42255
607 1.30389
608 1.26468
609 1.36651
610 1.23974
611 1.57167
612 1.28907
613 1.48917
614 1.28844
615 1.23866
616 1.41082
617 1.60968
618 1.33444
619 1.43886
620 1.33536
621 1.44524
622 1.43268
623 1.64733
624 1.42545
625 1.50933
626 1.29022
627 1.42434
628 1.4737
629 1.48787
630 1.37742
631 1.3311
632 1.41468
633 1.39893
634 1.67522
635 1.43473
636 1.41165
637 1.67363
638 1.37125
639 1.44534
640 1.46584
641 1.38934
642 1.56821
643 1.49023
644 1.41698
645 1.44658
646 1.24945
647 1.39308
648 1.32435
649 1.40107
650 1.46792
651 1.39256
652 1.36439
653 1.31356
654 1.16183
655 1.27341
656 1.21392
657 1.30947
658 1.44302
659 1.42358
660 1.39822
661 1.50544
662 1.25784
663 1.44471
664 1.42663
665 1.29724
666 1.44242
667 1.33058
668 1.34752
669 1.34215
670 1.43642
671 1.43246
672 1.32473
673 1.25097
674 1.49728
675 1.25608
676 1.29073
677 1.31086
678 1.21793
679 1.34156
680 1.4522
681 1.67016
682 1.46761
683 1.42169
684 1.35791
685 1.40852
686 1.3432
687 1.29493
688 1.39976
689 1.30283
690 1.30125
691 1.47726
692 1.22893
693 1.15514
694 1.34871
695 1.26393
696 1.48366
697 1.62204
698 1.35009
699 1.48253
700 1.51687
701 1.45522
702 1.32823
703 1.36045
704 1.33949
705 1.3891
706 1.33183
707 1.35235
708 1.27037
709 1.30239
710 1.41835
711 1.28868
712 1.56321
713 1.55859
714 1.36354
715 1.37163
716 1.30562
717 1.42783
718 1.43508
719 1.56601
720 1.51277
721 1.66026
722 1.22987
723 1.38012
724 1.3833
725 1.52884
726 1.36403
727 1.29225
728 1.24804
729 1.25285
730 1.28048
731 1.36309
732 1.37701
733 1.35888
734 1.36518
735 1.46815
736 1.47757
737 1.21499
738 1.26556
739 1.30151
740 1.54362
741 1.42932
742 1.43651
743 1.2736
744 1.42959
745 1.42025
746 1.31876
747 1.52501
748 1.46511
749 1.49109
750 1.35697
751 1.59418
752 1.39015
753 1.30327
754 1.38726
755 1.30693
756 1.3141
757 1.30402
758 1.48541
759 1.42228
760 1.33389
761 1.44309
762 1.47776
763 1.26272
764 1.41746
765 1.30103
766 1.19046
767 1.42669
768 1.23901
769 1.34569
770 1.19722
771 1.40327
772 1.64175
773 1.41276
774 1.41973
775 1.21942
776 1.79203
777 1.44517
778 1.31533
779 1.45001
780 1.38102
781 1.30414
782 1.52867
783 1.62761
784 1.44802
785 1.42287
786 1.26816
787 1.20431
788 1.20864
789 1.4095
790 1.39585
791 1.22347
792 1.27174
793 1.28329
794 1.27955
795 1.38496
796 1.43272
797 1.50487
798 1.42895
799 1.21337
800 1.21654
801 1.4384
802 1.51824
803 1.65366
804 1.30059
805 1.36594
806 1.22279
807 1.24168
808 1.38483
809 1.20786
810 1.33867
811 1.42989
812 1.36437
813 1.27486
814 1.26652
815 1.323
816 1.31457
817 1.17547
818 1.49584
819 1.37133
820 1.26517
821 1.28396
822 1.25794
823 1.23712
824 1.20652
825 1.28583
826 1.32821
827 1.2133
828 1.31331
829 1.26065
830 1.44702
831 1.24428
832 1.30023
833 1.28761
834 1.19262
835 1.27921
836 1.27901
837 1.40083
838 1.34675
839 1.32543
840 1.55235
841 1.20431
842 1.26695
843 1.2339
844 1.08161
845 1.15317
846 1.27685
847 1.17101
848 1.18894
849 1.23588
850 1.11294
851 1.09157
852 1.37699
853 1.40777
854 1.20382
855 1.15023
856 1.48885
857 1.21881
858 1.41068
859 1.31573
860 1.26941
861 1.21344
862 1.35283
863 1.28766
864 1.30717
865 1.13876
866 1.14529
867 1.35441
868 1.26113
869 1.18278
870 1.26799
871 1.38365
872 1.38371
873 1.33046
874 1.39945
875 1.4079
876 1.2728
877 1.35871
878 1.23583
879 1.43791
880 1.35392
881 1.32567
882 1.40687
883 1.28789
884 1.45654
885 1.22169
886 1.7816
887 1.53529
888 1.28915
889 1.2279
890 1.35724
891 1.42477
892 1.342
893 1.25082
894 1.27942
895 1.18451
896 1.33938
897 1.2183
898 1.5906
899 1.19051
900 1.1074
901 1.1982
902 1.39812
903 1.20118
904 1.38486
905 1.31224
906 1.18697
907 1.31648
908 1.5707
909 1.54603
910 1.35611
911 1.23996
912 1.21969
913 1.39366
914 1.31505
915 1.43031
916 1.5434
917 1.34282
918 1.30608
919 1.49962
920 1.57503
921 1.33871
922 1.2524
923 1.29132
924 1.21515
925 1.46988
926 1.30705
927 1.42954
928 1.41048
929 1.3639
930 1.56161
931 1.41814
932 1.39775
933 1.68276
934 1.39282
935 1.16912
936 1.42315
937 1.222
938 1.37474
939 1.25924
940 1.20691
941 1.49017
942 1.46612
943 1.45159
944 1.26672
945 1.17018
946 1.23002
947 1.35666
948 1.33401
949 1.44326
950 1.36528
951 1.30928
952 1.38141
953 1.20896
954 1.33197
955 1.50314
956 1.37469
957 1.42047
958 1.30098
959 1.21844
960 1.18908
961 1.20914
962 1.49411
963 1.32965
964 1.31697
965 1.20982
966 1.22405
967 1.24719
968 1.36034
969 1.24222
970 1.35979
971 1.23978
972 1.12896
973 1.36527
974 1.46075
975 1.39066
976 1.27749
977 1.20483
978 1.28349
979 1.3513
980 1.44968
981 1.446
982 1.42675
983 1.34706
984 1.14018
985 1.25518
986 1.21964
987 1.27633
988 1.18655
989 1.23771
990 1.30994
991 1.54845
992 1.2557
993 1.23136
994 1.63165
995 1.31832
996 1.24913
997 1.14584
998 1.3981
999 1.30625
1000 1.21447
1001 1.35443
1002 1.27495
1003 1.31664
1004 1.31162
1005 1.25685
1006 1.29114
1007 1.39422
1008 1.23444
1009 1.45149
1010 1.38531
1011 1.38087
1012 1.36461
1013 1.3465
1014 1.20667
1015 1.27032
1016 1.26889
1017 1.22947
1018 1.25416
1019 1.4118
1020 1.20651
1021 1.21673
1022 1.17323
1023 1.27887
1024 1.44716
1025 1.41999
1026 1.45639
1027 1.34923
1028 1.37776
1029 1.19144
1030 1.42539
1031 1.32885
1032 1.36337
1033 1.25301
1034 1.35609
1035 1.38515
1036 1.25424
1037 1.13874
1038 1.33076
1039 1.38297
1040 1.32115
1041 1.38473
1042 1.3259
1043 1.22809
1044 1.25738
1045 1.37362
1046 1.40041
1047 1.31432
1048 1.26059
1049 1.26915
1050 1.39479
1051 1.44934
1052 1.49578
1053 1.41951
1054 1.29834
1055 1.35204
1056 1.42912
1057 1.38166
1058 1.34633
1059 1.38102
1060 1.22545
1061 1.45951
1062 1.50898
1063 1.47121
1064 1.31639
1065 1.36108
1066 1.41522
1067 1.34434
1068 1.34349
1069 1.44151
1070 1.31182
1071 1.41188
1072 1.33405
1073 1.29271
1074 1.33441
1075 1.31116
1076 1.36121
1077 1.29613
1078 1.36884
1079 1.30294
1080 1.30982
1081 1.19011
1082 1.28714
1083 1.11651
1084 1.29011
1085 1.12898
1086 1.21257
1087 1.40467
1088 1.35804
1089 1.41966
1090 1.44602
1091 1.21997
1092 1.25313
1093 1.30095
1094 1.25657
1095 1.38045
1096 1.2699
1097 1.25266
1098 1.24421
1099 1.40414
1100 1.36463
1101 1.15015
1102 1.33719
1103 1.29452
1104 1.20696
1105 1.25433
1106 1.26991
1107 1.26347
1108 1.31012
1109 1.40695
1110 1.59425
1111 1.48386
1112 1.35829
1113 1.36103
1114 1.24132
1115 1.28914
1116 1.21135
1117 1.30918
1118 1.24673
1119 1.42546
1120 1.17082
1121 1.24122
1122 1.24756
1123 1.21718
1124 1.24505
1125 1.60387
1126 1.40552
1127 1.23775
1128 1.35843
1129 1.45402
1130 1.39193
1131 1.2203
1132 1.3432
1133 1.27747
1134 1.34157
1135 1.27866
1136 1.29797
1137 1.21308
1138 1.27861
1139 1.28422
1140 1.33157
1141 1.45476
1142 1.37407
1143 1.33475
1144 1.3116
1145 1.27354
1146 1.36919
1147 1.37548
1148 1.32259
1149 1.48995
1150 1.47839
1151 1.30151
1152 1.27549
1153 1.43318
1154 1.34692
1155 1.325
1156 1.2313
1157 1.20206
1158 1.28887
1159 1.28429
1160 1.30424
1161 1.40024
1162 1.2114
1163 1.33878
1164 1.43554
1165 1.35324
1166 1.18623
1167 1.22921
1168 1.42879
1169 1.28842
1170 1.49291
1171 1.26355
1172 1.17056
1173 1.5469
1174 1.27357
1175 1.20503
1176 1.50388
1177 1.36342
1178 1.40108
1179 1.42093
1180 1.48973
1181 1.29899
1182 1.25747
1183 1.24297
1184 1.25076
1185 1.2455
1186 1.24608
1187 1.47377
1188 1.3509
1189 1.21231
1190 1.46474
1191 1.2895
1192 1.37734
1193 1.2328
1194 1.17424
1195 1.25663
1196 1.31364
1197 1.26658
1198 1.24956
1199 1.1567
1200 1.37962
1201 1.51921
1202 1.35623
1203 1.17352
1204 1.29983
1205 1.66599
1206 1.3926
1207 1.26705
1208 1.45149
1209 1.29391
1210 1.45242
1211 1.48003
1212 1.4703
1213 1.34572
1214 1.31353
1215 1.24256
1216 1.18145
1217 1.25228
1218 1.32972
1219 1.22224
1220 1.2026
1221 1.18946
1222 1.35728
1223 1.17177
1224 1.40919
1225 1.49478
1226 1.36961
1227 1.25527
1228 1.17909
1229 1.22812
1230 1.41446
1231 1.52341
1232 1.42317
1233 1.23575
1234 1.20543
1235 1.105
1236 1.38004
1237 1.27948
1238 1.22852
1239 1.3463
1240 1.52586
1241 1.22317
1242 1.14983
1243 1.24007
1244 1.33804
1245 1.16616
1246 1.24416
1247 1.49921
1248 1.2242
1249 1.2234
1250 1.2186
1251 1.21954
1252 1.24195
1253 1.33765
1254 1.2026
1255 1.19718
1256 1.1848
1257 1.27663
1258 1.28987
1259 1.29267
1260 1.27581
1261 1.1354
1262 1.19554
1263 1.29272
1264 1.2234
1265 1.20068
1266 1.30814
1267 1.25647
1268 1.28088
1269 1.35387
1270 1.21257
1271 1.23082
1272 1.14727
1273 1.07306
1274 1.15636
1275 1.16235
1276 1.18361
1277 1.23812
1278 1.06064
1279 1.04298
1280 1.09842
1281 1.30304
1282 1.30957
1283 1.06043
1284 1.37202
1285 1.13583
1286 1.24813
1287 1.29484
1288 1.30525
1289 1.17857
1290 1.23134
1291 1.3084
1292 1.22759
1293 1.15373
1294 1.18314
1295 1.25103
1296 1.21823
1297 1.25184
1298 1.21036
1299 1.23638
1300 1.50853
1301 1.42615
1302 1.19913
1303 1.40945
1304 1.24283
1305 1.30699
1306 1.26523
1307 1.2004
1308 1.35761
1309 1.29202
1310 1.2359
1311 1.41682
1312 1.24946
1313 1.35203
1314 1.28137
1315 1.50076
1316 1.60805
1317 1.1115
1318 1.22852
1319 1.33826
1320 1.40951
1321 1.31076
1322 1.15554
1323 1.28189
1324 1.19292
1325 1.25575
1326 1.37565
1327 1.24433
1328 1.11367
1329 1.09213
1330 1.30206
1331 1.24711
1332 1.17413
1333 1.24517
1334 1.32913
1335 1.19766
1336 1.19664
1337 1.47449
1338 1.44661
1339 1.25764
1340 1.27058
1341 1.26697
1342 1.30095
1343 1.25659
1344 1.34114
1345 1.52761
1346 1.37674
1347 1.23124
1348 1.44539
1349 1.3889
1350 1.19922
1351 1.23667
1352 1.21656
1353 1.25673
1354 1.32065
1355 1.29122
1356 1.42122
1357 1.43362
1358 1.33119
1359 1.38071
1360 1.39164
1361 1.44077
1362 1.53726
1363 1.30992
1364 1.10842
1365 1.40819
1366 1.16387
1367 1.2439
1368 1.28504
1369 1.23393
1370 1.44658
1371 1.37525
1372 1.41133
1373 1.21627
1374 1.21757
1375 1.21616
1376 1.29189
1377 1.40379
1378 1.33252
1379 1.28663
1380 1.23493
1381 1.26994
1382 1.19775
1383 1.33803
1384 1.45408
1385 1.41238
1386 1.33411
1387 1.21594
1388 1.16974
1389 1.18644
1390 1.29061
1391 1.28691
1392 1.28897
1393 1.23393
1394 1.18883
1395 1.19176
1396 1.31534
1397 1.30251
1398 1.26332
1399 1.3556
1400 1.16528
1401 1.25612
1402 1.24856
1403 1.29144
1404 1.34656
1405 1.23576
1406 1.13984
1407 1.22782
1408 1.35353
1409 1.32734
1410 1.45122
1411 1.33893
1412 1.27431
1413 1.16761
1414 1.16796
1415 1.3235
1416 1.21322
1417 1.10265
1418 1.2579
1419 1.25052
1420 1.38641
1421 1.16999
1422 1.48915
1423 1.58855
1424 1.28029
1425 1.1917
1426 1.13014
1427 1.31871
1428 1.24306
1429 1.18756
1430 1.28285
1431 1.26396
1432 1.33888
1433 1.3156
1434 1.30213
1435 1.19157
1436 1.39271
1437 1.1633
1438 1.37861
1439 1.39658
1440 1.36939
1441 1.31737
1442 1.18772
1443 1.23045
1444 1.33147
1445 1.11329
1446 1.29218
1447 1.21634
1448 1.3135
1449 1.2023
1450 1.1635
1451 1.20276
1452 1.28188
1453 1.49532
1454 1.40369
1455 1.50951
1456 1.28213
1457 1.24099
1458 1.21593
1459 1.4556
1460 1.24397
1461 1.28037
1462 1.21629
1463 1.23111
1464 1.33445
1465 1.16304
1466 1.22353
1467 1.25469
1468 1.39163
1469 1.26305
1470 1.40834
1471 1.23534
1472 1.13108
1473 1.25033
1474 1.36254
1475 1.26705
1476 1.27253
1477 1.17565
1478 1.23524
1479 1.30156
1480 1.41223
1481 1.36225
1482 1.35986
1483 1.27307
1484 1.23373
1485 1.35686
1486 1.39542
1487 1.28149
1488 1.33099
1489 1.22314
1490 1.43829
1491 1.506
1492 1.36215
1493 1.2414
1494 1.44215
1495 1.25821
1496 1.3143
1497 1.32504
1498 1.35269
1499 1.30898
1500 1.40129
1501 1.15619
1502 1.26929
1503 1.30102
1504 1.20859
1505 1.36558
1506 1.20173
1507 1.33117
1508 1.3171
1509 1.28248
1510 1.23181
1511 1.07262
1512 1.15757
1513 1.16671
1514 1.12689
1515 1.2802
1516 1.36993
1517 1.30862
1518 1.27818
1519 1.37001
1520 1.19095
1521 1.22835
1522 1.2965
1523 1.18018
1524 1.24188
1525 1.29388
1526 1.13589
1527 1.25157
1528 1.43257
1529 1.29665
1530 1.15963
1531 1.33047
1532 1.2045
1533 1.12881
1534 1.29951
1535 1.21369
1536 1.33969
1537 1.29984
1538 1.46724
1539 1.53277
1540 1.32297
1541 1.31311
1542 1.31787
1543 1.22266
1544 1.2393
1545 1.25334
1546 1.27433
1547 1.27355
1548 1.34714
1549 1.23585
1550 1.11907
1551 1.1998
1552 1.11235
1553 1.24414
1554 1.53799
1555 1.31695
1556 1.26228
1557 1.36508
1558 1.33186
1559 1.28989
1560 1.23332
1561 1.24298
1562 1.17465
1563 1.30045
1564 1.30239
1565 1.28093
1566 1.12136
1567 1.29643
1568 1.21511
1569 1.40564
1570 1.42229
1571 1.32186
1572 1.20974
1573 1.27448
1574 1.23529
1575 1.35555
1576 1.46443
1577 1.40119
1578 1.36797
1579 1.28009
1580 1.24336
1581 1.34238
1582 1.47349
1583 1.3654
1584 1.28367
1585 1.10089
1586 1.10606
1587 1.20978
1588 1.1901
1589 1.29227
1590 1.25936
1591 1.25684
1592 1.27946
1593 1.37583
1594 1.30212
1595 1.13317
1596 1.18023
1597 1.3824
1598 1.37727
1599 1.32954
1600 1.25971
1601 1.1768
1602 1.41164
1603 1.24936
1604 1.2721
1605 1.36998
1606 1.36462
1607 1.3024
1608 1.42767
1609 1.37425
1610 1.18993
1611 1.19757
1612 1.22351
1613 1.20807
1614 1.24523
1615 1.24405
1616 1.49144
1617 1.31015
1618 1.33107
1619 1.22662
1620 1.22272
1621 1.42772
1622 1.24023
1623 1.08363
1624 1.32779
1625 1.18001
1626 1.23394
1627 1.19334
1628 1.17332
1629 1.49892
1630 1.34164
1631 1.30916
1632 1.12482
1633 1.42372
1634 1.47869
1635 1.2664
1636 1.34215
1637 1.31696
1638 1.24262
1639 1.38392
1640 1.61921
1641 1.2194
1642 1.42534
1643 1.24612
1644 1.17034
1645 1.13608
1646 1.30346
1647 1.29364
1648 1.15543
1649 1.18617
1650 1.18732
1651 1.22968
1652 1.22681
1653 1.33522
1654 1.4501
1655 1.29004
1656 1.26304
1657 1.09906
1658 1.23318
1659 1.29453
1660 1.61748
1661 1.31516
1662 1.23232
1663 1.15328
1664 1.18507
1665 1.27957
1666 1.2242
1667 1.23224
1668 1.29063
1669 1.31102
1670 1.22139
1671 1.19929
1672 1.20685
1673 1.22986
1674 1.17547
1675 1.29192
1676 1.36458
1677 1.14014
1678 1.19472
1679 1.22907
1680 1.17892
1681 1.19246
1682 1.22455
1683 1.18892
1684 1.11031
1685 1.16168
1686 1.32062
1687 1.21038
1688 1.32373
1689 1.2911
1690 1.16467
1691 1.16557
1692 1.26498
1693 1.12909
1694 1.30106
1695 1.17673
1696 1.25104
1697 1.40846
1698 1.28736
1699 1.17725
1700 1.2243
1701 1.0544
1702 1.12063
1703 1.20165
1704 1.10441
1705 1.16554
1706 1.23509
1707 1.01053
1708 1.04856
1709 1.15176
1710 1.3517
1711 1.12389
1712 1.06348
1713 1.46776
1714 1.01648
1715 1.36881
1716 1.16259
1717 1.30938
1718 1.14649
1719 1.22681
1720 1.25499
1721 1.21724
1722 1.13978
1723 1.18073
1724 1.16168
1725 1.2147
1726 1.16525
1727 1.22025
1728 1.28163
1729 1.37517
1730 1.27542
1731 1.29712
1732 1.39745
1733 1.22108
1734 1.23351
1735 1.23156
1736 1.28555
1737 1.29524
1738 1.21191
1739 1.40874
1740 1.22213
1741 1.22636
1742 1.20694
1743 1.50151
1744 1.37887
1745 1.38795
1746 1.19688
1747 1.20318
1748 1.28643
1749 1.45554
1750 1.27823
1751 1.14857
1752 1.26748
1753 1.10684
1754 1.25016
1755 1.42154
1756 1.19398
1757 1.14493
1758 1.14
1759 1.31597
1760 1.12954
1761 1.28375
1762 1.131
1763 1.23412
1764 1.15213
1765 1.22108
1766 1.48723
1767 1.42956
1768 1.2323
1769 1.24767
1770 1.23268
1771 1.22545
1772 1.27099
1773 1.3062
1774 1.51747
1775 1.25109
1776 1.21921
1777 1.48768
1778 1.33595
1779 1.11325
1780 1.2049
1781 1.1211
1782 1.36165
1783 1.28895
1784 1.3115
1785 1.31638
1786 1.32722
1787 1.42426
1788 1.21114
1789 1.44161
1790 1.58185
1791 1.43437
1792 1.22758
1793 1.21854
1794 1.2427
1795 1.1899
1796 1.23337
1797 1.19631
1798 1.37041
1799 1.26992
1800 1.41582
1801 1.20746
1802 1.21654
1803 1.11382
1804 1.26842
1805 1.31537
1806 1.33581
1807 1.24425
1808 1.36697
1809 1.32486
1810 1.18441
1811 1.25248
1812 1.38916
1813 1.37008
1814 1.26536
1815 1.23995
1816 1.18174
1817 1.14356
1818 1.15817
1819 1.19306
1820 1.31347
1821 1.21839
1822 1.25198
1823 1.12596
1824 1.19277
1825 1.20774
1826 1.24069
1827 1.22123
1828 1.30511
1829 1.07464
1830 1.23804
1831 1.2726
1832 1.34435
1833 1.25934
1834 1.1995
1835 1.08481
1836 1.24273
1837 1.39862
1838 1.30897
1839 1.39463
1840 1.21192
1841 1.20912
1842 1.21802
1843 1.23312
1844 1.23602
1845 1.12683
1846 1.11922
1847 1.1428
1848 1.3004
1849 1.31404
1850 1.13245
1851 1.51327
1852 1.34776
1853 1.22737
1854 1.12661
1855 1.14371
1856 1.27872
1857 1.16873
1858 1.28108
1859 1.27715
1860 1.33362
1861 1.24645
1862 1.30122
1863 1.17557
1864 1.2999
1865 1.30366
1866 1.22665
1867 1.39009
1868 1.33446
1869 1.35637
1870 1.32832
1871 1.19118
1872 1.20367
1873 1.21189
1874 1.19083
1875 1.18758
1876 1.20711
1877 1.23734
1878 1.16878
1879 1.19611
1880 1.15552
1881 1.43822
1882 1.31686
1883 1.36416
1884 1.44441
1885 1.16287
1886 1.15354
1887 1.33861
1888 1.35305
1889 1.20416
1890 1.26091
1891 1.22537
1892 1.29398
1893 1.21874
1894 1.13479
1895 1.17916
1896 1.122
1897 1.43268
1898 1.26975
1899 1.34342
1900 1.17827
1901 1.14959
1902 1.25806
1903 1.36745
1904 1.25114
1905 1.2211
1906 1.17395
1907 1.32343
1908 1.20254
1909 1.43316
1910 1.22242
1911 1.3698
1912 1.18932
1913 1.27364
1914 1.34279
1915 1.40336
1916 1.31196
1917 1.25902
1918 1.33052
1919 1.25208
1920 1.48572
1921 1.32343
1922 1.23807
1923 1.41361
1924 1.29011
1925 1.32841
1926 1.28317
1927 1.26122
1928 1.38484
1929 1.25121
1930 1.21316
1931 1.27112
1932 1.3129
1933 1.20117
1934 1.21243
1935 1.22456
1936 1.30755
1937 1.18994
1938 1.2115
1939 1.21128
1940 1.07849
1941 1.1919
1942 1.12609
1943 1.11524
1944 1.24325
1945 1.33623
1946 1.28452
1947 1.33341
1948 1.19706
1949 1.16679
1950 1.29214
1951 1.14774
1952 1.30101
1953 1.20192
1954 1.19135
1955 1.21599
1956 1.27471
1957 1.41948
1958 1.17859
1959 1.13583
1960 1.37459
1961 1.13261
1962 1.2072
1963 1.22227
1964 1.15052
1965 1.283
1966 1.27778
1967 1.48985
1968 1.34408
1969 1.22116
1970 1.24968
1971 1.30022
1972 1.24158
1973 1.18844
1974 1.23857
1975 1.26365
1976 1.24425
1977 1.28242
1978 1.20837
1979 1.10364
1980 1.1153
1981 1.19995
1982 1.40336
1983 1.46584
1984 1.18144
1985 1.33747
1986 1.32963
1987 1.33721
1988 1.23222
1989 1.21587
1990 1.16427
1991 1.25792
1992 1.1989
1993 1.26858
1994 1.14983
1995 1.17148
1996 1.28587
1997 1.17972
1998 1.42841
1999 1.37971
2000 1.29471
2001 1.17352
2002 1.22341
2003 1.27457
2004 1.30697
2005 1.31352
2006 1.33616
2007 1.45322
2008 1.08077
2009 1.27218
2010 1.23138
2011 1.37041
2012 1.23044
2013 1.18
2014 1.16501
2015 1.16546
2016 1.24458
2017 1.15781
2018 1.23497
2019 1.20105
2020 1.26077
2021 1.34704
2022 1.25455
2023 1.18423
2024 1.13818
2025 1.25379
2026 1.37383
2027 1.30431
2028 1.25254
2029 1.20873
2030 1.27572
2031 1.33428
2032 1.189
2033 1.30292
2034 1.40455
2035 1.32658
2036 1.33324
2037 1.48443
2038 1.24158
2039 1.16816
2040 1.25768
2041 1.20743
2042 1.12604
2043 1.24963
2044 1.3303
2045 1.33432
2046 1.29102
2047 1.35325
2048 1.32706
2049 1.13257
2050 1.32153
2051 1.2523
2052 1.15639
2053 1.35732
2054 1.08323
2055 1.18837
2056 1.16264
2057 1.27097
2058 1.47016
2059 1.23559
2060 1.31711
2061 1.09172
2062 1.56617
2063 1.26364
2064 1.16109
2065 1.35133
2066 1.24083
2067 1.24585
2068 1.36724
2069 1.52092
2070 1.2599
2071 1.19021
2072 1.16757
2073 1.10905
2074 1.15804
2075 1.22005
2076 1.25174
2077 1.08731
2078 1.18216
2079 1.17767
2080 1.17356
2081 1.29006
2082 1.32357
2083 1.38141
2084 1.28598
2085 1.14748
2086 1.11176
2087 1.3345
2088 1.2933
2089 1.54497
2090 1.21765
2091 1.17426
2092 1.10084
2093 1.14169
2094 1.27916
2095 1.16109
2096 1.30083
2097 1.25457
2098 1.28664
2099 1.19221
2100 1.1818
2101 1.20303
2102 1.21091
2103 1.09128
2104 1.3809
2105 1.22748
2106 1.14027
2107 1.23512
2108 1.24518
2109 1.12027
2110 1.15042
2111 1.23618
2112 1.17315
2113 1.15288
2114 1.22689
2115 1.14073
2116 1.35551
2117 1.1262
2118 1.20928
2119 1.17418
2120 1.13737
2121 1.23501
2122 1.14354
2123 1.21383
2124 1.18121
2125 1.26843
2126 1.42787
2127 1.13806
2128 1.18369
2129 1.1456
2130 1.07162
2131 1.06783
2132 1.12971
2133 1.18183
2134 1.15905
2135 1.16316
2136 0.996352
2137 1.03749
2138 1.23356
2139 1.2431
2140 1.03983
2141 1.09565
2142 1.48671
2143 1.17672
2144 1.32909
2145 1.20621
2146 1.21177
2147 1.16939
2148 1.19391
2149 1.15489
2150 1.25457
2151 1.09051
2152 1.14913
2153 1.19272
2154 1.20648
2155 1.13539
2156 1.13084
2157 1.30015
2158 1.3898
2159 1.24427
2160 1.30563
2161 1.29932
2162 1.15574
2163 1.26026
2164 1.16911
2165 1.36116
2166 1.19092
2167 1.19191
2168 1.36536
2169 1.10144
2170 1.35721
2171 1.16337
2172 1.62799
2173 1.41994
2174 1.23663
2175 1.18863
2176 1.2774
2177 1.22356
2178 1.27435
2179 1.27302
2180 1.1515
2181 1.10415
2182 1.18192
2183 1.1603
2184 1.46925
2185 1.08383
2186 1.05722
2187 1.09333
2188 1.32443
2189 1.13324
2190 1.22369
2191 1.23499
2192 1.11291
2193 1.12223
2194 1.32336
2195 1.33736
2196 1.26957
2197 1.18769
2198 1.19269
2199 1.26157
2200 1.18771
2201 1.30401
2202 1.4045
2203 1.33724
2204 1.19428
2205 1.33673
2206 1.38386
2207 1.19749
2208 1.11545
2209 1.11288
2210 1.12843
2211 1.36354
2212 1.19097
2213 1.35611
2214 1.37385
2215 1.21487
2216 1.37751
2217 1.26076
2218 1.35084
2219 1.48562
2220 1.24968
2221 1.08223
2222 1.31343
2223 1.16324
2224 1.22347
2225 1.15766
2226 1.12374
2227 1.3057
2228 1.44161
2229 1.33575
2230 1.20261
2231 1.13512
2232 1.14244
2233 1.2714
2234 1.2567
2235 1.30806
2236 1.2632
2237 1.27033
2238 1.24275
2239 1.16205
2240 1.28834
2241 1.4231
2242 1.27033
2243 1.2456
2244 1.25036
2245 1.18686
2246 1.12006
2247 1.19062
2248 1.29798
2249 1.20288
2250 1.24088
2251 1.18087
2252 1.11889
2253 1.25731
2254 1.29498
2255 1.14811
2256 1.29068
2257 1.20033
2258 1.07709
2259 1.24492
2260 1.30383
2261 1.28452
2262 1.19921
2263 1.13766
2264 1.11968
2265 1.29483
2266 1.25281
2267 1.40353
2268 1.38439
2269 1.22242
2270 1.08471
2271 1.25367
2272 1.14893
2273 1.21764
2274 1.07407
2275 1.18789
2276 1.13365
2277 1.36146
2278 1.18271
2279 1.13154
2280 1.56171
2281 1.33223
2282 1.18362
2283 1.10126
2284 1.22294
2285 1.20605
2286 1.15491
2287 1.27524
2288 1.2189
2289 1.27905
2290 1.20407
2291 1.19904
2292 1.19849
2293 1.2152
2294 1.18595
2295 1.20379
2296 1.34664
2297 1.24314
2298 1.20598
2299 1.26469
2300 1.10933
2301 1.21176
2302 1.24534
2303 1.17473
2304 1.20105
2305 1.20721
2306 1.22528
2307 1.17135
2308 1.08841
2309 1.20244
2310 1.39148
2311 1.29209
2312 1.32203
2313 1.38562
2314 1.22261
2315 1.13355
2316 1.39154
2317 1.24253
2318 1.2652
2319 1.17487
2320 1.25201
2321 1.31469
2322 1.15083
2323 1.07673
2324 1.23267
2325 1.26494
2326 1.3359
2327 1.25811
2328 1.24365
2329 1.14151
2330 1.18891
2331 1.26064
2332 1.31259
2333 1.23721
2334 1.11771
2335 1.17263
2336 1.24891
2337 1.34108
2338 1.36162
2339 1.37957
2340 1.21784
2341 1.1665
2342 1.21862
2343 1.39478
2344 1.25533
2345 1.26469
2346 1.19027
2347 1.29567
2348 1.42626
2349 1.3368
2350 1.22552
2351 1.29568
2352 1.34292
2353 1.22641
2354 1.227
2355 1.23799
2356 1.20446
2357 1.37959
2358 1.22638
2359 1.21157
2360 1.34213
2361 1.26797
2362 1.15727
2363 1.22841
2364 1.23587
2365 1.23913
2366 1.26813
2367 1.16247
2368 1.17007
2369 1.04385
2370 1.18818
2371 1.10365
2372 1.12973
2373 1.35596
2374 1.24397
2375 1.31758
2376 1.25687
2377 1.17718
2378 1.30176
2379 1.2789
2380 1.15545
2381 1.20092
2382 1.24032
2383 1.10297
2384 1.14567
2385 1.27159
2386 1.33044
2387 1.1795
2388 1.21746
2389 1.20672
2390 1.06611
2391 1.22113
2392 1.23924
2393 1.21392
2394 1.30223
2395 1.27848
2396 1.55732
2397 1.34889
2398 1.28866
2399 1.32382
2400 1.15408
2401 1.25731
2402 1.15488
2403 1.26507
2404 1.2117
2405 1.32717
2406 1.15523
2407 1.17539
2408 1.15995
2409 1.08148
2410 1.15439
2411 1.40427
2412 1.36268
2413 1.13959
2414 1.27427
2415 1.30972
2416 1.29728
2417 1.14228
2418 1.23011
2419 1.24992
2420 1.168
2421 1.2566
2422 1.21094
2423 1.18395
2424 1.18738
2425 1.20553
2426 1.32547
2427 1.29414
2428 1.29955
2429 1.19967
2430 1.23181
2431 1.20006
2432 1.2766
2433 1.30856
2434 1.23771
2435 1.38789
2436 1.34143
2437 1.16203
2438 1.21857
2439 1.26657
2440 1.32583
2441 1.30611
2442 1.11505
2443 1.11501
2444 1.18607
2445 1.21758
2446 1.15728
2447 1.26882
2448 1.16267
2449 1.1865
2450 1.34649
2451 1.30775
2452 1.08597
2453 1.10166
2454 1.34231
2455 1.24166
2456 1.34172
2457 1.21212
2458 1.12283
2459 1.40322
2460 1.22912
2461 1.21178
2462 1.40162
2463 1.40585
2464 1.2605
2465 1.38134
2466 1.33548
2467 1.16516
2468 1.11888
2469 1.16134
2470 1.15535
2471 1.18771
2472 1.17988
2473 1.33733
2474 1.28925
2475 1.26417
2476 1.34308
2477 1.21585
2478 1.29901
2479 1.14944
2480 1.15182
2481 1.10916
2482 1.26317
2483 1.15454
2484 1.16472
2485 1.13112
2486 1.38695
2487 1.45677
2488 1.34669
2489 1.11523
2490 1.15449
2491 1.62033
2492 1.29058
2493 1.16603
2494 1.34929
2495 1.21777
2496 1.33973
2497 1.28471
2498 1.28399
2499 1.38566
2500 1.21345
2501 1.15398
2502 1.09228
2503 1.08473
2504 1.23706
2505 1.17175
2506 1.10954
2507 1.15394
2508 1.21181
2509 1.17299
2510 1.27883
2511 1.43399
2512 1.25839
2513 1.22677
2514 1.10517
2515 1.16597
2516 1.32531
2517 1.42923
2518 1.36786
2519 1.18766
2520 1.11777
2521 1.02975
2522 1.29918
2523 1.24807
2524 1.13812
2525 1.24036
2526 1.30917
2527 1.20272
2528 1.09883
2529 1.20629
2530 1.24731
2531 1.1432
2532 1.17175
2533 1.29832
2534 1.18558
2535 1.17557
2536 1.20162
2537 1.1937
2538 1.15612
2539 1.20057
2540 1.19625
2541 1.1896
2542 1.1418
2543 1.24116
2544 1.26572
2545 1.31424
2546 1.17339
2547 1.12708
2548 1.18011
2549 1.14609
2550 1.15135
2551 1.1502
2552 1.19963
2553 1.19469
2554 1.18925
2555 1.33371
2556 1.13209
2557 1.15368
2558 1.10704
2559 1.0531
2560 1.07547
2561 1.0496
2562 1.09
2563 1.11181
2564 1.09807
2565 0.963413
2566 1.07861
2567 1.1947
2568 1.2461
2569 0.982893
2570 1.34621
2571 1.1694
2572 1.17698
2573 1.25605
2574 1.18433
2575 1.19869
2576 1.17777
2577 1.2163
2578 1.19674
2579 1.17266
2580 1.13855
2581 1.1206
2582 1.15293
2583 1.20086
2584 1.12515
2585 1.21677
2586 1.40483
2587 1.29162
2588 1.19576
2589 1.32588
2590 1.20495
2591 1.18226
2592 1.18183
2593 1.14475
2594 1.3186
2595 1.23929
2596 1.17296
2597 1.3383
2598 1.09266
2599 1.24007
2600 1.23304
2601 1.55357
2602 1.47515
2603 1.13813
2604 1.17183
2605 1.2266
2606 1.39032
2607 1.2385
2608 1.10459
2609 1.19255
2610 1.11771
2611 1.17614
2612 1.24674
2613 1.27618
2614 1.06549
2615 1.032
2616 1.21554
2617 1.20643
2618 1.11666
2619 1.21068
2620 1.17842
2621 1.12856
2622 1.14385
2623 1.35058
2624 1.37309
2625 1.18319
2626 1.11622
2627 1.1846
2628 1.20755
2629 1.18101
2630 1.27473
2631 1.41162
2632 1.2901
2633 1.2259
2634 1.34903
2635 1.2832
2636 1.1365
2637 1.15208
2638 1.12734
2639 1.11785
2640 1.30538
2641 1.20547
2642 1.31232
2643 1.31199
2644 1.22069
2645 1.35338
2646 1.28355
2647 1.33661
2648 1.51796
2649 1.1675
2650 1.11951
2651 1.33821
2652 1.14135
2653 1.23069
2654 1.17227
2655 1.19582
2656 1.31639
2657 1.31198
2658 1.28222
2659 1.1224
2660 1.09331
2661 1.18454
2662 1.2024
2663 1.25178
2664 1.2504
2665 1.23872
2666 1.16797
2667 1.22335
2668 1.0638
2669 1.31676
2670 1.34549
2671 1.30043
2672 1.27824
2673 1.1628
2674 1.15468
2675 1.10496
2676 1.1802
2677 1.23718
2678 1.20436
2679 1.13403
2680 1.16648
2681 1.10104
2682 1.20631
2683 1.24104
2684 1.1358
2685 1.26697
2686 1.19311
2687 1.16577
2688 1.25457
2689 1.24502
2690 1.23009
2691 1.10996
2692 1.09045
2693 1.16655
2694 1.29004
2695 1.28437
2696 1.37687
2697 1.25403
2698 1.25481
2699 1.11588
2700 1.17703
2701 1.2603
2702 1.12918
2703 1.02188
2704 1.21568
2705 1.15539
2706 1.31139
2707 1.1445
2708 1.27097
2709 1.49402
2710 1.19174
2711 1.13056
2712 1.10684
2713 1.1967
2714 1.16496
2715 1.20943
2716 1.27428
2717 1.16792
2718 1.25603
2719 1.23264
2720 1.20246
2721 1.22195
2722 1.25728
2723 1.10299
2724 1.2758
2725 1.33101
2726 1.41038
2727 1.23452
2728 1.11783
2729 1.16147
2730 1.31695
2731 1.05389
2732 1.21644
2733 1.14727
2734 1.25991
2735 1.13199
2736 1.15353
2737 1.12933
2738 1.16712
2739 1.37813
2740 1.29742
2741 1.3705
2742 1.25338
2743 1.16556
2744 1.18188
2745 1.42335
2746 1.1729
2747 1.22505
2748 1.12949
2749 1.21485
2750 1.21084
2751 1.14385
2752 1.07584
2753 1.25266
2754 1.32995
2755 1.14266
2756 1.40076
2757 1.17524
2758 1.05284
2759 1.1749
2760 1.3069
2761 1.2252
2762 1.14636
2763 1.11914
2764 1.14345
2765 1.28164
2766 1.34172
2767 1.27573
2768 1.2738
2769 1.16914
2770 1.17715
2771 1.23481
2772 1.34209
2773 1.24167
2774 1.22459
2775 1.16716
2776 1.46661
2777 1.40311
2778 1.29372
2779 1.20022
2780 1.35499
2781 1.28231
2782 1.21683
2783 1.23798
2784 1.23831
2785 1.22748
2786 1.34747
2787 1.13932
2788 1.26519
2789 1.27882
2790 1.16457
2791 1.16129
2792 1.23087
2793 1.22949
2794 1.22003
2795 1.16842
2796 1.16352
2797 1.069
2798 1.12441
2799 1.13284
2800 1.14345
2801 1.20544
2802 1.25152
2803 1.27446
2804 1.23382
2805 1.25044
2806 1.09177
2807 1.22469
2808 1.22533
2809 1.15975
2810 1.22377
2811 1.18211
2812 1.08727
2813 1.25786
2814 1.33809
2815 1.26608
2816 1.12815
2817 1.2947
2818 1.18782
2819 1.09535
2820 1.17976
2821 1.12747
2822 1.21661
2823 1.20753
2824 1.3162
2825 1.55227
2826 1.24152
2827 1.28841
2828 1.28731
2829 1.18558
2830 1.12738
2831 1.16815
2832 1.19343
2833 1.09418
2834 1.33246
2835 1.13867
2836 1.11146
2837 1.13598
2838 1.11458
2839 1.16965
2840 1.50768
2841 1.28511
2842 1.20757
2843 1.2561
2844 1.27316
2845 1.22706
2846 1.21675
2847 1.18766
2848 1.15801
2849 1.25904
2850 1.15559
2851 1.18393
2852 1.10473
2853 1.22888
2854 1.16212
2855 1.27995
2856 1.31607
2857 1.22892
2858 1.12794
2859 1.18512
2860 1.14147
2861 1.22306
2862 1.25845
2863 1.26249
2864 1.32011
2865 1.30317
2866 1.17378
2867 1.28513
2868 1.28008
2869 1.2394
2870 1.1674
2871 1.08708
2872 1.10703
2873 1.21764
2874 1.11371
2875 1.2433
2876 1.29531
2877 1.18097
2878 1.16085
2879 1.28708
2880 1.29441
2881 1.07352
2882 1.11574
2883 1.31078
2884 1.23609
2885 1.22763
2886 1.23854
2887 1.11218
2888 1.37553
2889 1.27163
2890 1.33336
2891 1.241
2892 1.29567
2893 1.20039
2894 1.43788
2895 1.37636
2896 1.12088
2897 1.19086
2898 1.15169
2899 1.17594
2900 1.1986
2901 1.15118
2902 1.37608
2903 1.29122
2904 1.17142
2905 1.22524
2906 1.16393
2907 1.24744
2908 1.12821
2909 1.04479
2910 1.22178
2911 1.15463
2912 1.19465
2913 1.10237
2914 1.12559
2915 1.37453
2916 1.26526
2917 1.23835
2918 1.10575
2919 1.39777
2920 1.34496
2921 1.20254
2922 1.32276
2923 1.1788
2924 1.23407
2925 1.30406
2926 1.4223
2927 1.30501
2928 1.32691
2929 1.18382
2930 1.15519
2931 1.10835
2932 1.12295
2933 1.22038
2934 1.12695
2935 1.13906
2936 1.1534
2937 1.14852
2938 1.16258
2939 1.24239
2940 1.41704
2941 1.27681
2942 1.23609
2943 1.08359
2944 1.20135
2945 1.29086
2946 1.55955
2947 1.12493
2948 1.23383
2949 1.06685
2950 1.09179
2951 1.24693
2952 1.20281
2953 1.20217
2954 1.24858
2955 1.22761
2956 1.18794
2957 1.14253
2958 1.14868
2959 1.21788
2960 1.08375
2961 1.26635
2962 1.3881
2963 1.15047
2964 1.15671
2965 1.17786
2966 1.15157
2967 1.12922
2968 1.18774
2969 1.17019
2970 1.05159
2971 1.13541
2972 1.27333
2973 1.16253
2974 1.19452
2975 1.20764
2976 1.07914
2977 1.14078
2978 1.17712
2979 1.077
2980 1.19437
2981 1.13623
2982 1.16375
2983 1.32921
2984 1.20848
2985 1.09719
2986 1.17465
2987 1.03421
2988 1.05224
2989 1.14279
2990 1.07819
2991 1.05558
2992 1.15655
2993 1.02444
2994 1.00561
2995 1.00342
2996 1.21163
2997 1.11081
2998 1.02127
2999 1.48872
3000 0.991968
3001 1.232
3002 1.20244
3003 1.20726
3004 1.1161
3005 1.19343
3006 1.14634
3007 1.14922
3008 1.09091
3009 1.15691
3010 1.0862
3011 1.16375
3012 1.12467
3013 1.13924
3014 1.16138
3015 1.40625
3016 1.2719
3017 1.12883
3018 1.27913
3019 1.20281
3020 1.14557
3021 1.1722
3022 1.21962
3023 1.27749
3024 1.17154
3025 1.37271
3026 1.22292
3027 1.23008
3028 1.19807
3029 1.47379
3030 1.32928
3031 1.34128
3032 1.1178
3033 1.18535
3034 1.22206
3035 1.27461
3036 1.22333
3037 1.06798
3038 1.18867
3039 1.16205
3040 1.13152
3041 1.39386
3042 1.14266
3043 1.14575
3044 1.07118
3045 1.24962
3046 1.09199
3047 1.18409
3048 1.13089
3049 1.18307
3050 1.09814
3051 1.1802
3052 1.37079
3053 1.28618
3054 1.15042
3055 1.19693
3056 1.19687
3057 1.22136
3058 1.18603
3059 1.25813
3060 1.47212
3061 1.20917
3062 1.2372
3063 1.36831
3064 1.20972
3065 1.12796
3066 1.14109
3067 1.06101
3068 1.25472
3069 1.20998
3070 1.28996
3071 1.22083
3072 1.27403
3073 1.27335
3074 1.21133
3075 1.23521
3076 1.38817
3077 1.29238
3078 1.21801
3079 1.23748
3080 1.25116
3081 1.12892
3082 1.21868
3083 1.14315
3084 1.26688
3085 1.27408
3086 1.3151
3087 1.18055
3088 1.14669
3089 1.15804
3090 1.14301
3091 1.19975
3092 1.26604
3093 1.1883
3094 1.24787
3095 1.1433
3096 1.26123
3097 1.1271
3098 1.30446
3099 1.27643
3100 1.31125
3101 1.1913
3102 1.14314
3103 1.09772
3104 1.11177
3105 1.21876
3106 1.22601
3107 1.23102
3108 1.19119
3109 1.08967
3110 1.11784
3111 1.2175
3112 1.19574
3113 1.09733
3114 1.2411
3115 1.03645
3116 1.23364
3117 1.19374
3118 1.22744
3119 1.23292
3120 1.14757
3121 1.04
3122 1.17022
3123 1.29215
3124 1.26939
3125 1.36206
3126 1.25896
3127 1.13489
3128 1.17637
3129 1.11506
3130 1.2079
3131 1.14577
3132 1.07465
3133 1.18654
3134 1.18327
3135 1.34249
3136 1.04502
3137 1.41792
3138 1.3593
3139 1.18911
3140 1.07445
3141 1.13907
3142 1.20549
3143 1.08807
3144 1.19933
3145 1.1925
3146 1.19485
3147 1.21378
3148 1.28159
3149 1.15697
3150 1.23794
3151 1.20276
3152 1.1126
3153 1.25102
3154 1.28921
3155 1.29848
3156 1.26667
3157 1.12584
3158 1.16444
3159 1.16701
3160 1.08352
3161 1.13464
3162 1.11954
3163 1.23037
3164 1.14362
3165 1.09462
3166 1.14494
3167 1.26226
3168 1.23529
3169 1.30719
3170 1.32772
3171 1.25768
3172 1.07907
3173 1.25131
3174 1.28528
3175 1.10263
3176 1.28119
3177 1.10096
3178 1.26682
3179 1.19476
3180 1.10227
3181 1.16264
3182 1.1892
3183 1.26369
3184 1.19248
3185 1.33386
3186 1.11655
3187 1.17777
3188 1.18475
3189 1.32938
3190 1.1946
3191 1.18162
3192 1.08098
3193 1.19934
3194 1.25944
3195 1.34443
3196 1.20118
3197 1.32219
3198 1.19455
3199 1.16782
3200 1.21611
3201 1.26891
3202 1.1716
3203 1.15515
3204 1.29852
3205 1.26357
3206 1.46063
3207 1.24347
3208 1.16766
3209 1.41571
3210 1.22899
3211 1.20265
3212 1.21454
3213 1.22862
3214 1.26528
3215 1.29458
3216 1.17016
3217 1.30153
3218 1.24409
3219 1.13057
3220 1.16536
3221 1.19566
3222 1.2481
3223 1.2107
3224 1.16978
3225 1.15945
3226 1.00644
3227 1.14307
3228 1.11084
3229 1.13558
3230 1.24635
3231 1.26389
3232 1.21132
3233 1.24943
3234 1.1814
3235 1.1204
3236 1.15259
3237 1.17513
3238 1.29744
3239 1.08442
3240 1.17105
3241 1.16811
3242 1.20945
3243 1.32784
3244 1.15048
3245 1.10085
3246 1.31155
3247 1.07683
3248 1.21472
3249 1.15292
3250 1.09337
3251 1.19894
3252 1.18113
3253 1.47524
3254 1.27191
3255 1.25702
3256 1.19666
3257 1.14314
3258 1.24338
3259 1.15656
3260 1.14023
3261 1.19605
3262 1.20577
3263 1.18569
3264 1.16507
3265 1.08084
3266 1.10848
3267 1.18982
3268 1.21469
3269 1.39358
3270 1.17594
3271 1.28828
3272 1.20881
3273 1.25675
3274 1.18079
3275 1.1349
3276 1.15044
3277 1.21702
3278 1.21114
3279 1.15451
3280 1.14658
3281 1.14013
3282 1.24564
3283 1.17671
3284 1.31444
3285 1.26635
3286 1.26423
3287 1.1498
3288 1.17446
3289 1.20922
3290 1.23273
3291 1.27749
3292 1.27326
3293 1.40649
3294 1.0825
3295 1.19929
3296 1.23665
3297 1.26124
3298 1.20517
3299 1.20294
3300 1.07564
3301 1.13788
3302 1.20598
3303 1.09614
3304 1.22999
3305 1.22701
3306 1.12823
3307 1.21785
3308 1.32471
3309 1.15531
3310 1.05358
3311 1.18228
3312 1.4043
3313 1.26865
3314 1.31172
3315 1.13397
3316 1.24979
3317 1.29798
3318 1.19128
3319 1.22979
3320 1.3132
3321 1.25274
3322 1.17653
3323 1.41375
3324 1.28188
3325 1.08505
3326 1.24521
3327 1.11898
3328 1.18385
3329 1.12187
3330 1.34662
3331 1.25477
3332 1.20132
3333 1.25003
3334 1.24507
3335 1.10931
3336 1.28343
3337 1.10212
3338 1.09293
3339 1.28657
3340 1.0925
3341 1.15895
3342 1.10884
3343 1.14755
3344 1.46462
3345 1.24123
3346 1.33083
3347 1.0629
3348 1.50057
3349 1.28256
3350 1.12233
3351 1.29917
3352 1.20091
3353 1.14133
3354 1.32178
3355 1.45805
3356 1.23867
3357 1.2114
3358 1.17645
3359 1.04412
3360 1.09773
3361 1.12641
3362 1.19131
3363 1.03652
3364 1.09101
3365 1.17607
3366 1.16344
3367 1.2137
3368 1.24448
3369 1.35287
3370 1.24041
3371 1.08742
3372 1.0778
3373 1.29833
3374 1.22582
3375 1.44642
3376 1.16805
3377 1.17827
3378 1.0771
3379 1.08983
3380 1.30229
3381 1.15512
3382 1.27566
3383 1.24869
3384 1.17677
3385 1.20613
3386 1.13184
3387 1.18776
3388 1.14708
3389 1.08491
3390 1.25481
3391 1.25408
3392 1.12597
3393 1.14897
3394 1.17782
3395 1.08976
3396 1.11562
3397 1.18147
3398 1.1172
3399 1.1522
3400 1.10627
3401 1.13009
3402 1.25417
3403 1.14841
3404 1.14056
3405 1.10731
3406 1.10796
3407 1.15341
3408 1.08761
3409 1.14685
3410 1.14411
3411 1.14795
3412 1.32184
3413 1.09109
3414 1.10183
3415 1.14819
3416 1.01661
3417 1.01927
3418 1.12152
3419 1.09303
3420 1.06122
3421 1.15869
3422 0.970456
3423 0.981639
3424 1.11127
3425 1.1873
3426 1.06213
3427 1.04828
3428 1.38994
3429 1.11959
3430 1.28205
3431 1.12604
3432 1.13262
3433 1.13447
3434 1.17246
3435 1.14527
3436 1.19726
3437 1.05578
3438 1.14553
3439 1.13514
3440 1.13657
3441 1.08631
3442 1.15368
3443 1.20368
3444 1.2617
3445 1.20903
3446 1.26758
3447 1.30156
3448 1.09815
3449 1.21786
3450 1.16626
3451 1.28153
3452 1.15116
3453 1.18149
3454 1.23015
3455 1.12928
3456 1.28641
3457 1.17183
3458 1.48456
3459 1.29372
3460 1.23653
3461 1.19215
3462 1.18143
3463 1.19232
3464 1.29092
3465 1.18326
3466 1.09211
3467 1.13112
3468 1.18967
3469 1.10451
3470 1.42547
3471 1.05516
3472 1.00853
3473 1.11725
3474 1.19491
3475 1.12105
3476 1.16482
3477 1.09654
3478 1.12636
3479 1.14327
3480 1.2739
3481 1.32386
3482 1.15738
3483 1.15111
3484 1.18571
3485 1.20149
3486 1.17077
3487 1.19632
3488 1.38881
3489 1.29417
3490 1.17254
3491 1.19928
3492 1.36397
3493 1.17711
3494 1.11855
3495 1.16157
3496 1.06704
3497 1.31939
3498 1.14112
3499 1.28181
3500 1.23602
3501 1.166
3502 1.35109
3503 1.12902
3504 1.3352
3505 1.4348
3506 1.24644
3507 1.05571
3508 1.32465
3509 1.188
3510 1.14771
3511 1.16533
3512 1.08545
3513 1.25511
3514 1.25698
3515 1.25044
3516 1.10678
3517 1.10552
3518 1.11505
3519 1.25734
3520 1.20149
3521 1.24378
3522 1.19555
3523 1.21672
3524 1.24045
3525 1.12335
3526 1.18571
3527 1.35439
3528 1.19153
3529 1.23324
3530 1.21668
3531 1.17836
3532 1.07058
3533 1.12288
3534 1.20047
3535 1.12961
3536 1.18036
3537 1.09778
3538 1.04915
3539 1.16395
3540 1.19796
3541 1.09496
3542 1.22158
3543 1.15506
3544 1.07128
3545 1.18003
3546 1.29162
3547 1.10009
3548 1.25211
3549 1.12718
3550 1.05725
3551 1.24473
3552 1.18618
3553 1.27507
3554 1.33235
3555 1.24708
3556 1.10679
3557 1.19458
3558 1.07871
3559 1.20563
3560 1.12748
3561 1.14102
3562 1.07379
3563 1.27648
3564 1.14887
3565 1.07042
3566 1.49147
3567 1.19855
3568 1.15572
3569 1.0547
3570 1.20016
3571 1.12962
3572 1.05516
3573 1.24944
3574 1.10426
3575 1.293
3576 1.09075
3577 1.20689
3578 1.1489
3579 1.18764
3580 1.18901
3581 1.16425
3582 1.21392
3583 1.20058
3584 1.26915
3585 1.20807
3586 1.1636
3587 1.16717
3588 1.20374
3589 1.12783
3590 1.17542
3591 1.19839
3592 1.20176
3593 1.17753
3594 1.14909
3595 1.13152
3596 1.28606
3597 1.21335
3598 1.27345
3599 1.31074
3600 1.19565
3601 1.09572
3602 1.34253
3603 1.16684
3604 1.15971
3605 1.13646
3606 1.15932
3607 1.23229
3608 1.12208
3609 1.05468
3610 1.17853
3611 1.16393
3612 1.22211
3613 1.2047
3614 1.24549
3615 1.15306
3616 1.08679
3617 1.23652
3618 1.21289
3619 1.17655
3620 1.07451
3621 1.07805
3622 1.21591
3623 1.23891
3624 1.28529
3625 1.31065
3626 1.14677
3627 1.14604
3628 1.16825
3629 1.21171
3630 1.18372
3631 1.19521
3632 1.15389
3633 1.24989
3634 1.35765
3635 1.3631
3636 1.15851
3637 1.22304
3638 1.30747
3639 1.168
3640 1.20426
3641 1.16611
3642 1.1728
3643 1.32681
3644 1.24778
3645 1.123
3646 1.26376
3647 1.17773
3648 1.13517
3649 1.14542
3650 1.23264
3651 1.25121
3652 1.21998
3653 1.05263
3654 1.09727
3655 1.0511
3656 1.15708
3657 1.03064
3658 1.14632
3659 1.25464
3660 1.19685
3661 1.24132
3662 1.23905
3663 1.10912
3664 1.17046
3665 1.20976
3666 1.15136
3667 1.22106
3668 1.21498
3669 1.09351
3670 1.1181
3671 1.23509
3672 1.22722
3673 1.15611
3674 1.18242
3675 1.23194
3676 1.1262
3677 1.17793
3678 1.15898
3679 1.1466
3680 1.2245
3681 1.20265
3682 1.4489
3683 1.29855
3684 1.15317
3685 1.22317
3686 1.16546
3687 1.20338
3688 1.08795
3689 1.21973
3690 1.118
3691 1.2218
3692 1.11231
3693 1.11403
3694 1.05781
3695 1.10084
3696 1.13896
3697 1.40299
3698 1.32277
3699 1.08501
3700 1.26386
3701 1.18772
3702 1.23596
3703 1.11695
3704 1.13498
3705 1.20691
3706 1.13655
3707 1.14262
3708 1.22316
3709 1.06491
3710 1.10291
3711 1.21757
3712 1.24331
3713 1.34892
3714 1.33417
3715 1.20694
3716 1.19719
3717 1.10607
3718 1.24915
3719 1.2113
3720 1.17765
3721 1.36325
3722 1.35415
3723 1.12331
3724 1.13403
3725 1.22121
3726 1.26311
3727 1.19804
3728 1.14713
3729 1.10937
3730 1.13127
3731 1.17065
3732 1.13375
3733 1.2116
3734 1.15496
3735 1.16155
3736 1.28969
3737 1.26222
3738 1.08098
3739 1.07868
3740 1.31544
3741 1.22857
3742 1.26497
3743 1.1896
3744 1.07602
3745 1.29561
3746 1.25805
3747 1.13932
3748 1.28945
3749 1.2681
3750 1.22974
3751 1.21897
3752 1.32091
3753 1.11143
3754 1.10916
3755 1.19319
3756 1.13114
3757 1.16021
3758 1.07398
3759 1.28296
3760 1.16031
3761 1.16504
3762 1.19273
3763 1.24825
3764 1.21705
3765 1.16199
3766 1.05083
3767 1.07567
3768 1.22111
3769 1.16016
3770 1.09531
3771 1.03292
3772 1.2756
3773 1.37722
3774 1.20798
3775 1.16849
3776 1.08249
3777 1.52908
3778 1.24008
3779 1.17857
3780 1.30989
3781 1.12608
3782 1.36237
3783 1.24986
3784 1.29052
3785 1.27913
3786 1.25983
3787 1.09103
3788 1.09565
3789 1.07031
3790 1.1536
3791 1.12347
3792 1.07912
3793 1.11265
3794 1.18425
3795 1.07622
3796 1.24469
3797 1.37988
3798 1.23016
3799 1.16495
3800 1.08501
3801 1.06167
3802 1.25803
3803 1.29513
3804 1.35464
3805 1.09449
3806 1.06802
3807 1.04037
3808 1.19503
3809 1.24849
3810 1.08023
3811 1.25928
3812 1.277
3813 1.18978
3814 1.05802
3815 1.11207
3816 1.15727
3817 1.0956
3818 1.08991
3819 1.36597
3820 1.18369
3821 1.11588
3822 1.26284
3823 1.12135
3824 1.1206
3825 1.14029
3826 1.14261
3827 1.06717
3828 1.1168
3829 1.1501
3830 1.11331
3831 1.28261
3832 1.13318
3833 1.14516
3834 1.12955
3835 1.13184
3836 1.14071
3837 1.10536
3838 1.15601
3839 1.15822
3840 1.09376
3841 1.2382
3842 1.07635
3843 1.08673
3844 1.09416
3845 1.02609
3846 1.0669
3847 1.04711
3848 1.06648
3849 1.09433
3850 1.07435
3851 1.00515
3852 1.02363
3853 1.08506
3854 1.157
3855 1.01262
3856 1.19818
3857 1.2462
3858 1.12487
3859 1.27262
3860 1.16455
3861 1.16664
3862 1.1267
3863 1.23378
3864 1.15121
3865 1.09829
3866 1.07641
3867 1.08561
3868 1.1397
3869 1.1967
3870 1.02359
3871 1.18815
3872 1.35686
3873 1.2819
3874 1.14743
3875 1.31898
3876 1.17526
3877 1.17419
3878 1.18005
3879 1.11181
3880 1.24547
3881 1.15251
3882 1.11637
3883 1.29722
3884 1.0667
3885 1.23821
3886 1.15162
3887 1.4952
3888 1.40364
3889 1.04642
3890 1.21257
3891 1.17137
3892 1.27771
3893 1.15726
3894 1.09574
3895 1.1086
3896 1.08209
3897 1.15065
3898 1.20485
3899 1.23242
3900 1.08064
3901 1.02876
3902 1.13513
3903 1.21842
3904 1.07071
3905 1.18475
3906 1.11462
3907 1.03656
3908 1.08949
3909 1.27794
3910 1.3207
3911 1.17125
3912 1.15113
3913 1.14034
3914 1.21368
3915 1.15362
3916 1.21419
3917 1.44011
3918 1.23119
3919 1.16428
3920 1.3385
3921 1.24461
3922 1.12312
3923 1.14706
3924 1.10128
3925 1.1296
3926 1.19576
3927 1.16182
3928 1.25394
3929 1.23178
3930 1.19064
3931 1.32022
3932 1.23007
3933 1.3589
3934 1.43004
3935 1.16441
3936 1.09599
3937 1.25633
3938 1.15957
3939 1.15175
3940 1.12939
3941 1.07333
3942 1.30214
3943 1.27132
3944 1.33429
3945 1.14271
3946 1.09618
3947 1.16284
3948 1.13726
3949 1.23193
3950 1.22924
3951 1.20099
3952 1.16492
3953 1.18644
3954 1.07994
3955 1.22649
3956 1.27631
3957 1.25238
3958 1.15023
3959 1.18451
3960 1.07668
3961 1.06334
3962 1.1494
3963 1.20849
3964 1.14164
3965 1.11616
3966 1.10147
3967 1.08751
3968 1.18092
3969 1.14242
3970 1.14802
3971 1.21567
3972 1.06182
3973 1.07395
3974 1.23673
3975 1.21477
3976 1.18407
3977 1.15995
3978 1.08047
3979 1.10935
3980 1.15477
3981 1.32103
3982 1.35111
3983 1.23707
3984 1.20262
3985 1.09732
3986 1.15956
3987 1.20179
3988 1.09567
3989 0.979013
3990 1.20045
3991 1.0913
3992 1.23764
3993 1.09299
3994 1.20442
3995 1.41158
3996 1.14937
3997 1.12501
3998 1.11236
3999 1.25358
4000 1.11347
4001 1.12277
4002 1.12874
4003 1.14038
4004 1.2429
4005 1.15143
4006 1.15977
4007 1.11793
4008 1.20651
4009 1.07033
4010 1.21852
4011 1.21719
4012 1.30412
4013 1.22329
4014 1.1524
4015 1.15879
4016 1.18792
4017 1.01617
4018 1.14616
4019 1.11723
4020 1.26725
4021 1.11182
4022 1.11363
4023 1.07614
4024 1.0771
4025 1.29916
4026 1.25616
4027 1.27552
4028 1.28013
4029 1.11861
4030 1.15751
4031 1.37628
4032 1.19075
4033 1.21628
4034 1.1235
4035 1.24074
4036 1.16068
4037 1.11109
4038 1.05099
4039 1.15784
4040 1.3085
4041 1.14055
4042 1.29315
4043 1.14661
4044 1.10438
4045 1.12064
4046 1.28005
4047 1.15889
4048 1.18041
4049 1.10745
4050 1.11187
4051 1.13714
4052 1.26159
4053 1.33221
4054 1.2633
4055 1.14578
4056 1.0634
4057 1.19682
4058 1.26971
4059 1.13735
4060 1.22481
4061 1.15613
4062 1.34981
4063 1.27934
4064 1.25608
4065 1.11993
4066 1.28667
4067 1.21527
4068 1.13243
4069 1.25616
4070 1.1434
4071 1.22528
4072 1.2461
4073 1.10275
4074 1.23979
4075 1.15102
4076 1.19861
4077 1.16231
4078 1.16599
4079 1.19982
4080 1.18942
4081 1.14144
4082 1.12517
4083 1.05598
4084 1.08977
4085 1.08699
4086 1.05046
4087 1.16285
4088 1.17146
4089 1.16005
4090 1.19437
4091 1.30094
4092 1.08844
4093 1.15434
4094 1.21755
4095 1.13057
4096 1.19628
4097 1.18094
4098 1.06706
4099 1.20307
4100 1.28449
4101 1.16267
4102 1.09723
4103 1.21176
4104 1.08569
4105 1.15343
4106 1.11456
4107 1.11993
4108 1.18775
4109 1.12675
4110 1.26231
4111 1.45591
4112 1.2439
4113 1.11494
4114 1.20852
4115 1.15238
4116 1.18315
4117 1.17368
4118 1.18439
4119 1.11694
4120 1.27911
4121 1.0743
4122 1.10533
4123 1.08395
4124 1.10442
4125 1.08642
4126 1.40128
4127 1.19039
4128 1.20093
4129 1.17726
4130 1.26734
4131 1.20922
4132 1.14475
4133 1.14056
4134 1.12398
4135 1.22101
4136 1.1568
4137 1.15804
4138 1.09066
4139 1.12996
4140 1.11186
4141 1.28095
4142 1.31521
4143 1.30462
4144 1.16304
4145 1.14318
4146 1.12919
4147 1.21669
4148 1.29345
4149 1.22118
4150 1.31888
4151 1.26164
4152 1.17069
4153 1.21548
4154 1.31077
4155 1.20194
4156 1.138
4157 1.08983
4158 1.09392
4159 1.1626
4160 1.11412
4161 1.14307
4162 1.3004
4163 1.13772
4164 1.18498
4165 1.24948
4166 1.18257
4167 1.07203
4168 1.13425
4169 1.26975
4170 1.15686
4171 1.26753
4172 1.12236
4173 1.07165
4174 1.29755
4175 1.16329
4176 1.14953
4177 1.31452
4178 1.2425
4179 1.24411
4180 1.35211
4181 1.2943
4182 1.08718
4183 1.07357
4184 1.15613
4185 1.10043
4186 1.08972
4187 1.14041
4188 1.30592
4189 1.19153
4190 1.22212
4191 1.19055
4192 1.168
4193 1.20459
4194 1.10955
4195 1.04365
4196 1.14754
4197 1.17716
4198 1.15955
4199 1.11561
4200 1.06187
4201 1.32946
4202 1.29419
4203 1.27671
4204 1.05828
4205 1.29192
4206 1.33081
4207 1.19482
4208 1.15793
4209 1.15974
4210 1.12175
4211 1.30587
4212 1.33245
4213 1.23053
4214 1.22541
4215 1.15078
4216 1.11774
4217 1.03933
4218 1.09973
4219 1.13232
4220 1.08301
4221 1.10397
4222 1.11517
4223 1.16287
4224 1.10107
4225 1.1905
4226 1.32072
4227 1.21468
4228 1.13381
4229 1.07562
4230 1.17424
4231 1.17768
4232 1.50977
4233 1.15189
4234 1.19952
4235 1.05668
4236 1.06626
4237 1.20418
4238 1.23736
4239 1.10014
4240 1.29546
4241 1.19899
4242 1.10815
4243 1.13474
4244 1.0974
4245 1.19623
4246 1.0632
4247 1.21684
4248 1.29408
4249 1.0575
4250 1.11106
4251 1.20533
4252 1.13193
4253 1.13571
4254 1.14682
4255 1.17382
4256 1.04727
4257 1.12781
4258 1.14524
4259 1.07146
4260 1.19594
4261 1.20424
4262 1.08971
4263 1.11792
4264 1.1687
4265 1.06314
4266 1.15096
4267 1.08563
4268 1.14412
4269 1.27895
4270 1.23215
4271 1.05822
4272 1.11138
4273 1.04728
4274 1.03573
4275 1.08105
4276 1.00776
4277 1.09314
4278 1.10201
4279 1.01066
4280 1.01576
4281 1.01935
4282 1.21394
4283 1.05866
4284 0.990464
4285 1.41961
4286 0.966394
4287 1.17802
4288 1.14037
4289 1.19975
4290 1.06705
4291 1.20108
4292 1.12483
4293 1.12841
4294 1.02974
4295 1.10698
4296 1.09428
4297 1.11151
4298 1.10016
4299 1.09539
4300 1.11036
4301 1.42081
4302 1.2168
4303 1.12993
4304 1.26158
4305 1.14684
4306 1.11927
4307 1.12958
4308 1.13061
4309 1.27241
4310 1.16273
4311 1.296
4312 1.20747
4313 1.21107
4314 1.11448
4315 1.28694
4316 1.34318
4317 1.28257
4318 1.11415
4319 1.14275
4320 1.16655
4321 1.21165
4322 1.21015
4323 1.05777
4324 1.12838
4325 1.05994
4326 1.12701
4327 1.24806
4328 1.12055
4329 1.0492
4330 1.06461
4331 1.20326
4332 1.13196
4333 1.13317
4334 1.13323
4335 1.1261
4336 1.08113
4337 1.11895
4338 1.27883
4339 1.31178
4340 1.12663
4341 1.15489
4342 1.14178
4343 1.19553
4344 1.14202
4345 1.30686
4346 1.42596
4347 1.15846
4348 1.16237
4349 1.29389
4350 1.2579
4351 1.0925
4352 1.1164
4353 1.07352
4354 1.18753
4355 1.14727
4356 1.206
4357 1.20919
4358 1.12495
4359 1.26916
4360 1.16795
4361 1.19223
4362 1.35984
4363 1.27769
4364 1.15928
4365 1.17533
4366 1.18848
4367 1.12084
4368 1.16041
4369 1.1071
4370 1.15237
4371 1.26357
4372 1.22262
4373 1.21479
4374 1.07772
4375 1.08508
4376 1.10537
4377 1.18843
4378 1.21598
4379 1.16923
4380 1.20427
4381 1.11647
4382 1.16231
4383 1.05232
4384 1.23624
4385 1.19124
4386 1.17975
4387 1.18347
4388 1.1432
4389 1.05674
4390 1.12085
4391 1.20622
4392 1.1318
4393 1.18253
4394 1.12434
4395 1.0523
4396 1.09279
4397 1.16305
4398 1.19662
4399 1.13541
4400 1.21751
4401 1.00689
4402 1.14165
4403 1.14614
4404 1.22448
4405 1.18491
4406 1.11587
4407 1.02352
4408 1.13393
4409 1.26321
4410 1.27029
4411 1.35417
4412 1.16579
4413 1.0996
4414 1.15988
4415 1.07602
4416 1.1724
4417 1.06606
4418 1.02045
4419 1.10312
4420 1.17254
4421 1.28919
4422 1.02002
4423 1.25313
4424 1.33824
4425 1.12964
4426 1.10699
4427 1.10209
4428 1.23454
4429 1.0479
4430 1.13025
4431 1.15891
4432 1.19673
4433 1.26142
4434 1.18555
4435 1.12106
4436 1.12578
4437 1.16192
4438 1.0839
4439 1.29097
4440 1.22876
4441 1.24157
4442 1.21323
4443 1.07037
4444 1.12082
4445 1.17858
4446 1.04019
4447 1.15331
4448 1.1262
4449 1.27313
4450 1.08376
4451 1.06271
4452 1.02382
4453 1.23998
4454 1.26564
4455 1.25742
4456 1.2991
4457 1.16387
4458 1.05528
4459 1.2159
4460 1.30096
4461 1.10139
4462 1.19373
4463 1.09923
4464 1.19138
4465 1.13445
4466 1.06404
4467 1.2017
4468 1.07467
4469 1.18522
4470 1.08333
4471 1.23953
4472 1.11229
4473 1.10191
4474 1.11612
4475 1.21354
4476 1.16337
4477 1.1775
4478 1.11077
4479 1.10778
4480 1.20671
4481 1.32374
4482 1.20178
4483 1.21586
4484 1.13117
4485 1.12422
4486 1.17085
4487 1.22019
4488 1.12789
4489 1.15958
4490 1.17808
4491 1.32631
4492 1.36603
4493 1.14101
4494 1.18015
4495 1.33756
4496 1.15628
4497 1.22178
4498 1.09489
4499 1.15712
4500 1.20371
4501 1.32499
4502 1.09798
4503 1.24211
4504 1.12891
4505 1.09451
4506 1.17351
4507 1.0965
4508 1.15785
4509 1.1252
4510 1.1309
4511 1.14047
4512 1.00265
4513 1.13712
4514 1.07172
4515 1.06249
4516 1.17812
4517 1.24214
4518 1.20526
4519 1.23526
4520 1.15902
4521 1.12913
4522 1.16517
4523 1.14189
4524 1.19934
4525 1.15147
4526 1.15798
4527 1.03324
4528 1.15419
4529 1.32036
4530 1.12301
4531 1.03109
4532 1.23141
4533 1.08817
4534 1.13508
4535 1.19275
4536 1.06926
4537 1.22936
4538 1.16715
4539 1.35766
4540 1.34036
4541 1.26693
4542 1.15036
4543 1.15194
4544 1.16537
4545 1.12563
4546 1.12083
4547 1.19222
4548 1.10701
4549 1.21128
4550 1.10139
4551 1.04788
4552 1.09929
4553 1.09062
4554 1.12302
4555 1.3223
4556 1.16569
4557 1.19239
4558 1.16214
4559 1.22496
4560 1.1356
4561 1.11264
4562 1.10043
4563 1.11742
4564 1.14948
4565 1.13659
4566 1.0816
4567 1.08154
4568 1.15414
4569 1.14346
4570 1.29485
4571 1.28077
4572 1.22861
4573 1.14688
4574 1.12178
4575 1.22374
4576 1.22054
4577 1.25577
4578 1.21356
4579 1.31636
4580 1.10439
4581 1.16473
4582 1.25696
4583 1.2287
4584 1.16405
4585 1.10785
4586 1.07568
4587 1.0788
4588 1.18761
4589 1.10486
4590 1.19412
4591 1.25401
4592 1.12553
4593 1.21758
4594 1.23688
4595 1.16681
4596 1.04509
4597 1.13432
4598 1.26207
4599 1.18978
4600 1.20389
4601 1.07403
4602 1.213
4603 1.24516
4604 1.13715
4605 1.23955
4606 1.28073
4607 1.25456
4608 1.12679
4609 1.37433
4610 1.24889
4611 1.09306
4612 1.21291
4613 1.08991
4614 1.14018
4615 1.10904
4616 1.26755
4617 1.24956
4618 1.13734
4619 1.18832
4620 1.223
4621 1.08534
4622 1.25715
4623 1.07588
4624 1.04599
4625 1.21315
4626 1.08871
4627 1.18965
4628 1.03773
4629 1.11695
4630 1.41189
4631 1.21213
4632 1.23648
4633 1.03785
4634 1.42973
4635 1.2922
4636 1.10555
4637 1.25524
4638 1.14112
4639 1.16183
4640 1.25791
4641 1.44821
4642 1.18931
4643 1.14683
4644 1.15772
4645 1.05298
4646 1.10452
4647 1.11508
4648 1.16632
4649 1.0974
4650 1.10667
4651 1.10181
4652 1.16792
4653 1.18509
4654 1.18263
4655 1.30733
4656 1.21365
4657 1.05322
4658 1.05044
4659 1.22802
4660 1.17205
4661 1.41848
4662 1.11663
4663 1.18069
4664 1.03445
4665 1.08057
4666 1.19329
4667 1.11349
4668 1.22827
4669 1.21581
4670 1.11486
4671 1.11032
4672 1.0888
4673 1.14233
4674 1.12581
4675 1.04178
4676 1.26458
4677 1.18758
4678 1.09678
4679 1.12665
4680 1.13258
4681 1.12625
4682 1.02042
4683 1.1356
4684 1.13667
4685 1.06396
4686 1.13975
4687 1.16805
4688 1.1944
4689 1.12149
4690 1.14732
4691 1.11398
4692 1.13052
4693 1.15723
4694 1.03972
4695 1.14864
4696 1.11042
4697 1.09813
4698 1.38543
4699 1.07799
4700 1.11108
4701 1.10448
4702 1.00634
4703 1.06336
4704 1.12033
4705 1.03379
4706 1.10178
4707 1.17727
4708 0.955512
4709 0.974073
4710 1.07499
4711 1.15364
4712 0.986199
4713 1.02912
4714 1.37799
4715 1.06629
4716 1.24304
4717 1.11547
4718 1.09694
4719 1.06325
4720 1.10997
4721 1.10015
4722 1.14864
4723 1.04277
4724 1.18481
4725 1.1943
4726 1.14239
4727 1.06062
4728 1.15856
4729 1.21232
4730 1.31774
4731 1.16744
4732 1.17969
4733 1.20045
4734 1.06293
4735 1.16976
4736 1.08221
4737 1.24297
4738 1.17093
4739 1.17109
4740 1.30754
4741 1.08448
4742 1.25087
4743 1.09204
4744 1.42014
4745 1.33505
4746 1.13599
4747 1.14126
4748 1.16335
4749 1.16146
4750 1.20937
4751 1.18595
4752 1.04398
4753 1.02958
4754 1.17788
4755 1.08091
4756 1.33375
4757 1.06271
4758 1.05847
4759 1.07407
4760 1.23169
4761 1.0862
4762 1.12663
4763 1.09003
4764 1.13271
4765 1.08504
4766 1.22634
4767 1.26677
4768 1.17296
4769 1.18748
4770 1.13038
4771 1.12436
4772 1.11973
4773 1.17025
4774 1.35776
4775 1.26528
4776 1.16397
4777 1.20677
4778 1.24656
4779 1.17232
4780 1.10421
4781 1.07496
4782 1.07874
4783 1.33354
4784 1.11978
4785 1.25462
4786 1.11577
4787 1.12796
4788 1.34064
4789 1.13815
4790 1.24775
4791 1.34609
4792 1.2744
4793 1.09736
4794 1.25201
4795 1.16709
4796 1.13927
4797 1.11492
4798 1.08413
4799 1.20624
4800 1.13088
4801 1.3355
4802 1.08257
4803 1.12616
4804 1.04932
4805 1.13497
4806 1.21505
4807 1.23129
4808 1.14877
4809 1.13539
4810 1.14598
4811 1.15558
4812 1.11299
4813 1.29675
4814 1.17828
4815 1.20967
4816 1.15834
4817 1.19051
4818 1.07835
4819 1.10841
4820 1.2659
4821 1.10417
4822 1.17259
4823 1.04424
4824 1.07083
4825 1.08982
4826 1.15619
4827 1.08208
4828 1.11247
4829 1.13491
4830 0.988655
4831 1.17089
4832 1.16141
4833 1.15847
4834 1.17831
4835 1.11284
4836 1.00661
4837 1.13915
4838 1.34009
4839 1.27252
4840 1.25217
4841 1.18525
4842 1.05501
4843 1.15981
4844 1.10696
4845 1.16453
4846 1.0227
4847 1.11943
4848 1.12388
4849 1.23875
4850 1.13734
4851 1.02785
4852 1.40241
4853 1.24483
4854 1.15759
4855 1.01935
4856 1.14834
4857 1.15474
4858 1.01788
4859 1.13308
4860 1.08891
4861 1.24224
4862 1.17312
4863 1.15232
4864 1.13273
4865 1.10478
4866 1.15546
4867 1.09915
4868 1.2283
4869 1.21929
4870 1.22425
4871 1.19668
4872 1.07895
4873 1.17023
4874 1.12739
4875 1.0666
4876 1.18888
4877 1.14076
4878 1.21691
4879 1.13765
4880 1.1022
4881 1.1597
4882 1.3113
4883 1.2533
4884 1.21128
4885 1.32381
4886 1.18024
4887 1.06431
4888 1.23306
4889 1.18698
4890 1.1361
4891 1.17185
4892 1.16018
4893 1.16353
4894 1.07857
4895 1.0266
4896 1.1233
4897 1.09702
4898 1.28236
4899 1.17596
4900 1.23095
4901 1.08933
4902 1.09093
4903 1.18529
4904 1.19904
4905 1.14332
4906 1.05365
4907 1.10835
4908 1.17065
4909 1.22081
4910 1.28693
4911 1.18034
4912 1.15648
4913 1.08776
4914 1.14793
4915 1.17403
4916 1.17231
4917 1.13515
4918 1.11358
4919 1.21668
4920 1.22884
4921 1.35998
4922 1.1646
4923 1.21242
4924 1.19305
4925 1.10776
4926 1.19532
4927 1.2141
4928 1.12773
4929 1.29057
4930 1.13389
4931 1.14736
4932 1.21765
4933 1.14611
4934 1.08443
4935 1.05497
4936 1.14057
4937 1.26487
4938 1.13995
4939 1.00864
4940 1.09968
4941 1.02126
4942 1.11101
4943 1.0566
4944 1.06985
4945 1.22907
4946 1.19006
4947 1.21583
4948 1.25469
4949 1.1453
4950 1.1221
4951 1.22975
4952 1.10529
4953 1.19378
4954 1.09145
4955 1.03996
4956 1.14982
4957 1.14344
4958 1.2979
4959 1.1216
4960 1.07569
4961 1.26116
4962 1.07768
4963 1.09713
4964 1.16059
4965 1.11969
4966 1.19192
4967 1.19891
4968 1.36354
4969 1.24905
4970 1.14682
4971 1.24476
4972 1.13345
4973 1.1401
4974 1.12578
4975 1.11388
4976 1.15249
4977 1.16091
4978 1.16692
4979 1.12981
4980 1.05364
4981 1.05368
4982 1.13497
4983 1.30084
4984 1.33959
4985 1.04546
4986 1.16717
4987 1.167
4988 1.1784
4989 1.06469
4990 1.11772
4991 1.15707
4992 1.15657
4993 1.14796
4994 1.19058
4995 1.08888
4996 1.11359
4997 1.14651
4998 1.20566
4999 1.32452
5000 1.21675
