0 4.14609
1 7.60957
2 7.90008
3 5.00953
4 3.56212
5 2.68622
6 2.57111
7 2.24987
8 2.053
9 2.13461
10 1.93211
11 1.93902
12 1.69157
13 1.7572
14 1.8653
15 1.80917
16 1.75792
17 1.98441
18 1.76662
19 1.73393
20 1.68311
21 1.63712
22 1.74935
23 1.74214
24 1.72339
25 2.09804
26 1.6818
27 1.51823
28 1.7467
29 1.72847
30 1.78394
31 1.44461
32 1.50379
33 1.5033
34 1.59998
35 1.50735
36 1.47894
37 1.41333
38 1.34019
39 1.37022
40 1.41969
41 1.38766
42 1.25545
43 1.22552
44 1.4627
45 1.31729
46 1.25803
47 1.33788
48 1.41023
49 1.28876
50 1.3134
51 1.53547
52 1.49021
53 1.33261
54 1.30296
55 1.35397
56 1.39067
57 1.39651
58 1.37732
59 1.68218
60 1.45347
61 1.46215
62 1.6469
63 1.61932
64 1.27781
65 1.36246
66 1.24966
67 1.40854
68 1.3999
69 1.24833
70 1.60039
71 1.43913
72 1.60825
73 1.63583
74 1.57832
75 1.52864
76 1.62832
77 1.25684
78 1.28401
79 1.28688
80 1.25914
81 1.36147
82 1.336
83 1.3103
84 1.38379
85 1.43788
86 1.41254
87 1.25882
88 1.28124
89 1.26477
90 1.27616
91 1.36786
92 1.35744
93 1.36652
94 1.2915
95 1.35131
96 1.20681
97 1.35724
98 1.39149
99 1.42266
100 1.3915
101 1.2568
102 1.21342
103 1.14004
104 1.28499
105 1.17966
106 1.28046
107 1.34726
108 1.19094
109 1.18984
110 1.2939
111 1.33337
112 1.31668
113 1.24458
114 1.09143
115 1.17287
116 1.22647
117 1.5776
118 1.70673
119 1.22023
120 1.09349
121 1.21778
122 1.2908
123 1.31995
124 1.38251
125 1.25646
126 1.16439
127 1.25757
128 1.19309
129 1.28585
130 1.19516
131 1.09902
132 1.21516
133 1.23346
134 1.32804
135 1.07497
136 1.39256
137 1.41563
138 1.33735
139 1.20189
140 1.12115
141 1.2597
142 1.18563
143 1.17123
144 1.14961
145 1.25283
146 1.30224
147 1.31374
148 1.29597
149 1.12747
150 1.26068
151 1.14174
152 1.32828
153 1.35059
154 1.24697
155 1.27778
156 1.11492
157 1.17304
158 1.21087
159 1.09511
160 1.21434
161 1.08769
162 1.22669
163 1.23088
164 1.15441
165 1.17571
166 1.15519
167 1.34625
168 1.34658
169 1.4786
170 1.27213
171 1.15558
172 1.19915
173 1.61977
174 1.3457
175 1.26096
176 1.178
177 1.22877
178 1.18622
179 1.13043
180 1.17325
181 1.16851
182 1.34466
183 1.0798
184 1.34504
185 1.184
186 1.10251
187 1.12778
188 1.35193
189 1.28667
190 1.2386
191 1.0972
192 1.12641
193 1.24338
194 1.2678
195 1.25546
196 1.23767
197 1.09376
198 1.09962
199 1.17227
200 1.28617
201 1.19988
202 1.22021
203 1.1768
204 1.25985
205 1.40223
206 1.35065
207 1.11466
208 1.44962
209 1.15714
210 1.17165
211 1.2153
212 1.1646
213 1.29457
214 1.23663
215 1.0942
216 1.15566
217 1.22555
218 1.10515
219 1.06749
220 1.10453
221 1.27606
222 1.20805
223 1.09807
224 1.18012
225 1.05261
226 1.11416
227 1.06445
228 1.10008
229 1.18594
230 1.22933
231 1.25657
232 1.21973
233 1.29535
234 1.07949
235 1.18469
236 1.12996
237 1.0846
238 1.18188
239 1.1328
240 1.10714
241 1.09873
242 1.21105
243 1.14811
244 1.04512
245 1.19908
246 1.09451
247 0.997874
248 1.11976
249 1.11832
250 1.22954
251 1.10958
252 1.42229
253 1.29689
254 1.20968
255 1.26552
256 1.13556
257 1.14046
258 1.06708
259 1.10943
260 1.16991
261 1.15454
262 1.18428
263 1.07979
264 0.995364
265 1.17579
266 1.02429
267 1.14166
268 1.41775
269 1.11816
270 1.18338
271 1.12653
272 1.17157
273 1.18926
274 1.1896
275 1.17213
276 1.06071
277 1.16764
278 1.12953
279 1.11479
280 1.03562
281 1.15768
282 1.03394
283 1.27407
284 1.17987
285 1.21938
286 1.07351
287 1.14594
288 1.05263
289 1.19981
290 1.11034
291 1.13583
292 1.37131
293 1.11134
294 1.13747
295 1.19108
296 1.26084
297 1.13055
298 1.11775
299 1.01254
300 0.996333
301 1.11537
302 1.12975
303 1.15683
304 1.15181
305 1.20412
306 1.14418
307 1.14046
308 1.20084
309 1.04236
310 1.01658
311 1.20073
312 1.19534
313 1.23031
314 1.01832
315 1.10871
316 1.20428
317 1.18295
318 1.1682
319 1.21855
320 1.21514
321 1.11294
322 1.31047
323 1.22526
324 1.01891
325 1.13698
326 1.02688
327 1.05547
328 1.05036
329 1.16355
330 1.20555
331 1.21911
332 1.21418
333 1.14548
334 1.007
335 1.17281
336 1.1087
337 1.0293
338 1.24106
339 1.04081
340 1.11687
341 1.07574
342 1.08363
343 1.3593
344 1.20762
345 1.1258
346 1.02878
347 1.34844
348 1.25709
349 1.11886
350 1.40469
351 1.05843
352 1.09707
353 1.15904
354 1.42826
355 1.17541
356 1.19319
357 1.15122
358 1.0196
359 0.993595
360 1.08486
361 1.2016
362 1.04237
363 1.06896
364 1.06764
365 1.05243
366 1.06825
367 1.16056
368 1.23929
369 1.13632
370 1.06212
371 0.975563
372 1.19393
373 1.12203
374 1.30717
375 1.01859
376 1.12104
377 0.979256
378 1.03971
379 1.14009
380 1.08214
381 1.14681
382 1.1668
383 1.03596
384 1.02936
385 1.0672
386 1.04773
387 1.07907
388 1.02128
389 1.15111
390 1.15444
391 1.07855
392 1.11607
393 1.09898
394 1.05531
395 1.00585
396 1.05968
397 1.07835
398 1.05481
399 1.07402
400 1.11541
401 1.06901
402 1.08465
403 1.07939
404 1.04359
405 1.0205
406 1.04567
407 0.96884
408 1.04887
409 1.11624
410 0.994423
411 1.15796
412 1.00283
413 1.02537
414 1.00963
415 0.943061
416 0.952859
417 0.994028
418 0.984636
419 0.999772
420 1.0542
421 0.930472
422 0.92242
423 0.934205
424 1.21777
425 0.956267
426 0.973144
427 1.23856
428 0.909593
429 1.08938
430 1.00479
431 1.13047
432 1.02806
433 1.06211
434 1.07048
435 1.07692
436 0.977449
437 1.00108
438 1.04648
439 0.991108
440 1.04503
441 1.0353
442 1.03883
443 1.1657
444 1.11971
445 1.05991
446 1.24324
447 1.06997
448 1.02524
449 1.00419
450 1.15969
451 1.04201
452 1.02749
453 1.29598
454 1.08192
455 1.11608
456 0.95149
457 1.31745
458 1.24659
459 1.15668
460 1.00405
461 1.04751
462 1.08023
463 1.02918
464 1.13966
465 1.0393
466 1.01255
467 1.02398
468 1.09642
469 1.41294
470 1.08683
471 1.08403
472 0.980155
473 1.14884
474 0.978273
475 1.0453
476 0.978624
477 1.01891
478 0.988035
479 1.07685
480 1.18379
481 1.06218
482 1.06061
483 1.03876
484 0.981508
485 1.08148
486 1.01475
487 1.17528
488 1.23431
489 1.02288
490 1.03022
491 1.0742
492 1.0389
493 0.996885
494 1.01199
495 0.995117
496 1.10098
497 1.05907
498 1.06426
499 1.1213
500 1.05228
501 1.10761
502 1.00845
503 1.03675
504 1.18566
505 1.18381
506 0.974324
507 1.08537
508 1.04273
509 1.03088
510 1.02347
511 0.981914
512 1.12469
513 1.0767
514 1.16269
515 0.952381
516 1.006
517 0.933551
518 1.01625
519 1.08036
520 1.12006
521 1.03597
522 1.06894
523 1.05031
524 1.00241
525 1.00184
526 1.09923
527 1.03713
528 1.07399
529 1.02591
530 0.99399
531 0.939945
532 1.01235
533 0.990374
534 1.05476
535 1.00689
536 0.994057
537 0.927068
538 1.04727
539 1.05063
540 1.05734
541 0.983274
542 0.986183
543 0.991419
544 1.02468
545 0.99995
546 1.10135
547 1.09536
548 0.935022
549 0.925944
550 1.02527
551 1.158
552 1.09058
553 1.04576
554 1.0696
555 0.984761
556 1.03594
557 0.988708
558 1.06831
559 0.955011
560 0.97658
561 1.02784
562 1.04826
563 1.02517
564 0.971484
565 1.19899
566 1.07381
567 1.02372
568 0.95638
569 0.988947
570 1.05132
571 0.897661
572 0.997862
573 1.02361
574 1.04663
575 1.04264
576 1.06074
577 0.973617
578 1.04958
579 1.02025
580 0.942106
581 1.10703
582 1.01318
583 1.00718
584 0.992708
585 0.949764
586 1.05891
587 0.96845
588 0.932041
589 1.00378
590 1.03576
591 1.05363
592 0.966516
593 0.949954
594 0.944029
595 1.10735
596 1.07121
597 1.22162
598 1.08978
599 1.05863
600 0.942747
601 1.08438
602 1.08534
603 0.980024
604 1.06558
605 0.97536
606 1.03665
607 1.00311
608 0.92502
609 0.991001
610 0.922616
611 1.09152
612 1.01036
613 1.07849
614 0.956501
615 0.974244
616 1.04029
617 1.06163
618 0.979682
619 1.01007
620 0.970774
621 0.994579
622 1.03044
623 1.03481
624 1.02044
625 1.0084
626 1.00281
627 0.970148
628 1.03431
629 0.977244
630 0.982849
631 0.998657
632 1.01223
633 1.02387
634 1.09653
635 0.989175
636 1.02777
637 1.10633
638 1.01237
639 1.05564
640 1.02588
641 0.994594
642 1.1158
643 0.984857
644 0.997108
645 0.963223
646 0.994578
647 0.938081
648 0.912607
649 0.998808
650 1.05285
651 0.958112
652 0.975172
653 1.03622
654 0.9361
655 0.980459
656 0.904945
657 0.896178
658 1.09682
659 1.02656
660 1.08519
661 1.05712
662 1.01996
663 0.954465
664 1.09342
665 0.925596
666 1.12601
667 0.965714
668 0.945153
669 0.982436
670 0.951455
671 1.08797
672 0.983896
673 0.918383
674 1.00997
675 0.962235
676 0.985067
677 0.999061
678 0.958644
679 1.07357
680 0.93513
681 1.10181
682 1.08419
683 0.967595
684 1.04139
685 1.04291
686 1.04068
687 0.918162
688 0.986114
689 0.999002
690 0.96575
691 1.04419
692 0.949685
693 0.928212
694 0.966829
695 1.03338
696 1.00748
697 1.10765
698 0.96145
699 0.997324
700 0.989778
701 1.03184
702 0.94705
703 0.946369
704 0.950649
705 0.966385
706 0.995865
707 0.973907
708 0.904342
709 0.946936
710 1.02328
711 0.933687
712 1.16295
713 1.15193
714 1.02636
715 0.987972
716 0.973599
717 1.08054
718 0.968938
719 0.91145
720 0.966973
721 1.17216
722 0.982183
723 0.979331
724 0.984066
725 1.09815
726 0.970071
727 0.974991
728 0.929804
729 0.929325
730 0.969195
731 0.910483
732 1.04185
733 0.981019
734 0.957566
735 1.03486
736 1.06739
737 0.927711
738 0.938715
739 0.961227
740 1.09268
741 0.947465
742 1.03149
743 0.94465
744 1.0206
745 1.07112
746 0.951484
747 1.07999
748 0.987767
749 1.06229
750 1.00017
751 1.09161
752 0.967889
753 0.908774
754 0.964978
755 0.937849
756 0.955066
757 0.935408
758 1.08237
759 1.02113
760 1.01664
761 1.00442
762 1.05129
763 0.928586
764 1.00112
765 1.00455
766 0.933955
767 1.00873
768 0.976374
769 1.00302
770 0.88874
771 0.993443
772 1.20589
773 0.953617
774 0.968728
775 0.898091
776 1.16678
777 1.10194
778 0.920211
779 1.24926
780 0.946115
781 0.950204
782 1.11122
783 1.26993
784 1.0855
785 1.02089
786 0.93068
787 0.923957
788 0.900525
789 0.945663
790 1.02786
791 0.917669
792 0.936482
793 0.94324
794 0.918869
795 0.978271
796 1.09588
797 1.06145
798 1.00268
799 0.87996
800 0.891552
801 0.989187
802 1.04129
803 1.11836
804 0.936739
805 0.962722
806 0.9108
807 1.03013
808 0.984586
809 0.970257
810 0.960366
811 0.998791
812 0.929688
813 0.911536
814 0.888442
815 0.934998
816 0.900555
817 0.88527
818 1.06998
819 0.97052
820 0.991194
821 1.06998
822 0.883755
823 0.941502
824 0.861697
825 0.988812
826 0.980184
827 0.949
828 0.958503
829 0.914491
830 0.964783
831 0.926237
832 0.920361
833 0.921066
834 0.916138
835 0.907138
836 0.887105
837 0.907886
838 0.983225
839 0.903168
840 1.01658
841 0.895194
842 0.894984
843 0.957381
844 0.856372
845 0.849229
846 0.891041
847 0.92623
848 0.865019
849 0.993512
850 0.826326
851 0.843577
852 0.93799
853 0.972573
854 0.836183
855 0.901839
856 1.13857
857 1.00018
858 0.978637
859 0.938494
860 0.932847
861 0.929065
862 0.950518
863 1.02751
864 0.97605
865 0.910409
866 0.890878
867 0.929966
868 0.935529
869 0.880891
870 0.959408
871 0.9715
872 0.988894
873 0.957963
874 1.00444
875 0.987463
876 0.876869
877 1.02136
878 0.90914
879 0.96855
880 0.922292
881 0.916371
882 1.01668
883 0.938257
884 0.912632
885 0.899302
886 1.06374
887 1.13806
888 0.980217
889 0.964956
890 0.957218
891 0.94061
892 0.943938
893 0.921299
894 0.896688
895 0.872502
896 0.910403
897 0.899523
898 1.1802
899 0.928655
900 0.868987
901 0.906524
902 0.990866
903 0.935916
904 0.964605
905 0.906747
906 0.859486
907 0.875009
908 0.985114
909 1.0142
910 0.987032
911 0.919017
912 0.908498
913 0.894272
914 0.950593
915 0.921336
916 1.05117
917 0.985581
918 0.960578
919 0.92842
920 0.955524
921 0.92514
922 0.901613
923 0.948297
924 0.877974
925 0.952989
926 0.906582
927 0.966635
928 1.00444
929 0.931292
930 0.986956
931 0.881669
932 0.956252
933 1.01541
934 0.944158
935 0.883628
936 0.995434
937 0.889656
938 0.96443
939 0.886068
940 0.924941
941 0.970437
942 1.01037
943 0.939016
944 0.890916
945 0.867784
946 0.886063
947 0.904749
948 0.928822
949 0.953674
950 0.955585
951 0.911494
952 0.983087
953 0.829945
954 0.986105
955 0.958234
956 0.911625
957 0.915234
958 0.978515
959 0.871333
960 0.870419
961 0.944366
962 0.947617
963 0.884884
964 0.928876
965 0.906278
966 0.892268
967 0.94652
968 0.8734
969 0.93766
970 0.93286
971 0.884378
972 0.849118
973 0.900759
974 0.930661
975 0.960993
976 0.886674
977 0.876494
978 0.844556
979 0.983497
980 1.00708
981 1.06292
982 0.957279
983 0.946485
984 0.838259
985 0.880579
986 0.87911
987 0.970927
988 0.84308
989 0.921986
990 0.900123
991 0.955694
992 0.889408
993 0.921845
994 1.0743
995 0.914634
996 0.919157
997 0.858364
998 0.942752
999 0.942972
1000 0.832097
1001 0.880103
1002 0.915213
1003 0.9464
1004 0.900704
1005 0.969076
1006 0.883151
1007 0.907109
1008 0.884042
1009 0.924306
1010 0.953111
1011 0.872602
1012 0.937733
1013 0.881816
1014 0.871161
1015 0.888443
1016 0.867547
1017 0.921909
1018 0.919874
1019 0.914945
1020 0.87943
1021 0.886373
1022 0.886513
1023 0.841892
1024 0.997541
1025 0.985132
1026 1.05299
1027 0.983987
1028 0.996941
1029 0.834062
1030 1.00796
1031 0.935902
1032 0.878977
1033 0.949867
1034 0.946271
1035 0.914141
1036 0.856344
1037 0.849423
1038 0.918169
1039 0.99645
1040 0.924687
1041 0.886478
1042 0.964962
1043 0.856141
1044 0.910768
1045 0.952323
1046 0.977455
1047 0.948066
1048 0.896064
1049 0.857654
1050 0.894944
1051 0.922083
1052 0.905156
1053 0.964887
1054 0.865374
1055 0.827174
1056 0.932235
1057 0.912068
1058 0.890191
1059 0.883713
1060 0.90595
1061 0.954786
1062 0.999511
1063 0.936264
1064 0.874804
1065 0.982855
1066 1.02456
1067 0.927676
1068 0.897146
1069 0.905534
1070 0.891839
1071 0.932246
1072 0.904402
1073 0.905045
1074 0.923118
1075 0.881844
1076 0.861225
1077 0.861107
1078 0.982801
1079 0.923895
1080 0.929674
1081 0.881113
1082 0.973423
1083 0.830836
1084 0.936068
1085 0.842665
1086 0.822426
1087 0.990332
1088 0.912354
1089 0.976563
1090 0.938945
1091 0.868641
1092 0.932087
1093 0.946633
1094 0.886293
1095 0.967093
1096 0.887549
1097 0.881235
1098 0.87606
1099 0.931839
1100 0.955187
1101 0.873641
1102 0.852724
1103 0.833684
1104 0.836464
1105 0.935862
1106 0.884095
1107 0.922819
1108 0.878258
1109 0.863302
1110 0.998339
1111 0.950266
1112 0.902685
1113 0.986782
1114 0.827584
1115 0.856772
1116 0.836741
1117 0.911455
1118 0.937589
1119 0.989575
1120 0.882493
1121 0.843498
1122 0.834121
1123 0.836306
1124 0.96004
1125 1.00002
1126 0.956496
1127 0.867283
1128 0.92527
1129 0.935772
1130 0.864426
1131 0.877229
1132 0.836763
1133 0.904219
1134 0.882609
1135 0.881236
1136 0.897865
1137 0.854504
1138 0.9257
1139 0.860969
1140 1.00311
1141 0.969523
1142 0.934553
1143 0.882308
1144 0.877568
1145 0.85141
1146 0.8893
1147 0.916245
1148 0.864872
1149 0.972613
1150 0.972259
1151 0.890177
1152 0.945599
1153 0.958185
1154 0.904681
1155 0.932057
1156 0.834483
1157 0.80537
1158 0.932664
1159 0.878468
1160 0.821138
1161 0.929618
1162 0.879766
1163 0.895257
1164 0.883658
1165 0.980713
1166 0.821112
1167 0.88115
1168 0.929076
1169 0.889577
1170 0.920943
1171 0.864339
1172 0.846417
1173 0.972148
1174 0.925722
1175 0.889251
1176 0.987749
1177 0.928808
1178 0.956817
1179 0.953926
1180 0.99315
1181 0.827237
1182 0.819201
1183 0.879708
1184 0.862886
1185 0.905969
1186 0.819042
1187 1.0018
1188 0.902087
1189 0.903574
1190 1.00051
1191 0.847462
1192 0.929651
1193 0.844572
1194 0.887219
1195 0.857046
1196 0.90149
1197 0.913684
1198 0.858375
1199 0.825437
1200 0.976667
1201 1.03988
1202 0.926147
1203 0.904352
1204 0.869851
1205 1.03375
1206 0.963634
1207 0.851347
1208 1.02998
1209 0.869957
1210 0.951125
1211 0.953476
1212 0.983511
1213 0.872746
1214 0.905604
1215 0.848465
1216 0.828915
1217 0.864125
1218 0.978163
1219 0.87275
1220 0.860255
1221 0.838287
1222 0.918058
1223 0.87047
1224 0.876083
1225 0.968457
1226 0.872363
1227 0.845991
1228 0.802654
1229 0.854721
1230 0.903644
1231 0.998171
1232 0.966966
1233 0.884291
1234 0.808691
1235 0.797696
1236 0.997875
1237 0.931114
1238 0.859443
1239 0.891589
1240 0.988463
1241 0.831108
1242 0.845571
1243 0.85823
1244 0.91543
1245 0.799339
1246 0.854569
1247 0.956994
1248 0.848374
1249 0.884582
1250 0.926908
1251 0.867452
1252 0.81785
1253 0.858129
1254 0.898744
1255 0.850315
1256 0.827084
1257 0.877808
1258 0.850996
1259 0.916142
1260 0.838474
1261 0.854224
1262 0.815425
1263 0.83762
1264 0.817846
1265 0.852314
1266 0.833507
1267 0.839999
1268 0.932477
1269 0.876726
1270 0.813034
1271 0.854516
1272 0.810549
1273 0.768822
1274 0.813637
1275 0.802735
1276 0.82917
1277 0.837133
1278 0.807122
1279 0.785408
1280 0.785217
1281 0.873721
1282 0.801489
1283 0.785041
1284 1.03581
1285 0.781334
1286 0.925698
1287 0.86852
1288 0.894286
1289 0.803533
1290 0.838199
1291 0.8912
1292 0.86761
1293 0.885698
1294 0.839146
1295 0.869665
1296 0.817436
1297 0.860987
1298 0.79321
1299 0.851498
1300 0.918415
1301 0.958053
1302 0.887504
1303 0.929559
1304 0.907177
1305 0.855618
1306 0.885123
1307 0.854928
1308 0.916593
1309 0.845321
1310 0.856196
1311 0.957773
1312 0.815199
1313 0.851926
1314 0.891036
1315 0.932468
1316 0.963905
1317 0.837661
1318 0.83932
1319 0.89213
1320 0.910402
1321 0.891785
1322 0.842355
1323 0.83197
1324 0.810565
1325 0.904081
1326 0.940454
1327 0.85204
1328 0.804276
1329 0.809181
1330 0.826312
1331 0.836091
1332 0.821318
1333 0.826818
1334 0.801468
1335 0.79705
1336 0.821896
1337 0.921523
1338 0.850431
1339 0.838371
1340 0.848884
1341 0.807988
1342 0.834684
1343 0.859541
1344 0.842677
1345 0.957765
1346 0.864859
1347 0.880061
1348 0.875706
1349 0.832376
1350 0.851929
1351 0.851795
1352 0.815796
1353 0.873646
1354 0.845427
1355 0.837187
1356 0.885635
1357 0.854819
1358 0.890021
1359 0.878824
1360 0.816025
1361 0.862903
1362 0.925406
1363 0.826722
1364 0.832308
1365 0.942242
1366 0.881432
1367 0.878756
1368 0.834637
1369 0.819297
1370 0.939761
1371 0.902977
1372 0.846755
1373 0.826899
1374 0.812163
1375 0.866269
1376 0.818294
1377 0.889411
1378 0.862964
1379 0.846732
1380 0.877543
1381 0.871119
1382 0.84969
1383 0.852228
1384 0.90064
1385 0.920811
1386 0.820729
1387 0.883116
1388 0.812425
1389 0.785999
1390 0.874533
1391 0.810718
1392 0.827941
1393 0.826211
1394 0.77877
1395 0.826067
1396 0.877888
1397 0.861056
1398 0.837975
1399 0.885811
1400 0.844039
1401 0.842245
1402 0.803417
1403 0.877646
1404 0.869445
1405 0.835617
1406 0.798042
1407 0.84411
1408 0.911458
1409 0.902161
1410 0.914466
1411 0.850741
1412 0.851249
1413 0.814343
1414 0.811177
1415 0.893559
1416 0.801159
1417 0.778797
1418 0.836947
1419 0.826136
1420 0.860939
1421 0.804303
1422 0.917621
1423 0.918285
1424 0.877738
1425 0.812805
1426 0.770273
1427 0.83169
1428 0.795247
1429 0.810757
1430 0.805863
1431 0.855166
1432 0.829877
1433 0.861918
1434 0.877409
1435 0.806295
1436 0.861422
1437 0.760224
1438 0.876525
1439 0.897892
1440 0.863136
1441 0.833734
1442 0.789351
1443 0.858428
1444 0.804123
1445 0.791182
1446 0.898043
1447 0.844866
1448 0.8833
1449 0.825455
1450 0.819832
1451 0.809778
1452 0.808935
1453 0.912512
1454 0.930229
1455 0.990368
1456 0.823181
1457 0.870214
1458 0.803602
1459 1.06027
1460 0.774974
1461 0.851397
1462 0.807751
1463 0.845449
1464 0.872483
1465 0.794392
1466 0.798548
1467 0.810473
1468 0.825301
1469 0.833275
1470 0.893336
1471 0.821745
1472 0.80361
1473 0.836897
1474 0.895724
1475 0.895877
1476 0.826048
1477 0.811863
1478 0.787569
1479 0.81999
1480 0.856467
1481 0.875595
1482 0.841285
1483 0.78657
1484 0.787384
1485 0.815915
1486 0.86053
1487 0.785558
1488 0.85698
1489 0.809254
1490 0.890858
1491 0.889609
1492 0.838831
1493 0.858858
1494 0.924282
1495 0.873204
1496 0.813451
1497 0.854864
1498 0.838964
1499 0.852112
1500 0.84014
1501 0.785475
1502 0.867665
1503 0.886756
1504 0.770623
1505 0.82854
1506 0.789247
1507 0.868145
1508 0.870513
1509 0.795354
1510 0.93442
1511 0.759315
1512 0.816917
1513 0.839038
1514 0.798872
1515 0.882696
1516 0.825733
1517 0.835751
1518 0.861137
1519 0.904887
1520 0.791119
1521 0.859736
1522 0.852362
1523 0.839309
1524 0.881752
1525 0.844506
1526 0.786677
1527 0.814953
1528 0.860964
1529 0.898976
1530 0.750829
1531 0.838482
1532 0.801152
1533 0.795898
1534 0.82437
1535 0.805317
1536 0.858326
1537 0.828937
1538 0.868041
1539 0.91451
1540 0.896776
1541 0.86651
1542 0.89567
1543 0.784922
1544 0.757939
1545 0.77339
1546 0.853184
1547 0.824914
1548 0.832557
1549 0.822802
1550 0.74719
1551 0.795447
1552 0.77085
1553 0.823665
1554 0.969159
1555 0.813311
1556 0.843572
1557 0.783595
1558 0.823931
1559 0.832967
1560 0.795055
1561 0.78682
1562 0.817603
1563 0.78064
1564 0.818027
1565 0.840932
1566 0.788613
1567 0.871185
1568 0.802574
1569 0.963767
1570 0.913282
1571 0.830791
1572 0.808786
1573 0.824876
1574 0.819385
1575 0.820496
1576 0.797179
1577 0.775381
1578 0.875752
1579 0.884113
1580 0.771369
1581 0.880961
1582 0.855033
1583 0.882571
1584 0.808077
1585 0.754067
1586 0.771743
1587 0.809267
1588 0.850992
1589 0.83805
1590 0.815144
1591 0.792427
1592 0.845876
1593 0.813082
1594 0.904616
1595 0.802629
1596 0.818123
1597 0.848118
1598 0.791281
1599 0.824011
1600 0.803835
1601 0.810515
1602 0.865157
1603 0.856488
1604 0.842346
1605 0.840627
1606 0.866347
1607 0.805534
1608 0.935591
1609 0.854643
1610 0.757754
1611 0.76689
1612 0.832142
1613 0.775761
1614 0.82667
1615 0.80888
1616 0.874815
1617 0.849362
1618 0.866046
1619 0.840208
1620 0.821314
1621 0.826109
1622 0.862415
1623 0.767268
1624 0.834572
1625 0.79764
1626 0.826336
1627 0.796342
1628 0.758853
1629 0.978618
1630 0.864127
1631 0.832783
1632 0.783019
1633 0.854788
1634 0.941234
1635 0.836758
1636 0.965693
1637 0.773736
1638 0.801029
1639 0.892543
1640 0.916535
1641 0.793623
1642 0.823536
1643 0.835587
1644 0.781937
1645 0.739647
1646 0.785446
1647 0.892905
1648 0.823544
1649 0.774825
1650 0.799235
1651 0.792927
1652 0.752363
1653 0.831929
1654 0.85286
1655 0.840423
1656 0.773719
1657 0.729944
1658 0.813089
1659 0.814387
1660 1.01838
1661 0.796961
1662 0.858004
1663 0.75095
1664 0.810327
1665 0.812838
1666 0.80992
1667 0.855297
1668 0.818148
1669 0.824834
1670 0.784237
1671 0.801122
1672 0.813874
1673 0.812639
1674 0.775906
1675 0.828637
1676 0.867658
1677 0.805768
1678 0.864545
1679 0.831666
1680 0.789896
1681 0.767373
1682 0.803559
1683 0.824891
1684 0.775775
1685 0.790811
1686 0.823545
1687 0.834288
1688 0.838488
1689 0.812567
1690 0.830016
1691 0.768781
1692 0.802256
1693 0.743003
1694 0.830353
1695 0.755554
1696 0.765666
1697 0.846632
1698 0.78869
1699 0.76127
1700 0.791071
1701 0.724709
1702 0.758479
1703 0.73631
1704 0.726223
1705 0.77981
1706 0.82942
1707 0.744417
1708 0.726429
1709 0.716084
1710 0.772835
1711 0.720016
1712 0.732768
1713 0.973922
1714 0.727986
1715 0.824673
1716 0.782225
1717 0.803003
1718 0.748525
1719 0.799489
1720 0.808537
1721 0.858271
1722 0.74331
1723 0.799505
1724 0.789297
1725 0.769542
1726 0.806276
1727 0.78298
1728 0.758717
1729 0.875447
1730 0.830764
1731 0.791643
1732 0.872612
1733 0.800723
1734 0.793265
1735 0.789051
1736 0.760244
1737 0.820976
1738 0.802901
1739 0.896849
1740 0.778275
1741 0.784304
1742 0.743787
1743 0.924721
1744 0.864341
1745 0.838934
1746 0.802367
1747 0.788372
1748 0.789827
1749 0.759505
1750 0.802745
1751 0.757012
1752 0.79735
1753 0.764334
1754 0.807768
1755 1.00433
1756 0.764648
1757 0.756052
1758 0.764413
1759 0.802721
1760 0.743589
1761 0.834907
1762 0.735093
1763 0.763841
1764 0.735699
1765 0.773828
1766 0.853999
1767 0.795457
1768 0.786266
1769 0.808786
1770 0.742202
1771 0.816242
1772 0.766828
1773 0.863987
1774 0.886612
1775 0.777342
1776 0.766924
1777 0.804429
1778 0.743709
1779 0.781178
1780 0.815429
1781 0.749823
1782 0.849904
1783 0.774701
1784 0.787637
1785 0.810418
1786 0.784842
1787 0.816824
1788 0.757272
1789 0.793775
1790 0.81105
1791 0.830769
1792 0.809555
1793 0.855952
1794 0.767276
1795 0.806744
1796 0.782541
1797 0.779232
1798 0.842526
1799 0.825444
1800 0.848334
1801 0.783606
1802 0.787111
1803 0.724621
1804 0.812918
1805 0.777398
1806 0.802285
1807 0.790297
1808 0.811221
1809 0.789666
1810 0.813698
1811 0.765262
1812 0.798983
1813 0.801657
1814 0.863735
1815 0.771847
1816 0.782515
1817 0.764113
1818 0.743322
1819 0.792368
1820 0.783425
1821 0.774839
1822 0.729146
1823 0.752833
1824 0.790935
1825 0.798889
1826 0.825608
1827 0.754589
1828 0.778982
1829 0.713241
1830 0.746574
1831 0.759644
1832 0.83411
1833 0.799042
1834 0.744466
1835 0.758474
1836 0.79575
1837 0.877886
1838 0.80985
1839 0.84535
1840 0.795402
1841 0.727849
1842 0.802973
1843 0.744874
1844 0.833032
1845 0.752687
1846 0.740743
1847 0.799808
1848 0.780155
1849 0.80674
1850 0.746267
1851 0.844791
1852 0.815376
1853 0.754976
1854 0.748455
1855 0.75214
1856 0.767255
1857 0.722723
1858 0.772858
1859 0.770702
1860 0.788871
1861 0.78923
1862 0.826567
1863 0.728756
1864 0.775264
1865 0.77526
1866 0.742445
1867 0.789542
1868 0.755717
1869 0.840808
1870 0.794296
1871 0.745359
1872 0.793663
1873 0.749415
1874 0.735747
1875 0.784581
1876 0.740095
1877 0.841969
1878 0.745916
1879 0.768344
1880 0.740744
1881 0.878002
1882 0.82609
1883 0.851242
1884 0.839483
1885 0.865331
1886 0.720175
1887 0.832876
1888 0.874544
1889 0.719688
1890 0.795522
1891 0.747492
1892 0.804287
1893 0.813072
1894 0.747533
1895 0.790535
1896 0.726663
1897 0.832318
1898 0.758371
1899 0.822253
1900 0.726212
1901 0.781888
1902 0.787114
1903 0.795988
1904 0.777591
1905 0.788699
1906 0.734831
1907 0.811467
1908 0.731952
1909 0.808755
1910 0.81154
1911 0.757627
1912 0.749365
1913 0.72386
1914 0.780137
1915 0.762332
1916 0.719688
1917 0.756961
1918 0.837371
1919 0.8141
1920 0.842477
1921 0.748715
1922 0.782774
1923 0.850884
1924 0.786393
1925 0.779754
1926 0.778666
1927 0.78881
1928 0.797
1929 0.783548
1930 0.767073
1931 0.779218
1932 0.767976
1933 0.73904
1934 0.755589
1935 0.749689
1936 0.809757
1937 0.781484
1938 0.767128
1939 0.789272
1940 0.707038
1941 0.787981
1942 0.706528
1943 0.719613
1944 0.839759
1945 0.769175
1946 0.811125
1947 0.740806
1948 0.780675
1949 0.780862
1950 0.826517
1951 0.761044
1952 0.844993
1953 0.766016
1954 0.752833
1955 0.752282
1956 0.758038
1957 0.851329
1958 0.746084
1959 0.718287
1960 0.787594
1961 0.743031
1962 0.7697
1963 0.763088
1964 0.727849
1965 0.835056
1966 0.778988
1967 0.796258
1968 0.841375
1969 0.774185
1970 0.824024
1971 0.827854
1972 0.772692
1973 0.744644
1974 0.727201
1975 0.815777
1976 0.767931
1977 0.793494
1978 0.742897
1979 0.742854
1980 0.750419
1981 0.795782
1982 0.805547
1983 0.873049
1984 0.71011
1985 0.802774
1986 0.738833
1987 0.794917
1988 0.774792
1989 0.721695
1990 0.733288
1991 0.781469
1992 0.757863
1993 0.780412
1994 0.755657
1995 0.757613
1996 0.756556
1997 0.773509
1998 0.852793
1999 0.812438
2000 0.797129
2001 0.718331
2002 0.759281
2003 0.795493
2004 0.745697
2005 0.728104
2006 0.757119
2007 0.877212
2008 0.788172
2009 0.775534
2010 0.783604
2011 0.80613
2012 0.768338
2013 0.733493
2014 0.700399
2015 0.702926
2016 0.845789
2017 0.707357
2018 0.771211
2019 0.762261
2020 0.768461
2021 0.781337
2022 0.770204
2023 0.817676
2024 0.745784
2025 0.740662
2026 0.808671
2027 0.771518
2028 0.779526
2029 0.754796
2030 0.747479
2031 0.818203
2032 0.744378
2033 0.779949
2034 0.825469
2035 0.77373
2036 0.812701
2037 0.826121
2038 0.748801
2039 0.713166
2040 0.76969
2041 0.746429
2042 0.726835
2043 0.738562
2044 0.849782
2045 0.758305
2046 0.744123
2047 0.84291
2048 0.849827
2049 0.724043
2050 0.849445
2051 0.731691
2052 0.72219
2053 0.767286
2054 0.770869
2055 0.758467
2056 0.741363
2057 0.757816
2058 0.867165
2059 0.820548
2060 0.813336
2061 0.729227
2062 0.875585
2063 0.794054
2064 0.746587
2065 0.935496
2066 0.731066
2067 0.802332
2068 0.830566
2069 0.9021
2070 0.808652
2071 0.801876
2072 0.736613
2073 0.755384
2074 0.726803
2075 0.751945
2076 0.87029
2077 0.709935
2078 0.756629
2079 0.763155
2080 0.758975
2081 0.804579
2082 0.783888
2083 0.818418
2084 0.717954
2085 0.723252
2086 0.698813
2087 0.771018
2088 0.842559
2089 0.884596
2090 0.753119
2091 0.792677
2092 0.702035
2093 0.794742
2094 0.753411
2095 0.765681
2096 0.771916
2097 0.76516
2098 0.733127
2099 0.790031
2100 0.717034
2101 0.742656
2102 0.729046
2103 0.724137
2104 0.806386
2105 0.733751
2106 0.724628
2107 0.79799
2108 0.782132
2109 0.754743
2110 0.70357
2111 0.747118
2112 0.74152
2113 0.758715
2114 0.807283
2115 0.752358
2116 0.793902
2117 0.716786
2118 0.758781
2119 0.722939
2120 0.713096
2121 0.742561
2122 0.716444
2123 0.753498
2124 0.761162
2125 0.697293
2126 0.788205
2127 0.726795
2128 0.71979
2129 0.759082
2130 0.696371
2131 0.67776
2132 0.711751
2133 0.742755
2134 0.679373
2135 0.770091
2136 0.683699
2137 0.698061
2138 0.718327
2139 0.732213
2140 0.71771
2141 0.710688
2142 0.870114
2143 0.829432
2144 0.786115
2145 0.743244
2146 0.718953
2147 0.746467
2148 0.753787
2149 0.767259
2150 0.762584
2151 0.73045
2152 0.719073
2153 0.72852
2154 0.739707
2155 0.702095
2156 0.714948
2157 0.755632
2158 0.80959
2159 0.812907
2160 0.752308
2161 0.776087
2162 0.72305
2163 0.738182
2164 0.739036
2165 0.780365
2166 0.739489
2167 0.756096
2168 0.790614
2169 0.764267
2170 0.805516
2171 0.688298
2172 0.90555
2173 0.852263
2174 0.746327
2175 0.770791
2176 0.736344
2177 0.745813
2178 0.742205
2179 0.733349
2180 0.746629
2181 0.72172
2182 0.736019
2183 0.769575
2184 0.907633
2185 0.731015
2186 0.741811
2187 0.682048
2188 0.816581
2189 0.718341
2190 0.715547
2191 0.750635
2192 0.696293
2193 0.706872
2194 0.767656
2195 0.751858
2196 0.821679
2197 0.751516
2198 0.734147
2199 0.734809
2200 0.744503
2201 0.733484
2202 0.802437
2203 0.764802
2204 0.763876
2205 0.752969
2206 0.732479
2207 0.745745
2208 0.723731
2209 0.711593
2210 0.694823
2211 0.783649
2212 0.690404
2213 0.773192
2214 0.744855
2215 0.718594
2216 0.746727
2217 0.694812
2218 0.749695
2219 0.79345
2220 0.690216
2221 0.692258
2222 0.777554
2223 0.753358
2224 0.80325
2225 0.696084
2226 0.726577
2227 0.817157
2228 0.786662
2229 0.728302
2230 0.755826
2231 0.702747
2232 0.691592
2233 0.707848
2234 0.729026
2235 0.729784
2236 0.732574
2237 0.740152
2238 0.779078
2239 0.705252
2240 0.80022
2241 0.8101
2242 0.790577
2243 0.760061
2244 0.743195
2245 0.712863
2246 0.700038
2247 0.729086
2248 0.726662
2249 0.703917
2250 0.728452
2251 0.697669
2252 0.688752
2253 0.798205
2254 0.732317
2255 0.750536
2256 0.722346
2257 0.69461
2258 0.684408
2259 0.741311
2260 0.76493
2261 0.739339
2262 0.711948
2263 0.706677
2264 0.695922
2265 0.795975
2266 0.813161
2267 0.77827
2268 0.766844
2269 0.713645
2270 0.689845
2271 0.698234
2272 0.724558
2273 0.785297
2274 0.669795
2275 0.732039
2276 0.704956
2277 0.776219
2278 0.705095
2279 0.70702
2280 0.79524
2281 0.721201
2282 0.733562
2283 0.705488
2284 0.716327
2285 0.707929
2286 0.666342
2287 0.715545
2288 0.76639
2289 0.769795
2290 0.745597
2291 0.747081
2292 0.694519
2293 0.730188
2294 0.721376
2295 0.716945
2296 0.716045
2297 0.682248
2298 0.726767
2299 0.729688
2300 0.704347
2301 0.706656
2302 0.693238
2303 0.759631
2304 0.777355
2305 0.760086
2306 0.706613
2307 0.732386
2308 0.69589
2309 0.680963
2310 0.790691
2311 0.888916
2312 0.774537
2313 0.792854
2314 0.795113
2315 0.686991
2316 0.79243
2317 0.753335
2318 0.706464
2319 0.711079
2320 0.770138
2321 0.748564
2322 0.673396
2323 0.688779
2324 0.781473
2325 0.713832
2326 0.77179
2327 0.748462
2328 0.753936
2329 0.702864
2330 0.724211
2331 0.744051
2332 0.72519
2333 0.725983
2334 0.688815
2335 0.691749
2336 0.742186
2337 0.749479
2338 0.718367
2339 0.774082
2340 0.702237
2341 0.69806
2342 0.721213
2343 0.720379
2344 0.69199
2345 0.720715
2346 0.738491
2347 0.732175
2348 0.771062
2349 0.728789
2350 0.705769
2351 0.794181
2352 0.754912
2353 0.761842
2354 0.74455
2355 0.757805
2356 0.749328
2357 0.758687
2358 0.718895
2359 0.700266
2360 0.737487
2361 0.714665
2362 0.697116
2363 0.690154
2364 0.731768
2365 0.732488
2366 0.730798
2367 0.718322
2368 0.747044
2369 0.674268
2370 0.756508
2371 0.690547
2372 0.679588
2373 0.773664
2374 0.685721
2375 0.797859
2376 0.789669
2377 0.736337
2378 0.738672
2379 0.733727
2380 0.707822
2381 0.806398
2382 0.735036
2383 0.692582
2384 0.693133
2385 0.703562
2386 0.745452
2387 0.722682
2388 0.72683
2389 0.705773
2390 0.661692
2391 0.702549
2392 0.731489
2393 0.730256
2394 0.728915
2395 0.688234
2396 0.801036
2397 0.711247
2398 0.721068
2399 0.822133
2400 0.692249
2401 0.709779
2402 0.673115
2403 0.755108
2404 0.704949
2405 0.772017
2406 0.72083
2407 0.691925
2408 0.713952
2409 0.696732
2410 0.720657
2411 0.750504
2412 0.796111
2413 0.683829
2414 0.765239
2415 0.708066
2416 0.702415
2417 0.707457
2418 0.710643
2419 0.737332
2420 0.685636
2421 0.711829
2422 0.741119
2423 0.696558
2424 0.752038
2425 0.702599
2426 0.7847
2427 0.75092
2428 0.791552
2429 0.684132
2430 0.707462
2431 0.719318
2432 0.710858
2433 0.701518
2434 0.692692
2435 0.745296
2436 0.800042
2437 0.700334
2438 0.698991
2439 0.746971
2440 0.712781
2441 0.717786
2442 0.655314
2443 0.708376
2444 0.730628
2445 0.737839
2446 0.672169
2447 0.766189
2448 0.701621
2449 0.703609
2450 0.728421
2451 0.812894
2452 0.677419
2453 0.717151
2454 0.741527
2455 0.703515
2456 0.672587
2457 0.740527
2458 0.709868
2459 0.762499
2460 0.760841
2461 0.728398
2462 0.739744
2463 0.724852
2464 0.787847
2465 0.755897
2466 0.779465
2467 0.664306
2468 0.685904
2469 0.728367
2470 0.683739
2471 0.717771
2472 0.672705
2473 0.786232
2474 0.753256
2475 0.710415
2476 0.835592
2477 0.712754
2478 0.720889
2479 0.665838
2480 0.741425
2481 0.668251
2482 0.73675
2483 0.740531
2484 0.680213
2485 0.686845
2486 0.782818
2487 0.795664
2488 0.735729
2489 0.683268
2490 0.701603
2491 0.781468
2492 0.747233
2493 0.716137
2494 0.837047
2495 0.695601
2496 0.76879
2497 0.725654
2498 0.74426
2499 0.756242
2500 0.702659
2501 0.692697
2502 0.682942
2503 0.676287
2504 0.758484
2505 0.720491
2506 0.728396
2507 0.68112
2508 0.712637
2509 0.676373
2510 0.729132
2511 0.757766
2512 0.700602
2513 0.676898
2514 0.663612
2515 0.694768
2516 0.731518
2517 0.805337
2518 0.783994
2519 0.695195
2520 0.749064
2521 0.65124
2522 0.808453
2523 0.744036
2524 0.714486
2525 0.704747
2526 0.746347
2527 0.701786
2528 0.678187
2529 0.687487
2530 0.749111
2531 0.652084
2532 0.74739
2533 0.773058
2534 0.701778
2535 0.708646
2536 0.793476
2537 0.679098
2538 0.686343
2539 0.717748
2540 0.689377
2541 0.708116
2542 0.708461
2543 0.708063
2544 0.69002
2545 0.744647
2546 0.69814
2547 0.698096
2548 0.679696
2549 0.709819
2550 0.675885
2551 0.692408
2552 0.695651
2553 0.735987
2554 0.701674
2555 0.712839
2556 0.67806
2557 0.718057
2558 0.680087
2559 0.644327
2560 0.661345
2561 0.681492
2562 0.666515
2563 0.68508
2564 0.687728
2565 0.627743
2566 0.640617
2567 0.667258
2568 0.696739
2569 0.633664
2570 0.811346
2571 0.675366
2572 0.779342
2573 0.702157
2574 0.712078
2575 0.668487
2576 0.712346
2577 0.743074
2578 0.711611
2579 0.690923
2580 0.734668
2581 0.66977
2582 0.674959
2583 0.708182
2584 0.676658
2585 0.67634
2586 0.784345
2587 0.745893
2588 0.708133
2589 0.725006
2590 0.691988
2591 0.723732
2592 0.69995
2593 0.691926
2594 0.767176
2595 0.679548
2596 0.678352
2597 0.764591
2598 0.655547
2599 0.701614
2600 0.69348
2601 0.769044
2602 0.809418
2603 0.694604
2604 0.720085
2605 0.720685
2606 0.667354
2607 0.664404
2608 0.661976
2609 0.68525
2610 0.657085
2611 0.681634
2612 0.754071
2613 0.707272
2614 0.668122
2615 0.64307
2616 0.679793
2617 0.708743
2618 0.68666
2619 0.655526
2620 0.688229
2621 0.662148
2622 0.682296
2623 0.715846
2624 0.71603
2625 0.674503
2626 0.731647
2627 0.656544
2628 0.680142
2629 0.694641
2630 0.650247
2631 0.739517
2632 0.671397
2633 0.698325
2634 0.684133
2635 0.675456
2636 0.70701
2637 0.697779
2638 0.68801
2639 0.70127
2640 0.685811
2641 0.667818
2642 0.748943
2643 0.696713
2644 0.695204
2645 0.717397
2646 0.700823
2647 0.708384
2648 0.723365
2649 0.675429
2650 0.667146
2651 0.725151
2652 0.707373
2653 0.695558
2654 0.664646
2655 0.691047
2656 0.751351
2657 0.7148
2658 0.694873
2659 0.664757
2660 0.661869
2661 0.703404
2662 0.656192
2663 0.728205
2664 0.711021
2665 0.669932
2666 0.728775
2667 0.692612
2668 0.64602
2669 0.712298
2670 0.70439
2671 0.733223
2672 0.682113
2673 0.697332
2674 0.649227
2675 0.691607
2676 0.715432
2677 0.718666
2678 0.672691
2679 0.657257
2680 0.65806
2681 0.691918
2682 0.717059
2683 0.69357
2684 0.725176
2685 0.670543
2686 0.690238
2687 0.670124
2688 0.68208
2689 0.708173
2690 0.698487
2691 0.653272
2692 0.677759
2693 0.66677
2694 0.71695
2695 0.721509
2696 0.730434
2697 0.69019
2698 0.702563
2699 0.677556
2700 0.703471
2701 0.707471
2702 0.654812
2703 0.646889
2704 0.706841
2705 0.678665
2706 0.73758
2707 0.65683
2708 0.691232
2709 0.718336
2710 0.657338
2711 0.666736
2712 0.652435
2713 0.6971
2714 0.685856
2715 0.638526
2716 0.652238
2717 0.708202
2718 0.698699
2719 0.717253
2720 0.728294
2721 0.65828
2722 0.664603
2723 0.646081
2724 0.654405
2725 0.704717
2726 0.665538
2727 0.677614
2728 0.64713
2729 0.676086
2730 0.668489
2731 0.634575
2732 0.722857
2733 0.663237
2734 0.731407
2735 0.676149
2736 0.649864
2737 0.644634
2738 0.682555
2739 0.707368
2740 0.729306
2741 0.747464
2742 0.708893
2743 0.710009
2744 0.661256
2745 0.801739
2746 0.656696
2747 0.69715
2748 0.688744
2749 0.687905
2750 0.743062
2751 0.663101
2752 0.664918
2753 0.65604
2754 0.706062
2755 0.680908
2756 0.724432
2757 0.707151
2758 0.679681
2759 0.680582
2760 0.657416
2761 0.687553
2762 0.683255
2763 0.623218
2764 0.691813
2765 0.66882
2766 0.729211
2767 0.717279
2768 0.68941
2769 0.671786
2770 0.650826
2771 0.69308
2772 0.700602
2773 0.654655
2774 0.697803
2775 0.686536
2776 0.739388
2777 0.716723
2778 0.658444
2779 0.667512
2780 0.722783
2781 0.790806
2782 0.674226
2783 0.706367
2784 0.694522
2785 0.751268
2786 0.686174
2787 0.682922
2788 0.692787
2789 0.679831
2790 0.627885
2791 0.678776
2792 0.677936
2793 0.676266
2794 0.717606
2795 0.659389
2796 0.746049
2797 0.647379
2798 0.650809
2799 0.684535
2800 0.666296
2801 0.720508
2802 0.663707
2803 0.69322
2804 0.707956
2805 0.748235
2806 0.652287
2807 0.703332
2808 0.699941
2809 0.672795
2810 0.797402
2811 0.674529
2812 0.641793
2813 0.653109
2814 0.677672
2815 0.76557
2816 0.612865
2817 0.672241
2818 0.624532
2819 0.638722
2820 0.685261
2821 0.652048
2822 0.684897
2823 0.675397
2824 0.685379
2825 0.736657
2826 0.690617
2827 0.697231
2828 0.731785
2829 0.634585
2830 0.648696
2831 0.66681
2832 0.681875
2833 0.640438
2834 0.755946
2835 0.686677
2836 0.635323
2837 0.629673
2838 0.661201
2839 0.700146
2840 0.748151
2841 0.709776
2842 0.696525
2843 0.658868
2844 0.684188
2845 0.668946
2846 0.656622
2847 0.677696
2848 0.646788
2849 0.683419
2850 0.666246
2851 0.679101
2852 0.629198
2853 0.715786
2854 0.66568
2855 0.75477
2856 0.723148
2857 0.774297
2858 0.685397
2859 0.659558
2860 0.675104
2861 0.669949
2862 0.724623
2863 0.670493
2864 0.688943
2865 0.733868
2866 0.655211
2867 0.722936
2868 0.691134
2869 0.686868
2870 0.635386
2871 0.64016
2872 0.673046
2873 0.685741
2874 0.712015
2875 0.656369
2876 0.7132
2877 0.668851
2878 0.698723
2879 0.659537
2880 0.733932
2881 0.645862
2882 0.669457
2883 0.699607
2884 0.671193
2885 0.669721
2886 0.681741
2887 0.686639
2888 0.731919
2889 0.71102
2890 0.716988
2891 0.726302
2892 0.701845
2893 0.697224
2894 0.737132
2895 0.718058
2896 0.656624
2897 0.647318
2898 0.699089
2899 0.658407
2900 0.646061
2901 0.656968
2902 0.738151
2903 0.732913
2904 0.69662
2905 0.687174
2906 0.669515
2907 0.703765
2908 0.715694
2909 0.646023
2910 0.673863
2911 0.682011
2912 0.679626
2913 0.647254
2914 0.623224
2915 0.808717
2916 0.695958
2917 0.667893
2918 0.643838
2919 0.707761
2920 0.696223
2921 0.660024
2922 0.766562
2923 0.651832
2924 0.649121
2925 0.68999
2926 0.723549
2927 0.727941
2928 0.658795
2929 0.692107
2930 0.658285
2931 0.617811
2932 0.630433
2933 0.698711
2934 0.668289
2935 0.662786
2936 0.666142
2937 0.695059
2938 0.624176
2939 0.673259
2940 0.727234
2941 0.693961
2942 0.65447
2943 0.627706
2944 0.680275
2945 0.671023
2946 0.836558
2947 0.652681
2948 0.719421
2949 0.629297
2950 0.661896
2951 0.690289
2952 0.659005
2953 0.684293
2954 0.68527
2955 0.663416
2956 0.668909
2957 0.652528
2958 0.689701
2959 0.64849
2960 0.62972
2961 0.710012
2962 0.717911
2963 0.622795
2964 0.699833
2965 0.702305
2966 0.715629
2967 0.62724
2968 0.649927
2969 0.671374
2970 0.630663
2971 0.671538
2972 0.671091
2973 0.661981
2974 0.685697
2975 0.666649
2976 0.648765
2977 0.647337
2978 0.664714
2979 0.640423
2980 0.65089
2981 0.697806
2982 0.657721
2983 0.660076
2984 0.65237
2985 0.623424
2986 0.651318
2987 0.646374
2988 0.636832
2989 0.629942
2990 0.619792
2991 0.632437
2992 0.692507
2993 0.632858
2994 0.607885
2995 0.602115
2996 0.659438
2997 0.607348
2998 0.612763
2999 0.817457
3000 0.606287
3001 0.683042
3002 0.654028
3003 0.67005
3004 0.64743
3005 0.676235
3006 0.669855
3007 0.708853
3008 0.636907
3009 0.657887
3010 0.663058
3011 0.676835
3012 0.625632
3013 0.65108
3014 0.657993
3015 0.780955
3016 0.69719
3017 0.644383
3018 0.725784
3019 0.652309
3020 0.667856
3021 0.662955
3022 0.686705
3023 0.695587
3024 0.668406
3025 0.75821
3026 0.678723
3027 0.626496
3028 0.624645
3029 0.765493
3030 0.669536
3031 0.689983
3032 0.681191
3033 0.655001
3034 0.639598
3035 0.675562
3036 0.676985
3037 0.628795
3038 0.633259
3039 0.62093
3040 0.667295
3041 0.858376
3042 0.651459
3043 0.643104
3044 0.620408
3045 0.664972
3046 0.638758
3047 0.669193
3048 0.626858
3049 0.626849
3050 0.633661
3051 0.669224
3052 0.67578
3053 0.674907
3054 0.656114
3055 0.686444
3056 0.639956
3057 0.654636
3058 0.649336
3059 0.693553
3060 0.760317
3061 0.644367
3062 0.658786
3063 0.656362
3064 0.629582
3065 0.670312
3066 0.644613
3067 0.637498
3068 0.68441
3069 0.640715
3070 0.657368
3071 0.691498
3072 0.684961
3073 0.657154
3074 0.649694
3075 0.637933
3076 0.645421
3077 0.677198
3078 0.641578
3079 0.649726
3080 0.639334
3081 0.680316
3082 0.663274
3083 0.651041
3084 0.689716
3085 0.701635
3086 0.66487
3087 0.636323
3088 0.647557
3089 0.610895
3090 0.61234
3091 0.657388
3092 0.666663
3093 0.636968
3094 0.670444
3095 0.663722
3096 0.65235
3097 0.649703
3098 0.66941
3099 0.651685
3100 0.713798
3101 0.625834
3102 0.634425
3103 0.622248
3104 0.641438
3105 0.666624
3106 0.627159
3107 0.642184
3108 0.651719
3109 0.602367
3110 0.648034
3111 0.66065
3112 0.671005
3113 0.646687
3114 0.67324
3115 0.640191
3116 0.645922
3117 0.654861
3118 0.668321
3119 0.67764
3120 0.622549
3121 0.628752
3122 0.646024
3123 0.708093
3124 0.658813
3125 0.673342
3126 0.646454
3127 0.67243
3128 0.637437
3129 0.620928
3130 0.723049
3131 0.640962
3132 0.614292
3133 0.640792
3134 0.633733
3135 0.651973
3136 0.635387
3137 0.704644
3138 0.701307
3139 0.635081
3140 0.611079
3141 0.616771
3142 0.649582
3143 0.62846
3144 0.637034
3145 0.612235
3146 0.676595
3147 0.662817
3148 0.672623
3149 0.633492
3150 0.632924
3151 0.645732
3152 0.612194
3153 0.652684
3154 0.667127
3155 0.677547
3156 0.653483
3157 0.62869
3158 0.635807
3159 0.616371
3160 0.621657
3161 0.678597
3162 0.648966
3163 0.668325
3164 0.618841
3165 0.620584
3166 0.625927
3167 0.677723
3168 0.683956
3169 0.747548
3170 0.695796
3171 0.67736
3172 0.608254
3173 0.688888
3174 0.685919
3175 0.653664
3176 0.646123
3177 0.644254
3178 0.63524
3179 0.701347
3180 0.616328
3181 0.635806
3182 0.628427
3183 0.636173
3184 0.622061
3185 0.674593
3186 0.628019
3187 0.659862
3188 0.658473
3189 0.638975
3190 0.625239
3191 0.646305
3192 0.627199
3193 0.657697
3194 0.63884
3195 0.641743
3196 0.686063
3197 0.631436
3198 0.607425
3199 0.647097
3200 0.664291
3201 0.638985
3202 0.611818
3203 0.66959
3204 0.65778
3205 0.659083
3206 0.660484
3207 0.644042
3208 0.6716
3209 0.728617
3210 0.653187
3211 0.634889
3212 0.64861
3213 0.654489
3214 0.652812
3215 0.646965
3216 0.650636
3217 0.630393
3218 0.663352
3219 0.598727
3220 0.611126
3221 0.629639
3222 0.651345
3223 0.640902
3224 0.658909
3225 0.697084
3226 0.619219
3227 0.637441
3228 0.613149
3229 0.631655
3230 0.718043
3231 0.651504
3232 0.690089
3233 0.644139
3234 0.640204
3235 0.628286
3236 0.655755
3237 0.674922
3238 0.734923
3239 0.603962
3240 0.664186
3241 0.652948
3242 0.650285
3243 0.718544
3244 0.634531
3245 0.616082
3246 0.650447
3247 0.610218
3248 0.652002
3249 0.621141
3250 0.628196
3251 0.665408
3252 0.613858
3253 0.654834
3254 0.669539
3255 0.640224
3256 0.645784
3257 0.685735
3258 0.658166
3259 0.606175
3260 0.618942
3261 0.676732
3262 0.648556
3263 0.637063
3264 0.619693
3265 0.610333
3266 0.614319
3267 0.616722
3268 0.671659
3269 0.677931
3270 0.620913
3271 0.630284
3272 0.631088
3273 0.677766
3274 0.625344
3275 0.606847
3276 0.638179
3277 0.627395
3278 0.599618
3279 0.668849
3280 0.62671
3281 0.64018
3282 0.643061
3283 0.689781
3284 0.721508
3285 0.673339
3286 0.717478
3287 0.646583
3288 0.620426
3289 0.673419
3290 0.620383
3291 0.624897
3292 0.649788
3293 0.677504
3294 0.686527
3295 0.688748
3296 0.643027
3297 0.668186
3298 0.678882
3299 0.629415
3300 0.588616
3301 0.595732
3302 0.720936
3303 0.60797
3304 0.647314
3305 0.608064
3306 0.636633
3307 0.632782
3308 0.668037
3309 0.652451
3310 0.609119
3311 0.616046
3312 0.624293
3313 0.651523
3314 0.673454
3315 0.62688
3316 0.667631
3317 0.671929
3318 0.622444
3319 0.646707
3320 0.691898
3321 0.642784
3322 0.633936
3323 0.755651
3324 0.644463
3325 0.599866
3326 0.677605
3327 0.619534
3328 0.605301
3329 0.648343
3330 0.656469
3331 0.693827
3332 0.6356
3333 0.634593
3334 0.653945
3335 0.627486
3336 0.635716
3337 0.621086
3338 0.62973
3339 0.659912
3340 0.642662
3341 0.618591
3342 0.612706
3343 0.622047
3344 0.752217
3345 0.633676
3346 0.66317
3347 0.605829
3348 0.734123
3349 0.699131
3350 0.610928
3351 0.823904
3352 0.60107
3353 0.630768
3354 0.677905
3355 0.695531
3356 0.66552
3357 0.64814
3358 0.637012
3359 0.597167
3360 0.584774
3361 0.64141
3362 0.699146
3363 0.627396
3364 0.616346
3365 0.643632
3366 0.658417
3367 0.635211
3368 0.668683
3369 0.68481
3370 0.600125
3371 0.5895
3372 0.613237
3373 0.644142
3374 0.697542
3375 0.721579
3376 0.618111
3377 0.644161
3378 0.59647
3379 0.645096
3380 0.636519
3381 0.630645
3382 0.646239
3383 0.626414
3384 0.636183
3385 0.637058
3386 0.616641
3387 0.629497
3388 0.60125
3389 0.605396
3390 0.702926
3391 0.619164
3392 0.613966
3393 0.638355
3394 0.688715
3395 0.621386
3396 0.613921
3397 0.636623
3398 0.617409
3399 0.628403
3400 0.615423
3401 0.632624
3402 0.650039
3403 0.615747
3404 0.610605
3405 0.617001
3406 0.598772
3407 0.631075
3408 0.58265
3409 0.63327
3410 0.629834
3411 0.604427
3412 0.649173
3413 0.613393
3414 0.600182
3415 0.633207
3416 0.580777
3417 0.59455
3418 0.602673
3419 0.626087
3420 0.593889
3421 0.630231
3422 0.583641
3423 0.587279
3424 0.589927
3425 0.630436
3426 0.580415
3427 0.589653
3428 0.733536
3429 0.691065
3430 0.647638
3431 0.642246
3432 0.62261
3433 0.600604
3434 0.598457
3435 0.666414
3436 0.638376
3437 0.617216
3438 0.621817
3439 0.663211
3440 0.646294
3441 0.603116
3442 0.626726
3443 0.643828
3444 0.682047
3445 0.674179
3446 0.638341
3447 0.647853
3448 0.589734
3449 0.649462
3450 0.605224
3451 0.667597
3452 0.611761
3453 0.627496
3454 0.67463
3455 0.649573
3456 0.636053
3457 0.615322
3458 0.655205
3459 0.680238
3460 0.628206
3461 0.663717
3462 0.617467
3463 0.603966
3464 0.64904
3465 0.633973
3466 0.626365
3467 0.608342
3468 0.626224
3469 0.631871
3470 0.766262
3471 0.59061
3472 0.60733
3473 0.585378
3474 0.639906
3475 0.611327
3476 0.654969
3477 0.60694
3478 0.621257
3479 0.612016
3480 0.637196
3481 0.671197
3482 0.631882
3483 0.640809
3484 0.586101
3485 0.607068
3486 0.652443
3487 0.622182
3488 0.671205
3489 0.636935
3490 0.612291
3491 0.617159
3492 0.626115
3493 0.603778
3494 0.628625
3495 0.597643
3496 0.615407
3497 0.633816
3498 0.593466
3499 0.646026
3500 0.64955
3501 0.654987
3502 0.651758
3503 0.61844
3504 0.639987
3505 0.651151
3506 0.625798
3507 0.566154
3508 0.634328
3509 0.619991
3510 0.642323
3511 0.611768
3512 0.598137
3513 0.648355
3514 0.675026
3515 0.623728
3516 0.623765
3517 0.598289
3518 0.616636
3519 0.62149
3520 0.61527
3521 0.646796
3522 0.634996
3523 0.625643
3524 0.705805
3525 0.592147
3526 0.623862
3527 0.678832
3528 0.61767
3529 0.622383
3530 0.629457
3531 0.632781
3532 0.59148
3533 0.59473
3534 0.603765
3535 0.601267
3536 0.607613
3537 0.58114
3538 0.618224
3539 0.684467
3540 0.630964
3541 0.653658
3542 0.613474
3543 0.605887
3544 0.585982
3545 0.613365
3546 0.635283
3547 0.605883
3548 0.639847
3549 0.592422
3550 0.588843
3551 0.691493
3552 0.655488
3553 0.626451
3554 0.625984
3555 0.629102
3556 0.591019
3557 0.602442
3558 0.588004
3559 0.648419
3560 0.58396
3561 0.609862
3562 0.606523
3563 0.633242
3564 0.642483
3565 0.58735
3566 0.668014
3567 0.632375
3568 0.603269
3569 0.588686
3570 0.609488
3571 0.598919
3572 0.580619
3573 0.583915
3574 0.616784
3575 0.631256
3576 0.596209
3577 0.660163
3578 0.593624
3579 0.597859
3580 0.589387
3581 0.601838
3582 0.617677
3583 0.602697
3584 0.637293
3585 0.620075
3586 0.61997
3587 0.601661
3588 0.595902
3589 0.588447
3590 0.614116
3591 0.646532
3592 0.608989
3593 0.615337
3594 0.590577
3595 0.578203
3596 0.670077
3597 0.684223
3598 0.673406
3599 0.663102
3600 0.648323
3601 0.586362
3602 0.675092
3603 0.656154
3604 0.606682
3605 0.621061
3606 0.62824
3607 0.67395
3608 0.608112
3609 0.590851
3610 0.602876
3611 0.610008
3612 0.642797
3613 0.604925
3614 0.640258
3615 0.600583
3616 0.606852
3617 0.634096
3618 0.61737
3619 0.639922
3620 0.612039
3621 0.598643
3622 0.630228
3623 0.633878
3624 0.628736
3625 0.632682
3626 0.584762
3627 0.583224
3628 0.604109
3629 0.620143
3630 0.625735
3631 0.612783
3632 0.653034
3633 0.602621
3634 0.651322
3635 0.642795
3636 0.60588
3637 0.672562
3638 0.662761
3639 0.641127
3640 0.650953
3641 0.611195
3642 0.606131
3643 0.691913
3644 0.633496
3645 0.58375
3646 0.605355
3647 0.621345
3648 0.597311
3649 0.611184
3650 0.577591
3651 0.659225
3652 0.604349
3653 0.600405
3654 0.61364
3655 0.577846
3656 0.620078
3657 0.586582
3658 0.5738
3659 0.678121
3660 0.590133
3661 0.634745
3662 0.624884
3663 0.601904
3664 0.623168
3665 0.636484
3666 0.605319
3667 0.670527
3668 0.591569
3669 0.586115
3670 0.633205
3671 0.603493
3672 0.671899
3673 0.593698
3674 0.616405
3675 0.629068
3676 0.579422
3677 0.583554
3678 0.60942
3679 0.604687
3680 0.609072
3681 0.619766
3682 0.701151
3683 0.613998
3684 0.574679
3685 0.653177
3686 0.645703
3687 0.604509
3688 0.604243
3689 0.602517
3690 0.631978
3691 0.654079
3692 0.619604
3693 0.573249
3694 0.573963
3695 0.630364
3696 0.619384
3697 0.650488
3698 0.672255
3699 0.585937
3700 0.630636
3701 0.639465
3702 0.592967
3703 0.573109
3704 0.575884
3705 0.592195
3706 0.579885
3707 0.588266
3708 0.616487
3709 0.584079
3710 0.617977
3711 0.619993
3712 0.643242
3713 0.647664
3714 0.679745
3715 0.59102
3716 0.605724
3717 0.619626
3718 0.630728
3719 0.605165
3720 0.581505
3721 0.618127
3722 0.641835
3723 0.588364
3724 0.637208
3725 0.638334
3726 0.633096
3727 0.623571
3728 0.59273
3729 0.576883
3730 0.619458
3731 0.634998
3732 0.586295
3733 0.61225
3734 0.631185
3735 0.592307
3736 0.658082
3737 0.755442
3738 0.57345
3739 0.601943
3740 0.607536
3741 0.579665
3742 0.57726
3743 0.632427
3744 0.605019
3745 0.646565
3746 0.62423
3747 0.611467
3748 0.656142
3749 0.645901
3750 0.625691
3751 0.624141
3752 0.665584
3753 0.573158
3754 0.587015
3755 0.613061
3756 0.597722
3757 0.637336
3758 0.566868
3759 0.664294
3760 0.64573
3761 0.593826
3762 0.660037
3763 0.656443
3764 0.635549
3765 0.611505
3766 0.606084
3767 0.573213
3768 0.619199
3769 0.629249
3770 0.610824
3771 0.589519
3772 0.651844
3773 0.679557
3774 0.612446
3775 0.590547
3776 0.581983
3777 0.695267
3778 0.588142
3779 0.56973
3780 0.750283
3781 0.603877
3782 0.639407
3783 0.608833
3784 0.595648
3785 0.613653
3786 0.614323
3787 0.57097
3788 0.587861
3789 0.556963
3790 0.66084
3791 0.682871
3792 0.614419
3793 0.593535
3794 0.598104
3795 0.58008
3796 0.59866
3797 0.672331
3798 0.606823
3799 0.578164
3800 0.578987
3801 0.588081
3802 0.620212
3803 0.654819
3804 0.65144
3805 0.604462
3806 0.611531
3807 0.570046
3808 0.65295
3809 0.611858
3810 0.597875
3811 0.585612
3812 0.648623
3813 0.600849
3814 0.615749
3815 0.568563
3816 0.6271
3817 0.573275
3818 0.585018
3819 0.662347
3820 0.606829
3821 0.581532
3822 0.655335
3823 0.571803
3824 0.590623
3825 0.618132
3826 0.591056
3827 0.573356
3828 0.578065
3829 0.580585
3830 0.588078
3831 0.628394
3832 0.573688
3833 0.621883
3834 0.582184
3835 0.579529
3836 0.602102
3837 0.602982
3838 0.582228
3839 0.618371
3840 0.616176
3841 0.599765
3842 0.591001
3843 0.570232
3844 0.595409
3845 0.558945
3846 0.588203
3847 0.562546
3848 0.580085
3849 0.573393
3850 0.599936
3851 0.546008
3852 0.54509
3853 0.571447
3854 0.587504
3855 0.547772
3856 0.631936
3857 0.591541
3858 0.691124
3859 0.581573
3860 0.582086
3861 0.61224
3862 0.575479
3863 0.610204
3864 0.591709
3865 0.575147
3866 0.567552
3867 0.615167
3868 0.609748
3869 0.618654
3870 0.570603
3871 0.597676
3872 0.665342
3873 0.658989
3874 0.632738
3875 0.591754
3876 0.625779
3877 0.579032
3878 0.584592
3879 0.598764
3880 0.612942
3881 0.570182
3882 0.61242
3883 0.655203
3884 0.564763
3885 0.571222
3886 0.572185
3887 0.681145
3888 0.671491
3889 0.573615
3890 0.58379
3891 0.605001
3892 0.576248
3893 0.56376
3894 0.578201
3895 0.580041
3896 0.617768
3897 0.574525
3898 0.62246
3899 0.608217
3900 0.578565
3901 0.573564
3902 0.555777
3903 0.625477
3904 0.562427
3905 0.62343
3906 0.608832
3907 0.559899
3908 0.585004
3909 0.632565
3910 0.601521
3911 0.649009
3912 0.571329
3913 0.570076
3914 0.583761
3915 0.611679
3916 0.563104
3917 0.643846
3918 0.607623
3919 0.619359
3920 0.591101
3921 0.566187
3922 0.601569
3923 0.598345
3924 0.582263
3925 0.580208
3926 0.60423
3927 0.594994
3928 0.628626
3929 0.613037
3930 0.58818
3931 0.613525
3932 0.589248
3933 0.619292
3934 0.59937
3935 0.576787
3936 0.584134
3937 0.629535
3938 0.572762
3939 0.587933
3940 0.583844
3941 0.555264
3942 0.625615
3943 0.604359
3944 0.59326
3945 0.59195
3946 0.564228
3947 0.625241
3948 0.602683
3949 0.590561
3950 0.591869
3951 0.588581
3952 0.614725
3953 0.63584
3954 0.568332
3955 0.635828
3956 0.613154
3957 0.616287
3958 0.596447
3959 0.590883
3960 0.587545
3961 0.568355
3962 0.633295
3963 0.590578
3964 0.551893
3965 0.565727
3966 0.545483
3967 0.581256
3968 0.662815
3969 0.584175
3970 0.63458
3971 0.604803
3972 0.604884
3973 0.596794
3974 0.600635
3975 0.615144
3976 0.580207
3977 0.608727
3978 0.607932
3979 0.592136
3980 0.627874
3981 0.6519
3982 0.611806
3983 0.571732
3984 0.600091
3985 0.558536
3986 0.606678
3987 0.59734
3988 0.565963
3989 0.550171
3990 0.581129
3991 0.578851
3992 0.627646
3993 0.574358
3994 0.600698
3995 0.610544
3996 0.579753
3997 0.572484
3998 0.566299
3999 0.589953
4000 0.570468
4001 0.572876
4002 0.574443
4003 0.596642
4004 0.600661
4005 0.647603
4006 0.600796
4007 0.583136
4008 0.579552
4009 0.546548
4010 0.591236
4011 0.589987
4012 0.587174
4013 0.559743
4014 0.547884
4015 0.605605
4016 0.648836
4017 0.550862
4018 0.638755
4019 0.569006
4020 0.601866
4021 0.579706
4022 0.562524
4023 0.553933
4024 0.549583
4025 0.674713
4026 0.668393
4027 0.641272
4028 0.58228
4029 0.595699
4030 0.560755
4031 0.700642
4032 0.616647
4033 0.588686
4034 0.57199
4035 0.602042
4036 0.636252
4037 0.573975
4038 0.561414
4039 0.600281
4040 0.598185
4041 0.606416
4042 0.626615
4043 0.5859
4044 0.564745
4045 0.592753
4046 0.590804
4047 0.610387
4048 0.584938
4049 0.55085
4050 0.561238
4051 0.579899
4052 0.613001
4053 0.60296
4054 0.578812
4055 0.5455
4056 0.552862
4057 0.594589
4058 0.606201
4059 0.558128
4060 0.547949
4061 0.586132
4062 0.59154
4063 0.581664
4064 0.596075
4065 0.582338
4066 0.648078
4067 0.590902
4068 0.596755
4069 0.61004
4070 0.571771
4071 0.585895
4072 0.635498
4073 0.576838
4074 0.588804
4075 0.586237
4076 0.556536
4077 0.592385
4078 0.604708
4079 0.597598
4080 0.585168
4081 0.560987
4082 0.605488
4083 0.577812
4084 0.544124
4085 0.580532
4086 0.551705
4087 0.656901
4088 0.575206
4089 0.587224
4090 0.625303
4091 0.618381
4092 0.562795
4093 0.607508
4094 0.597846
4095 0.590163
4096 0.611378
4097 0.610381
4098 0.585575
4099 0.584456
4100 0.592217
4101 0.634652
4102 0.553457
4103 0.605595
4104 0.555554
4105 0.584616
4106 0.57228
4107 0.556022
4108 0.597713
4109 0.589707
4110 0.605074
4111 0.640367
4112 0.588438
4113 0.601881
4114 0.620573
4115 0.587075
4116 0.596332
4117 0.550087
4118 0.605118
4119 0.561493
4120 0.607925
4121 0.563007
4122 0.56476
4123 0.562874
4124 0.554593
4125 0.594811
4126 0.666844
4127 0.599332
4128 0.578184
4129 0.57164
4130 0.621285
4131 0.609937
4132 0.554774
4133 0.556775
4134 0.578571
4135 0.554915
4136 0.552518
4137 0.576838
4138 0.562703
4139 0.60201
4140 0.557483
4141 0.630443
4142 0.592126
4143 0.652043
4144 0.56315
4145 0.573712
4146 0.57315
4147 0.573126
4148 0.588798
4149 0.551131
4150 0.608044
4151 0.652713
4152 0.581696
4153 0.568078
4154 0.621982
4155 0.622749
4156 0.567525
4157 0.564627
4158 0.557599
4159 0.610499
4160 0.566103
4161 0.561681
4162 0.617883
4163 0.572392
4164 0.576913
4165 0.606912
4166 0.615874
4167 0.547035
4168 0.554315
4169 0.588871
4170 0.5676
4171 0.621068
4172 0.614394
4173 0.58083
4174 0.605409
4175 0.594603
4176 0.58599
4177 0.598792
4178 0.596542
4179 0.606453
4180 0.620627
4181 0.625256
4182 0.572751
4183 0.578951
4184 0.613332
4185 0.56559
4186 0.593558
4187 0.552468
4188 0.665979
4189 0.574577
4190 0.573306
4191 0.636525
4192 0.581651
4193 0.616322
4194 0.575813
4195 0.528951
4196 0.593415
4197 0.556226
4198 0.583973
4199 0.57217
4200 0.584066
4201 0.618598
4202 0.58695
4203 0.604469
4204 0.538245
4205 0.623767
4206 0.601871
4207 0.587146
4208 0.599587
4209 0.589278
4210 0.572912
4211 0.594203
4212 0.575556
4213 0.575005
4214 0.5517
4215 0.593713
4216 0.577304
4217 0.553983
4218 0.547624
4219 0.625169
4220 0.568988
4221 0.569285
4222 0.581609
4223 0.584137
4224 0.588905
4225 0.584799
4226 0.594408
4227 0.596256
4228 0.588685
4229 0.525917
4230 0.599278
4231 0.609039
4232 0.644358
4233 0.580011
4234 0.597523
4235 0.539555
4236 0.552634
4237 0.611986
4238 0.584575
4239 0.560058
4240 0.580674
4241 0.596033
4242 0.548184
4243 0.592834
4244 0.565807
4245 0.589307
4246 0.5359
4247 0.60192
4248 0.633253
4249 0.544294
4250 0.591338
4251 0.5906
4252 0.560634
4253 0.550243
4254 0.58462
4255 0.560217
4256 0.55064
4257 0.551609
4258 0.560265
4259 0.569782
4260 0.570668
4261 0.566846
4262 0.548325
4263 0.57052
4264 0.550443
4265 0.540552
4266 0.577831
4267 0.57347
4268 0.593627
4269 0.569313
4270 0.5632
4271 0.551706
4272 0.554751
4273 0.5495
4274 0.537721
4275 0.541104
4276 0.543176
4277 0.563923
4278 0.553022
4279 0.57165
4280 0.538031
4281 0.54863
4282 0.568678
4283 0.570859
4284 0.545577
4285 0.720359
4286 0.536439
4287 0.622391
4288 0.558918
4289 0.592397
4290 0.555294
4291 0.584365
4292 0.583557
4293 0.574283
4294 0.545696
4295 0.549862
4296 0.579858
4297 0.581341
4298 0.580871
4299 0.528404
4300 0.547708
4301 0.682506
4302 0.571222
4303 0.587093
4304 0.61998
4305 0.557098
4306 0.56215
4307 0.558179
4308 0.554722
4309 0.614668
4310 0.559767
4311 0.673539
4312 0.567829
4313 0.544579
4314 0.554151
4315 0.609783
4316 0.63632
4317 0.59972
4318 0.562037
4319 0.597628
4320 0.560714
4321 0.576629
4322 0.5551
4323 0.569805
4324 0.570739
4325 0.575929
4326 0.577621
4327 0.674351
4328 0.558462
4329 0.552245
4330 0.54459
4331 0.550036
4332 0.548728
4333 0.559237
4334 0.549
4335 0.576822
4336 0.538386
4337 0.557088
4338 0.654858
4339 0.586408
4340 0.58351
4341 0.580363
4342 0.543838
4343 0.575601
4344 0.55498
4345 0.589785
4346 0.601079
4347 0.54438
4348 0.551687
4349 0.544982
4350 0.56965
4351 0.561177
4352 0.557829
4353 0.552169
4354 0.626809
4355 0.548699
4356 0.609749
4357 0.575563
4358 0.578536
4359 0.560684
4360 0.562033
4361 0.558466
4362 0.587233
4363 0.611219
4364 0.558199
4365 0.576256
4366 0.564929
4367 0.566148
4368 0.559215
4369 0.577275
4370 0.566342
4371 0.633215
4372 0.577025
4373 0.561289
4374 0.547447
4375 0.546783
4376 0.55347
4377 0.562077
4378 0.543861
4379 0.585805
4380 0.59146
4381 0.575222
4382 0.577452
4383 0.552733
4384 0.609369
4385 0.57146
4386 0.609241
4387 0.556716
4388 0.553712
4389 0.532626
4390 0.581885
4391 0.57016
4392 0.573535
4393 0.580574
4394 0.559331
4395 0.534903
4396 0.571663
4397 0.575214
4398 0.574452
4399 0.558843
4400 0.575016
4401 0.550236
4402 0.562288
4403 0.555762
4404 0.595078
4405 0.580674
4406 0.561724
4407 0.549572
4408 0.579097
4409 0.658405
4410 0.580354
4411 0.594298
4412 0.590947
4413 0.566978
4414 0.553166
4415 0.552399
4416 0.608961
4417 0.544658
4418 0.56127
4419 0.552744
4420 0.558077
4421 0.574729
4422 0.545842
4423 0.583551
4424 0.586797
4425 0.55038
4426 0.542899
4427 0.536267
4428 0.572101
4429 0.554015
4430 0.538728
4431 0.550375
4432 0.590385
4433 0.576883
4434 0.58974
4435 0.530408
4436 0.557554
4437 0.551573
4438 0.552173
4439 0.56853
4440 0.553629
4441 0.538818
4442 0.557872
4443 0.541363
4444 0.587881
4445 0.564218
4446 0.539695
4447 0.577223
4448 0.545853
4449 0.562673
4450 0.553799
4451 0.552338
4452 0.524754
4453 0.585028
4454 0.616004
4455 0.63042
4456 0.613421
4457 0.614918
4458 0.554008
4459 0.581727
4460 0.604496
4461 0.562554
4462 0.560718
4463 0.558678
4464 0.577738
4465 0.633757
4466 0.527888
4467 0.557185
4468 0.549548
4469 0.56204
4470 0.549204
4471 0.586618
4472 0.551061
4473 0.548031
4474 0.546242
4475 0.594987
4476 0.597745
4477 0.565421
4478 0.521088
4479 0.563202
4480 0.567981
4481 0.575556
4482 0.563424
4483 0.540131
4484 0.564961
4485 0.550779
4486 0.549236
4487 0.554393
4488 0.580691
4489 0.607657
4490 0.5617
4491 0.605388
4492 0.592737
4493 0.537612
4494 0.563758
4495 0.638665
4496 0.547119
4497 0.553594
4498 0.547072
4499 0.543259
4500 0.591465
4501 0.611733
4502 0.537687
4503 0.574749
4504 0.560183
4505 0.528879
4506 0.539854
4507 0.523198
4508 0.563092
4509 0.565956
4510 0.533659
4511 0.555554
4512 0.52144
4513 0.568538
4514 0.530807
4515 0.53708
4516 0.589756
4517 0.577622
4518 0.580148
4519 0.560573
4520 0.531337
4521 0.553032
4522 0.531238
4523 0.575378
4524 0.547109
4525 0.592783
4526 0.57861
4527 0.523854
4528 0.532236
4529 0.647727
4530 0.539939
4531 0.553811
4532 0.574631
4533 0.551294
4534 0.544883
4535 0.536702
4536 0.548772
4537 0.601107
4538 0.532758
4539 0.578375
4540 0.577963
4541 0.569758
4542 0.555314
4543 0.602097
4544 0.535522
4545 0.513648
4546 0.563743
4547 0.649116
4548 0.605926
4549 0.554971
4550 0.547543
4551 0.528653
4552 0.525126
4553 0.573164
4554 0.542445
4555 0.648467
4556 0.526081
4557 0.594388
4558 0.542941
4559 0.543966
4560 0.536421
4561 0.521966
4562 0.561233
4563 0.542012
4564 0.535449
4565 0.574746
4566 0.537585
4567 0.549149
4568 0.535364
4569 0.556585
4570 0.605136
4571 0.564049
4572 0.588759
4573 0.55058
4574 0.51955
4575 0.613398
4576 0.526567
4577 0.562033
4578 0.569806
4579 0.600385
4580 0.556226
4581 0.567189
4582 0.583857
4583 0.629471
4584 0.585037
4585 0.529297
4586 0.515265
4587 0.601019
4588 0.615655
4589 0.5367
4590 0.545412
4591 0.589428
4592 0.599869
4593 0.537119
4594 0.532336
4595 0.572741
4596 0.527929
4597 0.529597
4598 0.591038
4599 0.549053
4600 0.597046
4601 0.548526
4602 0.569764
4603 0.575412
4604 0.562357
4605 0.565518
4606 0.569655
4607 0.547904
4608 0.560001
4609 0.630377
4610 0.600539
4611 0.518721
4612 0.544212
4613 0.541147
4614 0.535072
4615 0.56446
4616 0.578374
4617 0.62106
4618 0.569225
4619 0.542755
4620 0.565392
4621 0.545187
4622 0.574741
4623 0.557271
4624 0.559542
4625 0.545931
4626 0.567117
4627 0.531964
4628 0.531166
4629 0.545586
4630 0.626664
4631 0.568044
4632 0.553745
4633 0.53497
4634 0.621816
4635 0.579909
4636 0.544572
4637 0.647478
4638 0.540299
4639 0.547332
4640 0.570572
4641 0.598575
4642 0.553489
4643 0.530627
4644 0.559048
4645 0.550743
4646 0.534746
4647 0.523346
4648 0.604227
4649 0.527416
4650 0.536293
4651 0.519783
4652 0.543627
4653 0.569982
4654 0.575736
4655 0.566834
4656 0.556317
4657 0.548834
4658 0.546043
4659 0.548174
4660 0.5942
4661 0.638169
4662 0.549907
4663 0.576031
4664 0.533114
4665 0.539279
4666 0.553062
4667 0.557933
4668 0.550041
4669 0.558216
4670 0.561008
4671 0.55181
4672 0.533371
4673 0.548358
4674 0.525226
4675 0.520423
4676 0.55783
4677 0.54393
4678 0.574912
4679 0.55003
4680 0.580242
4681 0.550035
4682 0.545873
4683 0.545739
4684 0.529439
4685 0.54272
4686 0.539562
4687 0.545874
4688 0.580455
4689 0.538269
4690 0.548003
4691 0.523826
4692 0.529861
4693 0.556871
4694 0.501416
4695 0.58416
4696 0.555254
4697 0.53338
4698 0.590455
4699 0.537632
4700 0.526306
4701 0.584688
4702 0.52132
4703 0.537549
4704 0.539097
4705 0.553312
4706 0.528258
4707 0.570349
4708 0.502135
4709 0.521337
4710 0.514735
4711 0.529523
4712 0.502693
4713 0.515007
4714 0.594717
4715 0.646762
4716 0.594944
4717 0.53889
4718 0.558712
4719 0.538284
4720 0.514953
4721 0.63808
4722 0.557506
4723 0.516111
4724 0.512075
4725 0.521269
4726 0.558566
4727 0.535913
4728 0.539923
4729 0.538529
4730 0.572978
4731 0.558736
4732 0.533935
4733 0.604225
4734 0.550158
4735 0.57925
4736 0.555315
4737 0.557732
4738 0.531814
4739 0.558863
4740 0.56604
4741 0.525068
4742 0.542053
4743 0.519583
4744 0.611186
4745 0.61559
4746 0.53506
4747 0.546295
4748 0.542687
4749 0.552842
4750 0.530226
4751 0.537789
4752 0.537597
4753 0.519543
4754 0.562869
4755 0.529528
4756 0.627265
4757 0.513885
4758 0.52405
4759 0.499617
4760 0.572678
4761 0.514526
4762 0.572108
4763 0.525887
4764 0.57839
4765 0.514412
4766 0.581677
4767 0.59938
4768 0.547707
4769 0.567454
4770 0.542236
4771 0.522787
4772 0.541412
4773 0.53917
4774 0.601778
4775 0.548492
4776 0.529937
4777 0.533928
4778 0.538673
4779 0.531048
4780 0.540652
4781 0.528156
4782 0.513535
4783 0.536887
4784 0.518398
4785 0.574587
4786 0.565889
4787 0.535074
4788 0.549955
4789 0.550954
4790 0.540268
4791 0.552589
4792 0.562921
4793 0.519249
4794 0.575381
4795 0.552949
4796 0.54104
4797 0.548835
4798 0.535223
4799 0.560575
4800 0.545093
4801 0.567657
4802 0.571975
4803 0.520627
4804 0.521523
4805 0.526714
4806 0.560288
4807 0.568912
4808 0.538752
4809 0.554329
4810 0.543312
4811 0.549379
4812 0.518632
4813 0.570786
4814 0.550359
4815 0.557451
4816 0.553754
4817 0.544209
4818 0.528411
4819 0.557111
4820 0.545013
4821 0.521452
4822 0.549459
4823 0.516344
4824 0.518518
4825 0.583718
4826 0.564715
4827 0.542877
4828 0.554803
4829 0.54716
4830 0.501141
4831 0.522969
4832 0.547824
4833 0.540287
4834 0.555266
4835 0.558547
4836 0.522312
4837 0.522956
4838 0.623528
4839 0.561789
4840 0.540768
4841 0.541278
4842 0.509318
4843 0.533658
4844 0.519905
4845 0.575928
4846 0.504926
4847 0.554846
4848 0.527386
4849 0.523743
4850 0.563116
4851 0.504558
4852 0.558918
4853 0.564432
4854 0.520441
4855 0.497015
4856 0.51183
4857 0.525624
4858 0.512302
4859 0.540619
4860 0.516317
4861 0.539335
4862 0.534883
4863 0.57247
4864 0.547522
4865 0.518833
4866 0.523276
4867 0.534159
4868 0.546827
4869 0.526244
4870 0.511377
4871 0.535698
4872 0.506395
4873 0.539577
4874 0.518053
4875 0.545521
4876 0.555871
4877 0.536394
4878 0.552092
4879 0.527674
4880 0.524132
4881 0.534033
4882 0.548589
4883 0.57676
4884 0.597875
4885 0.584417
4886 0.55603
4887 0.516091
4888 0.576489
4889 0.568184
4890 0.540377
4891 0.527563
4892 0.529417
4893 0.521389
4894 0.585569
4895 0.514978
4896 0.574654
4897 0.510407
4898 0.558077
4899 0.533383
4900 0.55959
4901 0.511572
4902 0.554705
4903 0.538639
4904 0.563456
4905 0.541124
4906 0.517286
4907 0.529571
4908 0.520549
4909 0.543178
4910 0.528042
4911 0.546311
4912 0.51884
4913 0.522366
4914 0.52681
4915 0.524487
4916 0.562499
4917 0.576886
4918 0.550166
4919 0.539426
4920 0.548198
4921 0.558879
4922 0.556333
4923 0.588115
4924 0.560033
4925 0.542503
4926 0.535051
4927 0.544068
4928 0.549002
4929 0.530468
4930 0.570563
4931 0.524352
4932 0.543972
4933 0.543226
4934 0.506109
4935 0.519606
4936 0.524804
4937 0.527401
4938 0.556055
4939 0.536193
4940 0.540212
4941 0.514588
4942 0.553198
4943 0.538749
4944 0.503511
4945 0.581425
4946 0.516751
4947 0.595111
4948 0.543339
4949 0.533944
4950 0.530453
4951 0.556586
4952 0.529366
4953 0.53011
4954 0.529529
4955 0.523956
4956 0.522323
4957 0.519656
4958 0.596884
4959 0.50677
4960 0.498171
4961 0.528035
4962 0.533063
4963 0.526189
4964 0.518368
4965 0.550837
4966 0.52847
4967 0.534549
4968 0.586184
4969 0.52874
4970 0.507485
4971 0.541456
4972 0.55395
4973 0.560094
4974 0.507132
4975 0.536293
4976 0.545708
4977 0.561333
4978 0.548765
4979 0.520766
4980 0.503974
4981 0.520789
4982 0.578912
4983 0.582206
4984 0.594715
4985 0.520145
4986 0.603633
4987 0.532369
4988 0.535701
4989 0.528257
4990 0.536709
4991 0.557629
4992 0.554738
4993 0.550139
4994 0.582487
4995 0.551037
4996 0.553389
4997 0.530714
4998 0.555523
4999 0.53647
5000 0.536503
