0 4.39446
1 41.3208
2 27.0116
3 22.0535
4 17.4658
5 23.6904
6 16.1376
7 71.3559
8 38.804
9 16.5503
10 33.6907
11 9.54395
12 7.38257
13 8.61124
14 8.33734
15 11.8125
16 5.79581
17 5.39773
18 5.14115
19 5.12403
20 5.82234
21 5.68735
22 5.0472
23 4.81101
24 4.88721
25 5.72517
26 5.24491
27 4.84807
28 4.63948
29 4.83194
30 4.72852
31 4.689
32 5.22174
33 4.60004
34 4.63676
35 4.6618
36 5.54163
37 6.22812
38 6.19894
39 5.53949
40 5.13743
41 5.00562
42 4.62618
43 5.10075
44 5.05551
45 5.24166
46 5.08076
47 4.6009
48 4.70307
49 8.72056
50 5.33255
51 4.96338
52 5.02719
53 4.87942
54 4.77912
55 4.56841
56 4.66836
57 4.87841
58 4.77622
59 4.77021
60 4.76727
61 4.83246
62 4.93646
63 4.8534
64 4.80013
65 4.78196
66 4.70222
67 4.55499
68 4.56647
69 4.46078
70 4.4387
71 4.74978
72 4.71016
73 4.38737
74 4.25138
75 4.53494
76 5.51498
77 4.5975
78 4.27684
79 4.33171
80 4.10984
81 4.04422
82 4.01452
83 3.88735
84 4.23661
85 4.18516
86 4.2531
87 4.20642
88 4.01716
89 3.90134
90 3.93657
91 4.01549
92 3.99212
93 4.1233
94 3.97008
95 3.91238
96 3.80271
97 4.0031
98 4.32459
99 4.27025
100 4.07194
101 4.07544
102 4.06989
103 4.13746
104 4.1192
105 3.86744
106 3.69349
107 3.82901
108 3.80391
109 3.73434
110 4.11845
111 3.74152
112 3.91645
113 3.80378
114 3.5178
115 3.64157
116 3.75864
117 3.91727
118 3.74746
119 3.60767
120 3.4074
121 3.53756
122 3.52916
123 3.80676
124 4.07674
125 3.87705
126 3.70269
127 3.75213
128 3.60979
129 3.69511
130 3.81283
131 3.4203
132 3.57247
133 3.74939
134 3.95297
135 3.57167
136 3.8312
137 3.8796
138 3.60034
139 3.62674
140 3.39636
141 3.65854
142 3.492
143 3.54747
144 3.47974
145 3.57164
146 3.69878
147 3.54462
148 3.76711
149 3.58845
150 3.7829
151 3.47064
152 3.54573
153 3.80944
154 3.62575
155 3.48856
156 3.41324
157 3.49568
158 3.45166
159 3.26843
160 3.35525
161 3.43184
162 3.5145
163 3.46618
164 3.45948
165 3.44659
166 3.37807
167 3.49139
168 3.5347
169 3.7422
170 3.90796
171 3.62815
172 3.77034
173 4.06705
174 3.6688
175 3.63564
176 3.40771
177 3.46597
178 3.48529
179 3.35483
180 3.30633
181 3.36406
182 3.62864
183 3.41793
184 3.47667
185 3.48624
186 3.34723
187 3.35893
188 3.49051
189 3.58282
190 3.42198
191 3.39806
192 3.49645
193 3.63616
194 3.69064
195 3.60902
196 3.74957
197 3.36461
198 3.44501
199 3.41592
200 3.49324
201 3.29725
202 3.33319
203 3.42167
204 3.49699
205 3.52127
206 3.54485
207 3.2962
208 3.66003
209 3.37388
210 3.30063
211 3.30114
212 3.41557
213 3.45487
214 3.6851
215 3.17483
216 3.32168
217 3.34555
218 3.19781
219 3.23432
220 3.21758
221 3.26976
222 3.29853
223 3.09046
224 3.32295
225 3.3089
226 3.29223
227 3.32843
228 3.26247
229 3.30885
230 3.40372
231 3.35763
232 3.36467
233 3.40771
234 3.23658
235 3.26237
236 3.27177
237 3.1742
238 3.32645
239 3.52541
240 3.26147
241 3.26788
242 3.31068
243 3.30636
244 3.09735
245 3.24699
246 3.1372
247 3.0732
248 3.21711
249 3.08654
250 3.3039
251 3.17024
252 3.5083
253 3.38198
254 3.21697
255 3.3263
256 3.13387
257 3.10818
258 3.10881
259 3.18458
260 3.21972
261 3.15408
262 3.31331
263 3.14631
264 2.97734
265 3.04773
266 3.01055
267 3.22497
268 3.41171
269 3.20564
270 3.26754
271 3.26945
272 3.12424
273 3.17097
274 3.12359
275 3.05839
276 3.1445
277 3.20396
278 3.18937
279 3.08833
280 3.13511
281 3.16039
282 3.01871
283 3.32853
284 3.32857
285 3.34229
286 3.12625
287 3.07217
288 3.09067
289 3.11956
290 3.18456
291 3.08297
292 3.24036
293 3.01412
294 3.17685
295 3.20002
296 3.30393
297 3.12495
298 3.15367
299 2.93551
300 3.00637
301 3.05149
302 2.97091
303 3.05877
304 3.00964
305 3.0669
306 3.00951
307 3.08991
308 3.02459
309 2.86175
310 3.00649
311 3.09786
312 3.1083
313 3.11968
314 3.04724
315 3.01216
316 3.12983
317 2.99361
318 3.07005
319 3.07534
320 3.13393
321 3.04557
322 3.22498
323 3.35582
324 2.89607
325 2.92844
326 2.87754
327 2.99025
328 2.87585
329 2.96016
330 3.06949
331 3.23857
332 3.10299
333 2.99835
334 2.87346
335 3.17143
336 2.97189
337 2.83623
338 3.16964
339 2.9959
340 3.07991
341 2.94984
342 2.87965
343 3.35561
344 2.95842
345 3.0151
346 2.85772
347 3.37165
348 3.15804
349 2.96485
350 3.0816
351 3.08649
352 3.03144
353 3.03725
354 3.28475
355 2.96887
356 2.96711
357 2.95764
358 2.8759
359 2.76724
360 2.94893
361 3.00857
362 2.89348
363 2.86655
364 2.85668
365 2.81969
366 2.913
367 3.10347
368 3.05428
369 2.98614
370 2.89651
371 2.85663
372 2.9907
373 3.01688
374 3.28902
375 2.98768
376 3.19997
377 2.90295
378 2.93138
379 2.96026
380 2.83621
381 2.89359
382 3.0267
383 2.88202
384 2.78388
385 2.78345
386 2.92178
387 2.88136
388 2.76496
389 2.95422
390 2.86903
391 2.80793
392 2.87929
393 2.75769
394 2.79133
395 2.72306
396 2.81344
397 2.83076
398 2.6817
399 2.804
400 2.94638
401 2.80371
402 2.83515
403 2.78318
404 2.7902
405 2.76825
406 2.81417
407 2.77664
408 2.89011
409 2.7723
410 2.75196
411 3.0629
412 2.80883
413 2.72307
414 2.77203
415 2.69734
416 2.66761
417 2.756
418 2.71677
419 2.71412
420 2.76133
421 2.58695
422 2.57822
423 2.61729
424 2.92191
425 2.80535
426 2.66825
427 2.91943
428 2.62283
429 2.89426
430 2.74254
431 2.87327
432 2.69932
433 2.82663
434 2.77566
435 2.86837
436 2.68991
437 2.74858
438 2.83816
439 2.74006
440 2.69995
441 2.79651
442 2.7082
443 2.86135
444 2.80581
445 2.75636
446 2.95159
447 2.6575
448 2.725
449 2.71037
450 2.82266
451 2.76239
452 2.83477
453 2.92685
454 2.86812
455 2.92954
456 2.70376
457 3.0828
458 3.18232
459 2.91013
460 2.69865
461 2.67677
462 2.69548
463 2.87981
464 2.74183
465 2.63139
466 2.71108
467 2.66275
468 2.7038
469 2.98052
470 2.98959
471 2.65756
472 2.72935
473 2.76333
474 2.65
475 2.73531
476 2.6107
477 2.74315
478 2.62707
479 2.77136
480 2.82971
481 2.73535
482 2.65329
483 2.73468
484 2.69498
485 2.80695
486 2.77957
487 2.8065
488 2.88079
489 2.60826
490 2.69946
491 2.87012
492 2.78757
493 2.62174
494 2.6977
495 2.64852
496 2.76373
497 2.70674
498 2.73507
499 2.73801
500 2.70824
501 2.85338
502 2.66104
503 2.66425
504 2.78792
505 2.68303
506 2.58087
507 2.61133
508 2.71061
509 2.62478
510 2.59529
511 2.5857
512 2.77611
513 2.75825
514 2.73781
515 2.61821
516 2.55877
517 2.52778
518 2.58972
519 2.71375
520 2.63527
521 2.62427
522 2.65626
523 2.56949
524 2.64896
525 2.50195
526 2.6205
527 2.72926
528 2.62098
529 2.55804
530 2.54382
531 2.5003
532 2.69725
533 2.50258
534 2.56734
535 2.59671
536 2.5567
537 2.48456
538 2.66229
539 2.6163
540 2.67961
541 2.63639
542 2.5897
543 2.55621
544 2.55295
545 2.51336
546 2.68774
547 2.83613
548 2.51121
549 2.42734
550 2.55965
551 2.69117
552 2.56389
553 2.67299
554 2.61005
555 2.47043
556 2.57411
557 2.5631
558 2.53376
559 2.47141
560 2.46529
561 2.56775
562 2.5449
563 2.53035
564 2.49044
565 2.70062
566 2.59389
567 2.63961
568 2.47821
569 2.4269
570 2.59533
571 2.38719
572 2.50828
573 2.48914
574 2.59026
575 2.63941
576 2.53986
577 2.5819
578 2.4517
579 2.47245
580 2.42355
581 2.63468
582 2.73243
583 2.63182
584 2.62672
585 2.4086
586 2.5529
587 2.55906
588 2.53366
589 2.55263
590 2.44243
591 2.65422
592 2.40971
593 2.44991
594 2.39038
595 2.59999
596 2.59301
597 2.65467
598 2.6443
599 2.58656
600 2.42219
601 2.53985
602 2.45742
603 2.44409
604 2.46896
605 2.40211
606 2.5433
607 2.43824
608 2.35877
609 2.46006
610 2.44372
611 2.56738
612 2.59668
613 2.63507
614 2.50005
615 2.39739
616 2.4157
617 2.53363
618 2.41293
619 2.36872
620 2.36994
621 2.37623
622 2.44367
623 2.53583
624 2.4972
625 2.50012
626 2.33443
627 2.4712
628 2.37779
629 2.49221
630 2.40455
631 2.37702
632 2.37251
633 2.41575
634 2.50712
635 2.43766
636 2.39071
637 2.61992
638 2.48628
639 2.53114
640 2.62234
641 2.50451
642 2.4951
643 2.41424
644 2.32582
645 2.37838
646 2.42892
647 2.36959
648 2.34325
649 2.33997
650 2.39174
651 2.358
652 2.37038
653 2.50534
654 2.364
655 2.48482
656 2.31736
657 2.2831
658 2.40932
659 2.38039
660 2.55167
661 2.45177
662 2.37117
663 2.37286
664 2.39582
665 2.28541
666 2.43216
667 2.32118
668 2.33573
669 2.29047
670 2.33646
671 2.40461
672 2.39341
673 2.26282
674 2.40353
675 2.38039
676 2.33127
677 2.41989
678 2.32216
679 2.37666
680 2.40809
681 2.43074
682 2.38554
683 2.29876
684 2.40213
685 2.39237
686 2.35128
687 2.23727
688 2.24307
689 2.28848
690 2.3331
691 2.42206
692 2.27072
693 2.21019
694 2.23138
695 2.29544
696 2.49099
697 2.54816
698 2.33899
699 2.36338
700 2.31508
701 2.44274
702 2.26554
703 2.2347
704 2.26401
705 2.36816
706 2.30516
707 2.33015
708 2.28589
709 2.30281
710 2.37728
711 2.27097
712 2.45329
713 2.58726
714 2.32699
715 2.21176
716 2.25975
717 2.33584
718 2.3034
719 2.3078
720 2.33598
721 2.3875
722 2.27596
723 2.31224
724 2.31401
725 2.48194
726 2.27086
727 2.21077
728 2.17828
729 2.19684
730 2.29768
731 2.16715
732 2.26301
733 2.19949
734 2.31619
735 2.3071
736 2.33428
737 2.19299
738 2.19961
739 2.19928
740 2.31403
741 2.34233
742 2.27305
743 2.22341
744 2.35882
745 2.31951
746 2.27428
747 2.35212
748 2.31981
749 2.31431
750 2.26386
751 2.40891
752 2.17333
753 2.20754
754 2.24772
755 2.25014
756 2.15224
757 2.20714
758 2.31378
759 2.29598
760 2.18201
761 2.31784
762 2.25548
763 2.2183
764 2.286
765 2.22231
766 2.22023
767 2.27461
768 2.19563
769 2.22288
770 2.08971
771 2.24652
772 2.46801
773 2.22039
774 2.2016
775 2.08123
776 2.45929
777 2.31137
778 2.17183
779 2.3535
780 2.30251
781 2.17243
782 2.51051
783 2.40705
784 2.29443
785 2.14926
786 2.11722
787 2.09234
788 2.10148
789 2.18837
790 2.21919
791 2.12727
792 2.15711
793 2.08896
794 2.11672
795 2.15558
796 2.26743
797 2.28909
798 2.09447
799 2.10887
800 2.10112
801 2.17623
802 2.29465
803 2.32046
804 2.12278
805 2.08121
806 2.12328
807 2.18052
808 2.18637
809 2.17219
810 2.18716
811 2.18177
812 2.16109
813 2.08906
814 2.12435
815 2.13623
816 2.04608
817 2.08587
818 2.24021
819 2.10522
820 2.06466
821 2.12826
822 2.05148
823 2.01219
824 2.04505
825 2.1819
826 2.09945
827 2.01206
828 2.14494
829 2.02832
830 2.19444
831 2.04844
832 2.09266
833 2.03784
834 2.00095
835 2.05865
836 2.01525
837 2.07884
838 2.05915
839 2.04998
840 2.22421
841 2.00929
842 1.99832
843 2.08857
844 1.95178
845 1.96849
846 2.02535
847 2.04274
848 1.9563
849 2.1407
850 1.92911
851 1.95328
852 2.11585
853 2.13895
854 1.98456
855 1.9971
856 2.26106
857 2.17043
858 2.1245
859 2.06788
860 1.9897
861 2.01686
862 2.03974
863 2.03443
864 2.0002
865 2.03362
866 1.96222
867 2.03962
868 2.01047
869 2.01554
870 2.12848
871 2.03454
872 2.10632
873 2.03691
874 2.10597
875 2.08995
876 1.91092
877 2.10792
878 2.03855
879 2.1443
880 2.08015
881 2.02273
882 2.17604
883 2.0748
884 2.05726
885 1.9662
886 2.22018
887 2.47021
888 2.03145
889 2.09693
890 2.0545
891 2.0074
892 2.14495
893 1.98426
894 2.01831
895 1.95998
896 2.1013
897 2.03022
898 2.29513
899 2.06786
900 2.00531
901 1.98839
902 2.06997
903 2.0379
904 2.04983
905 1.99216
906 1.93483
907 1.96454
908 2.24787
909 2.11981
910 2.02291
911 1.93707
912 2.01344
913 1.99571
914 2.0202
915 2.02951
916 1.98824
917 2.05909
918 1.98406
919 2.04663
920 2.2073
921 2.08888
922 1.94972
923 2.02249
924 1.94866
925 2.06557
926 1.97187
927 2.00653
928 2.02475
929 2.09879
930 2.11422
931 1.92491
932 2.03248
933 2.11337
934 1.949
935 1.89975
936 2.05764
937 2.01496
938 1.93705
939 1.91515
940 1.90517
941 2.07406
942 2.10511
943 2.01049
944 1.9882
945 1.88162
946 1.96909
947 2.0211
948 2.03164
949 1.98275
950 2.0751
951 1.97611
952 2.06712
953 1.87249
954 1.96776
955 2.07344
956 2.01578
957 2.03065
958 2.03144
959 1.85484
960 1.91257
961 2.01732
962 1.98836
963 1.93351
964 1.90163
965 1.84579
966 1.89357
967 1.9552
968 1.95053
969 2.00245
970 1.88672
971 1.90008
972 1.86694
973 1.92268
974 1.94574
975 2.19088
976 1.95519
977 1.92377
978 1.87443
979 1.9755
980 2.0042
981 2.09065
982 1.90921
983 1.87616
984 1.95312
985 1.91461
986 1.87711
987 1.92003
988 1.79602
989 1.93566
990 1.9466
991 2.0669
992 1.92767
993 1.93587
994 1.98902
995 2.04201
996 1.94624
997 1.80687
998 1.93659
999 1.86559
1000 1.83992
1001 1.84885
1002 1.88028
1003 1.96978
1004 1.96195
1005 1.94977
1006 1.8403
1007 1.97497
1008 1.79814
1009 1.87045
1010 1.97365
1011 1.91277
1012 1.91743
1013 1.82922
1014 1.84161
1015 1.85226
1016 1.87658
1017 1.81271
1018 1.98071
1019 1.96614
1020 1.86829
1021 1.84009
1022 1.83224
1023 1.82908
1024 1.99474
1025 1.97517
1026 2.05138
1027 1.86812
1028 1.98094
1029 1.79416
1030 1.95717
1031 1.84968
1032 1.88226
1033 1.88559
1034 1.86277
1035 1.91652
1036 1.8185
1037 1.8012
1038 1.91042
1039 1.90628
1040 1.92301
1041 1.87149
1042 1.97321
1043 1.85538
1044 1.87865
1045 1.87472
1046 1.93979
1047 1.91524
1048 1.74276
1049 1.80183
1050 1.88861
1051 1.85531
1052 1.93261
1053 1.98612
1054 1.77316
1055 1.80758
1056 1.86135
1057 1.8386
1058 1.82056
1059 1.80982
1060 1.83674
1061 1.82232
1062 1.87184
1063 1.97719
1064 1.77213
1065 1.9147
1066 1.94208
1067 1.79481
1068 1.86486
1069 1.78919
1070 1.80928
1071 1.85293
1072 1.86583
1073 1.7436
1074 1.84736
1075 1.82482
1076 1.8242
1077 1.76467
1078 1.85924
1079 1.82822
1080 1.82759
1081 1.77916
1082 1.81076
1083 1.73707
1084 1.78536
1085 1.74446
1086 1.71212
1087 1.89645
1088 1.81237
1089 1.90885
1090 1.89888
1091 1.75947
1092 1.82713
1093 1.82165
1094 1.76004
1095 1.8577
1096 1.80644
1097 1.7552
1098 1.74935
1099 1.82653
1100 1.94559
1101 1.79032
1102 1.76949
1103 1.74314
1104 1.7271
1105 1.79267
1106 1.76957
1107 1.78547
1108 1.7638
1109 1.77952
1110 1.98409
1111 1.91749
1112 1.85594
1113 2.00416
1114 1.72207
1115 1.70557
1116 1.69052
1117 1.73836
1118 1.76774
1119 1.84659
1120 1.76603
1121 1.7538
1122 1.74298
1123 1.77229
1124 1.82637
1125 2.019
1126 1.87419
1127 1.76207
1128 1.73635
1129 1.73995
1130 1.93139
1131 1.72014
1132 1.71025
1133 1.8111
1134 1.78203
1135 1.77267
1136 1.76399
1137 1.66766
1138 1.75696
1139 1.6947
1140 1.87608
1141 1.78848
1142 1.89344
1143 1.71184
1144 1.70331
1145 1.7139
1146 1.82459
1147 1.7836
1148 1.73829
1149 1.9058
1150 1.82605
1151 1.71145
1152 1.71787
1153 1.76363
1154 1.77963
1155 1.66642
1156 1.68859
1157 1.69555
1158 1.78879
1159 1.70033
1160 1.69189
1161 1.76373
1162 1.76782
1163 1.67247
1164 1.76279
1165 1.83953
1166 1.71216
1167 1.6502
1168 1.74139
1169 1.69429
1170 1.77236
1171 1.69021
1172 1.662
1173 1.80881
1174 1.76546
1175 1.7947
1176 1.76199
1177 1.75008
1178 1.80793
1179 1.75788
1180 1.86702
1181 1.65112
1182 1.636
1183 1.74286
1184 1.65797
1185 1.69566
1186 1.68471
1187 1.86971
1188 1.71804
1189 1.77256
1190 1.82896
1191 1.66116
1192 1.81831
1193 1.68772
1194 1.67826
1195 1.69176
1196 1.67374
1197 1.78481
1198 1.64484
1199 1.58424
1200 1.79572
1201 1.86428
1202 1.77412
1203 1.62478
1204 1.67256
1205 1.8732
1206 1.74269
1207 1.73456
1208 1.78602
1209 1.68851
1210 1.74579
1211 1.7732
1212 1.90211
1213 1.70525
1214 1.66552
1215 1.64664
1216 1.60455
1217 1.57203
1218 1.72569
1219 1.62885
1220 1.74096
1221 1.66169
1222 1.6531
1223 1.5894
1224 1.73803
1225 1.78513
1226 1.73459
1227 1.64717
1228 1.64525
1229 1.63769
1230 1.63179
1231 1.84576
1232 1.79978
1233 1.69903
1234 1.63749
1235 1.60599
1236 1.71921
1237 1.66123
1238 1.70342
1239 1.62786
1240 1.77701
1241 1.5968
1242 1.60342
1243 1.65841
1244 1.70147
1245 1.57872
1246 1.62876
1247 1.69133
1248 1.59379
1249 1.62495
1250 1.61842
1251 1.62778
1252 1.60947
1253 1.67117
1254 1.65024
1255 1.59642
1256 1.54229
1257 1.64346
1258 1.63209
1259 1.68443
1260 1.56325
1261 1.58625
1262 1.6345
1263 1.57377
1264 1.55178
1265 1.59492
1266 1.60741
1267 1.60731
1268 1.65428
1269 1.62463
1270 1.60374
1271 1.5912
1272 1.55543
1273 1.52681
1274 1.55402
1275 1.50327
1276 1.58346
1277 1.60053
1278 1.58667
1279 1.49234
1280 1.51171
1281 1.6105
1282 1.70414
1283 1.52294
1284 1.85151
1285 1.56666
1286 1.72116
1287 1.61929
1288 1.72509
1289 1.58487
1290 1.61005
1291 1.61631
1292 1.54872
1293 1.61586
1294 1.57475
1295 1.56247
1296 1.56655
1297 1.56823
1298 1.555
1299 1.60225
1300 1.63486
1301 1.65089
1302 1.58231
1303 1.70116
1304 1.61807
1305 1.56865
1306 1.61794
1307 1.61047
1308 1.71358
1309 1.58801
1310 1.5982
1311 1.62813
1312 1.60781
1313 1.60182
1314 1.61964
1315 1.68239
1316 1.82272
1317 1.61517
1318 1.57406
1319 1.55955
1320 1.52235
1321 1.57018
1322 1.49712
1323 1.55302
1324 1.51685
1325 1.61432
1326 1.6844
1327 1.55865
1328 1.52747
1329 1.46074
1330 1.55235
1331 1.58044
1332 1.56624
1333 1.56981
1334 1.58157
1335 1.48781
1336 1.54339
1337 1.71832
1338 1.64612
1339 1.55646
1340 1.57229
1341 1.53017
1342 1.51746
1343 1.56019
1344 1.55947
1345 1.64242
1346 1.57741
1347 1.52445
1348 1.60091
1349 1.63891
1350 1.54867
1351 1.53029
1352 1.56028
1353 1.49311
1354 1.57398
1355 1.53112
1356 1.61025
1357 1.56027
1358 1.65314
1359 1.604
1360 1.53859
1361 1.60901
1362 1.72319
1363 1.54573
1364 1.4932
1365 1.61825
1366 1.57462
1367 1.53863
1368 1.49833
1369 1.52099
1370 1.66696
1371 1.56981
1372 1.52533
1373 1.49559
1374 1.5318
1375 1.5292
1376 1.53434
1377 1.5664
1378 1.58041
1379 1.56404
1380 1.53051
1381 1.56958
1382 1.49237
1383 1.46934
1384 1.60323
1385 1.66574
1386 1.59851
1387 1.62058
1388 1.47226
1389 1.46562
1390 1.51801
1391 1.47226
1392 1.44891
1393 1.46698
1394 1.45573
1395 1.47272
1396 1.6046
1397 1.55676
1398 1.57698
1399 1.55783
1400 1.44048
1401 1.47772
1402 1.50075
1403 1.53845
1404 1.59148
1405 1.52011
1406 1.40703
1407 1.50157
1408 1.60936
1409 1.56909
1410 1.52055
1411 1.45732
1412 1.46506
1413 1.46085
1414 1.48901
1415 1.50661
1416 1.44155
1417 1.38879
1418 1.56772
1419 1.50581
1420 1.58927
1421 1.43754
1422 1.58011
1423 1.69608
1424 1.65432
1425 1.47653
1426 1.47203
1427 1.47475
1428 1.47754
1429 1.43872
1430 1.42247
1431 1.487
1432 1.49705
1433 1.51638
1434 1.45066
1435 1.39247
1436 1.53042
1437 1.39968
1438 1.53398
1439 1.55391
1440 1.44034
1441 1.43506
1442 1.3718
1443 1.54927
1444 1.4302
1445 1.41387
1446 1.51114
1447 1.45188
1448 1.47496
1449 1.39004
1450 1.41288
1451 1.42477
1452 1.43192
1453 1.52842
1454 1.59121
1455 1.65287
1456 1.50808
1457 1.48888
1458 1.35816
1459 1.65721
1460 1.42704
1461 1.51334
1462 1.50843
1463 1.46509
1464 1.51317
1465 1.45945
1466 1.44102
1467 1.42514
1468 1.52311
1469 1.46408
1470 1.53499
1471 1.49162
1472 1.43694
1473 1.51996
1474 1.52237
1475 1.46332
1476 1.48975
1477 1.41326
1478 1.42917
1479 1.41914
1480 1.46402
1481 1.57414
1482 1.54674
1483 1.4311
1484 1.39768
1485 1.48261
1486 1.41786
1487 1.40194
1488 1.41945
1489 1.36908
1490 1.42826
1491 1.49535
1492 1.49393
1493 1.41125
1494 1.49505
1495 1.52926
1496 1.44875
1497 1.41807
1498 1.43813
1499 1.48654
1500 1.48056
1501 1.41959
1502 1.37828
1503 1.38267
1504 1.3485
1505 1.39853
1506 1.35497
1507 1.41264
1508 1.57538
1509 1.41926
1510 1.44755
1511 1.35677
1512 1.33772
1513 1.42075
1514 1.37145
1515 1.38923
1516 1.41604
1517 1.44088
1518 1.46845
1519 1.47114
1520 1.39144
1521 1.42532
1522 1.40782
1523 1.34752
1524 1.4713
1525 1.41154
1526 1.35289
1527 1.38751
1528 1.42739
1529 1.48794
1530 1.33584
1531 1.35706
1532 1.32934
1533 1.33085
1534 1.39004
1535 1.31912
1536 1.41509
1537 1.39387
1538 1.49125
1539 1.45038
1540 1.44549
1541 1.52553
1542 1.46556
1543 1.35847
1544 1.31848
1545 1.40249
1546 1.40924
1547 1.41262
1548 1.36258
1549 1.41548
1550 1.31072
1551 1.35112
1552 1.30424
1553 1.40739
1554 1.52168
1555 1.43548
1556 1.45671
1557 1.36226
1558 1.35093
1559 1.41757
1560 1.36626
1561 1.33299
1562 1.36174
1563 1.37615
1564 1.36062
1565 1.35039
1566 1.3171
1567 1.38669
1568 1.36498
1569 1.54367
1570 1.42085
1571 1.5518
1572 1.35498
1573 1.31502
1574 1.3776
1575 1.39112
1576 1.37266
1577 1.45258
1578 1.36717
1579 1.42097
1580 1.37131
1581 1.37525
1582 1.34317
1583 1.38089
1584 1.36946
1585 1.27112
1586 1.37091
1587 1.36891
1588 1.39021
1589 1.31889
1590 1.37415
1591 1.36039
1592 1.30374
1593 1.37086
1594 1.39101
1595 1.32141
1596 1.29291
1597 1.39475
1598 1.34909
1599 1.40045
1600 1.34668
1601 1.29028
1602 1.39867
1603 1.41679
1604 1.35312
1605 1.34224
1606 1.39779
1607 1.28949
1608 1.46662
1609 1.44254
1610 1.26491
1611 1.29474
1612 1.33149
1613 1.31472
1614 1.36734
1615 1.37086
1616 1.42861
1617 1.4254
1618 1.41295
1619 1.39527
1620 1.33198
1621 1.39548
1622 1.34627
1623 1.26309
1624 1.37567
1625 1.24952
1626 1.30064
1627 1.29903
1628 1.24749
1629 1.51809
1630 1.41935
1631 1.33105
1632 1.27211
1633 1.39928
1634 1.41058
1635 1.27308
1636 1.6028
1637 1.2773
1638 1.33345
1639 1.40123
1640 1.43791
1641 1.39773
1642 1.2945
1643 1.32601
1644 1.27173
1645 1.24617
1646 1.26575
1647 1.39632
1648 1.27841
1649 1.34682
1650 1.31726
1651 1.30686
1652 1.27183
1653 1.32059
1654 1.45893
1655 1.30959
1656 1.28944
1657 1.23266
1658 1.30322
1659 1.37086
1660 1.56445
1661 1.27957
1662 1.41064
1663 1.25636
1664 1.32077
1665 1.33381
1666 1.35567
1667 1.40908
1668 1.3191
1669 1.29104
1670 1.33704
1671 1.29515
1672 1.28432
1673 1.25443
1674 1.30027
1675 1.28948
1676 1.25398
1677 1.21511
1678 1.26057
1679 1.26199
1680 1.28146
1681 1.24952
1682 1.30509
1683 1.28639
1684 1.22156
1685 1.24294
1686 1.26036
1687 1.32802
1688 1.29303
1689 1.2739
1690 1.25886
1691 1.26433
1692 1.31379
1693 1.24154
1694 1.34809
1695 1.18326
1696 1.29556
1697 1.35761
1698 1.25979
1699 1.22814
1700 1.26909
1701 1.22427
1702 1.21023
1703 1.19686
1704 1.2107
1705 1.20359
1706 1.30406
1707 1.18148
1708 1.18594
1709 1.20176
1710 1.27892
1711 1.2021
1712 1.1853
1713 1.48092
1714 1.18728
1715 1.27914
1716 1.25031
1717 1.29201
1718 1.22946
1719 1.22208
1720 1.28904
1721 1.2938
1722 1.2241
1723 1.25554
1724 1.29388
1725 1.24541
1726 1.19778
1727 1.22552
1728 1.22187
1729 1.34537
1730 1.29613
1731 1.23756
1732 1.31398
1733 1.18519
1734 1.20918
1735 1.28043
1736 1.25791
1737 1.2665
1738 1.23539
1739 1.38508
1740 1.20506
1741 1.24156
1742 1.1968
1743 1.39682
1744 1.44906
1745 1.383
1746 1.36915
1747 1.2896
1748 1.25294
1749 1.26975
1750 1.28144
1751 1.17341
1752 1.27239
1753 1.23085
1754 1.37143
1755 1.38039
1756 1.19574
1757 1.20348
1758 1.17431
1759 1.28223
1760 1.20694
1761 1.28112
1762 1.18136
1763 1.24007
1764 1.1966
1765 1.24954
1766 1.32067
1767 1.29817
1768 1.19492
1769 1.26832
1770 1.1762
1771 1.19618
1772 1.24698
1773 1.20039
1774 1.28149
1775 1.25026
1776 1.23735
1777 1.3409
1778 1.41663
1779 1.17675
1780 1.22896
1781 1.23172
1782 1.27209
1783 1.27253
1784 1.19848
1785 1.25525
1786 1.27508
1787 1.27765
1788 1.1552
1789 1.23435
1790 1.26445
1791 1.26198
1792 1.1889
1793 1.23749
1794 1.19848
1795 1.29492
1796 1.25138
1797 1.17855
1798 1.2795
1799 1.20589
1800 1.26757
1801 1.21105
1802 1.17511
1803 1.14593
1804 1.19086
1805 1.25434
1806 1.2067
1807 1.17473
1808 1.17119
1809 1.20236
1810 1.23225
1811 1.23933
1812 1.22086
1813 1.25474
1814 1.29288
1815 1.18142
1816 1.1816
1817 1.15289
1818 1.26344
1819 1.19775
1820 1.17803
1821 1.15603
1822 1.15904
1823 1.10936
1824 1.23806
1825 1.23146
1826 1.25811
1827 1.24217
1828 1.21574
1829 1.1658
1830 1.17343
1831 1.15006
1832 1.26602
1833 1.33952
1834 1.19113
1835 1.13461
1836 1.20695
1837 1.34152
1838 1.17215
1839 1.28782
1840 1.20695
1841 1.11796
1842 1.13972
1843 1.22946
1844 1.22253
1845 1.12874
1846 1.1264
1847 1.19943
1848 1.18967
1849 1.20385
1850 1.15661
1851 1.27128
1852 1.17328
1853 1.26793
1854 1.17787
1855 1.13468
1856 1.16721
1857 1.14332
1858 1.17439
1859 1.17543
1860 1.1645
1861 1.18888
1862 1.22262
1863 1.14389
1864 1.1359
1865 1.18822
1866 1.10313
1867 1.2647
1868 1.22645
1869 1.21763
1870 1.1632
1871 1.12132
1872 1.19642
1873 1.1659
1874 1.11602
1875 1.20758
1876 1.15865
1877 1.24592
1878 1.16317
1879 1.14556
1880 1.12463
1881 1.23629
1882 1.25952
1883 1.27557
1884 1.23885
1885 1.22828
1886 1.10275
1887 1.18708
1888 1.28794
1889 1.13418
1890 1.19508
1891 1.16422
1892 1.13444
1893 1.16509
1894 1.1284
1895 1.16742
1896 1.11553
1897 1.2642
1898 1.11754
1899 1.21993
1900 1.15821
1901 1.18711
1902 1.16866
1903 1.26258
1904 1.17643
1905 1.22076
1906 1.08738
1907 1.13725
1908 1.20979
1909 1.18034
1910 1.20408
1911 1.22871
1912 1.10948
1913 1.11881
1914 1.14316
1915 1.11699
1916 1.1511
1917 1.12541
1918 1.12759
1919 1.13691
1920 1.17042
1921 1.08726
1922 1.13409
1923 1.21818
1924 1.15962
1925 1.14047
1926 1.11499
1927 1.14287
1928 1.16798
1929 1.19906
1930 1.14214
1931 1.07391
1932 1.16043
1933 1.11959
1934 1.1132
1935 1.17979
1936 1.15537
1937 1.17457
1938 1.17626
1939 1.18756
1940 1.07294
1941 1.09267
1942 1.06965
1943 1.05692
1944 1.17973
1945 1.13629
1946 1.20458
1947 1.1651
1948 1.16249
1949 1.12139
1950 1.18329
1951 1.06196
1952 1.18412
1953 1.11676
1954 1.0877
1955 1.08364
1956 1.07989
1957 1.21181
1958 1.0636
1959 1.07366
1960 1.11265
1961 1.09515
1962 1.08779
1963 1.0792
1964 1.06992
1965 1.25788
1966 1.12133
1967 1.2226
1968 1.13339
1969 1.12023
1970 1.14779
1971 1.19486
1972 1.09762
1973 1.04422
1974 1.04683
1975 1.1583
1976 1.09288
1977 1.19211
1978 1.1445
1979 1.06323
1980 1.05392
1981 1.11063
1982 1.25059
1983 1.25458
1984 1.12472
1985 1.17031
1986 1.17349
1987 1.07013
1988 1.10126
1989 1.05751
1990 1.04806
1991 1.16062
1992 1.10841
1993 1.08719
1994 1.10091
1995 1.11782
1996 1.13074
1997 1.12337
1998 1.24435
1999 1.28054
2000 1.23349
2001 1.10731
2002 1.08076
2003 1.20743
2004 1.10059
2005 1.06537
2006 1.18761
2007 1.16947
2008 1.08913
2009 1.13695
2010 1.13431
2011 1.18807
2012 1.08037
2013 1.12094
2014 1.05505
2015 1.10057
2016 1.14668
2017 1.05295
2018 1.06534
2019 1.09279
2020 1.11451
2021 1.08553
2022 1.07727
2023 1.14019
2024 1.06207
2025 1.03679
2026 1.11407
2027 1.0676
2028 1.10125
2029 1.05093
2030 1.16013
2031 1.15411
2032 1.07048
2033 1.12232
2034 1.08375
2035 1.1141
2036 1.13122
2037 1.21942
2038 1.08221
2039 0.994152
2040 1.13427
2041 1.08193
2042 1.05456
2043 1.10341
2044 1.14112
2045 1.07484
2046 1.10891
2047 1.19113
2048 1.10984
2049 1.04878
2050 1.17339
2051 1.08921
2052 1.05497
2053 1.03795
2054 1.06868
2055 1.09292
2056 1.02466
2057 1.0924
2058 1.23408
2059 1.09484
2060 1.07813
2061 1.01554
2062 1.29385
2063 1.09007
2064 1.06678
2065 1.30996
2066 1.06127
2067 1.10507
2068 1.1907
2069 1.16497
2070 1.31974
2071 1.08502
2072 1.03899
2073 1.02924
2074 1.034
2075 1.14451
2076 1.13116
2077 1.07531
2078 1.09401
2079 1.03345
2080 1.01763
2081 1.08718
2082 1.0634
2083 1.13704
2084 1.07975
2085 1.06469
2086 1.03395
2087 1.08334
2088 1.18313
2089 1.33078
2090 1.24081
2091 1.09436
2092 1.03
2093 1.05619
2094 1.13041
2095 1.0895
2096 1.06698
2097 1.00068
2098 1.00221
2099 1.04987
2100 1.00011
2101 1.05057
2102 1.0047
2103 1.00766
2104 1.09089
2105 1.01765
2106 1.06695
2107 0.986039
2108 1.03717
2109 1.04449
2110 0.985806
2111 1.06193
2112 1.08078
2113 1.01207
2114 1.1068
2115 0.999379
2116 1.12752
2117 1.04257
2118 1.0733
2119 1.00964
2120 0.980558
2121 1.05632
2122 0.987596
2123 1.0268
2124 1.06176
2125 1.01921
2126 1.04583
2127 0.998841
2128 0.990818
2129 1.00433
2130 0.957367
2131 0.943792
2132 0.97619
2133 0.998924
2134 0.947389
2135 1.08331
2136 0.944748
2137 0.953021
2138 1.03488
2139 1.05999
2140 0.97326
2141 0.986166
2142 1.25639
2143 1.10917
2144 1.0356
2145 1.03351
2146 0.979398
2147 1.00654
2148 1.02885
2149 1.0455
2150 1.04596
2151 0.956109
2152 0.984834
2153 1.04315
2154 1.08384
2155 0.964152
2156 1.04526
2157 1.03284
2158 1.12494
2159 1.02568
2160 1.03874
2161 1.1336
2162 0.948524
2163 1.05356
2164 1.027
2165 1.07679
2166 1.00031
2167 0.981065
2168 1.07926
2169 1.06958
2170 1.06002
2171 0.936781
2172 1.20375
2173 1.21857
2174 0.975559
2175 0.980559
2176 1.04191
2177 0.998117
2178 1.03893
2179 0.952593
2180 0.98649
2181 0.957543
2182 1.03221
2183 0.987025
2184 1.31601
2185 0.998177
2186 0.977547
2187 0.956784
2188 1.01753
2189 1.05002
2190 1.00253
2191 1.00397
2192 0.950834
2193 0.986451
2194 1.01296
2195 1.10794
2196 1.03948
2197 1.0233
2198 0.96686
2199 0.982423
2200 0.98214
2201 0.959971
2202 0.979297
2203 1.04022
2204 0.971789
2205 1.05402
2206 1.05109
2207 1.04273
2208 0.989233
2209 1.01363
2210 0.92868
2211 1.02816
2212 0.986985
2213 1.03329
2214 1.05108
2215 1.04515
2216 1.02519
2217 0.936823
2218 1.04967
2219 1.04141
2220 0.982814
2221 0.928308
2222 1.03332
2223 1.01606
2224 1.01023
2225 0.947888
2226 0.921617
2227 1.11553
2228 1.01318
2229 1.00496
2230 0.979848
2231 0.977852
2232 0.970505
2233 0.972952
2234 0.994937
2235 1.03694
2236 1.00362
2237 1.00879
2238 1.0405
2239 0.944838
2240 0.951653
2241 1.06972
2242 1.01655
2243 1.01367
2244 1.00403
2245 0.961642
2246 0.976624
2247 0.950066
2248 0.990547
2249 0.957093
2250 0.936678
2251 0.915815
2252 0.923094
2253 1.05704
2254 1.08285
2255 1.02407
2256 1.00197
2257 0.966941
2258 0.903485
2259 0.956348
2260 1.0293
2261 0.98623
2262 0.946605
2263 0.94886
2264 0.910194
2265 1.08661
2266 1.05713
2267 1.00835
2268 0.956035
2269 0.938431
2270 0.924044
2271 0.913915
2272 0.950937
2273 0.994862
2274 0.896165
2275 1.02009
2276 0.930362
2277 1.10089
2278 0.94391
2279 0.950991
2280 1.15217
2281 1.05167
2282 1.01885
2283 0.894775
2284 0.989504
2285 0.965373
2286 0.89025
2287 0.961182
2288 0.962133
2289 0.95473
2290 0.944063
2291 1.02367
2292 0.936256
2293 0.909154
2294 0.910465
2295 0.989492
2296 1.02791
2297 0.972758
2298 0.972234
2299 0.906189
2300 0.908401
2301 0.933043
2302 0.877049
2303 0.943955
2304 1.00976
2305 0.998224
2306 0.912969
2307 0.910675
2308 0.899201
2309 0.943868
2310 1.03207
2311 1.05106
2312 1.03266
2313 0.991185
2314 1.00672
2315 0.888692
2316 1.02114
2317 0.991807
2318 0.928691
2319 0.990652
2320 0.951631
2321 1.02591
2322 0.922817
2323 0.93456
2324 0.94573
2325 0.925602
2326 1.04263
2327 0.947967
2328 1.05757
2329 0.932237
2330 0.922468
2331 0.995823
2332 0.993727
2333 1.02125
2334 0.932052
2335 0.909178
2336 0.912807
2337 0.989941
2338 0.927344
2339 1.02113
2340 0.917717
2341 0.928228
2342 0.916113
2343 1.00905
2344 0.917477
2345 0.920387
2346 0.989748
2347 0.92877
2348 0.966195
2349 0.985424
2350 0.8659
2351 0.967855
2352 1.02852
2353 0.893354
2354 0.949767
2355 0.938918
2356 0.898989
2357 1.01117
2358 0.936792
2359 0.93133
2360 0.889886
2361 0.886568
2362 0.930275
2363 0.971511
2364 0.921179
2365 0.9391
2366 0.945849
2367 0.893457
2368 0.958091
2369 0.837257
2370 0.915684
2371 0.873621
2372 0.83168
2373 0.99112
2374 0.933412
2375 0.947964
2376 0.936103
2377 0.938323
2378 0.964378
2379 0.953157
2380 0.925276
2381 0.98789
2382 0.88762
2383 0.891968
2384 0.928019
2385 0.874776
2386 0.962533
2387 0.925083
2388 0.934523
2389 0.902162
2390 0.866272
2391 0.888841
2392 0.91987
2393 0.964334
2394 0.896201
2395 0.857559
2396 1.01946
2397 0.922259
2398 0.893795
2399 1.1074
2400 0.893459
2401 0.888669
2402 0.888864
2403 0.925977
2404 0.92211
2405 0.923237
2406 0.899604
2407 0.894263
2408 0.865579
2409 0.862384
2410 0.924459
2411 1.03862
2412 1.06411
2413 0.87706
2414 1.01754
2415 0.908922
2416 0.923641
2417 0.922461
2418 0.893021
2419 0.89214
2420 0.861627
2421 0.956387
2422 0.912046
2423 0.849028
2424 0.911675
2425 0.845763
2426 1.0135
2427 0.933483
2428 0.975304
2429 0.891559
2430 0.882597
2431 0.937433
2432 0.88819
2433 0.907516
2434 0.883258
2435 0.960315
2436 0.97539
2437 0.902374
2438 0.857003
2439 0.903726
2440 0.899055
2441 0.851443
2442 0.842547
2443 0.89291
2444 0.885988
2445 0.944484
2446 0.84617
2447 0.895274
2448 0.914013
2449 0.846193
2450 0.917835
2451 0.899511
2452 0.8522
2453 0.849429
2454 0.869683
2455 0.831968
2456 0.891391
2457 0.915788
2458 0.825563
2459 0.990739
2460 0.918698
2461 0.877895
2462 0.904677
2463 0.88219
2464 0.951894
2465 0.9132
2466 0.986758
2467 0.822083
2468 0.820308
2469 0.905329
2470 0.843612
2471 0.947326
2472 0.824999
2473 0.934661
2474 0.854916
2475 0.888347
2476 0.989098
2477 0.906554
2478 0.949747
2479 0.845205
2480 0.86225
2481 0.881836
2482 0.871403
2483 0.865813
2484 0.876511
2485 0.851696
2486 1.04048
2487 0.967526
2488 0.889016
2489 0.819158
2490 0.825467
2491 1.01435
2492 0.904737
2493 0.878663
2494 1.07633
2495 0.86515
2496 0.926613
2497 0.865603
2498 0.931349
2499 0.930257
2500 0.876424
2501 0.844971
2502 0.840637
2503 0.833116
2504 0.891403
2505 0.87035
2506 0.901899
2507 0.846898
2508 0.886157
2509 0.811829
2510 0.920397
2511 0.927861
2512 0.852899
2513 0.833915
2514 0.830687
2515 0.822941
2516 0.913779
2517 0.938409
2518 1.01112
2519 0.86632
2520 0.866753
2521 0.808917
2522 0.915742
2523 0.892385
2524 0.862469
2525 0.862089
2526 0.860825
2527 0.864489
2528 0.845434
2529 0.805675
2530 0.881014
2531 0.794412
2532 0.865307
2533 0.912282
2534 0.808055
2535 0.832482
2536 0.860929
2537 0.838079
2538 0.848075
2539 0.885836
2540 0.81049
2541 0.869827
2542 0.806522
2543 0.833383
2544 0.855341
2545 0.920668
2546 0.850391
2547 0.864056
2548 0.828094
2549 0.80258
2550 0.840286
2551 0.82697
2552 0.860386
2553 0.950146
2554 0.924447
2555 0.914113
2556 0.858905
2557 0.816354
2558 0.798666
2559 0.79619
2560 0.813905
2561 0.78288
2562 0.781614
2563 0.808064
2564 0.845337
2565 0.77936
2566 0.772483
2567 0.859563
2568 0.883947
2569 0.784748
2570 1.07229
2571 0.824004
2572 0.908397
2573 0.902525
2574 0.849693
2575 0.834333
2576 0.816606
2577 0.878305
2578 0.874507
2579 0.821391
2580 0.796869
2581 0.805824
2582 0.808392
2583 0.882207
2584 0.794928
2585 0.864815
2586 0.915614
2587 0.876952
2588 0.864606
2589 0.871222
2590 0.862704
2591 0.810135
2592 0.850386
2593 0.87641
2594 0.929476
2595 0.890894
2596 0.810748
2597 0.891715
2598 0.852872
2599 0.868123
2600 0.785243
2601 0.884357
2602 1.04001
2603 0.800339
2604 0.860188
2605 0.840269
2606 0.87199
2607 0.829656
2608 0.799489
2609 0.816275
2610 0.776385
2611 0.893569
2612 0.990913
2613 0.829685
2614 0.76347
2615 0.81289
2616 0.805554
2617 0.811465
2618 0.886505
2619 0.842542
2620 0.817136
2621 0.765323
2622 0.794677
2623 0.898441
2624 0.885974
2625 0.839938
2626 0.818027
2627 0.796664
2628 0.777672
2629 0.806273
2630 0.76478
2631 0.840119
2632 0.774471
2633 0.815943
2634 0.855702
2635 0.935896
2636 0.8116
2637 0.819406
2638 0.851043
2639 0.780828
2640 0.842456
2641 0.772421
2642 0.843048
2643 0.827635
2644 0.878172
2645 0.848064
2646 0.785738
2647 0.853901
2648 0.908674
2649 0.796551
2650 0.787121
2651 0.799697
2652 0.840684
2653 0.818219
2654 0.773958
2655 0.775524
2656 0.853866
2657 0.821012
2658 0.820309
2659 0.781137
2660 0.797859
2661 0.824749
2662 0.809513
2663 0.808755
2664 0.816017
2665 0.799379
2666 0.798292
2667 0.831874
2668 0.797296
2669 0.821621
2670 0.910538
2671 0.938946
2672 0.812074
2673 0.890078
2674 0.773213
2675 0.801232
2676 0.820277
2677 0.791395
2678 0.806414
2679 0.763612
2680 0.753281
2681 0.736642
2682 0.832849
2683 0.839627
2684 0.824071
2685 0.815598
2686 0.756211
2687 0.783837
2688 0.816194
2689 0.785568
2690 0.829848
2691 0.812954
2692 0.788702
2693 0.815799
2694 0.819962
2695 0.83048
2696 0.797566
2697 0.788434
2698 0.752857
2699 0.741507
2700 0.784477
2701 0.827429
2702 0.761459
2703 0.75019
2704 0.859293
2705 0.75456
2706 0.829656
2707 0.788797
2708 0.810178
2709 0.867956
2710 0.81306
2711 0.835414
2712 0.768658
2713 0.79966
2714 0.791688
2715 0.78804
2716 0.722232
2717 0.782134
2718 0.786075
2719 0.783439
2720 0.797342
2721 0.750449
2722 0.806928
2723 0.767526
2724 0.72327
2725 0.804533
2726 0.766378
2727 0.767877
2728 0.728005
2729 0.816983
2730 0.748606
2731 0.708372
2732 0.794387
2733 0.778522
2734 0.763582
2735 0.767188
2736 0.739666
2737 0.790202
2738 0.777048
2739 0.830934
2740 0.879214
2741 0.879988
2742 0.827524
2743 0.80943
2744 0.731587
2745 0.966141
2746 0.742905
2747 0.782887
2748 0.78956
2749 0.820627
2750 0.817581
2751 0.760353
2752 0.755399
2753 0.775778
2754 0.814642
2755 0.779803
2756 0.835525
2757 0.835354
2758 0.730265
2759 0.766727
2760 0.831329
2761 0.846543
2762 0.860262
2763 0.756096
2764 0.779589
2765 0.768099
2766 0.808142
2767 0.817398
2768 0.800377
2769 0.738049
2770 0.734911
2771 0.84357
2772 0.792536
2773 0.727383
2774 0.803428
2775 0.784908
2776 0.771256
2777 0.793725
2778 0.773182
2779 0.792058
2780 0.828154
2781 0.859849
2782 0.782548
2783 0.784233
2784 0.798036
2785 0.799975
2786 0.787637
2787 0.741021
2788 0.753966
2789 0.798318
2790 0.752726
2791 0.780065
2792 0.766668
2793 0.750092
2794 0.776204
2795 0.752142
2796 0.772418
2797 0.749221
2798 0.726197
2799 0.779752
2800 0.75461
2801 0.779404
2802 0.757977
2803 0.751208
2804 0.827597
2805 0.849635
2806 0.713821
2807 0.789759
2808 0.778323
2809 0.782824
2810 0.901456
2811 0.77721
2812 0.698991
2813 0.739382
2814 0.791207
2815 0.818737
2816 0.708105
2817 0.754166
2818 0.756822
2819 0.738865
2820 0.774775
2821 0.735024
2822 0.796472
2823 0.802367
2824 0.792714
2825 0.856884
2826 0.759511
2827 0.756041
2828 0.823119
2829 0.711857
2830 0.688127
2831 0.777026
2832 0.752244
2833 0.726799
2834 0.78209
2835 0.783869
2836 0.706237
2837 0.733943
2838 0.700366
2839 0.800085
2840 0.868299
2841 0.800218
2842 0.779472
2843 0.769489
2844 0.775632
2845 0.736303
2846 0.714014
2847 0.761497
2848 0.770234
2849 0.763244
2850 0.765008
2851 0.718982
2852 0.739303
2853 0.794436
2854 0.743447
2855 0.793495
2856 0.803678
2857 0.785443
2858 0.724142
2859 0.745897
2860 0.799939
2861 0.757004
2862 0.800132
2863 0.732907
2864 0.834232
2865 0.842017
2866 0.752965
2867 0.801806
2868 0.709414
2869 0.75816
2870 0.739124
2871 0.697487
2872 0.685924
2873 0.776448
2874 0.748448
2875 0.710756
2876 0.76723
2877 0.784459
2878 0.724742
2879 0.727275
2880 0.836264
2881 0.704649
2882 0.681461
2883 0.758354
2884 0.726515
2885 0.739903
2886 0.782183
2887 0.748316
2888 0.760568
2889 0.740882
2890 0.786197
2891 0.759386
2892 0.760297
2893 0.735565
2894 0.849088
2895 0.779734
2896 0.678955
2897 0.714561
2898 0.761776
2899 0.754439
2900 0.832658
2901 0.696776
2902 0.800985
2903 0.794914
2904 0.811438
2905 0.749271
2906 0.753189
2907 0.755451
2908 0.744049
2909 0.676742
2910 0.742245
2911 0.682146
2912 0.700948
2913 0.754561
2914 0.66538
2915 0.890536
2916 0.770714
2917 0.747732
2918 0.666784
2919 0.771113
2920 0.75698
2921 0.728231
2922 0.839789
2923 0.710106
2924 0.713623
2925 0.749132
2926 0.825986
2927 0.816001
2928 0.760458
2929 0.745898
2930 0.681367
2931 0.67025
2932 0.723427
2933 0.852306
2934 0.690791
2935 0.716993
2936 0.674039
2937 0.731461
2938 0.710167
2939 0.83489
2940 0.762068
2941 0.738734
2942 0.763873
2943 0.702608
2944 0.748029
2945 0.759449
2946 0.88203
2947 0.706659
2948 0.772817
2949 0.703608
2950 0.684387
2951 0.768957
2952 0.78116
2953 0.73632
2954 0.720119
2955 0.730251
2956 0.668511
2957 0.725515
2958 0.709493
2959 0.718209
2960 0.655466
2961 0.755822
2962 0.734526
2963 0.683064
2964 0.720761
2965 0.732354
2966 0.687235
2967 0.663488
2968 0.735386
2969 0.708806
2970 0.686761
2971 0.6799
2972 0.681836
2973 0.718358
2974 0.740195
2975 0.71051
2976 0.65835
2977 0.688069
2978 0.699607
2979 0.64501
2980 0.763848
2981 0.682694
2982 0.704524
2983 0.791874
2984 0.692047
2985 0.64919
2986 0.721961
2987 0.634499
2988 0.671961
2989 0.660717
2990 0.660317
2991 0.659229
2992 0.679701
2993 0.639734
2994 0.635836
2995 0.632509
2996 0.703729
2997 0.673238
2998 0.624786
2999 0.941634
3000 0.651922
3001 0.765104
3002 0.72837
3003 0.705124
3004 0.710446
3005 0.666463
3006 0.766153
3007 0.760389
3008 0.691905
3009 0.668645
3010 0.726253
3011 0.692758
3012 0.689063
3013 0.722732
3014 0.663331
3015 0.795406
3016 0.813343
3017 0.70828
3018 0.758517
3019 0.698703
3020 0.684924
3021 0.787811
3022 0.668018
3023 0.755291
3024 0.733076
3025 0.753927
3026 0.727806
3027 0.730252
3028 0.656106
3029 0.755381
3030 0.800204
3031 0.721124
3032 0.729796
3033 0.662419
3034 0.6897
3035 0.708996
3036 0.683628
3037 0.651354
3038 0.661649
3039 0.651221
3040 0.802148
3041 0.887628
3042 0.699148
3043 0.666037
3044 0.617934
3045 0.705308
3046 0.655295
3047 0.728941
3048 0.691835
3049 0.67615
3050 0.643363
3051 0.741195
3052 0.751098
3053 0.692282
3054 0.742922
3055 0.65363
3056 0.683195
3057 0.736131
3058 0.64622
3059 0.684037
3060 0.769187
3061 0.711621
3062 0.647566
3063 0.730194
3064 0.701096
3065 0.634381
3066 0.707822
3067 0.679163
3068 0.686499
3069 0.7094
3070 0.724118
3071 0.758608
3072 0.711893
3073 0.665812
3074 0.681216
3075 0.635865
3076 0.669805
3077 0.730088
3078 0.682698
3079 0.64464
3080 0.673476
3081 0.750806
3082 0.646445
3083 0.633917
3084 0.719542
3085 0.720716
3086 0.689263
3087 0.678729
3088 0.636601
3089 0.700993
3090 0.688603
3091 0.713508
3092 0.704431
3093 0.715919
3094 0.716728
3095 0.679996
3096 0.728844
3097 0.700325
3098 0.727574
3099 0.729702
3100 0.799173
3101 0.637991
3102 0.667997
3103 0.629927
3104 0.631039
3105 0.684639
3106 0.67736
3107 0.671596
3108 0.680257
3109 0.621001
3110 0.68396
3111 0.66711
3112 0.695767
3113 0.692132
3114 0.684593
3115 0.619375
3116 0.661019
3117 0.651443
3118 0.674349
3119 0.76329
3120 0.664372
3121 0.623244
3122 0.644182
3123 0.755615
3124 0.702416
3125 0.719411
3126 0.669446
3127 0.643693
3128 0.680417
3129 0.655138
3130 0.732532
3131 0.624675
3132 0.637342
3133 0.704749
3134 0.737494
3135 0.687123
3136 0.630447
3137 0.714589
3138 0.710695
3139 0.688743
3140 0.652664
3141 0.648742
3142 0.658423
3143 0.636172
3144 0.664774
3145 0.632222
3146 0.662587
3147 0.611878
3148 0.650393
3149 0.644089
3150 0.630879
3151 0.668418
3152 0.615363
3153 0.652346
3154 0.646471
3155 0.683772
3156 0.638148
3157 0.667175
3158 0.643973
3159 0.636876
3160 0.629934
3161 0.715399
3162 0.689155
3163 0.726648
3164 0.673872
3165 0.652495
3166 0.659678
3167 0.684467
3168 0.710546
3169 0.764983
3170 0.673736
3171 0.717763
3172 0.607662
3173 0.673276
3174 0.678519
3175 0.601409
3176 0.706054
3177 0.708094
3178 0.648806
3179 0.739446
3180 0.638378
3181 0.65539
3182 0.62392
3183 0.691163
3184 0.668874
3185 0.780337
3186 0.642617
3187 0.693892
3188 0.637673
3189 0.712031
3190 0.715589
3191 0.683116
3192 0.602679
3193 0.639725
3194 0.684384
3195 0.656363
3196 0.677147
3197 0.672652
3198 0.617731
3199 0.593325
3200 0.614849
3201 0.641365
3202 0.588925
3203 0.660722
3204 0.637328
3205 0.67399
3206 0.677513
3207 0.631185
3208 0.669724
3209 0.726107
3210 0.646541
3211 0.68567
3212 0.658008
3213 0.67053
3214 0.666476
3215 0.715524
3216 0.644006
3217 0.622973
3218 0.648738
3219 0.597902
3220 0.639273
3221 0.665584
3222 0.643885
3223 0.651611
3224 0.598162
3225 0.634642
3226 0.575666
3227 0.621919
3228 0.596609
3229 0.582962
3230 0.667045
3231 0.635751
3232 0.654144
3233 0.717274
3234 0.660535
3235 0.63921
3236 0.638582
3237 0.639997
3238 0.722223
3239 0.583459
3240 0.6993
3241 0.660211
3242 0.636471
3243 0.751464
3244 0.60148
3245 0.651274
3246 0.626327
3247 0.65822
3248 0.620916
3249 0.678014
3250 0.60678
3251 0.740766
3252 0.613323
3253 0.726272
3254 0.651831
3255 0.649884
3256 0.657535
3257 0.703456
3258 0.633466
3259 0.598225
3260 0.605137
3261 0.672198
3262 0.60691
3263 0.708635
3264 0.675407
3265 0.621416
3266 0.58322
3267 0.612081
3268 0.698052
3269 0.770582
3270 0.730042
3271 0.726204
3272 0.628817
3273 0.616337
3274 0.623025
3275 0.624271
3276 0.676245
3277 0.641064
3278 0.617035
3279 0.642185
3280 0.623076
3281 0.63511
3282 0.633465
3283 0.599845
3284 0.747358
3285 0.61611
3286 0.742521
3287 0.647442
3288 0.628946
3289 0.650554
3290 0.628882
3291 0.604478
3292 0.631106
3293 0.714706
3294 0.658586
3295 0.602649
3296 0.626399
3297 0.693587
3298 0.599428
3299 0.622567
3300 0.579366
3301 0.627271
3302 0.701148
3303 0.585097
3304 0.60531
3305 0.612321
3306 0.636236
3307 0.592813
3308 0.616801
3309 0.626102
3310 0.591191
3311 0.582848
3312 0.64973
3313 0.591677
3314 0.676137
3315 0.599656
3316 0.66224
3317 0.688824
3318 0.645791
3319 0.654321
3320 0.673933
3321 0.66224
3322 0.621621
3323 0.7376
3324 0.665757
3325 0.592458
3326 0.65811
3327 0.627334
3328 0.604856
3329 0.679371
3330 0.661352
3331 0.663807
3332 0.683291
3333 0.69315
3334 0.652955
3335 0.604297
3336 0.667506
3337 0.604155
3338 0.578208
3339 0.624264
3340 0.583307
3341 0.613341
3342 0.556883
3343 0.584587
3344 0.812574
3345 0.638434
3346 0.602096
3347 0.57225
3348 0.791258
3349 0.645198
3350 0.571234
3351 0.741012
3352 0.580982
3353 0.586007
3354 0.703068
3355 0.705388
3356 0.777419
3357 0.604813
3358 0.611265
3359 0.564137
3360 0.599958
3361 0.626106
3362 0.667178
3363 0.570788
3364 0.578391
3365 0.596447
3366 0.599031
3367 0.697991
3368 0.637187
3369 0.628789
3370 0.541549
3371 0.64098
3372 0.56841
3373 0.637425
3374 0.648945
3375 0.730751
3376 0.574688
3377 0.601626
3378 0.612472
3379 0.59204
3380 0.690412
3381 0.61005
3382 0.663014
3383 0.616007
3384 0.5854
3385 0.630598
3386 0.596526
3387 0.594438
3388 0.586073
3389 0.632128
3390 0.613859
3391 0.570425
3392 0.564709
3393 0.60638
3394 0.613324
3395 0.570143
3396 0.548694
3397 0.668099
3398 0.601252
3399 0.573335
3400 0.585633
3401 0.586681
3402 0.647057
3403 0.59773
3404 0.579515
3405 0.588879
3406 0.600261
3407 0.666993
3408 0.542244
3409 0.589541
3410 0.645126
3411 0.57202
3412 0.623833
3413 0.564239
3414 0.594442
3415 0.590716
3416 0.558683
3417 0.561116
3418 0.554053
3419 0.581205
3420 0.533404
3421 0.624712
3422 0.542513
3423 0.524173
3424 0.544542
3425 0.602361
3426 0.537575
3427 0.569616
3428 0.79002
3429 0.680048
3430 0.5977
3431 0.629576
3432 0.588542
3433 0.57212
3434 0.587065
3435 0.585268
3436 0.600786
3437 0.537093
3438 0.545085
3439 0.591763
3440 0.579371
3441 0.542647
3442 0.631247
3443 0.58556
3444 0.6708
3445 0.626463
3446 0.591032
3447 0.616488
3448 0.54449
3449 0.618234
3450 0.599389
3451 0.589925
3452 0.572084
3453 0.598922
3454 0.633643
3455 0.586831
3456 0.611632
3457 0.580564
3458 0.694281
3459 0.644955
3460 0.584121
3461 0.578811
3462 0.562842
3463 0.611007
3464 0.59634
3465 0.581422
3466 0.58722
3467 0.532094
3468 0.588995
3469 0.605754
3470 0.78925
3471 0.590096
3472 0.597956
3473 0.57994
3474 0.554393
3475 0.556643
3476 0.592063
3477 0.535776
3478 0.563579
3479 0.552042
3480 0.628941
3481 0.623471
3482 0.593652
3483 0.587677
3484 0.579835
3485 0.608921
3486 0.630139
3487 0.57765
3488 0.556339
3489 0.65229
3490 0.58474
3491 0.588091
3492 0.615203
3493 0.605234
3494 0.58578
3495 0.594749
3496 0.54861
3497 0.644503
3498 0.572823
3499 0.608062
3500 0.608847
3501 0.55518
3502 0.613082
3503 0.546124
3504 0.531187
3505 0.650988
3506 0.607846
3507 0.535288
3508 0.559049
3509 0.537071
3510 0.641173
3511 0.531335
3512 0.61303
3513 0.628339
3514 0.608846
3515 0.59005
3516 0.549531
3517 0.564658
3518 0.594796
3519 0.586074
3520 0.603132
3521 0.578826
3522 0.576131
3523 0.603797
3524 0.595288
3525 0.556374
3526 0.567635
3527 0.710177
3528 0.597466
3529 0.607331
3530 0.5689
3531 0.587679
3532 0.580631
3533 0.605289
3534 0.589439
3535 0.558212
3536 0.579306
3537 0.539293
3538 0.546712
3539 0.639402
3540 0.561857
3541 0.597891
3542 0.589842
3543 0.548439
3544 0.598988
3545 0.568192
3546 0.579945
3547 0.578846
3548 0.63344
3549 0.560618
3550 0.54931
3551 0.59226
3552 0.697128
3553 0.581486
3554 0.579156
3555 0.561604
3556 0.56431
3557 0.619275
3558 0.550696
3559 0.601721
3560 0.521284
3561 0.535202
3562 0.543217
3563 0.657763
3564 0.567419
3565 0.550097
3566 0.559949
3567 0.588189
3568 0.523352
3569 0.513405
3570 0.57692
3571 0.530895
3572 0.497904
3573 0.560875
3574 0.56
3575 0.561009
3576 0.535754
3577 0.623354
3578 0.541162
3579 0.52945
3580 0.569882
3581 0.604373
3582 0.613713
3583 0.608904
3584 0.577819
3585 0.531468
3586 0.597617
3587 0.544488
3588 0.523518
3589 0.512542
3590 0.687287
3591 0.591938
3592 0.568246
3593 0.557801
3594 0.560561
3595 0.571319
3596 0.60574
3597 0.734421
3598 0.628455
3599 0.632413
3600 0.625248
3601 0.504745
3602 0.619397
3603 0.630847
3604 0.531281
3605 0.605263
3606 0.596124
3607 0.626448
3608 0.540013
3609 0.520012
3610 0.570229
3611 0.540922
3612 0.572325
3613 0.552513
3614 0.652653
3615 0.560389
3616 0.546469
3617 0.583984
3618 0.625222
3619 0.622978
3620 0.586143
3621 0.557497
3622 0.554345
3623 0.559938
3624 0.566833
3625 0.608695
3626 0.527133
3627 0.507494
3628 0.598271
3629 0.574617
3630 0.545189
3631 0.597042
3632 0.60733
3633 0.535551
3634 0.567465
3635 0.650914
3636 0.551447
3637 0.591963
3638 0.63043
3639 0.580088
3640 0.567427
3641 0.602078
3642 0.551166
3643 0.602377
3644 0.555731
3645 0.514807
3646 0.543519
3647 0.555413
3648 0.545332
3649 0.520745
3650 0.545673
3651 0.608071
3652 0.543231
3653 0.536943
3654 0.54936
3655 0.512783
3656 0.518113
3657 0.509923
3658 0.522918
3659 0.610498
3660 0.51363
3661 0.598958
3662 0.615258
3663 0.541192
3664 0.607692
3665 0.60494
3666 0.532252
3667 0.639593
3668 0.595356
3669 0.524259
3670 0.535853
3671 0.555592
3672 0.578849
3673 0.537676
3674 0.566318
3675 0.543095
3676 0.528044
3677 0.508766
3678 0.548316
3679 0.582612
3680 0.600812
3681 0.549674
3682 0.62456
3683 0.603124
3684 0.556481
3685 0.571107
3686 0.608974
3687 0.513731
3688 0.511032
3689 0.520984
3690 0.554565
3691 0.54807
3692 0.552101
3693 0.556123
3694 0.512005
3695 0.504358
3696 0.592537
3697 0.610856
3698 0.637589
3699 0.562496
3700 0.5755
3701 0.572235
3702 0.560261
3703 0.535686
3704 0.489545
3705 0.628869
3706 0.512237
3707 0.545782
3708 0.553444
3709 0.533181
3710 0.568336
3711 0.602044
3712 0.54491
3713 0.564734
3714 0.60596
3715 0.544341
3716 0.536333
3717 0.569409
3718 0.541116
3719 0.511786
3720 0.551289
3721 0.678086
3722 0.6039
3723 0.518238
3724 0.539703
3725 0.58309
3726 0.586693
3727 0.539138
3728 0.564416
3729 0.56434
3730 0.607769
3731 0.592173
3732 0.488598
3733 0.570701
3734 0.544174
3735 0.521675
3736 0.575076
3737 0.578024
3738 0.513008
3739 0.525605
3740 0.560253
3741 0.518619
3742 0.578848
3743 0.574644
3744 0.50232
3745 0.586856
3746 0.620585
3747 0.550073
3748 0.579654
3749 0.537624
3750 0.5981
3751 0.581681
3752 0.640733
3753 0.497403
3754 0.504848
3755 0.551029
3756 0.52397
3757 0.570482
3758 0.505447
3759 0.59572
3760 0.617227
3761 0.532479
3762 0.595239
3763 0.588496
3764 0.558275
3765 0.500755
3766 0.545636
3767 0.509961
3768 0.525961
3769 0.562397
3770 0.524144
3771 0.495737
3772 0.595679
3773 0.628464
3774 0.56273
3775 0.482361
3776 0.507422
3777 0.679805
3778 0.520392
3779 0.526135
3780 0.61386
3781 0.553596
3782 0.613364
3783 0.520851
3784 0.54136
3785 0.561489
3786 0.520159
3787 0.505891
3788 0.521693
3789 0.484145
3790 0.607085
3791 0.570229
3792 0.537202
3793 0.490721
3794 0.541964
3795 0.487001
3796 0.535543
3797 0.642979
3798 0.562571
3799 0.519993
3800 0.514999
3801 0.537703
3802 0.547426
3803 0.594908
3804 0.619745
3805 0.518784
3806 0.609802
3807 0.50655
3808 0.56256
3809 0.598423
3810 0.521734
3811 0.521185
3812 0.554029
3813 0.529187
3814 0.499795
3815 0.457598
3816 0.553621
3817 0.49903
3818 0.510815
3819 0.590005
3820 0.49625
3821 0.509905
3822 0.558597
3823 0.463527
3824 0.487879
3825 0.579072
3826 0.557745
3827 0.512902
3828 0.493674
3829 0.490631
3830 0.511231
3831 0.568788
3832 0.526363
3833 0.552652
3834 0.504904
3835 0.495919
3836 0.540849
3837 0.487903
3838 0.528559
3839 0.574749
3840 0.534272
3841 0.527146
3842 0.501383
3843 0.518217
3844 0.474974
3845 0.482195
3846 0.498823
3847 0.481983
3848 0.489083
3849 0.515796
3850 0.485113
3851 0.437919
3852 0.461524
3853 0.521236
3854 0.575732
3855 0.45341
3856 0.666523
3857 0.57759
3858 0.580817
3859 0.560936
3860 0.523303
3861 0.531916
3862 0.464174
3863 0.546045
3864 0.524037
3865 0.502068
3866 0.501222
3867 0.518454
3868 0.463917
3869 0.510983
3870 0.515862
3871 0.501798
3872 0.58439
3873 0.581295
3874 0.517741
3875 0.525419
3876 0.591823
3877 0.498207
3878 0.516644
3879 0.537444
3880 0.576481
3881 0.528987
3882 0.504663
3883 0.598397
3884 0.484414
3885 0.551642
3886 0.473879
3887 0.579792
3888 0.628357
3889 0.475006
3890 0.51667
3891 0.556013
3892 0.529022
3893 0.473536
3894 0.452942
3895 0.538088
3896 0.471512
3897 0.49193
3898 0.58645
3899 0.58368
3900 0.458995
3901 0.461182
3902 0.509658
3903 0.523365
3904 0.490665
3905 0.518808
3906 0.501628
3907 0.454562
3908 0.498176
3909 0.572552
3910 0.556388
3911 0.49457
3912 0.50464
3913 0.493796
3914 0.534812
3915 0.528875
3916 0.482616
3917 0.555108
3918 0.485426
3919 0.482639
3920 0.490243
3921 0.520785
3922 0.516294
3923 0.542091
3924 0.498081
3925 0.500972
3926 0.494363
3927 0.510503
3928 0.511663
3929 0.545568
3930 0.521429
3931 0.512007
3932 0.460853
3933 0.535085
3934 0.532984
3935 0.500592
3936 0.491681
3937 0.495244
3938 0.50098
3939 0.568974
3940 0.484291
3941 0.469141
3942 0.562961
3943 0.587969
3944 0.534722
3945 0.485229
3946 0.475421
3947 0.476906
3948 0.516176
3949 0.517738
3950 0.563179
3951 0.561318
3952 0.502852
3953 0.529063
3954 0.452291
3955 0.474593
3956 0.534518
3957 0.585334
3958 0.487387
3959 0.497032
3960 0.447033
3961 0.497495
3962 0.544806
3963 0.447161
3964 0.474979
3965 0.458682
3966 0.451755
3967 0.46654
3968 0.541004
3969 0.539586
3970 0.489071
3971 0.502845
3972 0.467779
3973 0.483499
3974 0.503286
3975 0.496422
3976 0.486982
3977 0.498828
3978 0.470983
3979 0.460295
3980 0.525721
3981 0.524505
3982 0.501329
3983 0.497692
3984 0.492412
3985 0.45982
3986 0.48821
3987 0.499216
3988 0.447473
3989 0.44001
3990 0.48157
3991 0.474374
3992 0.591821
3993 0.483729
3994 0.505352
3995 0.579859
3996 0.601863
3997 0.535648
3998 0.449972
3999 0.487946
4000 0.454328
4001 0.45254
4002 0.45913
4003 0.520359
4004 0.472501
4005 0.491643
4006 0.48706
4007 0.482099
4008 0.503002
4009 0.483417
4010 0.499485
4011 0.480972
4012 0.488332
4013 0.483687
4014 0.489197
4015 0.525297
4016 0.455394
4017 0.45842
4018 0.535149
4019 0.543429
4020 0.505674
4021 0.447206
4022 0.463816
4023 0.451789
4024 0.439451
4025 0.550094
4026 0.615446
4027 0.521607
4028 0.466898
4029 0.48536
4030 0.442804
4031 0.576644
4032 0.516817
4033 0.51395
4034 0.4832
4035 0.501009
4036 0.581296
4037 0.463147
4038 0.450001
4039 0.49243
4040 0.566221
4041 0.45319
4042 0.544572
4043 0.501565
4044 0.482517
4045 0.493201
4046 0.496367
4047 0.571488
4048 0.557202
4049 0.448424
4050 0.497423
4051 0.449778
4052 0.50104
4053 0.496557
4054 0.497356
4055 0.452476
4056 0.464287
4057 0.467961
4058 0.503867
4059 0.444215
4060 0.473177
4061 0.503459
4062 0.477067
4063 0.491442
4064 0.48889
4065 0.447613
4066 0.538382
4067 0.50345
4068 0.472948
4069 0.444802
4070 0.453792
4071 0.49688
4072 0.509755
4073 0.457215
4074 0.485045
4075 0.480652
4076 0.482503
4077 0.446995
4078 0.449417
4079 0.496072
4080 0.490916
4081 0.458991
4082 0.525824
4083 0.487619
4084 0.427489
4085 0.450131
4086 0.417575
4087 0.511973
4088 0.462969
4089 0.51522
4090 0.479604
4091 0.561624
4092 0.43238
4093 0.455568
4094 0.48046
4095 0.483003
4096 0.555012
4097 0.521338
4098 0.42384
4099 0.494732
4100 0.47158
4101 0.497861
4102 0.449864
4103 0.473098
4104 0.443212
4105 0.508957
4106 0.493091
4107 0.448498
4108 0.548037
4109 0.50496
4110 0.523575
4111 0.501545
4112 0.435459
4113 0.493996
4114 0.509027
4115 0.46374
4116 0.435871
4117 0.453845
4118 0.484876
4119 0.456725
4120 0.507516
4121 0.475536
4122 0.427185
4123 0.445803
4124 0.437409
4125 0.467928
4126 0.555511
4127 0.523029
4128 0.454978
4129 0.502497
4130 0.444714
4131 0.472014
4132 0.422905
4133 0.425
4134 0.475303
4135 0.446101
4136 0.455506
4137 0.468373
4138 0.44238
4139 0.489931
4140 0.471276
4141 0.509464
4142 0.496471
4143 0.499922
4144 0.460597
4145 0.440194
4146 0.528294
4147 0.538842
4148 0.534817
4149 0.489593
4150 0.527495
4151 0.525369
4152 0.475812
4153 0.491157
4154 0.480127
4155 0.50862
4156 0.454135
4157 0.427709
4158 0.464189
4159 0.459075
4160 0.518411
4161 0.440679
4162 0.484961
4163 0.45344
4164 0.447841
4165 0.486913
4166 0.547358
4167 0.479161
4168 0.457294
4169 0.476824
4170 0.450909
4171 0.495541
4172 0.470404
4173 0.433772
4174 0.528474
4175 0.508343
4176 0.511404
4177 0.436092
4178 0.474134
4179 0.476949
4180 0.545247
4181 0.524027
4182 0.421311
4183 0.41035
4184 0.510416
4185 0.464169
4186 0.521344
4187 0.44385
4188 0.57025
4189 0.478405
4190 0.457965
4191 0.541021
4192 0.446036
4193 0.506591
4194 0.497004
4195 0.444449
4196 0.476146
4197 0.474044
4198 0.455157
4199 0.42657
4200 0.446014
4201 0.607224
4202 0.486828
4203 0.508619
4204 0.432171
4205 0.504261
4206 0.532268
4207 0.44479
4208 0.571034
4209 0.482786
4210 0.441624
4211 0.499909
4212 0.508837
4213 0.504793
4214 0.436997
4215 0.453666
4216 0.443587
4217 0.402064
4218 0.451076
4219 0.602793
4220 0.425641
4221 0.450537
4222 0.445609
4223 0.466908
4224 0.524657
4225 0.4619
4226 0.475084
4227 0.484629
4228 0.450767
4229 0.432828
4230 0.460859
4231 0.491214
4232 0.564393
4233 0.476161
4234 0.4579
4235 0.430429
4236 0.417192
4237 0.504557
4238 0.480444
4239 0.482528
4240 0.490492
4241 0.420929
4242 0.46863
4243 0.426252
4244 0.449138
4245 0.471631
4246 0.414816
4247 0.468021
4248 0.440045
4249 0.431409
4250 0.434683
4251 0.507562
4252 0.443551
4253 0.414423
4254 0.444979
4255 0.468818
4256 0.422963
4257 0.453239
4258 0.436013
4259 0.518072
4260 0.482484
4261 0.466368
4262 0.437983
4263 0.430437
4264 0.439099
4265 0.418245
4266 0.458125
4267 0.471448
4268 0.448295
4269 0.475401
4270 0.44135
4271 0.430075
4272 0.454872
4273 0.410108
4274 0.407501
4275 0.442324
4276 0.411958
4277 0.424712
4278 0.410211
4279 0.399965
4280 0.403918
4281 0.411995
4282 0.45042
4283 0.432419
4284 0.382072
4285 0.663376
4286 0.383945
4287 0.500638
4288 0.448824
4289 0.485311
4290 0.454479
4291 0.471042
4292 0.561996
4293 0.478744
4294 0.410726
4295 0.392077
4296 0.435361
4297 0.425433
4298 0.416041
4299 0.438815
4300 0.421796
4301 0.591501
4302 0.481048
4303 0.430025
4304 0.527971
4305 0.467648
4306 0.425351
4307 0.474026
4308 0.422665
4309 0.466622
4310 0.438778
4311 0.487297
4312 0.464065
4313 0.416043
4314 0.432869
4315 0.444443
4316 0.528243
4317 0.469925
4318 0.429357
4319 0.444485
4320 0.442768
4321 0.464346
4322 0.462955
4323 0.419511
4324 0.462004
4325 0.441112
4326 0.500248
4327 0.577599
4328 0.430846
4329 0.395889
4330 0.448565
4331 0.412809
4332 0.487714
4333 0.478964
4334 0.428243
4335 0.434427
4336 0.428149
4337 0.471597
4338 0.527083
4339 0.490007
4340 0.418692
4341 0.429775
4342 0.440596
4343 0.433548
4344 0.431695
4345 0.417147
4346 0.528579
4347 0.434176
4348 0.444516
4349 0.45144
4350 0.493934
4351 0.432174
4352 0.451923
4353 0.437145
4354 0.456676
4355 0.408725
4356 0.441136
4357 0.500087
4358 0.493065
4359 0.493065
4360 0.415541
4361 0.39992
4362 0.470202
4363 0.483703
4364 0.394202
4365 0.431546
4366 0.423862
4367 0.468607
4368 0.417697
4369 0.435831
4370 0.45652
4371 0.505023
4372 0.466549
4373 0.464071
4374 0.400071
4375 0.421494
4376 0.416817
4377 0.417359
4378 0.458679
4379 0.4614
4380 0.427339
4381 0.447457
4382 0.459512
4383 0.392066
4384 0.477399
4385 0.46903
4386 0.465552
4387 0.425727
4388 0.476039
4389 0.465809
4390 0.406205
4391 0.450558
4392 0.412991
4393 0.418167
4394 0.391732
4395 0.402098
4396 0.444194
4397 0.482425
4398 0.448742
4399 0.410004
4400 0.496779
4401 0.424601
4402 0.41089
4403 0.430301
4404 0.412134
4405 0.431228
4406 0.449045
4407 0.389176
4408 0.417517
4409 0.502715
4410 0.434215
4411 0.487142
4412 0.416459
4413 0.40233
4414 0.420548
4415 0.42474
4416 0.46843
4417 0.412636
4418 0.410655
4419 0.475224
4420 0.41712
4421 0.449001
4422 0.425749
4423 0.478462
4424 0.550708
4425 0.472245
4426 0.428606
4427 0.396998
4428 0.415367
4429 0.401265
4430 0.437222
4431 0.396816
4432 0.433876
4433 0.459342
4434 0.459021
4435 0.457199
4436 0.40954
4437 0.442116
4438 0.385454
4439 0.446577
4440 0.451243
4441 0.477484
4442 0.420275
4443 0.412752
4444 0.487999
4445 0.38459
4446 0.434048
4447 0.466356
4448 0.401961
4449 0.438104
4450 0.414516
4451 0.376847
4452 0.395786
4453 0.450436
4454 0.423744
4455 0.494262
4456 0.451731
4457 0.46728
4458 0.407136
4459 0.485864
4460 0.477167
4461 0.378077
4462 0.498321
4463 0.445983
4464 0.432917
4465 0.460207
4466 0.383332
4467 0.461265
4468 0.418741
4469 0.507412
4470 0.431273
4471 0.515594
4472 0.41298
4473 0.417527
4474 0.39234
4475 0.48398
4476 0.460703
4477 0.467382
4478 0.395415
4479 0.443942
4480 0.406907
4481 0.449752
4482 0.466523
4483 0.452107
4484 0.428729
4485 0.40576
4486 0.437478
4487 0.423671
4488 0.405791
4489 0.437104
4490 0.413615
4491 0.443864
4492 0.461677
4493 0.415126
4494 0.52198
4495 0.483372
4496 0.445902
4497 0.48086
4498 0.41828
4499 0.450561
4500 0.488989
4501 0.43966
4502 0.454806
4503 0.443384
4504 0.471124
4505 0.413385
4506 0.420541
4507 0.453118
4508 0.458588
4509 0.410289
4510 0.393065
4511 0.473169
4512 0.391977
4513 0.392044
4514 0.378618
4515 0.369071
4516 0.463753
4517 0.439394
4518 0.490036
4519 0.447819
4520 0.474824
4521 0.38456
4522 0.468335
4523 0.428787
4524 0.455376
4525 0.465602
4526 0.443983
4527 0.3878
4528 0.40633
4529 0.572651
4530 0.408301
4531 0.448301
4532 0.416995
4533 0.456378
4534 0.390869
4535 0.3996
4536 0.427155
4537 0.491287
4538 0.384283
4539 0.50609
4540 0.456184
4541 0.43
4542 0.442353
4543 0.476074
4544 0.43931
4545 0.415755
4546 0.418854
4547 0.449547
4548 0.403288
4549 0.472708
4550 0.422532
4551 0.385905
4552 0.400194
4553 0.434449
4554 0.424292
4555 0.576417
4556 0.457853
4557 0.478091
4558 0.435669
4559 0.446304
4560 0.383263
4561 0.37746
4562 0.397689
4563 0.428858
4564 0.408003
4565 0.38123
4566 0.390184
4567 0.42419
4568 0.389034
4569 0.426161
4570 0.547131
4571 0.439121
4572 0.498441
4573 0.406494
4574 0.375879
4575 0.519574
4576 0.405657
4577 0.45327
4578 0.441774
4579 0.460675
4580 0.420771
4581 0.411702
4582 0.411241
4583 0.467529
4584 0.437039
4585 0.392363
4586 0.378065
4587 0.38776
4588 0.510573
4589 0.362202
4590 0.401472
4591 0.450245
4592 0.40312
4593 0.408822
4594 0.40615
4595 0.542331
4596 0.375008
4597 0.406799
4598 0.446836
4599 0.378646
4600 0.434609
4601 0.427038
4602 0.440282
4603 0.42309
4604 0.445268
4605 0.428742
4606 0.415375
4607 0.459632
4608 0.382194
4609 0.526276
4610 0.43129
4611 0.397442
4612 0.421416
4613 0.385946
4614 0.419351
4615 0.397546
4616 0.425778
4617 0.432708
4618 0.463621
4619 0.456946
4620 0.483367
4621 0.389009
4622 0.469413
4623 0.409068
4624 0.386245
4625 0.435755
4626 0.398099
4627 0.444117
4628 0.36521
4629 0.384396
4630 0.574915
4631 0.447592
4632 0.418919
4633 0.394195
4634 0.529445
4635 0.436168
4636 0.427862
4637 0.489424
4638 0.433146
4639 0.422455
4640 0.462967
4641 0.502491
4642 0.483321
4643 0.406566
4644 0.393874
4645 0.444534
4646 0.39595
4647 0.424026
4648 0.499216
4649 0.435105
4650 0.381611
4651 0.367643
4652 0.390303
4653 0.443152
4654 0.424379
4655 0.431562
4656 0.392122
4657 0.397648
4658 0.396802
4659 0.422315
4660 0.465996
4661 0.556205
4662 0.417873
4663 0.446525
4664 0.36207
4665 0.403933
4666 0.436577
4667 0.40668
4668 0.457296
4669 0.406549
4670 0.401551
4671 0.389185
4672 0.429005
4673 0.404245
4674 0.379478
4675 0.389383
4676 0.441479
4677 0.407623
4678 0.367304
4679 0.373329
4680 0.408908
4681 0.392678
4682 0.388457
4683 0.449385
4684 0.409704
4685 0.372136
4686 0.394639
4687 0.38857
4688 0.477717
4689 0.411751
4690 0.392541
4691 0.357823
4692 0.362436
4693 0.406981
4694 0.3398
4695 0.410692
4696 0.406762
4697 0.336355
4698 0.454691
4699 0.367981
4700 0.388703
4701 0.398859
4702 0.362892
4703 0.379993
4704 0.339111
4705 0.372058
4706 0.362426
4707 0.376199
4708 0.334452
4709 0.333412
4710 0.353496
4711 0.396362
4712 0.347715
4713 0.395672
4714 0.567861
4715 0.440456
4716 0.418613
4717 0.377866
4718 0.390665
4719 0.404367
4720 0.376983
4721 0.384521
4722 0.429154
4723 0.344868
4724 0.356537
4725 0.407756
4726 0.351313
4727 0.362688
4728 0.440894
4729 0.374088
4730 0.47175
4731 0.433368
4732 0.397235
4733 0.405164
4734 0.391778
4735 0.406216
4736 0.436652
4737 0.381238
4738 0.371984
4739 0.405657
4740 0.443621
4741 0.353747
4742 0.453288
4743 0.357198
4744 0.439693
4745 0.463634
4746 0.394495
4747 0.436441
4748 0.385385
4749 0.426044
4750 0.39999
4751 0.370651
4752 0.373814
4753 0.379069
4754 0.479304
4755 0.409157
4756 0.513353
4757 0.350815
4758 0.389131
4759 0.382891
4760 0.397188
4761 0.398844
4762 0.439022
4763 0.388622
4764 0.383731
4765 0.376728
4766 0.399464
4767 0.434079
4768 0.397546
4769 0.412836
4770 0.357791
4771 0.359744
4772 0.38277
4773 0.37643
4774 0.3838
4775 0.415893
4776 0.451451
4777 0.352639
4778 0.424547
4779 0.360139
4780 0.39125
4781 0.387297
4782 0.371256
4783 0.421256
4784 0.38744
4785 0.383055
4786 0.431317
4787 0.377189
4788 0.421938
4789 0.343572
4790 0.359626
4791 0.406558
4792 0.406588
4793 0.354502
4794 0.350519
4795 0.39481
4796 0.422673
4797 0.390057
4798 0.364705
4799 0.462811
4800 0.418112
4801 0.444388
4802 0.366706
4803 0.401941
4804 0.379678
4805 0.381993
4806 0.391236
4807 0.410548
4808 0.407309
4809 0.416488
4810 0.408741
4811 0.361297
4812 0.37404
4813 0.444563
4814 0.405089
4815 0.424407
4816 0.40486
4817 0.399268
4818 0.383397
4819 0.407863
4820 0.37776
4821 0.360462
4822 0.395721
4823 0.36736
4824 0.381219
4825 0.443843
4826 0.398125
4827 0.416042
4828 0.415771
4829 0.378388
4830 0.366252
4831 0.409917
4832 0.369542
4833 0.402207
4834 0.451216
4835 0.377907
4836 0.360206
4837 0.370696
4838 0.434159
4839 0.434011
4840 0.378105
4841 0.380965
4842 0.347466
4843 0.366273
4844 0.378423
4845 0.375961
4846 0.356132
4847 0.421927
4848 0.385011
4849 0.450964
4850 0.36489
4851 0.346009
4852 0.426558
4853 0.377448
4854 0.390942
4855 0.336361
4856 0.356303
4857 0.377637
4858 0.35115
4859 0.367293
4860 0.372914
4861 0.394752
4862 0.356817
4863 0.48026
4864 0.359701
4865 0.335983
4866 0.37974
4867 0.350657
4868 0.384782
4869 0.374874
4870 0.373684
4871 0.364173
4872 0.341761
4873 0.395167
4874 0.386976
4875 0.373338
4876 0.487777
4877 0.389991
4878 0.39435
4879 0.342624
4880 0.402023
4881 0.366731
4882 0.402402
4883 0.46463
4884 0.420651
4885 0.370034
4886 0.434391
4887 0.337552
4888 0.437635
4889 0.419563
4890 0.365044
4891 0.390262
4892 0.37763
4893 0.439982
4894 0.389695
4895 0.34543
4896 0.383014
4897 0.372003
4898 0.463783
4899 0.33876
4900 0.433327
4901 0.388972
4902 0.364262
4903 0.352073
4904 0.424388
4905 0.395804
4906 0.380297
4907 0.41156
4908 0.390397
4909 0.367308
4910 0.382437
4911 0.459402
4912 0.365297
4913 0.343283
4914 0.40319
4915 0.359255
4916 0.370233
4917 0.350471
4918 0.377736
4919 0.373511
4920 0.396507
4921 0.420032
4922 0.366769
4923 0.436904
4924 0.38957
4925 0.365672
4926 0.40274
4927 0.35957
4928 0.376711
4929 0.403808
4930 0.402292
4931 0.348282
4932 0.363155
4933 0.370824
4934 0.337653
4935 0.356365
4936 0.394248
4937 0.369924
4938 0.385375
4939 0.361512
4940 0.352574
4941 0.337533
4942 0.385625
4943 0.328733
4944 0.347787
4945 0.433794
4946 0.371278
4947 0.411285
4948 0.374098
4949 0.347508
4950 0.373713
4951 0.445489
4952 0.384509
4953 0.457842
4954 0.370503
4955 0.338006
4956 0.348861
4957 0.356553
4958 0.455935
4959 0.398245
4960 0.347347
4961 0.380658
4962 0.343118
4963 0.321185
4964 0.377586
4965 0.445802
4966 0.433289
4967 0.366799
4968 0.468689
4969 0.388822
4970 0.356199
4971 0.401714
4972 0.3898
4973 0.344201
4974 0.323572
4975 0.379934
4976 0.391114
4977 0.3792
4978 0.419679
4979 0.374403
4980 0.365661
4981 0.350171
4982 0.42318
4983 0.431901
4984 0.516847
4985 0.383846
4986 0.388936
4987 0.453146
4988 0.359778
4989 0.351041
4990 0.322316
4991 0.404278
4992 0.351313
4993 0.376729
4994 0.343827
4995 0.360455
4996 0.373404
4997 0.384258
4998 0.422256
4999 0.417554
5000 0.370531
