0 4.98222
1 49.2013
2 19.6889
3 15.7596
4 21.8273
5 17.7228
6 15.7703
7 116.637
8 43.1753
9 32.5397
10 89.5958
11 28.7294
12 30.4788
13 198.438
14 56.0217
15 30.9807
16 44.8245
17 39.5553
18 27.9622
19 57.1306
20 23.098
21 24.9163
22 22.3152
23 22.4352
24 22.0218
25 21.9758
26 21.7877
27 21.7181
28 21.6143
29 21.9223
30 22.0488
31 21.8508
32 21.7087
33 21.45
34 21.6209
35 21.646
36 21.3083
37 21.3225
38 21.2997
39 21.6524
40 22.0345
41 21.7106
42 21.5349
43 21.3851
44 21.3672
45 21.375
46 21.3512
47 21.3491
48 21.3285
49 21.1801
50 21.2328
51 21.3124
52 21.3935
53 21.3428
54 21.6441
55 21.2433
56 21.3412
57 21.3516
58 21.2007
59 21.0774
60 20.9486
61 20.9834
62 20.9586
63 20.8777
64 21.0176
65 21.1435
66 21.021
67 20.9186
68 21.1039
69 20.9282
70 20.8806
71 20.8827
72 20.778
73 20.7209
74 20.5719
75 20.8629
76 20.836
77 20.4972
78 20.7085
79 20.6784
80 20.5202
81 20.4052
82 20.4542
83 20.5863
84 20.8044
85 20.5348
86 20.6872
87 20.3961
88 20.2811
89 20.5789
90 20.603
91 20.3259
92 20.2104
93 20.085
94 20.1328
95 19.9393
96 19.9723
97 20.1149
98 20.1061
99 20.5273
100 19.9408
101 20.375
102 20.1867
103 19.9521
104 20.0423
105 19.8082
106 19.7919
107 19.9535
108 20.0193
109 19.7892
110 19.9271
111 19.5497
112 19.5218
113 19.8021
114 19.6133
115 19.8071
116 19.6894
117 20.0698
118 20.9125
119 19.6675
120 19.5912
121 19.6874
122 19.5238
123 19.6603
124 19.7794
125 19.6658
126 19.6237
127 19.606
128 20.8432
129 19.631
130 19.3044
131 19.3403
132 19.7255
133 19.7549
134 19.546
135 19.4813
136 19.5436
137 19.5501
138 19.7308
139 19.4012
140 19.3622
141 19.5558
142 19.5712
143 19.4362
144 19.3541
145 19.5171
146 19.2594
147 19.3255
148 19.2069
149 19.0831
150 19.2103
151 19.0197
152 18.8763
153 18.9727
154 19.1143
155 19.5702
156 19.2169
157 19.0993
158 18.9729
159 18.8237
160 18.8732
161 18.797
162 18.7328
163 18.6285
164 18.7862
165 18.8133
166 18.6682
167 18.9637
168 18.8987
169 18.9588
170 19.2849
171 18.8591
172 18.7119
173 18.7908
174 18.5451
175 18.6366
176 18.4823
177 18.5367
178 18.4622
179 18.8123
180 18.2578
181 18.3388
182 18.4455
183 18.2876
184 18.5076
185 18.3084
186 18.272
187 18.3342
188 18.519
189 18.3771
190 18.1968
191 18.2137
192 18.193
193 18.3821
194 18.3609
195 18.3514
196 18.2182
197 18.0201
198 18.115
199 18.1579
200 18.2859
201 18.1516
202 18.1392
203 18.0098
204 18.0319
205 18.173
206 18.1447
207 17.89
208 18.1726
209 17.8528
210 17.8995
211 18.0758
212 18.1755
213 18.0843
214 18.5824
215 18.1838
216 18.0977
217 17.971
218 17.7667
219 17.6885
220 17.7051
221 17.8004
222 17.6957
223 17.6016
224 17.6098
225 17.4143
226 17.4953
227 17.4716
228 17.3859
229 17.6366
230 17.6766
231 17.7734
232 17.9111
233 18.0206
234 17.6669
235 17.5839
236 17.6974
237 17.7672
238 17.4632
239 17.5666
240 17.5143
241 17.4883
242 17.5677
243 17.6727
244 17.2504
245 17.3378
246 17.2534
247 17.2082
248 17.3499
249 17.1287
250 17.3274
251 17.3481
252 17.6036
253 17.4487
254 17.4242
255 18.0592
256 17.381
257 17.1424
258 17.2731
259 17.2663
260 17.5125
261 17.2642
262 17.4683
263 17.1571
264 17.0004
265 17.0945
266 17.0189
267 17.2264
268 17.2313
269 17.0908
270 17.0567
271 17.2155
272 17.0754
273 17.1274
274 16.8892
275 16.8945
276 16.9923
277 17.0379
278 16.8963
279 17.0145
280 16.9014
281 17.1606
282 16.9857
283 17.0051
284 17.0595
285 17.0675
286 16.7646
287 16.7342
288 16.8266
289 16.9022
290 16.8469
291 16.9506
292 17.0642
293 16.8206
294 16.673
295 16.7043
296 16.9925
297 16.6487
298 16.5527
299 16.4916
300 16.5111
301 16.6567
302 16.5795
303 16.5771
304 16.7049
305 17.0058
306 16.7177
307 16.6658
308 16.6109
309 16.4709
310 16.4733
311 16.4752
312 16.5209
313 16.47
314 16.4009
315 16.3764
316 16.4984
317 16.4937
318 16.4187
319 16.5041
320 16.3431
321 16.4875
322 16.614
323 16.7965
324 16.3379
325 16.2904
326 16.3537
327 16.5932
328 16.1422
329 16.3905
330 16.4124
331 16.345
332 16.31
333 16.2402
334 16.2097
335 16.3783
336 16.2536
337 15.9573
338 16.198
339 16.0561
340 16.0398
341 16.0679
342 16.1319
343 16.4177
344 16.138
345 16.1205
346 15.9779
347 16.336
348 16.1957
349 16.0517
350 16.3829
351 16.2667
352 15.9537
353 16.0436
354 16.3286
355 15.999
356 16.0132
357 16.1278
358 15.9038
359 15.7763
360 15.8165
361 15.7154
362 15.8023
363 15.8347
364 15.7959
365 15.6622
366 15.8694
367 15.8982
368 15.875
369 15.716
370 15.6683
371 15.5363
372 15.8245
373 15.8143
374 16.0589
375 15.7006
376 15.7246
377 15.4821
378 15.4906
379 15.7004
380 15.5656
381 15.6912
382 15.5654
383 15.509
384 15.5127
385 15.4576
386 15.553
387 15.5703
388 15.3911
389 15.6829
390 15.5935
391 15.4506
392 15.4354
393 15.5089
394 15.438
395 15.3629
396 15.4499
397 15.3878
398 15.2084
399 15.2312
400 15.3939
401 15.2963
402 15.3998
403 15.3232
404 15.2504
405 15.3101
406 15.2123
407 15.2035
408 15.3542
409 15.3685
410 15.1627
411 15.4098
412 15.1907
413 15.0178
414 15.0978
415 14.9368
416 14.9217
417 15.0302
418 15.0823
419 14.9664
420 15.1048
421 14.8777
422 14.8579
423 15.2942
424 19.2347
425 16.3054
426 15.8837
427 15.9118
428 15.7665
429 15.5663
430 15.2289
431 15.2993
432 15.1724
433 15.2789
434 15.3056
435 15.1642
436 15.0137
437 15.0184
438 15.2475
439 15.1647
440 15.0648
441 15.0481
442 14.9338
443 15.1054
444 15.0437
445 14.8981
446 15.2056
447 14.8825
448 15.0273
449 15.0518
450 14.874
451 14.8587
452 14.8165
453 15.0596
454 14.8226
455 14.9108
456 14.8047
457 15.1279
458 14.9759
459 14.8664
460 14.8107
461 14.6601
462 14.8487
463 14.725
464 14.762
465 14.7292
466 14.7835
467 14.5488
468 14.541
469 14.8233
470 14.6176
471 14.5703
472 14.5747
473 14.7766
474 14.3741
475 14.5023
476 14.4192
477 14.5507
478 14.4127
479 14.5189
480 14.7615
481 14.555
482 14.5095
483 14.6256
484 14.4683
485 14.6879
486 14.5942
487 14.4617
488 14.5719
489 14.4659
490 14.3527
491 14.7435
492 14.4422
493 14.3769
494 14.3204
495 14.2672
496 14.4973
497 14.3251
498 14.3878
499 14.4765
500 14.7461
501 14.658
502 14.2778
503 14.41
504 14.5451
505 14.502
506 14.1764
507 14.2321
508 14.2984
509 14.1492
510 14.1625
511 14.091
512 14.131
513 14.1953
514 14.3567
515 14.178
516 14.1233
517 14.084
518 14.0465
519 14.0862
520 14.1255
521 14.006
522 14.2027
523 14.0553
524 14.0436
525 13.9189
526 14.1305
527 14.1367
528 14.1394
529 13.8882
530 13.8435
531 13.8257
532 13.888
533 13.8819
534 13.9284
535 13.8794
536 13.7838
537 13.7859
538 14.0429
539 14.011
540 13.9572
541 13.8415
542 13.8964
543 13.6968
544 13.7846
545 13.8175
546 14.213
547 14.0568
548 13.7451
549 13.6433
550 13.9427
551 13.9058
552 13.8155
553 13.8131
554 13.7092
555 13.6845
556 13.72
557 13.8303
558 13.7223
559 13.5001
560 13.5094
561 13.6254
562 13.8173
563 13.6832
564 13.4549
565 13.8211
566 13.7024
567 13.6663
568 13.5572
569 13.498
570 13.767
571 13.3896
572 13.5003
573 13.4655
574 13.388
575 13.5031
576 13.571
577 13.3806
578 13.4752
579 13.4653
580 13.493
581 13.5416
582 13.6054
583 13.625
584 13.532
585 13.4169
586 13.4449
587 13.3621
588 13.2173
589 13.3365
590 13.2677
591 13.4209
592 13.3355
593 13.2234
594 13.2231
595 13.4873
596 13.3993
597 13.3313
598 13.426
599 13.3968
600 13.1742
601 13.4223
602 13.2038
603 13.1808
604 13.2414
605 13.2611
606 13.2025
607 13.0726
608 12.9441
609 13.1721
610 13.0988
611 13.1982
612 13.0686
613 13.1595
614 13.0817
615 13.1473
616 13.186
617 13.1503
618 13.0818
619 13.0335
620 13.1145
621 12.985
622 13.0138
623 13.1644
624 13.0236
625 13.0952
626 12.8801
627 12.9622
628 12.9282
629 13.0236
630 12.977
631 13.0009
632 12.9638
633 12.9349
634 13.0992
635 12.866
636 12.8105
637 13.0574
638 12.9617
639 13.0359
640 12.9009
641 12.9146
642 13.0375
643 12.8729
644 12.6997
645 12.7555
646 12.7867
647 12.7308
648 12.6173
649 12.6311
650 12.7712
651 12.6659
652 12.6532
653 12.7141
654 12.5704
655 12.6606
656 12.563
657 12.4485
658 12.7319
659 12.5581
660 12.7161
661 12.7067
662 12.5884
663 12.5925
664 12.6179
665 12.52
666 12.6002
667 12.4105
668 12.4822
669 12.4216
670 12.4966
671 12.6042
672 12.4975
673 12.4426
674 12.6339
675 12.4426
676 12.3907
677 12.4654
678 12.3298
679 12.5794
680 12.4345
681 12.7252
682 12.794
683 12.4766
684 12.4771
685 12.4497
686 12.3242
687 12.2424
688 12.3872
689 12.3344
690 12.32
691 12.442
692 12.2948
693 12.1543
694 12.2353
695 12.3561
696 12.5075
697 12.5719
698 12.3048
699 12.3208
700 12.2693
701 12.2703
702 12.1851
703 12.1223
704 12.2378
705 12.304
706 12.1807
707 12.1469
708 12.1388
709 12.1907
710 12.2466
711 12.1085
712 12.2685
713 12.3036
714 12.1287
715 12.0623
716 12.2428
717 12.1463
718 12.0676
719 12.1527
720 12.2643
721 12.3175
722 12.013
723 12.0026
724 12.1633
725 12.2478
726 11.9911
727 11.9882
728 11.9021
729 11.888
730 11.9116
731 11.8353
732 11.9562
733 11.8981
734 12.0391
735 11.9717
736 11.9928
737 11.835
738 11.8446
739 11.7857
740 12.0053
741 11.9939
742 11.9621
743 11.8427
744 11.8197
745 11.9305
746 11.8644
747 11.8284
748 11.9
749 11.834
750 11.7914
751 12.0121
752 11.803
753 11.6322
754 11.735
755 11.8065
756 11.7602
757 11.6636
758 11.9073
759 11.7536
760 11.6962
761 11.7964
762 11.7059
763 11.6056
764 11.6819
765 11.6566
766 11.5905
767 11.6859
768 11.5972
769 11.6625
770 11.4562
771 11.7462
772 11.9052
773 11.6304
774 11.6227
775 11.4993
776 11.8645
777 11.6931
778 11.4711
779 11.7347
780 11.6216
781 11.4877
782 11.6474
783 11.8075
784 11.723
785 11.4804
786 11.4967
787 11.4474
788 11.4131
789 11.4629
790 11.4369
791 11.3526
792 11.3845
793 11.3618
794 11.3512
795 11.4914
796 11.611
797 11.4705
798 11.4367
799 11.3717
800 11.377
801 11.4972
802 11.5035
803 11.6832
804 11.3917
805 11.2452
806 11.2336
807 11.326
808 11.393
809 11.2846
810 11.3262
811 11.2863
812 11.276
813 11.2136
814 11.2352
815 11.2149
816 11.227
817 11.2129
818 11.3353
819 11.2029
820 11.1329
821 11.2498
822 11.1552
823 11.1305
824 11.059
825 11.2189
826 11.2381
827 11.1319
828 11.0922
829 11.0911
830 11.2281
831 11.1369
832 11.0993
833 11.1074
834 11.0158
835 11.0286
836 10.973
837 11.0941
838 11.0099
839 10.9789
840 11.1585
841 10.9716
842 10.9113
843 11.049
844 10.888
845 10.8493
846 10.8868
847 10.8967
848 10.8231
849 10.9888
850 10.7628
851 10.7957
852 11.0417
853 10.8774
854 10.8544
855 10.8053
856 11.1594
857 10.957
858 10.9686
859 10.9717
860 10.8686
861 10.8182
862 10.8761
863 10.9853
864 10.9324
865 10.8746
866 10.773
867 10.8696
868 11.0367
869 10.7871
870 10.7533
871 10.907
872 10.9285
873 10.8326
874 10.8449
875 10.8575
876 10.7881
877 10.8979
878 10.7981
879 10.9236
880 10.6952
881 10.8271
882 10.7792
883 10.7136
884 10.8947
885 10.6965
886 11.2399
887 11.0166
888 10.6751
889 10.7177
890 10.7437
891 10.6726
892 10.8049
893 10.6693
894 10.7556
895 10.607
896 10.6541
897 10.5783
898 11.0021
899 10.6088
900 10.538
901 10.5934
902 10.7085
903 10.5575
904 10.631
905 10.526
906 10.5633
907 10.4761
908 10.6429
909 10.6401
910 10.6405
911 10.5148
912 10.5773
913 10.4696
914 10.6262
915 10.616
916 10.6426
917 10.5463
918 10.4909
919 10.5843
920 10.7155
921 10.5136
922 10.4037
923 10.465
924 10.4032
925 10.4921
926 10.3652
927 10.5209
928 10.5519
929 10.5045
930 10.5424
931 10.3309
932 10.5433
933 10.5795
934 10.5034
935 10.2404
936 10.4558
937 10.3302
938 10.3121
939 10.2971
940 10.3081
941 10.4791
942 10.4991
943 10.3779
944 10.2594
945 10.2286
946 10.2697
947 10.2531
948 10.3399
949 10.3958
950 10.3718
951 10.2977
952 10.3424
953 10.1479
954 10.2315
955 10.3435
956 10.2917
957 10.345
958 10.2616
959 10.1351
960 10.1093
961 10.1625
962 10.1859
963 10.1958
964 10.1218
965 10.0563
966 10.1973
967 10.2213
968 10.1643
969 10.1491
970 10.067
971 10.0555
972 10.0384
973 10.0786
974 10.1535
975 10.1718
976 10.086
977 10.0382
978 9.99081
979 10.1409
980 10.1985
981 10.2161
982 10.1763
983 10.115
984 9.97375
985 10.1027
986 10.0463
987 10.0412
988 9.9382
989 9.96515
990 10.0697
991 10.2303
992 9.96258
993 9.96021
994 10.2938
995 10.0446
996 9.99078
997 9.88633
998 10.031
999 10.004
1000 9.82877
1001 9.97623
1002 9.94635
1003 9.89356
1004 9.94187
1005 10.0178
1006 9.88125
1007 9.91789
1008 9.81182
1009 9.86872
1010 10.0113
1011 9.92923
1012 10.0956
1013 9.87555
1014 9.79934
1015 9.90464
1016 9.81262
1017 9.83194
1018 9.91931
1019 9.82617
1020 9.71957
1021 9.70701
1022 9.77961
1023 9.76605
1024 9.92822
1025 9.89172
1026 9.86248
1027 9.99631
1028 9.95259
1029 9.72986
1030 9.97265
1031 9.74351
1032 9.69589
1033 9.67986
1034 9.82273
1035 9.72896
1036 9.60563
1037 9.62962
1038 9.81056
1039 9.72936
1040 9.66515
1041 9.77111
1042 9.74615
1043 9.57752
1044 9.56862
1045 9.71479
1046 9.70064
1047 9.67524
1048 9.58657
1049 9.57401
1050 9.64454
1051 9.64345
1052 9.66993
1053 9.70201
1054 9.64
1055 9.53895
1056 9.63409
1057 9.59506
1058 9.65916
1059 9.53615
1060 9.52589
1061 9.66495
1062 9.62515
1063 9.62434
1064 9.47441
1065 9.67052
1066 9.68801
1067 9.58944
1068 9.62835
1069 9.57217
1070 9.58726
1071 9.60181
1072 9.41989
1073 9.38708
1074 9.46593
1075 9.53899
1076 9.40364
1077 9.35199
1078 9.4614
1079 9.42813
1080 9.3933
1081 9.32958
1082 9.50984
1083 9.27699
1084 9.38664
1085 9.30261
1086 9.25945
1087 9.45194
1088 9.33751
1089 9.48719
1090 9.37237
1091 9.30367
1092 9.37682
1093 9.3345
1094 9.30872
1095 9.41701
1096 9.2631
1097 9.28383
1098 9.29381
1099 9.45515
1100 9.47298
1101 9.31285
1102 9.23311
1103 9.30003
1104 9.14174
1105 9.25634
1106 9.24911
1107 9.316
1108 9.28134
1109 9.30909
1110 9.44007
1111 9.37363
1112 9.24885
1113 9.37673
1114 9.1433
1115 9.21725
1116 9.11654
1117 9.16028
1118 9.14548
1119 9.23852
1120 9.18604
1121 9.10202
1122 9.11939
1123 9.10369
1124 9.15657
1125 9.35601
1126 9.2818
1127 9.19857
1128 9.15452
1129 9.18593
1130 9.15489
1131 9.11355
1132 9.02891
1133 9.16672
1134 9.07876
1135 9.09805
1136 9.08272
1137 9.04617
1138 9.1478
1139 9.03392
1140 9.24687
1141 9.09056
1142 9.17895
1143 9.01114
1144 9.07537
1145 9.02747
1146 9.04632
1147 9.09768
1148 9.01847
1149 9.03333
1150 9.12285
1151 8.99668
1152 8.98241
1153 9.04175
1154 9.03787
1155 8.9745
1156 8.90428
1157 8.87423
1158 8.97201
1159 8.95991
1160 8.84026
1161 8.92413
1162 8.85515
1163 8.91102
1164 8.96521
1165 8.9304
1166 8.84144
1167 8.81666
1168 8.87768
1169 8.938
1170 8.99278
1171 8.92081
1172 8.82473
1173 8.97595
1174 8.94061
1175 8.8492
1176 8.94608
1177 8.89738
1178 8.85654
1179 8.90117
1180 8.95165
1181 8.73103
1182 8.74643
1183 8.80519
1184 8.76332
1185 8.84164
1186 8.73067
1187 8.90202
1188 8.74928
1189 8.88072
1190 8.85403
1191 8.70142
1192 8.82577
1193 8.68729
1194 8.74777
1195 8.79365
1196 8.70641
1197 8.76483
1198 8.64039
1199 8.60106
1200 8.94156
1201 8.81434
1202 8.82844
1203 8.6168
1204 8.7185
1205 8.81707
1206 8.76483
1207 8.75895
1208 8.91541
1209 8.6543
1210 8.68572
1211 8.70432
1212 8.86314
1213 8.66208
1214 8.6064
1215 8.60469
1216 8.55811
1217 8.59379
1218 8.53069
1219 8.5894
1220 8.606
1221 8.50288
1222 8.66662
1223 8.46237
1224 8.59062
1225 8.64902
1226 8.53666
1227 8.52866
1228 8.53396
1229 8.53535
1230 8.63766
1231 8.75613
1232 8.56989
1233 8.55555
1234 8.46085
1235 8.37718
1236 8.67752
1237 8.56658
1238 8.46037
1239 8.49686
1240 8.58289
1241 8.40296
1242 8.40002
1243 8.50638
1244 8.45012
1245 8.36754
1246 8.40405
1247 8.52131
1248 8.38287
1249 8.41728
1250 8.4186
1251 8.43155
1252 8.32488
1253 8.42268
1254 8.36942
1255 8.3533
1256 8.30638
1257 8.35525
1258 8.35205
1259 8.37918
1260 8.34449
1261 8.28424
1262 8.31523
1263 8.27216
1264 8.2559
1265 8.43558
1266 8.32759
1267 8.3295
1268 8.489
1269 8.36281
1270 8.21357
1271 8.26491
1272 8.21132
1273 8.21747
1274 8.2405
1275 8.19979
1276 8.20637
1277 8.18508
1278 8.1989
1279 8.13365
1280 8.17623
1281 8.26716
1282 8.2329
1283 8.10175
1284 8.45949
1285 8.0871
1286 8.23294
1287 8.26786
1288 8.24744
1289 8.16152
1290 8.18758
1291 8.29928
1292 8.20195
1293 8.19828
1294 8.13237
1295 8.16429
1296 8.10291
1297 8.12989
1298 8.05867
1299 8.18666
1300 8.24292
1301 8.20112
1302 8.12379
1303 8.10235
1304 8.0955
1305 8.11737
1306 8.18093
1307 8.18337
1308 8.23721
1309 8.00316
1310 8.07671
1311 8.1788
1312 7.99221
1313 8.08712
1314 8.16021
1315 8.39538
1316 8.32264
1317 8.01359
1318 8.04858
1319 8.05316
1320 8.10122
1321 8.09307
1322 7.94453
1323 7.99328
1324 7.96931
1325 8.04278
1326 8.03181
1327 7.97036
1328 7.87589
1329 7.83233
1330 8.02038
1331 8.04747
1332 7.92467
1333 7.94002
1334 7.96018
1335 7.90166
1336 7.8695
1337 7.99692
1338 8.10886
1339 7.99207
1340 7.90878
1341 7.96308
1342 7.84981
1343 8.02623
1344 7.95199
1345 8.08487
1346 7.91218
1347 7.88224
1348 8.00586
1349 7.9423
1350 7.85947
1351 7.85687
1352 7.82443
1353 7.88072
1354 7.91532
1355 7.83151
1356 7.93567
1357 7.95223
1358 7.99706
1359 7.92914
1360 7.90407
1361 7.93191
1362 8.08397
1363 7.8644
1364 7.74583
1365 7.84375
1366 7.83781
1367 7.89023
1368 7.79152
1369 7.83539
1370 7.90243
1371 7.84063
1372 7.87219
1373 7.73058
1374 7.73594
1375 7.76468
1376 7.72203
1377 7.78043
1378 7.76729
1379 7.812
1380 7.79673
1381 7.89294
1382 7.79195
1383 7.70641
1384 7.81725
1385 7.77492
1386 7.80094
1387 7.73202
1388 7.68719
1389 7.57501
1390 7.713
1391 7.64419
1392 7.70174
1393 7.63724
1394 7.59865
1395 7.70228
1396 7.71404
1397 7.65383
1398 7.71311
1399 7.67945
1400 7.51874
1401 7.56972
1402 7.57281
1403 7.66722
1404 7.70684
1405 7.56701
1406 7.48847
1407 7.53848
1408 7.68882
1409 7.60195
1410 7.63677
1411 7.58591
1412 7.50955
1413 7.56649
1414 7.5338
1415 7.56942
1416 7.52703
1417 7.47081
1418 7.56735
1419 7.54638
1420 7.70725
1421 7.47309
1422 7.62963
1423 7.98921
1424 7.68602
1425 7.53702
1426 7.41849
1427 7.44786
1428 7.4945
1429 7.49745
1430 7.43636
1431 7.48125
1432 7.53562
1433 7.47486
1434 7.52769
1435 7.45367
1436 7.52399
1437 7.38292
1438 7.4452
1439 7.5697
1440 7.55794
1441 7.40725
1442 7.31731
1443 7.47022
1444 7.42223
1445 7.33567
1446 7.45538
1447 7.33676
1448 7.43956
1449 7.35252
1450 7.31506
1451 7.33077
1452 7.39517
1453 7.50077
1454 7.49852
1455 7.68078
1456 7.4758
1457 7.41757
1458 7.40449
1459 7.70226
1460 7.41155
1461 7.39143
1462 7.40774
1463 7.33619
1464 7.31889
1465 7.25679
1466 7.36592
1467 7.35445
1468 7.37639
1469 7.30224
1470 7.35842
1471 7.24785
1472 7.18298
1473 7.26986
1474 7.36602
1475 7.32819
1476 7.26247
1477 7.17353
1478 7.27639
1479 7.34829
1480 7.31792
1481 7.254
1482 7.26499
1483 7.26058
1484 7.12893
1485 7.17541
1486 7.2427
1487 7.13716
1488 7.16246
1489 7.12344
1490 7.25934
1491 7.29033
1492 7.38146
1493 7.23032
1494 7.34227
1495 7.2005
1496 7.15514
1497 7.16519
1498 7.22932
1499 7.18703
1500 7.26845
1501 7.11262
1502 7.1243
1503 7.25972
1504 7.13619
1505 7.07156
1506 7.08737
1507 7.17022
1508 7.0962
1509 7.043
1510 7.12019
1511 7.07314
1512 7.02204
1513 7.06409
1514 7.05184
1515 7.09205
1516 7.08816
1517 7.09364
1518 7.18064
1519 7.15446
1520 7.00521
1521 7.03689
1522 7.10263
1523 6.96165
1524 7.09321
1525 7.00753
1526 6.94833
1527 6.9227
1528 7.0591
1529 7.06503
1530 6.91083
1531 7.0667
1532 6.95972
1533 6.90966
1534 7.02241
1535 6.96828
1536 7.0038
1537 6.95821
1538 7.14127
1539 7.08681
1540 7.04114
1541 7.17042
1542 7.02337
1543 6.89179
1544 6.89763
1545 6.88635
1546 6.90299
1547 6.95482
1548 6.91019
1549 6.94935
1550 6.82715
1551 6.85596
1552 6.79805
1553 6.96977
1554 7.12735
1555 6.99297
1556 6.91604
1557 6.95779
1558 6.82424
1559 6.88479
1560 6.88438
1561 6.85496
1562 6.84978
1563 6.85371
1564 6.85892
1565 6.83904
1566 6.74365
1567 6.86607
1568 6.85864
1569 6.90686
1570 6.95892
1571 6.93155
1572 6.75267
1573 6.78141
1574 6.81789
1575 6.87871
1576 6.7961
1577 6.9037
1578 6.93167
1579 6.86692
1580 6.76819
1581 6.85592
1582 6.96817
1583 6.78133
1584 6.76368
1585 6.65488
1586 6.78162
1587 6.77912
1588 6.72196
1589 6.69013
1590 6.72108
1591 6.67581
1592 6.66436
1593 6.72434
1594 6.73428
1595 6.60821
1596 6.70216
1597 6.77078
1598 6.76909
1599 6.78045
1600 6.66798
1601 6.63012
1602 6.77352
1603 6.69087
1604 6.69492
1605 6.68107
1606 6.79704
1607 6.66343
1608 6.812
1609 6.75257
1610 6.57756
1611 6.6048
1612 6.63296
1613 6.6477
1614 6.67544
1615 6.63241
1616 6.73669
1617 6.64361
1618 6.77521
1619 6.68456
1620 6.54126
1621 6.67277
1622 6.61386
1623 6.49017
1624 6.65672
1625 6.69182
1626 6.63431
1627 6.54438
1628 6.53825
1629 6.85837
1630 6.61717
1631 6.65374
1632 6.51721
1633 6.70033
1634 6.68141
1635 6.54949
1636 6.72173
1637 6.56408
1638 6.50019
1639 6.59149
1640 6.6886
1641 6.55652
1642 6.53893
1643 6.54286
1644 6.49854
1645 6.41754
1646 6.44798
1647 6.61526
1648 6.45031
1649 6.52793
1650 6.44071
1651 6.46381
1652 6.45443
1653 6.4746
1654 6.51852
1655 6.47278
1656 6.46502
1657 6.47259
1658 6.45043
1659 6.45157
1660 6.69036
1661 6.46605
1662 6.43295
1663 6.36827
1664 6.41307
1665 6.52058
1666 6.47791
1667 6.46046
1668 6.49422
1669 6.40349
1670 6.3954
1671 6.35693
1672 6.39299
1673 6.38047
1674 6.33825
1675 6.42206
1676 6.43901
1677 6.36225
1678 6.39688
1679 6.35162
1680 6.44527
1681 6.32931
1682 6.32424
1683 6.31793
1684 6.26171
1685 6.3531
1686 6.42877
1687 6.284
1688 6.35806
1689 6.49809
1690 6.35575
1691 6.30656
1692 6.31863
1693 6.21615
1694 6.31681
1695 6.29995
1696 6.3281
1697 6.4308
1698 6.24966
1699 6.23215
1700 6.29828
1701 6.1801
1702 6.19297
1703 6.27961
1704 6.25364
1705 6.16492
1706 6.20891
1707 6.14095
1708 6.14639
1709 6.17546
1710 6.29772
1711 6.21032
1712 6.15187
1713 6.49095
1714 6.32551
1715 6.28623
1716 6.24174
1717 6.25948
1718 6.18135
1719 6.23795
1720 6.27632
1721 6.31364
1722 6.14126
1723 6.22773
1724 6.21414
1725 6.11875
1726 6.20442
1727 6.18274
1728 6.16391
1729 6.30019
1730 6.28692
1731 6.19478
1732 6.20817
1733 6.12569
1734 6.12312
1735 6.17297
1736 6.18616
1737 6.14745
1738 6.13978
1739 6.23439
1740 6.19739
1741 6.19474
1742 6.08312
1743 6.3623
1744 6.2221
1745 6.12971
1746 6.1306
1747 6.14372
1748 6.10315
1749 6.13467
1750 6.20188
1751 6.00573
1752 6.11651
1753 6.06081
1754 6.1648
1755 6.41288
1756 6.10901
1757 6.0077
1758 6.0037
1759 6.14516
1760 6.05172
1761 6.1189
1762 5.95683
1763 6.0751
1764 5.9845
1765 6.00757
1766 6.09118
1767 6.1353
1768 6.04512
1769 6.04469
1770 5.98399
1771 6.04561
1772 6.03035
1773 6.1949
1774 6.22279
1775 6.07088
1776 6.14515
1777 6.05127
1778 6.02564
1779 5.97612
1780 5.99016
1781 5.98768
1782 6.09858
1783 6.01465
1784 6.04883
1785 5.96394
1786 6.08439
1787 6.12001
1788 5.98733
1789 6.01994
1790 6.10663
1791 6.02411
1792 5.88998
1793 5.95757
1794 5.99733
1795 5.97442
1796 6.0027
1797 5.93782
1798 6.07432
1799 6.04569
1800 5.99695
1801 5.99882
1802 5.89694
1803 5.88245
1804 5.92471
1805 5.89538
1806 5.91486
1807 5.87173
1808 5.91251
1809 5.89308
1810 5.93582
1811 5.87932
1812 5.91182
1813 5.98865
1814 6.10884
1815 5.90565
1816 5.88737
1817 5.81893
1818 5.82565
1819 5.90201
1820 5.87696
1821 5.79584
1822 5.80992
1823 5.79324
1824 5.85105
1825 5.83245
1826 5.94032
1827 5.90483
1828 5.86215
1829 5.74587
1830 5.85816
1831 5.86046
1832 5.82644
1833 5.94674
1834 5.85979
1835 5.7718
1836 5.82333
1837 6.00526
1838 5.81064
1839 5.81936
1840 5.81227
1841 5.70269
1842 5.74953
1843 5.80849
1844 5.83212
1845 5.69648
1846 5.72475
1847 5.78686
1848 5.7669
1849 5.87567
1850 5.70071
1851 5.96238
1852 5.90345
1853 5.86431
1854 5.76786
1855 5.66823
1856 5.76331
1857 5.71556
1858 5.72762
1859 5.66553
1860 5.73275
1861 5.72106
1862 5.77182
1863 5.7147
1864 5.73312
1865 5.69898
1866 5.6645
1867 5.80832
1868 5.84736
1869 5.99382
1870 5.80686
1871 5.77888
1872 5.76512
1873 5.68566
1874 5.70589
1875 5.69701
1876 5.68261
1877 5.73268
1878 5.62778
1879 5.62145
1880 5.58821
1881 5.84894
1882 5.71376
1883 5.75265
1884 5.81123
1885 5.67315
1886 5.57067
1887 5.63099
1888 5.78974
1889 5.63637
1890 5.6908
1891 5.64652
1892 5.64341
1893 5.62964
1894 5.54088
1895 5.64182
1896 5.63326
1897 5.7019
1898 5.61381
1899 5.68056
1900 5.52986
1901 5.55953
1902 5.54577
1903 5.70991
1904 5.6006
1905 5.59156
1906 5.61387
1907 5.57375
1908 5.62825
1909 5.61724
1910 5.65423
1911 5.56804
1912 5.51
1913 5.50777
1914 5.53184
1915 5.57375
1916 5.52845
1917 5.52303
1918 5.55659
1919 5.59043
1920 5.60467
1921 5.50043
1922 5.61509
1923 5.66708
1924 5.56696
1925 5.56379
1926 5.52127
1927 5.59373
1928 5.60005
1929 5.53165
1930 5.48671
1931 5.44908
1932 5.52575
1933 5.44015
1934 5.43169
1935 5.43343
1936 5.56206
1937 5.42503
1938 5.39908
1939 5.47701
1940 5.37971
1941 5.43351
1942 5.45259
1943 5.40094
1944 5.46901
1945 5.46407
1946 5.5168
1947 5.51106
1948 5.56843
1949 5.35697
1950 5.57572
1951 5.39402
1952 5.50266
1953 5.41363
1954 5.4236
1955 5.37341
1956 5.40063
1957 5.53212
1958 5.40603
1959 5.33207
1960 5.46521
1961 5.3025
1962 5.37239
1963 5.39058
1964 5.40763
1965 5.4896
1966 5.43776
1967 5.55552
1968 5.43462
1969 5.39809
1970 5.44235
1971 5.41511
1972 5.36351
1973 5.29466
1974 5.26622
1975 5.4412
1976 5.32494
1977 5.37847
1978 5.37649
1979 5.27515
1980 5.33744
1981 5.37533
1982 5.42053
1983 5.37844
1984 5.42727
1985 5.42395
1986 5.28809
1987 5.41059
1988 5.28208
1989 5.24342
1990 5.29413
1991 5.32444
1992 5.23633
1993 5.28893
1994 5.22589
1995 5.26182
1996 5.37396
1997 5.25498
1998 5.40841
1999 5.44097
2000 5.31358
2001 5.21896
2002 5.23313
2003 5.32126
2004 5.35139
2005 5.29158
2006 5.28005
2007 5.50872
2008 5.22955
2009 5.26049
2010 5.29143
2011 5.32247
2012 5.24319
2013 5.24426
2014 5.19306
2015 5.22776
2016 5.2857
2017 5.13516
2018 5.19379
2019 5.19744
2020 5.26927
2021 5.23533
2022 5.20379
2023 5.24597
2024 5.16027
2025 5.15913
2026 5.25057
2027 5.14779
2028 5.2477
2029 5.15341
2030 5.22836
2031 5.28336
2032 5.16866
2033 5.20813
2034 5.25591
2035 5.16774
2036 5.18818
2037 5.28904
2038 5.18565
2039 5.09018
2040 5.1608
2041 5.11559
2042 5.15109
2043 5.14549
2044 5.23648
2045 5.12908
2046 5.13284
2047 5.308
2048 5.20046
2049 5.08073
2050 5.22051
2051 5.14858
2052 5.07092
2053 5.12227
2054 5.0699
2055 5.04504
2056 5.07913
2057 5.18097
2058 5.26708
2059 5.0746
2060 5.1436
2061 5.02452
2062 5.35245
2063 5.15225
2064 5.04914
2065 5.15237
2066 5.00564
2067 5.09746
2068 5.28188
2069 5.23102
2070 5.24355
2071 5.09773
2072 5.07484
2073 5.05033
2074 5.01087
2075 5.09457
2076 5.19758
2077 5.00941
2078 4.98539
2079 5.0164
2080 5.01413
2081 5.10819
2082 5.07109
2083 5.09574
2084 4.99703
2085 4.9962
2086 4.97707
2087 5.06462
2088 5.08867
2089 5.17581
2090 4.98843
2091 4.99113
2092 4.90645
2093 5.00993
2094 5.13679
2095 4.96287
2096 5.04398
2097 5.09866
2098 4.96743
2099 4.99234
2100 4.95091
2101 4.94567
2102 4.94067
2103 4.90051
2104 4.97385
2105 4.95405
2106 4.92289
2107 4.92266
2108 4.95479
2109 4.92333
2110 4.86071
2111 5.00423
2112 4.94511
2113 4.90173
2114 4.91326
2115 4.88969
2116 5.01789
2117 4.88504
2118 4.92687
2119 4.88974
2120 4.8533
2121 4.8631
2122 4.87542
2123 4.94612
2124 4.8747
2125 4.85169
2126 5.03103
2127 4.9083
2128 4.85487
2129 4.86516
2130 4.80694
2131 4.78484
2132 4.88501
2133 4.85431
2134 4.77934
2135 4.89866
2136 4.74435
2137 4.73778
2138 4.82906
2139 4.87417
2140 4.76008
2141 4.82004
2142 5.00814
2143 4.8729
2144 4.93277
2145 4.89974
2146 4.83867
2147 4.87427
2148 4.84297
2149 4.88944
2150 4.86874
2151 4.75349
2152 4.77724
2153 4.85742
2154 4.82788
2155 4.75697
2156 4.84841
2157 4.8063
2158 4.91173
2159 4.7902
2160 4.80316
2161 4.84482
2162 4.72356
2163 4.85045
2164 4.81935
2165 4.80443
2166 4.78613
2167 4.75045
2168 4.83713
2169 4.72806
2170 4.9014
2171 4.77485
2172 5.02823
2173 5.02498
2174 4.72432
2175 4.78277
2176 4.81898
2177 4.72004
2178 4.76435
2179 4.76143
2180 4.71825
2181 4.65639
2182 4.75042
2183 4.67118
2184 4.99792
2185 4.78955
2186 4.65804
2187 4.67401
2188 4.74795
2189 4.7883
2190 4.81981
2191 4.69302
2192 4.67791
2193 4.72678
2194 4.78785
2195 4.73869
2196 4.7386
2197 4.67595
2198 4.70635
2199 4.64646
2200 4.66818
2201 4.69022
2202 4.85261
2203 4.72137
2204 4.72966
2205 4.78045
2206 4.70428
2207 4.72827
2208 4.63705
2209 4.67346
2210 4.60849
2211 4.72069
2212 4.66338
2213 4.72147
2214 4.67893
2215 4.63107
2216 4.71819
2217 4.5684
2218 4.71224
2219 4.78108
2220 4.62333
2221 4.56533
2222 4.6209
2223 4.61284
2224 4.75279
2225 4.68171
2226 4.58187
2227 4.73951
2228 4.74641
2229 4.62943
2230 4.67738
2231 4.55509
2232 4.581
2233 4.60657
2234 4.62543
2235 4.5555
2236 4.61034
2237 4.64868
2238 4.66046
2239 4.54171
2240 4.59549
2241 4.62402
2242 4.61566
2243 4.63479
2244 4.58839
2245 4.52902
2246 4.51757
2247 4.54969
2248 4.57699
2249 4.60356
2250 4.52983
2251 4.51464
2252 4.48109
2253 4.55162
2254 4.5836
2255 4.51075
2256 4.56283
2257 4.56974
2258 4.48594
2259 4.55058
2260 4.51065
2261 4.64628
2262 4.52512
2263 4.48883
2264 4.49916
2265 4.60393
2266 4.61191
2267 4.54
2268 4.52779
2269 4.45266
2270 4.48307
2271 4.44156
2272 4.48157
2273 4.53675
2274 4.40367
2275 4.42875
2276 4.43879
2277 4.59286
2278 4.49209
2279 4.47627
2280 4.565
2281 4.55569
2282 4.49038
2283 4.38384
2284 4.54214
2285 4.4533
2286 4.41513
2287 4.45819
2288 4.52832
2289 4.45325
2290 4.40076
2291 4.50895
2292 4.43872
2293 4.43762
2294 4.38195
2295 4.4331
2296 4.59036
2297 4.41742
2298 4.48647
2299 4.4334
2300 4.42396
2301 4.37955
2302 4.37959
2303 4.41833
2304 4.51027
2305 4.48782
2306 4.36501
2307 4.39151
2308 4.37293
2309 4.34495
2310 4.46509
2311 4.58669
2312 4.42246
2313 4.49708
2314 4.49613
2315 4.41345
2316 4.41612
2317 4.45539
2318 4.40014
2319 4.3771
2320 4.45232
2321 4.4149
2322 4.31757
2323 4.31846
2324 4.38603
2325 4.3172
2326 4.43913
2327 4.31868
2328 4.41337
2329 4.27728
2330 4.32908
2331 4.38845
2332 4.42535
2333 4.39337
2334 4.35055
2335 4.28921
2336 4.34088
2337 4.38774
2338 4.35512
2339 4.40226
2340 4.276
2341 4.25382
2342 4.28453
2343 4.3337
2344 4.31844
2345 4.33741
2346 4.29162
2347 4.30511
2348 4.46782
2349 4.34887
2350 4.25301
2351 4.42237
2352 4.4602
2353 4.29503
2354 4.36645
2355 4.32623
2356 4.36459
2357 4.38369
2358 4.29036
2359 4.26997
2360 4.31815
2361 4.2766
2362 4.23349
2363 4.21502
2364 4.29003
2365 4.2895
2366 4.29581
2367 4.26189
2368 4.27633
2369 4.20661
2370 4.2269
2371 4.1828
2372 4.17079
2373 4.29982
2374 4.22822
2375 4.31748
2376 4.26766
2377 4.23188
2378 4.30103
2379 4.255
2380 4.22393
2381 4.34139
2382 4.24549
2383 4.21984
2384 4.16154
2385 4.21096
2386 4.31487
2387 4.17662
2388 4.16396
2389 4.21682
2390 4.0995
2391 4.16328
2392 4.25848
2393 4.25241
2394 4.20301
2395 4.18401
2396 4.42254
2397 4.19107
2398 4.28781
2399 4.35443
2400 4.1529
2401 4.17861
2402 4.09691
2403 4.19172
2404 4.16756
2405 4.18934
2406 4.15175
2407 4.13905
2408 4.11913
2409 4.08979
2410 4.17402
2411 4.39044
2412 4.24526
2413 4.12862
2414 4.16634
2415 4.20641
2416 4.10015
2417 4.04224
2418 4.11241
2419 4.17982
2420 4.11534
2421 4.1041
2422 4.16219
2423 4.08359
2424 4.14971
2425 4.10532
2426 4.2294
2427 4.20679
2428 4.29044
2429 4.13148
2430 4.09589
2431 4.14467
2432 4.16538
2433 4.17959
2434 4.09495
2435 4.1086
2436 4.25236
2437 4.08205
2438 4.14106
2439 4.14542
2440 4.12745
2441 4.14425
2442 4.02194
2443 4.05297
2444 4.07783
2445 4.04789
2446 4.04075
2447 4.1256
2448 4.10024
2449 4.07678
2450 4.06277
2451 4.19592
2452 3.97334
2453 3.97823
2454 4.08646
2455 4.02432
2456 4.07159
2457 4.06569
2458 3.97882
2459 4.07301
2460 4.08917
2461 4.06262
2462 4.10569
2463 4.03749
2464 4.0917
2465 4.12546
2466 4.17232
2467 3.98173
2468 3.94182
2469 4.09422
2470 4.03459
2471 4.0581
2472 3.92741
2473 4.17815
2474 4.00043
2475 4.03878
2476 4.11233
2477 4.03689
2478 4.13367
2479 3.98524
2480 4.00208
2481 3.99959
2482 3.97951
2483 3.9755
2484 3.9695
2485 3.918
2486 4.10322
2487 4.11066
2488 4.0568
2489 3.91792
2490 3.95363
2491 4.11353
2492 4.02341
2493 3.96271
2494 4.11238
2495 3.99725
2496 3.99817
2497 4.01992
2498 4.01696
2499 4.08576
2500 3.90534
2501 3.99343
2502 3.93608
2503 3.94211
2504 4.0204
2505 3.94592
2506 3.93889
2507 3.90807
2508 4.00674
2509 3.90802
2510 3.929
2511 4.0629
2512 3.92378
2513 3.92877
2514 3.91534
2515 3.92582
2516 4.02537
2517 4.01124
2518 4.03454
2519 3.92627
2520 3.87858
2521 3.83417
2522 4.02675
2523 3.96821
2524 3.91641
2525 3.91904
2526 3.94737
2527 3.85127
2528 3.85579
2529 3.87139
2530 3.96461
2531 3.8392
2532 3.86812
2533 3.92969
2534 3.88437
2535 3.90674
2536 3.92045
2537 3.83512
2538 3.83647
2539 3.92109
2540 3.89416
2541 3.84636
2542 3.8125
2543 3.90553
2544 3.84297
2545 3.87517
2546 3.85145
2547 3.81623
2548 3.84718
2549 3.78669
2550 3.8114
2551 3.89371
2552 3.89331
2553 3.91467
2554 3.8587
2555 3.90105
2556 3.82898
2557 3.82118
2558 3.76933
2559 3.77451
2560 3.80431
2561 3.79913
2562 3.76255
2563 3.75316
2564 3.81177
2565 3.71612
2566 3.74854
2567 3.7913
2568 3.96949
2569 3.71905
2570 3.93761
2571 3.78647
2572 3.78149
2573 3.87955
2574 3.81963
2575 3.77864
2576 3.84145
2577 3.83388
2578 3.81046
2579 3.82589
2580 3.79054
2581 3.76696
2582 3.76125
2583 3.77661
2584 3.7514
2585 3.78423
2586 3.83961
2587 3.92073
2588 3.79865
2589 3.7914
2590 3.76961
2591 3.73275
2592 3.75226
2593 3.71971
2594 3.84095
2595 3.74418
2596 3.71939
2597 3.81527
2598 3.73947
2599 3.80925
2600 3.74736
2601 3.96078
2602 3.92807
2603 3.6844
2604 3.7648
2605 3.73487
2606 3.74261
2607 3.75104
2608 3.66946
2609 3.71652
2610 3.67298
2611 3.74325
2612 3.79079
2613 3.72328
2614 3.67971
2615 3.67768
2616 3.69966
2617 3.71028
2618 3.73589
2619 3.73923
2620 3.68446
2621 3.64266
2622 3.69258
2623 3.77731
2624 3.77375
2625 3.74066
2626 3.66312
2627 3.63561
2628 3.68532
2629 3.71051
2630 3.73397
2631 3.8284
2632 3.67784
2633 3.71061
2634 3.72461
2635 3.74955
2636 3.6346
2637 3.64504
2638 3.68527
2639 3.69349
2640 3.71576
2641 3.71025
2642 3.69676
2643 3.68247
2644 3.78517
2645 3.698
2646 3.66394
2647 3.71053
2648 3.8388
2649 3.63297
2650 3.5894
2651 3.69878
2652 3.69024
2653 3.73248
2654 3.63246
2655 3.61539
2656 3.7298
2657 3.66953
2658 3.73317
2659 3.57729
2660 3.59651
2661 3.64295
2662 3.58435
2663 3.68746
2664 3.6508
2665 3.61569
2666 3.64196
2667 3.672
2668 3.5596
2669 3.6903
2670 3.66569
2671 3.75178
2672 3.63181
2673 3.66545
2674 3.57607
2675 3.59524
2676 3.64471
2677 3.65858
2678 3.62956
2679 3.57388
2680 3.61442
2681 3.54607
2682 3.62028
2683 3.61456
2684 3.65477
2685 3.5975
2686 3.55858
2687 3.55931
2688 3.55868
2689 3.62926
2690 3.59752
2691 3.54368
2692 3.54809
2693 3.61698
2694 3.66216
2695 3.66022
2696 3.58714
2697 3.5311
2698 3.5456
2699 3.53549
2700 3.5127
2701 3.60605
2702 3.58205
2703 3.48188
2704 3.54295
2705 3.4853
2706 3.56523
2707 3.52468
2708 3.70117
2709 3.69644
2710 3.52012
2711 3.51736
2712 3.4928
2713 3.54432
2714 3.479
2715 3.57357
2716 3.46555
2717 3.49127
2718 3.52723
2719 3.51816
2720 3.56877
2721 3.52275
2722 3.59124
2723 3.49979
2724 3.50423
2725 3.66037
2726 3.59712
2727 3.49812
2728 3.46159
2729 3.5837
2730 3.50336
2731 3.47927
2732 3.49291
2733 3.51115
2734 3.57006
2735 3.45476
2736 3.4821
2737 3.45696
2738 3.52183
2739 3.60745
2740 3.60488
2741 3.62745
2742 3.52424
2743 3.52413
2744 3.47273
2745 3.76772
2746 3.45459
2747 3.5189
2748 3.45463
2749 3.52895
2750 3.58315
2751 3.43721
2752 3.43675
2753 3.46892
2754 3.46435
2755 3.44417
2756 3.50457
2757 3.42777
2758 3.47389
2759 3.52404
2760 3.47256
2761 3.59533
2762 3.49289
2763 3.46443
2764 3.41515
2765 3.4822
2766 3.50345
2767 3.55052
2768 3.44161
2769 3.46656
2770 3.36375
2771 3.45075
2772 3.44767
2773 3.4531
2774 3.43879
2775 3.39384
2776 3.46841
2777 3.51932
2778 3.43177
2779 3.46094
2780 3.56429
2781 3.4981
2782 3.45273
2783 3.45973
2784 3.4391
2785 3.46505
2786 3.48807
2787 3.37799
2788 3.3643
2789 3.44901
2790 3.34678
2791 3.33246
2792 3.37807
2793 3.43216
2794 3.42478
2795 3.32686
2796 3.37789
2797 3.30253
2798 3.31897
2799 3.37507
2800 3.34171
2801 3.38069
2802 3.38591
2803 3.42774
2804 3.41253
2805 3.44995
2806 3.34007
2807 3.44636
2808 3.41213
2809 3.34565
2810 3.40554
2811 3.40408
2812 3.2818
2813 3.34741
2814 3.37919
2815 3.35955
2816 3.30746
2817 3.35178
2818 3.3197
2819 3.27187
2820 3.36453
2821 3.31903
2822 3.39977
2823 3.37274
2824 3.4324
2825 3.41236
2826 3.33081
2827 3.43006
2828 3.37875
2829 3.30692
2830 3.26649
2831 3.30125
2832 3.33475
2833 3.29052
2834 3.39179
2835 3.39071
2836 3.25439
2837 3.29761
2838 3.2613
2839 3.36658
2840 3.51184
2841 3.44073
2842 3.35819
2843 3.29381
2844 3.30372
2845 3.36335
2846 3.31267
2847 3.3308
2848 3.29595
2849 3.28067
2850 3.24807
2851 3.26632
2852 3.2663
2853 3.29136
2854 3.28273
2855 3.41572
2856 3.32846
2857 3.3826
2858 3.28309
2859 3.26169
2860 3.28558
2861 3.34738
2862 3.27727
2863 3.26542
2864 3.3102
2865 3.33407
2866 3.25059
2867 3.30185
2868 3.34317
2869 3.27354
2870 3.24275
2871 3.19738
2872 3.24914
2873 3.25136
2874 3.28617
2875 3.22647
2876 3.28317
2877 3.27897
2878 3.28135
2879 3.25164
2880 3.27107
2881 3.16299
2882 3.20485
2883 3.28355
2884 3.25183
2885 3.29523
2886 3.19841
2887 3.22367
2888 3.31758
2889 3.25376
2890 3.30576
2891 3.22397
2892 3.34018
2893 3.20289
2894 3.35326
2895 3.22533
2896 3.20187
2897 3.24131
2898 3.18492
2899 3.20511
2900 3.35951
2901 3.18972
2902 3.37338
2903 3.30038
2904 3.34036
2905 3.20982
2906 3.18307
2907 3.27233
2908 3.26386
2909 3.12604
2910 3.25063
2911 3.19892
2912 3.16781
2913 3.14466
2914 3.15388
2915 3.38492
2916 3.26556
2917 3.21315
2918 3.16782
2919 3.29935
2920 3.18723
2921 3.23763
2922 3.31287
2923 3.15306
2924 3.12472
2925 3.18596
2926 3.2139
2927 3.18511
2928 3.16128
2929 3.15656
2930 3.16555
2931 3.09254
2932 3.1644
2933 3.26322
2934 3.12504
2935 3.18561
2936 3.12729
2937 3.19335
2938 3.1876
2939 3.13362
2940 3.20098
2941 3.17114
2942 3.17861
2943 3.11774
2944 3.16951
2945 3.18224
2946 3.31057
2947 3.15335
2948 3.16325
2949 3.04234
2950 3.11627
2951 3.22514
2952 3.22154
2953 3.19498
2954 3.17144
2955 3.11328
2956 3.10288
2957 3.09331
2958 3.09803
2959 3.12232
2960 3.05474
2961 3.1718
2962 3.09294
2963 3.07772
2964 3.08993
2965 3.07111
2966 3.11284
2967 3.05038
2968 3.08693
2969 3.03809
2970 3.00885
2971 3.07913
2972 3.11026
2973 3.06254
2974 3.09279
2975 3.15618
2976 3.10226
2977 3.05021
2978 3.05894
2979 3.01027
2980 3.08795
2981 3.06154
2982 3.10861
2983 3.18204
2984 3.04376
2985 3.04877
2986 3.03859
2987 3.00856
2988 3.04458
2989 3.02994
2990 3.00416
2991 3.01301
2992 3.1067
2993 2.98907
2994 2.95032
2995 2.96638
2996 3.10323
2997 3.04277
2998 3.01619
2999 3.31461
3000 2.94661
3001 3.15535
3002 3.08902
3003 3.075
3004 2.9869
3005 3.06671
3006 3.0431
3007 3.08034
3008 2.9944
3009 2.99562
3010 3.02806
3011 3.00505
3012 3.01669
3013 3.0052
3014 2.96258
3015 3.10157
3016 3.03331
3017 3.03698
3018 3.07858
3019 3.02197
3020 2.99706
3021 3.03198
3022 3.05899
3023 3.02549
3024 3.02601
3025 3.11485
3026 3.04146
3027 3.0364
3028 2.98776
3029 3.06856
3030 3.10359
3031 3.0111
3032 2.9863
3033 2.98457
3034 2.9924
3035 3.00552
3036 3.01592
3037 2.90836
3038 2.95605
3039 2.93406
3040 2.99886
3041 3.2423
3042 3.13718
3043 3.05066
3044 2.92993
3045 2.9809
3046 2.95134
3047 2.95734
3048 2.93642
3049 3.00391
3050 2.88479
3051 2.92185
3052 3.00632
3053 2.98928
3054 2.9555
3055 2.98226
3056 2.91218
3057 2.96368
3058 2.99919
3059 3.02242
3060 3.00599
3061 2.96336
3062 2.9969
3063 3.01206
3064 2.99676
3065 2.93534
3066 2.92452
3067 2.95159
3068 2.9932
3069 2.94961
3070 2.93456
3071 2.99301
3072 2.97136
3073 2.96577
3074 2.93468
3075 3.0305
3076 2.9476
3077 2.98126
3078 2.87157
3079 2.90267
3080 2.90321
3081 2.91006
3082 2.96108
3083 2.91447
3084 2.99566
3085 2.97708
3086 2.91122
3087 2.92803
3088 2.85785
3089 2.85162
3090 2.88636
3091 2.90268
3092 2.96256
3093 2.94126
3094 2.93017
3095 2.84882
3096 2.96195
3097 2.87499
3098 2.96713
3099 2.93811
3100 3.13378
3101 2.90404
3102 2.8757
3103 2.9142
3104 2.84006
3105 2.88579
3106 2.83343
3107 2.84051
3108 2.82845
3109 2.83673
3110 3.05118
3111 2.95227
3112 2.90991
3113 2.88979
3114 2.87179
3115 2.79243
3116 2.83844
3117 2.88348
3118 2.83589
3119 2.92652
3120 2.85029
3121 2.80233
3122 2.90413
3123 2.98378
3124 2.89773
3125 2.89761
3126 2.87712
3127 2.77926
3128 2.79975
3129 2.86679
3130 2.86874
3131 2.81876
3132 2.82767
3133 2.84123
3134 2.84774
3135 2.9409
3136 2.82071
3137 2.87355
3138 2.91137
3139 2.86461
3140 2.78117
3141 2.79518
3142 2.84233
3143 2.81313
3144 2.84409
3145 2.80298
3146 2.83658
3147 2.8515
3148 2.89717
3149 2.80088
3150 2.81637
3151 2.82915
3152 2.77035
3153 2.92298
3154 2.83532
3155 2.86415
3156 2.81014
3157 2.73012
3158 2.85093
3159 2.82236
3160 2.74881
3161 2.80992
3162 2.81693
3163 2.8567
3164 2.77553
3165 2.79755
3166 2.77095
3167 2.90774
3168 2.84794
3169 2.86326
3170 2.83339
3171 2.83578
3172 2.73574
3173 2.88223
3174 2.89056
3175 2.80884
3176 2.84355
3177 2.78542
3178 2.82667
3179 2.82291
3180 2.73924
3181 2.77467
3182 2.75457
3183 2.77568
3184 2.77106
3185 2.83576
3186 2.80956
3187 2.74084
3188 2.76143
3189 2.81876
3190 2.8702
3191 2.77259
3192 2.75008
3193 2.70926
3194 2.75525
3195 2.7827
3196 2.7618
3197 2.74056
3198 2.74427
3199 2.78521
3200 2.77805
3201 2.80894
3202 2.71587
3203 2.72736
3204 2.7459
3205 2.84745
3206 2.86645
3207 2.71553
3208 2.77315
3209 2.81827
3210 2.68636
3211 2.71999
3212 2.71707
3213 2.74865
3214 2.75971
3215 2.79953
3216 2.6825
3217 2.68166
3218 2.76518
3219 2.68488
3220 2.73117
3221 2.72716
3222 2.76974
3223 2.7013
3224 2.70936
3225 2.72725
3226 2.64869
3227 2.69356
3228 2.70849
3229 2.65483
3230 2.79586
3231 2.70854
3232 2.76872
3233 2.74539
3234 2.7616
3235 2.6573
3236 2.72365
3237 2.69441
3238 2.87632
3239 2.66145
3240 2.70022
3241 2.61542
3242 2.67596
3243 2.82433
3244 2.69749
3245 2.67337
3246 2.75458
3247 2.64334
3248 2.68601
3249 2.70715
3250 2.66163
3251 2.81343
3252 2.63714
3253 2.89478
3254 2.76077
3255 2.6907
3256 2.70002
3257 2.74334
3258 2.64252
3259 2.63093
3260 2.67098
3261 2.69523
3262 2.65006
3263 2.69846
3264 2.6894
3265 2.64973
3266 2.63332
3267 2.65712
3268 2.81118
3269 2.77994
3270 2.62753
3271 2.7256
3272 2.65798
3273 2.61524
3274 2.62161
3275 2.59714
3276 2.63085
3277 2.6602
3278 2.67653
3279 2.62524
3280 2.61109
3281 2.63542
3282 2.64726
3283 2.59526
3284 2.78744
3285 2.67695
3286 2.72775
3287 2.63656
3288 2.63252
3289 2.72383
3290 2.63266
3291 2.69523
3292 2.67256
3293 2.75549
3294 2.62418
3295 2.60956
3296 2.60582
3297 2.67487
3298 2.64929
3299 2.59982
3300 2.55858
3301 2.5695
3302 2.68916
3303 2.5906
3304 2.60272
3305 2.65084
3306 2.64478
3307 2.64457
3308 2.7207
3309 2.64429
3310 2.55023
3311 2.56567
3312 2.64982
3313 2.64761
3314 2.65062
3315 2.57537
3316 2.68515
3317 2.663
3318 2.59002
3319 2.62038
3320 2.62225
3321 2.62395
3322 2.57812
3323 2.67545
3324 2.5947
3325 2.54505
3326 2.60205
3327 2.56727
3328 2.57508
3329 2.62252
3330 2.6265
3331 2.60611
3332 2.56305
3333 2.66685
3334 2.56993
3335 2.54906
3336 2.61885
3337 2.59442
3338 2.55401
3339 2.55364
3340 2.555
3341 2.51755
3342 2.50464
3343 2.5756
3344 2.78721
3345 2.55242
3346 2.65191
3347 2.50816
3348 2.68478
3349 2.60423
3350 2.52632
3351 2.72512
3352 2.57696
3353 2.53689
3354 2.67315
3355 2.64139
3356 2.6289
3357 2.52206
3358 2.59251
3359 2.48704
3360 2.50682
3361 2.54051
3362 2.64014
3363 2.53625
3364 2.50955
3365 2.52078
3366 2.57266
3367 2.56251
3368 2.59732
3369 2.62502
3370 2.49685
3371 2.5532
3372 2.49325
3373 2.57512
3374 2.50944
3375 2.67502
3376 2.53037
3377 2.55757
3378 2.5299
3379 2.53938
3380 2.67598
3381 2.57611
3382 2.55707
3383 2.52484
3384 2.49042
3385 2.5386
3386 2.4886
3387 2.49416
3388 2.52422
3389 2.51721
3390 2.60122
3391 2.47203
3392 2.47436
3393 2.55575
3394 2.49552
3395 2.48581
3396 2.44703
3397 2.5393
3398 2.47011
3399 2.46512
3400 2.49346
3401 2.48925
3402 2.51898
3403 2.52464
3404 2.4615
3405 2.43769
3406 2.44608
3407 2.48976
3408 2.45873
3409 2.52699
3410 2.49057
3411 2.48975
3412 2.52491
3413 2.50316
3414 2.4451
3415 2.50365
3416 2.4154
3417 2.43995
3418 2.41445
3419 2.46604
3420 2.39572
3421 2.51926
3422 2.39513
3423 2.3936
3424 2.4292
3425 2.52461
3426 2.39891
3427 2.42682
3428 2.6492
3429 2.50243
3430 2.52244
3431 2.47785
3432 2.45902
3433 2.44548
3434 2.46898
3435 2.48671
3436 2.43825
3437 2.41202
3438 2.44719
3439 2.44362
3440 2.46479
3441 2.41824
3442 2.45533
3443 2.4317
3444 2.53506
3445 2.48187
3446 2.44913
3447 2.46649
3448 2.40595
3449 2.47254
3450 2.41626
3451 2.40449
3452 2.4318
3453 2.42422
3454 2.46671
3455 2.41385
3456 2.54655
3457 2.40052
3458 2.55385
3459 2.53422
3460 2.39596
3461 2.40169
3462 2.42539
3463 2.44059
3464 2.41963
3465 2.43463
3466 2.43434
3467 2.36767
3468 2.40674
3469 2.40027
3470 2.58207
3471 2.47044
3472 2.40878
3473 2.38465
3474 2.462
3475 2.39932
3476 2.37174
3477 2.34397
3478 2.39574
3479 2.34523
3480 2.43499
3481 2.45785
3482 2.41177
3483 2.39143
3484 2.40317
3485 2.35806
3486 2.36619
3487 2.37238
3488 2.50469
3489 2.50531
3490 2.41876
3491 2.42483
3492 2.46616
3493 2.40768
3494 2.38603
3495 2.40593
3496 2.33243
3497 2.49305
3498 2.40447
3499 2.47109
3500 2.40813
3501 2.35458
3502 2.53298
3503 2.33922
3504 2.40804
3505 2.43803
3506 2.43207
3507 2.29324
3508 2.39608
3509 2.4161
3510 2.45012
3511 2.34307
3512 2.36303
3513 2.45041
3514 2.36473
3515 2.39845
3516 2.31733
3517 2.31356
3518 2.3139
3519 2.39659
3520 2.37296
3521 2.35665
3522 2.3902
3523 2.38155
3524 2.37744
3525 2.33868
3526 2.40317
3527 2.46545
3528 2.3688
3529 2.47944
3530 2.38303
3531 2.35293
3532 2.35468
3533 2.35216
3534 2.33945
3535 2.35209
3536 2.3776
3537 2.29373
3538 2.33642
3539 2.3401
3540 2.37925
3541 2.43802
3542 2.32852
3543 2.37937
3544 2.3138
3545 2.30642
3546 2.34972
3547 2.31576
3548 2.42497
3549 2.30231
3550 2.34248
3551 2.45255
3552 2.48996
3553 2.33775
3554 2.35592
3555 2.29629
3556 2.29976
3557 2.31252
3558 2.2848
3559 2.36186
3560 2.255
3561 2.27929
3562 2.27705
3563 2.36384
3564 2.30841
3565 2.29126
3566 2.41482
3567 2.35345
3568 2.25794
3569 2.28144
3570 2.32333
3571 2.33218
3572 2.24849
3573 2.32382
3574 2.27059
3575 2.3076
3576 2.29969
3577 2.41627
3578 2.3141
3579 2.35652
3580 2.26722
3581 2.29545
3582 2.33604
3583 2.27323
3584 2.33983
3585 2.2721
3586 2.29711
3587 2.32818
3588 2.28739
3589 2.25033
3590 2.44376
3591 2.34695
3592 2.27077
3593 2.22138
3594 2.23771
3595 2.26296
3596 2.34506
3597 2.41631
3598 2.30605
3599 2.29359
3600 2.36592
3601 2.22784
3602 2.44364
3603 2.26795
3604 2.25151
3605 2.26982
3606 2.33841
3607 2.32164
3608 2.24073
3609 2.20632
3610 2.2327
3611 2.25742
3612 2.27082
3613 2.25746
3614 2.45758
3615 2.24906
3616 2.26019
3617 2.26846
3618 2.36126
3619 2.39218
3620 2.27712
3621 2.22768
3622 2.3033
3623 2.26889
3624 2.25668
3625 2.29594
3626 2.22682
3627 2.17685
3628 2.2707
3629 2.23403
3630 2.27015
3631 2.28971
3632 2.22135
3633 2.25535
3634 2.30761
3635 2.32091
3636 2.19195
3637 2.30462
3638 2.31063
3639 2.241
3640 2.2476
3641 2.22206
3642 2.2676
3643 2.35583
3644 2.25752
3645 2.22937
3646 2.27157
3647 2.24921
3648 2.24271
3649 2.18031
3650 2.21432
3651 2.26561
3652 2.23179
3653 2.19658
3654 2.22509
3655 2.16507
3656 2.27239
3657 2.17891
3658 2.14749
3659 2.31722
3660 2.19609
3661 2.31925
3662 2.26489
3663 2.1799
3664 2.25775
3665 2.22348
3666 2.17163
3667 2.33074
3668 2.21353
3669 2.17894
3670 2.13493
3671 2.25877
3672 2.28942
3673 2.25236
3674 2.24141
3675 2.21206
3676 2.17938
3677 2.18951
3678 2.25125
3679 2.25016
3680 2.19322
3681 2.21863
3682 2.31131
3683 2.2647
3684 2.20384
3685 2.26504
3686 2.25741
3687 2.20026
3688 2.12755
3689 2.19672
3690 2.19126
3691 2.19119
3692 2.21846
3693 2.1451
3694 2.15142
3695 2.1553
3696 2.18503
3697 2.27158
3698 2.41277
3699 2.18682
3700 2.20268
3701 2.20925
3702 2.21559
3703 2.18842
3704 2.18321
3705 2.21083
3706 2.18914
3707 2.1461
3708 2.17491
3709 2.1356
3710 2.18906
3711 2.1453
3712 2.24431
3713 2.23276
3714 2.24855
3715 2.14493
3716 2.14196
3717 2.14473
3718 2.25409
3719 2.17778
3720 2.15351
3721 2.28265
3722 2.25481
3723 2.139
3724 2.14439
3725 2.23423
3726 2.25225
3727 2.20844
3728 2.12745
3729 2.09085
3730 2.17668
3731 2.16519
3732 2.13694
3733 2.18409
3734 2.18697
3735 2.11017
3736 2.1864
3737 2.22248
3738 2.09637
3739 2.11617
3740 2.15571
3741 2.12376
3742 2.15651
3743 2.17107
3744 2.12612
3745 2.20083
3746 2.19631
3747 2.17037
3748 2.20645
3749 2.13377
3750 2.15903
3751 2.15824
3752 2.26355
3753 2.13317
3754 2.07456
3755 2.1571
3756 2.16823
3757 2.22588
3758 2.11372
3759 2.23612
3760 2.19564
3761 2.14306
3762 2.2245
3763 2.15856
3764 2.17803
3765 2.07984
3766 2.1353
3767 2.08388
3768 2.10279
3769 2.13107
3770 2.08565
3771 2.08552
3772 2.12148
3773 2.22647
3774 2.13268
3775 2.08168
3776 2.05287
3777 2.23177
3778 2.11021
3779 2.09473
3780 2.222
3781 2.08204
3782 2.29463
3783 2.09807
3784 2.13107
3785 2.14451
3786 2.09433
3787 2.06451
3788 2.07138
3789 2.0445
3790 2.16574
3791 2.13935
3792 2.10912
3793 2.05397
3794 2.09272
3795 2.05108
3796 2.10703
3797 2.17472
3798 2.09941
3799 2.05528
3800 2.06009
3801 2.04488
3802 2.12095
3803 2.17342
3804 2.1778
3805 2.06497
3806 2.08194
3807 2.01409
3808 2.20447
3809 2.13319
3810 2.06264
3811 2.08135
3812 2.17443
3813 2.04487
3814 2.04111
3815 2.0305
3816 2.13798
3817 2.05096
3818 2.04812
3819 2.17135
3820 2.03614
3821 2.03025
3822 2.09074
3823 2.06026
3824 2.03099
3825 2.07251
3826 2.08198
3827 2.01912
3828 2.02803
3829 2.07467
3830 2.05979
3831 2.10286
3832 2.05357
3833 2.08414
3834 2.00897
3835 1.9903
3836 2.01532
3837 2.02416
3838 2.08863
3839 2.03841
3840 2.03261
3841 2.08649
3842 2.08987
3843 2.05677
3844 2.04822
3845 1.99529
3846 1.98346
3847 1.99577
3848 1.96258
3849 1.99154
3850 2.0309
3851 2.01014
3852 1.97818
3853 2.05633
3854 2.03777
3855 1.96092
3856 2.07711
3857 2.10141
3858 2.04453
3859 2.11279
3860 2.02666
3861 2.01865
3862 2.00447
3863 2.04329
3864 2.05678
3865 2.02464
3866 2.04
3867 2.06714
3868 1.98209
3869 2.01363
3870 1.96097
3871 1.97824
3872 2.11547
3873 2.10179
3874 2.0254
3875 2.02785
3876 2.02054
3877 1.99149
3878 2.06899
3879 1.99715
3880 2.03837
3881 2.00433
3882 2.0019
3883 2.07468
3884 1.93306
3885 2.01212
3886 1.97163
3887 2.14772
3888 2.14685
3889 1.96008
3890 2.02295
3891 2.04229
3892 2.04869
3893 1.99471
3894 1.97483
3895 1.99011
3896 1.96301
3897 1.99421
3898 2.03769
3899 2.02166
3900 1.92328
3901 1.91002
3902 1.96294
3903 2.06961
3904 1.97343
3905 1.97815
3906 2.01689
3907 1.9188
3908 1.96586
3909 2.02
3910 2.07997
3911 1.99773
3912 1.95515
3913 1.93305
3914 1.94445
3915 2.02139
3916 1.91679
3917 1.98583
3918 1.93587
3919 1.94721
3920 1.98251
3921 1.9886
3922 1.93631
3923 1.96418
3924 2.02937
3925 1.91938
3926 1.99902
3927 2.03924
3928 2.04646
3929 1.97397
3930 1.99802
3931 1.98215
3932 1.91302
3933 2.07126
3934 2.06814
3935 1.96782
3936 1.94879
3937 1.93604
3938 1.9537
3939 1.99792
3940 1.89853
3941 1.9264
3942 2.02336
3943 1.92653
3944 2.02067
3945 1.96589
3946 1.88636
3947 1.96827
3948 1.89338
3949 1.96732
3950 1.92301
3951 1.92154
3952 1.9668
3953 1.93167
3954 1.86984
3955 1.97538
3956 2.01847
3957 2.05192
3958 2.08751
3959 2.00212
3960 1.90512
3961 1.90024
3962 1.98712
3963 1.92607
3964 1.87105
3965 1.90719
3966 1.90078
3967 1.89863
3968 2.01571
3969 1.99028
3970 1.96032
3971 1.93622
3972 1.8916
3973 1.87174
3974 1.95288
3975 1.89734
3976 1.95375
3977 1.98284
3978 1.91489
3979 1.91027
3980 1.94217
3981 2.04149
3982 1.95922
3983 1.94133
3984 1.88691
3985 1.89874
3986 1.90898
3987 1.95435
3988 1.90967
3989 1.84163
3990 1.93686
3991 1.86657
3992 1.95847
3993 1.88764
3994 1.90401
3995 1.98259
3996 1.95338
3997 1.89695
3998 1.84984
3999 1.94226
4000 1.8993
4001 1.90068
4002 1.83173
4003 1.93472
4004 1.92647
4005 1.9286
4006 1.92295
4007 1.86923
4008 1.92337
4009 1.8413
4010 1.85557
4011 1.96313
4012 1.93652
4013 1.88635
4014 1.8248
4015 1.90764
4016 1.85354
4017 1.83526
4018 1.89449
4019 1.95412
4020 1.94468
4021 1.8674
4022 1.96736
4023 1.87316
4024 1.8808
4025 1.96965
4026 1.92326
4027 2.01144
4028 1.87549
4029 1.91554
4030 1.81636
4031 1.99468
4032 1.87815
4033 1.92884
4034 1.84017
4035 1.89146
4036 1.95787
4037 1.84607
4038 1.82957
4039 1.88973
4040 1.91302
4041 1.82347
4042 1.91573
4043 1.8776
4044 1.83557
4045 1.87624
4046 1.89351
4047 1.8782
4048 1.91797
4049 1.95511
4050 1.85153
4051 1.90811
4052 1.88494
4053 1.96912
4054 1.85256
4055 1.84379
4056 1.83615
4057 1.86817
4058 1.85242
4059 1.8168
4060 1.83559
4061 1.90793
4062 1.93101
4063 1.88965
4064 1.91157
4065 1.85863
4066 1.9903
4067 1.8997
4068 1.84145
4069 1.89152
4070 1.84333
4071 1.90307
4072 1.98044
4073 1.79966
4074 1.90437
4075 1.86453
4076 1.81176
4077 1.79828
4078 1.79862
4079 1.9015
4080 1.82985
4081 1.77396
4082 1.78397
4083 1.82052
4084 1.80375
4085 1.8164
4086 1.8091
4087 1.95709
4088 1.86529
4089 1.80629
4090 1.95258
4091 1.95691
4092 1.81692
4093 1.84871
4094 1.83949
4095 1.81512
4096 1.88937
4097 1.85326
4098 1.79838
4099 1.82215
4100 1.86854
4101 1.84432
4102 1.80928
4103 1.88019
4104 1.78415
4105 1.75747
4106 1.83973
4107 1.81805
4108 1.90961
4109 1.88679
4110 1.85908
4111 1.96776
4112 1.84195
4113 1.90311
4114 1.87242
4115 1.78448
4116 1.79829
4117 1.80276
4118 1.8133
4119 1.82486
4120 1.85148
4121 1.84848
4122 1.78982
4123 1.78598
4124 1.77097
4125 1.85134
4126 2.01781
4127 1.84856
4128 1.82704
4129 1.79139
4130 1.78356
4131 1.83182
4132 1.81989
4133 1.79367
4134 1.83106
4135 1.76042
4136 1.81551
4137 1.78736
4138 1.76679
4139 1.84815
4140 1.81225
4141 1.8459
4142 1.84408
4143 1.86516
4144 1.77326
4145 1.79168
4146 1.79691
4147 1.84304
4148 1.81371
4149 1.79002
4150 1.84629
4151 1.82273
4152 1.80604
4153 1.88028
4154 1.83496
4155 1.79112
4156 1.74201
4157 1.71907
4158 1.77059
4159 1.82131
4160 1.80102
4161 1.74391
4162 1.83196
4163 1.78785
4164 1.75536
4165 1.80715
4166 1.8375
4167 1.74029
4168 1.72423
4169 1.76538
4170 1.75885
4171 1.76316
4172 1.73848
4173 1.78275
4174 1.80196
4175 1.82323
4176 1.81974
4177 1.78923
4178 1.79356
4179 1.79093
4180 1.84394
4181 1.80256
4182 1.7688
4183 1.72635
4184 1.74112
4185 1.7078
4186 1.80265
4187 1.74974
4188 1.88239
4189 1.76472
4190 1.79359
4191 1.84137
4192 1.73355
4193 1.82188
4194 1.76492
4195 1.72782
4196 1.73092
4197 1.72626
4198 1.72746
4199 1.73845
4200 1.68617
4201 1.91968
4202 1.80075
4203 1.83099
4204 1.70678
4205 1.80677
4206 1.81636
4207 1.8205
4208 1.86599
4209 1.79715
4210 1.71555
4211 1.77311
4212 1.81899
4213 1.83675
4214 1.71304
4215 1.69736
4216 1.78006
4217 1.70407
4218 1.73484
4219 1.77172
4220 1.70197
4221 1.74859
4222 1.70685
4223 1.74483
4224 1.7181
4225 1.72626
4226 1.77865
4227 1.72462
4228 1.71021
4229 1.69882
4230 1.75416
4231 1.79438
4232 1.90092
4233 1.78399
4234 1.75921
4235 1.6991
4236 1.71164
4237 1.78478
4238 1.8052
4239 1.74236
4240 1.79363
4241 1.70919
4242 1.72206
4243 1.72634
4244 1.77341
4245 1.70539
4246 1.72405
4247 1.74374
4248 1.74849
4249 1.67085
4250 1.69741
4251 1.70743
4252 1.72909
4253 1.69405
4254 1.68574
4255 1.70349
4256 1.667
4257 1.66299
4258 1.70507
4259 1.70508
4260 1.70588
4261 1.6755
4262 1.66846
4263 1.66348
4264 1.68075
4265 1.6425
4266 1.74461
4267 1.65092
4268 1.69879
4269 1.72902
4270 1.7188
4271 1.66639
4272 1.74623
4273 1.65521
4274 1.70542
4275 1.64478
4276 1.6334
4277 1.66422
4278 1.65653
4279 1.67522
4280 1.61038
4281 1.65518
4282 1.74312
4283 1.70055
4284 1.61923
4285 1.88972
4286 1.62804
4287 1.77667
4288 1.71591
4289 1.70048
4290 1.63329
4291 1.72011
4292 1.76648
4293 1.70895
4294 1.69336
4295 1.6911
4296 1.66476
4297 1.64551
4298 1.70011
4299 1.62199
4300 1.65903
4301 1.83872
4302 1.71377
4303 1.67841
4304 1.72355
4305 1.65038
4306 1.65547
4307 1.65487
4308 1.68072
4309 1.70964
4310 1.66301
4311 1.7403
4312 1.66398
4313 1.72143
4314 1.67165
4315 1.70445
4316 1.72932
4317 1.73884
4318 1.67249
4319 1.6943
4320 1.68345
4321 1.68179
4322 1.65941
4323 1.62031
4324 1.66376
4325 1.65246
4326 1.65738
4327 1.83713
4328 1.62623
4329 1.63331
4330 1.6132
4331 1.66844
4332 1.61472
4333 1.65934
4334 1.68697
4335 1.63875
4336 1.59538
4337 1.65387
4338 1.73644
4339 1.67974
4340 1.64922
4341 1.63059
4342 1.65187
4343 1.6226
4344 1.62993
4345 1.69542
4346 1.66738
4347 1.65103
4348 1.64462
4349 1.71722
4350 1.65564
4351 1.61719
4352 1.65412
4353 1.61775
4354 1.65091
4355 1.60533
4356 1.71495
4357 1.68959
4358 1.63533
4359 1.63839
4360 1.59937
4361 1.67125
4362 1.66101
4363 1.7399
4364 1.61447
4365 1.61858
4366 1.62205
4367 1.72278
4368 1.64199
4369 1.62113
4370 1.66233
4371 1.66669
4372 1.63132
4373 1.68832
4374 1.63243
4375 1.60753
4376 1.65396
4377 1.62758
4378 1.60511
4379 1.64923
4380 1.59777
4381 1.60683
4382 1.63711
4383 1.63901
4384 1.68506
4385 1.62917
4386 1.77005
4387 1.64026
4388 1.66574
4389 1.55655
4390 1.56789
4391 1.69054
4392 1.61047
4393 1.59872
4394 1.57529
4395 1.57702
4396 1.6216
4397 1.63445
4398 1.66353
4399 1.63911
4400 1.6742
4401 1.59571
4402 1.58263
4403 1.63952
4404 1.64342
4405 1.65641
4406 1.61982
4407 1.55823
4408 1.64166
4409 1.71156
4410 1.58687
4411 1.68911
4412 1.58719
4413 1.5391
4414 1.5951
4415 1.57377
4416 1.64439
4417 1.57879
4418 1.55182
4419 1.57389
4420 1.54934
4421 1.68105
4422 1.57713
4423 1.62303
4424 1.72474
4425 1.62976
4426 1.55594
4427 1.5593
4428 1.63843
4429 1.57554
4430 1.61476
4431 1.55009
4432 1.55306
4433 1.61572
4434 1.65567
4435 1.56178
4436 1.58464
4437 1.59864
4438 1.57163
4439 1.61224
4440 1.58345
4441 1.64213
4442 1.62163
4443 1.54902
4444 1.59435
4445 1.5349
4446 1.56102
4447 1.6019
4448 1.63099
4449 1.63024
4450 1.5778
4451 1.59659
4452 1.51498
4453 1.65401
4454 1.59416
4455 1.64799
4456 1.63906
4457 1.60583
4458 1.56378
4459 1.59221
4460 1.6524
4461 1.55113
4462 1.60464
4463 1.56514
4464 1.65819
4465 1.61979
4466 1.53416
4467 1.57367
4468 1.539
4469 1.63219
4470 1.56459
4471 1.61647
4472 1.56101
4473 1.5636
4474 1.59108
4475 1.62772
4476 1.53988
4477 1.57486
4478 1.51712
4479 1.55641
4480 1.59927
4481 1.58501
4482 1.58725
4483 1.56092
4484 1.54517
4485 1.49435
4486 1.58728
4487 1.56309
4488 1.55324
4489 1.57921
4490 1.51769
4491 1.60894
4492 1.66399
4493 1.50924
4494 1.57566
4495 1.64592
4496 1.56781
4497 1.56414
4498 1.54682
4499 1.55271
4500 1.58203
4501 1.61983
4502 1.5326
4503 1.58992
4504 1.58173
4505 1.52158
4506 1.50399
4507 1.53379
4508 1.59627
4509 1.53388
4510 1.49756
4511 1.54769
4512 1.51334
4513 1.52019
4514 1.51366
4515 1.49422
4516 1.63357
4517 1.54335
4518 1.65847
4519 1.58356
4520 1.55935
4521 1.58162
4522 1.5792
4523 1.57118
4524 1.64615
4525 1.52809
4526 1.58794
4527 1.4862
4528 1.53284
4529 1.67882
4530 1.51224
4531 1.47439
4532 1.53069
4533 1.50767
4534 1.53769
4535 1.52161
4536 1.53341
4537 1.60302
4538 1.50272
4539 1.67301
4540 1.613
4541 1.59293
4542 1.61409
4543 1.57714
4544 1.51289
4545 1.48054
4546 1.48076
4547 1.55379
4548 1.47523
4549 1.57768
4550 1.49818
4551 1.49548
4552 1.50608
4553 1.53654
4554 1.57711
4555 1.62916
4556 1.55144
4557 1.55771
4558 1.58048
4559 1.54753
4560 1.48338
4561 1.51967
4562 1.52804
4563 1.52955
4564 1.52749
4565 1.48306
4566 1.47248
4567 1.47979
4568 1.53696
4569 1.49117
4570 1.59594
4571 1.57445
4572 1.58919
4573 1.52332
4574 1.45973
4575 1.58659
4576 1.51306
4577 1.54575
4578 1.51606
4579 1.64352
4580 1.5165
4581 1.54439
4582 1.48501
4583 1.52849
4584 1.50034
4585 1.51062
4586 1.45145
4587 1.48633
4588 1.57434
4589 1.45943
4590 1.49073
4591 1.50625
4592 1.53037
4593 1.53636
4594 1.49601
4595 1.54171
4596 1.46532
4597 1.51711
4598 1.47175
4599 1.52169
4600 1.51703
4601 1.50031
4602 1.51617
4603 1.53241
4604 1.52029
4605 1.50593
4606 1.49165
4607 1.51048
4608 1.52114
4609 1.58448
4610 1.51035
4611 1.51879
4612 1.50336
4613 1.5098
4614 1.48891
4615 1.51459
4616 1.47751
4617 1.52308
4618 1.47315
4619 1.53922
4620 1.51074
4621 1.4542
4622 1.54186
4623 1.50413
4624 1.4422
4625 1.44169
4626 1.48318
4627 1.48882
4628 1.45722
4629 1.44201
4630 1.61197
4631 1.52099
4632 1.55748
4633 1.44261
4634 1.65812
4635 1.5812
4636 1.4728
4637 1.57048
4638 1.4414
4639 1.48647
4640 1.53364
4641 1.49401
4642 1.45849
4643 1.46318
4644 1.53149
4645 1.53274
4646 1.43083
4647 1.45269
4648 1.6252
4649 1.43981
4650 1.48192
4651 1.44422
4652 1.48
4653 1.52488
4654 1.44773
4655 1.50409
4656 1.456
4657 1.47271
4658 1.4604
4659 1.50261
4660 1.49295
4661 1.55741
4662 1.46572
4663 1.48099
4664 1.42977
4665 1.42717
4666 1.51261
4667 1.46164
4668 1.54213
4669 1.45493
4670 1.40124
4671 1.45011
4672 1.46291
4673 1.47625
4674 1.39995
4675 1.44386
4676 1.46584
4677 1.42255
4678 1.41126
4679 1.45261
4680 1.43383
4681 1.47127
4682 1.42296
4683 1.49497
4684 1.4548
4685 1.38057
4686 1.39967
4687 1.42041
4688 1.47707
4689 1.49523
4690 1.42764
4691 1.40813
4692 1.36957
4693 1.42837
4694 1.38199
4695 1.49875
4696 1.4417
4697 1.41551
4698 1.49717
4699 1.41884
4700 1.39939
4701 1.43581
4702 1.36175
4703 1.38615
4704 1.40071
4705 1.37095
4706 1.37136
4707 1.44187
4708 1.35694
4709 1.35772
4710 1.43196
4711 1.43972
4712 1.37123
4713 1.4087
4714 1.56777
4715 1.40089
4716 1.51625
4717 1.40096
4718 1.45131
4719 1.40565
4720 1.375
4721 1.43169
4722 1.44587
4723 1.37287
4724 1.37663
4725 1.37558
4726 1.38628
4727 1.40876
4728 1.3847
4729 1.37835
4730 1.54858
4731 1.47757
4732 1.41074
4733 1.4598
4734 1.39741
4735 1.40768
4736 1.39554
4737 1.43054
4738 1.44765
4739 1.44433
4740 1.49461
4741 1.40932
4742 1.56538
4743 1.41689
4744 1.49689
4745 1.44399
4746 1.39711
4747 1.4511
4748 1.42633
4749 1.44076
4750 1.39519
4751 1.42893
4752 1.35228
4753 1.35092
4754 1.42259
4755 1.40783
4756 1.63037
4757 1.46435
4758 1.36717
4759 1.37446
4760 1.4213
4761 1.4436
4762 1.4645
4763 1.35677
4764 1.38965
4765 1.38554
4766 1.44132
4767 1.44992
4768 1.36994
4769 1.41321
4770 1.36961
4771 1.34498
4772 1.37296
4773 1.39281
4774 1.48833
4775 1.45368
4776 1.3836
4777 1.42623
4778 1.41706
4779 1.42554
4780 1.40591
4781 1.36619
4782 1.38631
4783 1.39015
4784 1.42265
4785 1.46222
4786 1.41448
4787 1.39077
4788 1.41713
4789 1.36748
4790 1.40738
4791 1.4012
4792 1.39835
4793 1.36709
4794 1.43129
4795 1.40551
4796 1.45074
4797 1.33576
4798 1.35989
4799 1.53885
4800 1.45636
4801 1.40716
4802 1.45027
4803 1.36898
4804 1.35519
4805 1.35074
4806 1.37103
4807 1.39336
4808 1.35263
4809 1.39911
4810 1.33152
4811 1.35335
4812 1.40497
4813 1.43236
4814 1.42142
4815 1.48232
4816 1.37451
4817 1.39453
4818 1.36685
4819 1.39116
4820 1.37878
4821 1.3447
4822 1.37769
4823 1.3217
4824 1.35802
4825 1.38229
4826 1.38193
4827 1.42128
4828 1.39397
4829 1.34098
4830 1.31474
4831 1.33702
4832 1.39504
4833 1.38213
4834 1.43335
4835 1.36439
4836 1.3336
4837 1.36789
4838 1.43893
4839 1.39418
4840 1.36065
4841 1.36812
4842 1.33692
4843 1.34135
4844 1.33082
4845 1.39124
4846 1.35447
4847 1.31549
4848 1.31683
4849 1.34387
4850 1.36462
4851 1.30761
4852 1.43565
4853 1.38766
4854 1.32305
4855 1.31016
4856 1.36209
4857 1.31452
4858 1.3062
4859 1.3461
4860 1.31984
4861 1.33289
4862 1.31124
4863 1.47221
4864 1.33573
4865 1.33644
4866 1.35421
4867 1.34379
4868 1.33931
4869 1.41296
4870 1.38723
4871 1.35482
4872 1.30898
4873 1.35918
4874 1.31292
4875 1.28955
4876 1.424
4877 1.37779
4878 1.34503
4879 1.31663
4880 1.31845
4881 1.3236
4882 1.37093
4883 1.45614
4884 1.38957
4885 1.46599
4886 1.35474
4887 1.30039
4888 1.46899
4889 1.37462
4890 1.2955
4891 1.36965
4892 1.36056
4893 1.32071
4894 1.349
4895 1.30765
4896 1.34743
4897 1.31853
4898 1.38946
4899 1.30937
4900 1.3996
4901 1.32719
4902 1.30097
4903 1.28281
4904 1.40371
4905 1.35403
4906 1.3223
4907 1.3631
4908 1.31802
4909 1.34574
4910 1.36173
4911 1.35933
4912 1.29266
4913 1.27425
4914 1.3185
4915 1.32592
4916 1.32635
4917 1.31602
4918 1.28083
4919 1.30304
4920 1.36541
4921 1.37763
4922 1.27041
4923 1.33733
4924 1.36619
4925 1.30854
4926 1.31617
4927 1.34437
4928 1.30674
4929 1.43242
4930 1.32506
4931 1.35535
4932 1.29668
4933 1.2999
4934 1.32964
4935 1.30293
4936 1.30137
4937 1.30966
4938 1.30751
4939 1.28421
4940 1.29005
4941 1.24429
4942 1.30496
4943 1.30371
4944 1.28934
4945 1.40467
4946 1.30044
4947 1.35586
4948 1.36247
4949 1.30426
4950 1.30704
4951 1.39823
4952 1.28709
4953 1.38526
4954 1.30116
4955 1.2938
4956 1.25222
4957 1.32567
4958 1.45155
4959 1.28467
4960 1.26841
4961 1.3217
4962 1.26384
4963 1.31847
4964 1.28617
4965 1.36738
4966 1.35504
4967 1.27475
4968 1.5048
4969 1.35913
4970 1.33287
4971 1.33226
4972 1.33127
4973 1.30708
4974 1.25168
4975 1.28055
4976 1.31712
4977 1.26038
4978 1.3215
4979 1.28107
4980 1.27811
4981 1.26572
4982 1.31312
4983 1.42394
4984 1.41627
4985 1.28164
4986 1.30289
4987 1.27917
4988 1.29987
4989 1.3051
4990 1.26878
4991 1.31198
4992 1.28777
4993 1.29283
4994 1.27005
4995 1.2488
4996 1.28797
4997 1.24726
4998 1.29959
4999 1.35707
5000 1.28977
