0 3.75338
1 41.2856
2 16.4119
3 16.2481
4 10.8854
5 7.92347
6 5.47064
7 3.66142
8 3.69789
9 3.48744
10 4.49916
11 3.54212
12 3.05388
13 2.80147
14 2.70496
15 2.52246
16 2.57432
17 2.79634
18 2.55992
19 2.45462
20 2.26873
21 2.40723
22 3.00349
23 2.73836
24 2.27619
25 2.35216
26 2.17954
27 2.37853
28 2.57684
29 2.34556
30 2.1584
31 1.90112
32 2.42732
33 2.39251
34 2.21957
35 2.07369
36 1.69617
37 1.97595
38 1.94817
39 2.05493
40 1.85933
41 1.93525
42 1.88579
43 1.89191
44 1.99245
45 1.76884
46 1.80144
47 1.78252
48 1.81393
49 1.82293
50 1.63272
51 2.01873
52 1.8556
53 1.71718
54 1.72136
55 1.6667
56 1.89132
57 1.68356
58 1.84239
59 2.06023
60 2.11901
61 2.10228
62 2.27098
63 2.0853
64 1.66576
65 1.68807
66 1.62226
67 1.76346
68 1.79868
69 1.73039
70 2.0166
71 2.04179
72 2.12121
73 2.21872
74 2.17518
75 2.03824
76 1.98368
77 1.77991
78 1.76157
79 1.68808
80 1.55632
81 1.63075
82 1.64605
83 1.66058
84 1.75133
85 1.71159
86 1.6948
87 1.60647
88 1.49031
89 1.45564
90 1.51278
91 1.62019
92 1.66965
93 1.58538
94 1.65049
95 1.59999
96 1.51822
97 1.58088
98 1.66055
99 1.8091
100 1.83713
101 1.4655
102 1.44498
103 1.37887
104 1.51608
105 1.52914
106 1.55824
107 1.72693
108 1.51293
109 1.49794
110 1.56577
111 1.54502
112 1.60874
113 1.67563
114 1.42854
115 1.51333
116 1.43921
117 1.65947
118 1.60137
119 1.5765
120 1.45361
121 1.47371
122 1.60538
123 1.65109
124 1.66806
125 1.52565
126 1.44512
127 1.45023
128 1.41086
129 1.48752
130 1.38354
131 1.29434
132 1.39784
133 1.46938
134 1.56039
135 1.31165
136 1.62706
137 1.67097
138 1.47629
139 1.46931
140 1.28531
141 1.40632
142 1.37156
143 1.37794
144 1.38559
145 1.46874
146 1.52582
147 1.62178
148 1.84955
149 1.60382
150 1.53843
151 1.41525
152 1.51139
153 1.5691
154 1.63931
155 1.4693
156 1.42279
157 1.44015
158 1.38156
159 1.32552
160 1.42289
161 1.39858
162 1.5835
163 1.47992
164 1.38282
165 1.4121
166 1.42665
167 1.48736
168 1.5539
169 1.68051
170 1.71084
171 1.45932
172 1.32235
173 1.90592
174 1.93148
175 1.73332
176 1.46813
177 1.4122
178 1.38239
179 1.32007
180 1.37793
181 1.37788
182 1.52206
183 1.30414
184 1.61388
185 1.44726
186 1.43912
187 1.40275
188 1.53332
189 1.4995
190 1.53308
191 1.34072
192 1.31588
193 1.47215
194 1.4687
195 1.44871
196 1.50303
197 1.30706
198 1.31768
199 1.35228
200 1.47367
201 1.33387
202 1.43967
203 1.3216
204 1.50568
205 1.54353
206 1.43111
207 1.36266
208 1.62733
209 1.41945
210 1.36625
211 1.40661
212 1.41377
213 1.48168
214 1.59289
215 1.33925
216 1.29511
217 1.39914
218 1.29141
219 1.29976
220 1.29509
221 1.48718
222 1.4436
223 1.25193
224 1.41156
225 1.25092
226 1.64275
227 1.45561
228 1.28705
229 1.38381
230 1.48439
231 1.40519
232 1.45532
233 1.56863
234 1.31817
235 1.30169
236 1.37633
237 1.21116
238 1.32863
239 1.28593
240 1.2604
241 1.3219
242 1.40343
243 1.37107
244 1.24588
245 1.39594
246 1.23735
247 1.17727
248 1.3545
249 1.27511
250 1.50296
251 1.33118
252 1.69907
253 1.45395
254 1.38488
255 1.38289
256 1.33995
257 1.31211
258 1.30198
259 1.23161
260 1.39025
261 1.33808
262 1.37168
263 1.2545
264 1.1828
265 1.24014
266 1.25188
267 1.24191
268 1.64963
269 1.49239
270 1.44988
271 1.24135
272 1.25685
273 1.32073
274 1.29939
275 1.27701
276 1.2783
277 1.33967
278 1.31479
279 1.2703
280 1.22403
281 1.38845
282 1.23777
283 1.37266
284 1.34992
285 1.38779
286 1.23541
287 1.31509
288 1.26673
289 1.36904
290 1.30578
291 1.31222
292 1.45904
293 1.35741
294 1.34503
295 1.36828
296 1.44354
297 1.30316
298 1.29833
299 1.19065
300 1.18705
301 1.27138
302 1.26008
303 1.24122
304 1.26448
305 1.33326
306 1.29074
307 1.25432
308 1.27988
309 1.1562
310 1.1968
311 1.30231
312 1.23093
313 1.32094
314 1.28116
315 1.23722
316 1.41011
317 1.2806
318 1.43226
319 1.37154
320 1.27435
321 1.33934
322 1.4655
323 1.37376
324 1.19776
325 1.19454
326 1.14537
327 1.20907
328 1.2035
329 1.2168
330 1.35782
331 1.39244
332 1.36027
333 1.25113
334 1.18711
335 1.35644
336 1.26887
337 1.18711
338 1.37062
339 1.16967
340 1.1842
341 1.21078
342 1.1768
343 1.54343
344 1.28975
345 1.35831
346 1.12019
347 1.49729
348 1.32176
349 1.30659
350 1.39992
351 1.27336
352 1.18689
353 1.29208
354 1.50004
355 1.25315
356 1.22013
357 1.18502
358 1.15657
359 1.12848
360 1.17823
361 1.30108
362 1.17638
363 1.14619
364 1.15838
365 1.18741
366 1.15968
367 1.31124
368 1.31258
369 1.29329
370 1.18489
371 1.12803
372 1.27652
373 1.27316
374 1.42118
375 1.22003
376 1.29176
377 1.08799
378 1.20888
379 1.25348
380 1.14139
381 1.20127
382 1.24529
383 1.17646
384 1.16586
385 1.117
386 1.148
387 1.13942
388 1.14656
389 1.28933
390 1.17252
391 1.15476
392 1.29078
393 1.28607
394 1.17036
395 1.11466
396 1.24737
397 1.1673
398 1.12661
399 1.11364
400 1.19954
401 1.1782
402 1.20057
403 1.22642
404 1.18974
405 1.16447
406 1.14976
407 1.12231
408 1.20414
409 1.10438
410 1.14316
411 1.41054
412 1.18089
413 1.08838
414 1.13604
415 1.03486
416 1.05548
417 1.0966
418 1.0836
419 1.09216
420 1.1565
421 1.03096
422 1.01973
423 1.12007
424 1.77948
425 1.93227
426 1.38724
427 1.4931
428 1.07298
429 1.38218
430 1.1727
431 1.26674
432 1.16375
433 1.19173
434 1.21281
435 1.26821
436 1.1329
437 1.16351
438 1.21233
439 1.17588
440 1.18813
441 1.17938
442 1.18617
443 1.33177
444 1.29213
445 1.15278
446 1.30604
447 1.13979
448 1.14918
449 1.21116
450 1.24677
451 1.17826
452 1.18033
453 1.27615
454 1.17238
455 1.30332
456 1.09844
457 1.43241
458 1.49209
459 1.31695
460 1.30183
461 1.17428
462 1.19592
463 1.22605
464 1.16602
465 1.07275
466 1.09021
467 1.10939
468 1.1761
469 1.6482
470 1.4116
471 1.2783
472 1.13655
473 1.19815
474 1.1957
475 1.18485
476 1.03813
477 1.14011
478 1.1223
479 1.17876
480 1.25056
481 1.1535
482 1.24723
483 1.22077
484 1.02963
485 1.26093
486 1.17707
487 1.24191
488 1.32529
489 1.14988
490 1.1335
491 1.26487
492 1.13022
493 1.06754
494 1.12287
495 1.10161
496 1.18807
497 1.18716
498 1.27129
499 1.17796
500 1.21404
501 1.29054
502 1.10427
503 1.14377
504 1.28624
505 1.27411
506 1.09641
507 1.16333
508 1.12707
509 1.11548
510 1.10412
511 1.1038
512 1.19802
513 1.1859
514 1.28392
515 1.07307
516 1.07307
517 1.06701
518 1.13225
519 1.09232
520 1.18791
521 1.10066
522 1.12228
523 1.14161
524 1.05683
525 1.05961
526 1.17846
527 1.1779
528 1.20797
529 1.10213
530 1.02209
531 1.0739
532 1.069
533 1.04435
534 1.07627
535 1.08258
536 0.998536
537 1.04172
538 1.11789
539 1.25414
540 1.13711
541 1.11027
542 1.15428
543 0.992057
544 1.05574
545 1.08682
546 1.13314
547 1.24916
548 1.01555
549 1.04551
550 1.14104
551 1.21825
552 1.10908
553 1.16036
554 1.10684
555 1.0868
556 1.04208
557 1.07916
558 1.04736
559 1.00376
560 1.05475
561 1.0937
562 1.09157
563 1.16471
564 1.01709
565 1.28583
566 1.1243
567 1.09794
568 1.0524
569 1.02301
570 1.0837
571 0.952148
572 1.10351
573 1.09292
574 1.10279
575 1.08085
576 1.11226
577 1.04826
578 1.07436
579 1.05386
580 1.02203
581 1.07368
582 1.16961
583 1.19642
584 1.01028
585 1.03271
586 1.08784
587 1.04238
588 0.971068
589 1.0496
590 1.02435
591 1.15589
592 1.06312
593 1.06883
594 0.975263
595 1.14433
596 1.06669
597 1.24239
598 1.15407
599 1.19161
600 0.948683
601 1.18934
602 1.07673
603 0.985329
604 1.09268
605 1.02132
606 1.04897
607 1.02674
608 0.988823
609 1.03315
610 0.976831
611 1.17761
612 1.06239
613 1.15341
614 1.05717
615 1.04046
616 1.00499
617 1.1118
618 1.05547
619 1.15556
620 0.98162
621 1.0447
622 1.00373
623 1.06642
624 1.09216
625 1.04456
626 0.979481
627 1.00586
628 1.03721
629 1.03008
630 1.01043
631 0.962494
632 1.00848
633 1.09002
634 1.13209
635 0.993835
636 1.09908
637 1.24192
638 1.1157
639 1.11969
640 0.968763
641 1.04428
642 1.16613
643 1.01914
644 1.02089
645 1.05469
646 1.03241
647 0.97266
648 0.93383
649 0.974971
650 1.09275
651 1.01703
652 0.985343
653 1.12288
654 0.961486
655 1.01643
656 0.964241
657 0.897796
658 1.05435
659 1.04777
660 1.06453
661 1.12908
662 1.03289
663 0.97324
664 1.10177
665 0.992031
666 1.07749
667 0.964428
668 0.962059
669 0.993691
670 1.09253
671 1.07477
672 1.02635
673 0.92052
674 1.15235
675 0.940772
676 0.984688
677 1.03303
678 0.995146
679 1.1216
680 0.991851
681 1.24354
682 1.17758
683 0.974939
684 1.07143
685 1.04749
686 1.05414
687 0.893557
688 0.965493
689 1.06215
690 0.997374
691 1.0781
692 0.960796
693 0.95544
694 0.944927
695 1.02133
696 1.09376
697 1.26237
698 1.04578
699 1.01486
700 0.966868
701 1.05113
702 0.934267
703 0.910548
704 1.00342
705 1.10458
706 0.973963
707 1.02178
708 0.975566
709 1.05587
710 1.03407
711 0.952322
712 1.10361
713 1.08301
714 1.02332
715 1.03783
716 0.928628
717 1.05014
718 0.998813
719 0.916694
720 1.0503
721 1.20608
722 0.94783
723 1.01371
724 1.02612
725 1.20963
726 0.949112
727 0.917884
728 0.89483
729 0.939889
730 1.02547
731 0.952169
732 1.00147
733 0.983187
734 1.01362
735 0.983064
736 1.07333
737 0.937249
738 0.944565
739 0.940288
740 1.0413
741 0.911773
742 0.978288
743 0.96533
744 0.986742
745 1.09876
746 1.02112
747 1.0665
748 1.01664
749 1.08086
750 1.03197
751 1.14124
752 1.00213
753 0.903702
754 0.945003
755 0.94114
756 0.932311
757 0.953156
758 1.05842
759 1.05439
760 0.998708
761 0.986365
762 1.03996
763 0.985635
764 1.03305
765 0.951368
766 0.902716
767 0.946863
768 0.987732
769 0.928641
770 0.934697
771 1.03928
772 1.12651
773 0.998622
774 0.967194
775 0.857431
776 1.07061
777 1.06596
778 0.910542
779 1.20582
780 0.994624
781 0.941273
782 1.08737
783 1.16774
784 1.19729
785 0.984947
786 0.907402
787 0.887634
788 0.896801
789 0.938004
790 1.06716
791 0.901287
792 0.885366
793 0.920619
794 0.913534
795 0.958905
796 1.07729
797 0.992538
798 0.968972
799 0.904834
800 0.890301
801 0.976198
802 1.04305
803 1.11093
804 0.979135
805 0.916111
806 0.891861
807 0.956999
808 0.988392
809 0.938587
810 0.953471
811 0.935171
812 0.887618
813 0.868159
814 0.85794
815 0.922027
816 0.861262
817 0.875564
818 0.983899
819 0.944731
820 0.995503
821 0.974931
822 0.90673
823 0.893495
824 0.834337
825 0.98819
826 0.932541
827 0.871209
828 0.946405
829 0.863084
830 0.97077
831 0.869205
832 0.9307
833 0.922179
834 0.855489
835 0.877281
836 0.858311
837 0.936871
838 0.896676
839 0.85214
840 0.993739
841 0.872747
842 0.878251
843 0.921185
844 0.864845
845 0.844382
846 0.824572
847 0.874608
848 0.807397
849 0.978247
850 0.797465
851 0.818606
852 0.901937
853 1.0425
854 0.935067
855 0.889492
856 1.16458
857 1.0039
858 0.969051
859 0.944302
860 0.845743
861 0.912957
862 0.948454
863 1.06363
864 1.0622
865 0.860849
866 0.896234
867 0.89489
868 0.934823
869 0.843418
870 0.895674
871 0.898567
872 0.957013
873 0.965613
874 0.925232
875 0.971452
876 0.858397
877 0.936674
878 0.870622
879 1.03113
880 0.922608
881 0.984971
882 1.00804
883 0.845436
884 0.981431
885 0.859643
886 1.10305
887 1.08951
888 0.862651
889 0.871225
890 0.95481
891 0.892635
892 0.869463
893 0.859619
894 0.845457
895 0.843825
896 0.91987
897 0.887082
898 1.22933
899 1.11377
900 0.891746
901 0.842152
902 0.926798
903 0.883636
904 0.923683
905 0.886034
906 0.836434
907 0.842654
908 1.02227
909 1.00794
910 0.959701
911 0.889929
912 0.894683
913 0.839014
914 0.857367
915 0.885384
916 0.922166
917 0.874024
918 0.935038
919 0.968273
920 0.952947
921 0.898918
922 0.877218
923 0.945515
924 0.823995
925 0.931831
926 0.84778
927 0.930452
928 0.930749
929 0.949632
930 0.921058
931 0.871466
932 0.897309
933 1.0277
934 0.883979
935 0.835834
936 0.961245
937 0.888911
938 0.919422
939 0.865328
940 0.84984
941 0.933667
942 0.978896
943 0.963453
944 0.859679
945 0.821491
946 0.854328
947 0.806401
948 0.90919
949 0.876037
950 0.919902
951 0.890765
952 0.932527
953 0.795472
954 0.855787
955 0.953666
956 0.893278
957 0.966855
958 0.8819
959 0.838479
960 0.797522
961 0.86002
962 0.893475
963 0.906549
964 0.889443
965 0.804851
966 0.822447
967 0.956337
968 0.913826
969 0.869341
970 0.886187
971 0.854848
972 0.828719
973 0.879
974 0.876312
975 0.995745
976 0.883672
977 0.869294
978 0.816069
979 0.963067
980 1.01562
981 0.870118
982 0.872493
983 0.862934
984 0.782908
985 0.824964
986 0.860492
987 0.855173
988 0.768298
989 0.881436
990 0.813685
991 0.943033
992 0.8099
993 0.844788
994 0.964014
995 0.947353
996 0.886099
997 0.823343
998 0.920381
999 0.84079
1000 0.788786
1001 0.904313
1002 0.866641
1003 0.878442
1004 0.862108
1005 0.8919
1006 0.825989
1007 0.887708
1008 0.807292
1009 0.877112
1010 0.862539
1011 0.816156
1012 0.843547
1013 0.788994
1014 0.817478
1015 0.822162
1016 0.787388
1017 0.847116
1018 0.918736
1019 0.912594
1020 0.808994
1021 0.814767
1022 0.796872
1023 0.806224
1024 0.949413
1025 1.00314
1026 0.909904
1027 0.857006
1028 0.95725
1029 0.785843
1030 0.93079
1031 0.880781
1032 0.801441
1033 0.854374
1034 0.826943
1035 0.891171
1036 0.774702
1037 0.794032
1038 0.811721
1039 0.839193
1040 0.819232
1041 0.817725
1042 0.901431
1043 0.827255
1044 0.811636
1045 0.869682
1046 0.797216
1047 0.896869
1048 0.785416
1049 0.803141
1050 0.855949
1051 0.882111
1052 0.888058
1053 0.926406
1054 0.798656
1055 0.798108
1056 0.869998
1057 0.807508
1058 0.837371
1059 0.838686
1060 0.817613
1061 0.834556
1062 0.825575
1063 0.868094
1064 0.804725
1065 0.870028
1066 0.915095
1067 0.823717
1068 0.846968
1069 0.800712
1070 0.818935
1071 0.94653
1072 0.842173
1073 0.810926
1074 0.822122
1075 0.773767
1076 0.794049
1077 0.80216
1078 0.834503
1079 0.879586
1080 0.83381
1081 0.835731
1082 0.802523
1083 0.728538
1084 0.8486
1085 0.759121
1086 0.75581
1087 0.894316
1088 0.870297
1089 0.904066
1090 0.812524
1091 0.796956
1092 0.832466
1093 0.796911
1094 0.789292
1095 0.875447
1096 0.819033
1097 0.7865
1098 0.78674
1099 0.798459
1100 0.885752
1101 0.821474
1102 0.809131
1103 0.76818
1104 0.747362
1105 0.814546
1106 0.812192
1107 0.842877
1108 0.838911
1109 0.793113
1110 0.979954
1111 0.82085
1112 0.800518
1113 0.936333
1114 0.757442
1115 0.82192
1116 0.739729
1117 0.80454
1118 0.755925
1119 0.835546
1120 0.77466
1121 0.752528
1122 0.766592
1123 0.753033
1124 0.797264
1125 0.935699
1126 0.924978
1127 0.813602
1128 0.829245
1129 0.807234
1130 0.762243
1131 0.766557
1132 0.728119
1133 0.878852
1134 0.780276
1135 0.786548
1136 0.815012
1137 0.794329
1138 0.902018
1139 0.781025
1140 0.867722
1141 0.89447
1142 0.878105
1143 0.802145
1144 0.72476
1145 0.750262
1146 0.819329
1147 0.907862
1148 0.802923
1149 0.874641
1150 0.865924
1151 0.832906
1152 0.814259
1153 0.904822
1154 0.81329
1155 0.77855
1156 0.738128
1157 0.758941
1158 0.79999
1159 0.806708
1160 0.729358
1161 0.845382
1162 0.743127
1163 0.752352
1164 0.779547
1165 0.889865
1166 0.723788
1167 0.74652
1168 0.813897
1169 0.744141
1170 0.789334
1171 0.831637
1172 0.728021
1173 0.815585
1174 0.81878
1175 0.829176
1176 0.889956
1177 0.856277
1178 0.818587
1179 0.841308
1180 0.897931
1181 0.768966
1182 0.736822
1183 0.809711
1184 0.758578
1185 0.770802
1186 0.735033
1187 0.83025
1188 0.813522
1189 0.762522
1190 0.930325
1191 0.755945
1192 0.816088
1193 0.769205
1194 0.765558
1195 0.723864
1196 0.795152
1197 0.80788
1198 0.77535
1199 0.740648
1200 0.921044
1201 0.940928
1202 0.876924
1203 0.7255
1204 0.738796
1205 0.943765
1206 0.863037
1207 0.748909
1208 0.885302
1209 0.768917
1210 0.820507
1211 0.880425
1212 0.879208
1213 0.767309
1214 0.77313
1215 0.769067
1216 0.740371
1217 0.712967
1218 0.835261
1219 0.746625
1220 0.732011
1221 0.692334
1222 0.811435
1223 0.733608
1224 0.778706
1225 0.896127
1226 0.860036
1227 0.741028
1228 0.722867
1229 0.718032
1230 0.769244
1231 0.888328
1232 0.77667
1233 0.793107
1234 0.793725
1235 0.702946
1236 0.862206
1237 0.7474
1238 0.790105
1239 0.822916
1240 0.743187
1241 0.727414
1242 0.745762
1243 0.69742
1244 0.759469
1245 0.680918
1246 0.743502
1247 0.806347
1248 0.717937
1249 0.817609
1250 0.817583
1251 0.735968
1252 0.699163
1253 0.780354
1254 0.758381
1255 0.715281
1256 0.692437
1257 0.726632
1258 0.74229
1259 0.772052
1260 0.76971
1261 0.754451
1262 0.693069
1263 0.696979
1264 0.685912
1265 0.77081
1266 0.750189
1267 0.758974
1268 0.733164
1269 0.763718
1270 0.7125
1271 0.726095
1272 0.684923
1273 0.697952
1274 0.694036
1275 0.70039
1276 0.69077
1277 0.697413
1278 0.709703
1279 0.659372
1280 0.654341
1281 0.718786
1282 0.815774
1283 0.807925
1284 0.949482
1285 0.713879
1286 0.791136
1287 0.763596
1288 0.764671
1289 0.749449
1290 0.765853
1291 0.842982
1292 0.756407
1293 0.728866
1294 0.695897
1295 0.735
1296 0.686082
1297 0.733975
1298 0.707035
1299 0.743049
1300 0.791556
1301 0.772342
1302 0.772078
1303 0.772979
1304 0.718134
1305 0.727052
1306 0.750337
1307 0.733394
1308 0.800895
1309 0.7847
1310 0.703741
1311 0.808934
1312 0.755168
1313 0.759337
1314 0.77322
1315 0.914541
1316 0.947523
1317 0.740445
1318 0.79803
1319 0.745896
1320 0.749533
1321 0.691509
1322 0.707208
1323 0.701151
1324 0.656861
1325 0.750999
1326 0.7508
1327 0.737566
1328 0.717311
1329 0.720667
1330 0.710937
1331 0.757439
1332 0.750163
1333 0.721876
1334 0.754524
1335 0.677156
1336 0.718315
1337 0.804026
1338 0.75053
1339 0.787501
1340 0.73221
1341 0.690737
1342 0.723985
1343 0.73861
1344 0.782351
1345 0.791249
1346 0.767309
1347 0.733437
1348 0.732874
1349 0.824096
1350 0.721584
1351 0.736624
1352 0.700747
1353 0.734527
1354 0.676023
1355 0.768072
1356 0.731324
1357 0.719167
1358 0.790918
1359 0.759396
1360 0.744388
1361 0.782911
1362 0.910269
1363 0.726075
1364 0.670437
1365 0.765444
1366 0.783359
1367 0.694147
1368 0.719365
1369 0.682311
1370 0.805172
1371 0.739214
1372 0.779481
1373 0.698071
1374 0.698437
1375 0.71569
1376 0.686422
1377 0.748296
1378 0.706202
1379 0.733786
1380 0.716043
1381 0.720862
1382 0.699617
1383 0.678742
1384 0.771716
1385 0.783915
1386 0.700238
1387 0.737464
1388 0.666987
1389 0.686644
1390 0.75234
1391 0.682663
1392 0.723798
1393 0.661204
1394 0.631411
1395 0.652188
1396 0.755268
1397 0.750545
1398 0.731372
1399 0.700353
1400 0.670795
1401 0.686044
1402 0.686879
1403 0.805795
1404 0.727148
1405 0.727214
1406 0.680933
1407 0.659199
1408 0.772422
1409 0.744717
1410 0.745401
1411 0.685525
1412 0.710407
1413 0.684187
1414 0.676147
1415 0.732165
1416 0.666879
1417 0.644687
1418 0.774275
1419 0.672466
1420 0.778827
1421 0.677446
1422 0.693737
1423 0.928306
1424 0.76206
1425 0.685896
1426 0.650666
1427 0.699735
1428 0.65919
1429 0.711227
1430 0.666096
1431 0.739832
1432 0.696784
1433 0.787983
1434 0.78098
1435 0.664376
1436 0.759186
1437 0.654933
1438 0.675461
1439 0.762171
1440 0.712001
1441 0.658407
1442 0.675771
1443 0.701553
1444 0.721587
1445 0.625568
1446 0.814464
1447 0.723091
1448 0.762525
1449 0.686506
1450 0.683563
1451 0.640716
1452 0.697603
1453 0.756787
1454 0.838437
1455 0.862217
1456 0.953116
1457 0.938329
1458 0.655292
1459 0.951045
1460 0.663557
1461 0.715782
1462 0.685179
1463 0.685022
1464 0.739472
1465 0.673249
1466 0.679971
1467 0.656132
1468 0.751099
1469 0.670533
1470 0.774694
1471 0.706455
1472 0.62941
1473 0.688918
1474 0.74564
1475 0.719429
1476 0.745837
1477 0.705049
1478 0.676622
1479 0.68793
1480 0.688631
1481 0.732151
1482 0.720596
1483 0.659485
1484 0.65268
1485 0.677122
1486 0.709128
1487 0.696966
1488 0.690646
1489 0.632671
1490 0.759063
1491 0.733235
1492 0.643844
1493 0.671727
1494 0.800416
1495 0.748259
1496 0.662319
1497 0.755928
1498 0.714586
1499 0.72671
1500 0.75936
1501 0.62892
1502 0.701775
1503 0.749339
1504 0.654501
1505 0.665823
1506 0.640084
1507 0.705138
1508 0.708687
1509 0.641403
1510 0.752275
1511 0.596782
1512 0.614352
1513 0.669534
1514 0.603202
1515 0.724605
1516 0.668486
1517 0.714345
1518 0.725247
1519 0.806045
1520 0.687522
1521 0.720068
1522 0.665198
1523 0.617676
1524 0.687978
1525 0.716146
1526 0.676111
1527 0.654308
1528 0.670352
1529 0.795157
1530 0.602973
1531 0.730653
1532 0.645498
1533 0.634113
1534 0.641669
1535 0.641881
1536 0.748162
1537 0.650693
1538 0.739729
1539 0.718441
1540 0.664917
1541 0.706172
1542 0.734134
1543 0.632873
1544 0.641362
1545 0.660461
1546 0.736203
1547 0.685446
1548 0.691
1549 0.650083
1550 0.601859
1551 0.637084
1552 0.597231
1553 0.68009
1554 0.878564
1555 0.699581
1556 0.724343
1557 0.625761
1558 0.643612
1559 0.70102
1560 0.626331
1561 0.681029
1562 0.687416
1563 0.639981
1564 0.630092
1565 0.717787
1566 0.654603
1567 0.76068
1568 0.6989
1569 0.753728
1570 0.706079
1571 0.721049
1572 0.637019
1573 0.649799
1574 0.629283
1575 0.702564
1576 0.683531
1577 0.623967
1578 0.704838
1579 0.734846
1580 0.675846
1581 0.711979
1582 0.728862
1583 0.63896
1584 0.615327
1585 0.582589
1586 0.639484
1587 0.647305
1588 0.646316
1589 0.668851
1590 0.668785
1591 0.622075
1592 0.661339
1593 0.679868
1594 0.710865
1595 0.608353
1596 0.628767
1597 0.670362
1598 0.618187
1599 0.683846
1600 0.689948
1601 0.669668
1602 0.65724
1603 0.652133
1604 0.666852
1605 0.682613
1606 0.723074
1607 0.646276
1608 0.802284
1609 0.696246
1610 0.610886
1611 0.588715
1612 0.657936
1613 0.640769
1614 0.683959
1615 0.653919
1616 0.743423
1617 0.639402
1618 0.716899
1619 0.698234
1620 0.636594
1621 0.679438
1622 0.664281
1623 0.628628
1624 0.643287
1625 0.582402
1626 0.659739
1627 0.582391
1628 0.59083
1629 0.819757
1630 0.703228
1631 0.670457
1632 0.593401
1633 0.710598
1634 0.683913
1635 0.630271
1636 0.746735
1637 0.612608
1638 0.640028
1639 0.672222
1640 0.764917
1641 0.672323
1642 0.600728
1643 0.654805
1644 0.622893
1645 0.614862
1646 0.614174
1647 0.706157
1648 0.600357
1649 0.649078
1650 0.627529
1651 0.645254
1652 0.603952
1653 0.633624
1654 0.753802
1655 0.649481
1656 0.606339
1657 0.608957
1658 0.678617
1659 0.679391
1660 0.708322
1661 0.576545
1662 0.665469
1663 0.606022
1664 0.636791
1665 0.682798
1666 0.646533
1667 0.665646
1668 0.630141
1669 0.604875
1670 0.600827
1671 0.599974
1672 0.601522
1673 0.601629
1674 0.564947
1675 0.662087
1676 0.615574
1677 0.606806
1678 0.665065
1679 0.622766
1680 0.650679
1681 0.599752
1682 0.686868
1683 0.624299
1684 0.573827
1685 0.601651
1686 0.609258
1687 0.623506
1688 0.643199
1689 0.628282
1690 0.592772
1691 0.579239
1692 0.622982
1693 0.56737
1694 0.627458
1695 0.620596
1696 0.634609
1697 0.671227
1698 0.599228
1699 0.581309
1700 0.578075
1701 0.576506
1702 0.587381
1703 0.572348
1704 0.549749
1705 0.551034
1706 0.632232
1707 0.5559
1708 0.543602
1709 0.537467
1710 0.702375
1711 0.575317
1712 0.564687
1713 0.85872
1714 0.570289
1715 0.684729
1716 0.638229
1717 0.615035
1718 0.573637
1719 0.598568
1720 0.682416
1721 0.667871
1722 0.591687
1723 0.612392
1724 0.603157
1725 0.589803
1726 0.612453
1727 0.557556
1728 0.603206
1729 0.688929
1730 0.648322
1731 0.600434
1732 0.698774
1733 0.560511
1734 0.615987
1735 0.635182
1736 0.599514
1737 0.648199
1738 0.630691
1739 0.706559
1740 0.570428
1741 0.653093
1742 0.57482
1743 0.808497
1744 0.73532
1745 0.607042
1746 0.600276
1747 0.594599
1748 0.623491
1749 0.619452
1750 0.56391
1751 0.587942
1752 0.577861
1753 0.557963
1754 0.683324
1755 0.790716
1756 0.603824
1757 0.606586
1758 0.567764
1759 0.645506
1760 0.606168
1761 0.659409
1762 0.577565
1763 0.683257
1764 0.558702
1765 0.615372
1766 0.675242
1767 0.674685
1768 0.667972
1769 0.675327
1770 0.565164
1771 0.615527
1772 0.596357
1773 0.550411
1774 0.648793
1775 0.614634
1776 0.63227
1777 0.621525
1778 0.645003
1779 0.594791
1780 0.610173
1781 0.564516
1782 0.617544
1783 0.578194
1784 0.607878
1785 0.603893
1786 0.652224
1787 0.610527
1788 0.574249
1789 0.574855
1790 0.612577
1791 0.626675
1792 0.569718
1793 0.632772
1794 0.593793
1795 0.60026
1796 0.584599
1797 0.564716
1798 0.618949
1799 0.631829
1800 0.621817
1801 0.599178
1802 0.570538
1803 0.552771
1804 0.568808
1805 0.557058
1806 0.607736
1807 0.596893
1808 0.609234
1809 0.604752
1810 0.568837
1811 0.581784
1812 0.636358
1813 0.584139
1814 0.666642
1815 0.584007
1816 0.574214
1817 0.593751
1818 0.550896
1819 0.61993
1820 0.631701
1821 0.597687
1822 0.546139
1823 0.547576
1824 0.622833
1825 0.567785
1826 0.648168
1827 0.54408
1828 0.599949
1829 0.556925
1830 0.570678
1831 0.579448
1832 0.64851
1833 0.609726
1834 0.621246
1835 0.519604
1836 0.615888
1837 0.721651
1838 0.571278
1839 0.577698
1840 0.597941
1841 0.544388
1842 0.567604
1843 0.564929
1844 0.636099
1845 0.538587
1846 0.569887
1847 0.590224
1848 0.5923
1849 0.629439
1850 0.574353
1851 0.659685
1852 0.69235
1853 0.554315
1854 0.620342
1855 0.575536
1856 0.604138
1857 0.560872
1858 0.577703
1859 0.570375
1860 0.575409
1861 0.596409
1862 0.660241
1863 0.548701
1864 0.569456
1865 0.554003
1866 0.545277
1867 0.560148
1868 0.563399
1869 0.592132
1870 0.560771
1871 0.540636
1872 0.580714
1873 0.551466
1874 0.579706
1875 0.62059
1876 0.575405
1877 0.595668
1878 0.59418
1879 0.560768
1880 0.512325
1881 0.63935
1882 0.671131
1883 0.766501
1884 0.665989
1885 0.669467
1886 0.57341
1887 0.581429
1888 0.64259
1889 0.569213
1890 0.608518
1891 0.56357
1892 0.601345
1893 0.644665
1894 0.538237
1895 0.546634
1896 0.53495
1897 0.615639
1898 0.537381
1899 0.66717
1900 0.529458
1901 0.579627
1902 0.599602
1903 0.605086
1904 0.598776
1905 0.601245
1906 0.540517
1907 0.566376
1908 0.555513
1909 0.598967
1910 0.630635
1911 0.542026
1912 0.494517
1913 0.505877
1914 0.607158
1915 0.559377
1916 0.539294
1917 0.551592
1918 0.538202
1919 0.581637
1920 0.586165
1921 0.563701
1922 0.616154
1923 0.655738
1924 0.587538
1925 0.551862
1926 0.541523
1927 0.565215
1928 0.620977
1929 0.585823
1930 0.526216
1931 0.55166
1932 0.592322
1933 0.523514
1934 0.564352
1935 0.53356
1936 0.605368
1937 0.552619
1938 0.568669
1939 0.561674
1940 0.531985
1941 0.573297
1942 0.559552
1943 0.516719
1944 0.576136
1945 0.537361
1946 0.614332
1947 0.624139
1948 0.596249
1949 0.589773
1950 0.639979
1951 0.517794
1952 0.616613
1953 0.553012
1954 0.554461
1955 0.534054
1956 0.55193
1957 0.584562
1958 0.569424
1959 0.530752
1960 0.63821
1961 0.510408
1962 0.53828
1963 0.552399
1964 0.55479
1965 0.649356
1966 0.538863
1967 0.721233
1968 0.603334
1969 0.575034
1970 0.569149
1971 0.598604
1972 0.514323
1973 0.559734
1974 0.538951
1975 0.595173
1976 0.545531
1977 0.58055
1978 0.542929
1979 0.525633
1980 0.534418
1981 0.611951
1982 0.65519
1983 0.585545
1984 0.534161
1985 0.657182
1986 0.555829
1987 0.576015
1988 0.535225
1989 0.51041
1990 0.530272
1991 0.598945
1992 0.57704
1993 0.542543
1994 0.540123
1995 0.603865
1996 0.564477
1997 0.590893
1998 0.661801
1999 0.542284
2000 0.595343
2001 0.573977
2002 0.514817
2003 0.595592
2004 0.526329
2005 0.641923
2006 0.550129
2007 0.658838
2008 0.539759
2009 0.580536
2010 0.538697
2011 0.64638
2012 0.52005
2013 0.543331
2014 0.494115
2015 0.563863
2016 0.667193
2017 0.488605
2018 0.577393
2019 0.543066
2020 0.56146
2021 0.553968
2022 0.596374
2023 0.564281
2024 0.491967
2025 0.521484
2026 0.596254
2027 0.494207
2028 0.558723
2029 0.565642
2030 0.557821
2031 0.566962
2032 0.53457
2033 0.564366
2034 0.613737
2035 0.59424
2036 0.579676
2037 0.650105
2038 0.568331
2039 0.509845
2040 0.553091
2041 0.512648
2042 0.511785
2043 0.540098
2044 0.60436
2045 0.555636
2046 0.555142
2047 0.583818
2048 0.607484
2049 0.520793
2050 0.567544
2051 0.573335
2052 0.5272
2053 0.526951
2054 0.54674
2055 0.556177
2056 0.541149
2057 0.573406
2058 0.688885
2059 0.543484
2060 0.542556
2061 0.481105
2062 0.609545
2063 0.549502
2064 0.536899
2065 0.597056
2066 0.489518
2067 0.526991
2068 0.590523
2069 0.620135
2070 0.607333
2071 0.50454
2072 0.531387
2073 0.532214
2074 0.503433
2075 0.520939
2076 0.602904
2077 0.555445
2078 0.491751
2079 0.514175
2080 0.492896
2081 0.570166
2082 0.594567
2083 0.609611
2084 0.492875
2085 0.552599
2086 0.507527
2087 0.574042
2088 0.586494
2089 0.654975
2090 0.518373
2091 0.556863
2092 0.505953
2093 0.593324
2094 0.573301
2095 0.516057
2096 0.532129
2097 0.49591
2098 0.473183
2099 0.558427
2100 0.479115
2101 0.516379
2102 0.500581
2103 0.493839
2104 0.644235
2105 0.540256
2106 0.543686
2107 0.501122
2108 0.513867
2109 0.52182
2110 0.482919
2111 0.552784
2112 0.553041
2113 0.561409
2114 0.498868
2115 0.489563
2116 0.554845
2117 0.526049
2118 0.525562
2119 0.486731
2120 0.475389
2121 0.50744
2122 0.463868
2123 0.553829
2124 0.533087
2125 0.493601
2126 0.542819
2127 0.522146
2128 0.500267
2129 0.486501
2130 0.481059
2131 0.507966
2132 0.446538
2133 0.490139
2134 0.453227
2135 0.533053
2136 0.479524
2137 0.457694
2138 0.495628
2139 0.554429
2140 0.458833
2141 0.492601
2142 0.710797
2143 0.609242
2144 0.622177
2145 0.522331
2146 0.487777
2147 0.51467
2148 0.582012
2149 0.538921
2150 0.559801
2151 0.461681
2152 0.490478
2153 0.478353
2154 0.568412
2155 0.516932
2156 0.505545
2157 0.501718
2158 0.62537
2159 0.545157
2160 0.535286
2161 0.549516
2162 0.48567
2163 0.51911
2164 0.490709
2165 0.596583
2166 0.494637
2167 0.555564
2168 0.592266
2169 0.504323
2170 0.572128
2171 0.487395
2172 0.727986
2173 0.784465
2174 0.492357
2175 0.526461
2176 0.565737
2177 0.510052
2178 0.492768
2179 0.526379
2180 0.482029
2181 0.469668
2182 0.541519
2183 0.549137
2184 0.764712
2185 0.737189
2186 0.494985
2187 0.497612
2188 0.565604
2189 0.513103
2190 0.562344
2191 0.515359
2192 0.448816
2193 0.480984
2194 0.602229
2195 0.587226
2196 0.543245
2197 0.549297
2198 0.524543
2199 0.487785
2200 0.50934
2201 0.502127
2202 0.592084
2203 0.493975
2204 0.528918
2205 0.560139
2206 0.542118
2207 0.548818
2208 0.481381
2209 0.570192
2210 0.458424
2211 0.545234
2212 0.480113
2213 0.520039
2214 0.529872
2215 0.509158
2216 0.527474
2217 0.493496
2218 0.499358
2219 0.577172
2220 0.484974
2221 0.495995
2222 0.565449
2223 0.513946
2224 0.550664
2225 0.461844
2226 0.479322
2227 0.566528
2228 0.548694
2229 0.503713
2230 0.508287
2231 0.47335
2232 0.512681
2233 0.455449
2234 0.534842
2235 0.487599
2236 0.558119
2237 0.481468
2238 0.515345
2239 0.434239
2240 0.502419
2241 0.553903
2242 0.523406
2243 0.509524
2244 0.487266
2245 0.470556
2246 0.4754
2247 0.546887
2248 0.545792
2249 0.495573
2250 0.483292
2251 0.456759
2252 0.54542
2253 0.573192
2254 0.560885
2255 0.534941
2256 0.559348
2257 0.512905
2258 0.465962
2259 0.457846
2260 0.487475
2261 0.583485
2262 0.533845
2263 0.472614
2264 0.441727
2265 0.586648
2266 0.636701
2267 0.503475
2268 0.51166
2269 0.51123
2270 0.481417
2271 0.494328
2272 0.493143
2273 0.515719
2274 0.446827
2275 0.508639
2276 0.469954
2277 0.604171
2278 0.476932
2279 0.481355
2280 0.526455
2281 0.537178
2282 0.483896
2283 0.494896
2284 0.527986
2285 0.502658
2286 0.458275
2287 0.485718
2288 0.539212
2289 0.499656
2290 0.504326
2291 0.553607
2292 0.480681
2293 0.543429
2294 0.500538
2295 0.493874
2296 0.4944
2297 0.499085
2298 0.479601
2299 0.496184
2300 0.482002
2301 0.485947
2302 0.450453
2303 0.515479
2304 0.517403
2305 0.484824
2306 0.465734
2307 0.537628
2308 0.486403
2309 0.468224
2310 0.528236
2311 0.613954
2312 0.518383
2313 0.597094
2314 0.781065
2315 0.607425
2316 0.535721
2317 0.52794
2318 0.494786
2319 0.493598
2320 0.514548
2321 0.531614
2322 0.47445
2323 0.450705
2324 0.478516
2325 0.512332
2326 0.528468
2327 0.463176
2328 0.593219
2329 0.48085
2330 0.497226
2331 0.492103
2332 0.467569
2333 0.531071
2334 0.5081
2335 0.455062
2336 0.491558
2337 0.50409
2338 0.480451
2339 0.545719
2340 0.456729
2341 0.457208
2342 0.484909
2343 0.487994
2344 0.464109
2345 0.445855
2346 0.504323
2347 0.508002
2348 0.515538
2349 0.44355
2350 0.453978
2351 0.560985
2352 0.558886
2353 0.55794
2354 0.537782
2355 0.481953
2356 0.46567
2357 0.560396
2358 0.469936
2359 0.530331
2360 0.527102
2361 0.490573
2362 0.438621
2363 0.467463
2364 0.522484
2365 0.515999
2366 0.470025
2367 0.503675
2368 0.490272
2369 0.424178
2370 0.489051
2371 0.44875
2372 0.467388
2373 0.551268
2374 0.447091
2375 0.531639
2376 0.49634
2377 0.463262
2378 0.572645
2379 0.451253
2380 0.459814
2381 0.53306
2382 0.535638
2383 0.435
2384 0.487917
2385 0.518189
2386 0.53039
2387 0.503435
2388 0.470807
2389 0.495114
2390 0.448267
2391 0.463666
2392 0.468416
2393 0.531102
2394 0.524827
2395 0.465316
2396 0.652852
2397 0.499175
2398 0.484963
2399 0.618068
2400 0.482041
2401 0.452812
2402 0.45659
2403 0.470479
2404 0.496155
2405 0.508576
2406 0.491355
2407 0.454705
2408 0.435668
2409 0.460882
2410 0.517399
2411 0.564126
2412 0.539098
2413 0.42809
2414 0.497125
2415 0.464614
2416 0.470312
2417 0.434461
2418 0.457434
2419 0.516942
2420 0.435527
2421 0.446003
2422 0.458939
2423 0.443163
2424 0.522684
2425 0.449048
2426 0.560676
2427 0.524214
2428 0.466631
2429 0.512425
2430 0.516986
2431 0.474821
2432 0.47585
2433 0.461217
2434 0.472805
2435 0.524972
2436 0.533067
2437 0.479962
2438 0.473706
2439 0.521508
2440 0.50498
2441 0.456659
2442 0.427956
2443 0.424559
2444 0.481699
2445 0.476749
2446 0.428519
2447 0.550568
2448 0.476567
2449 0.460408
2450 0.494037
2451 0.575093
2452 0.430878
2453 0.457898
2454 0.457121
2455 0.455454
2456 0.44658
2457 0.508248
2458 0.426587
2459 0.481924
2460 0.548235
2461 0.539398
2462 0.523857
2463 0.434723
2464 0.527325
2465 0.520987
2466 0.536246
2467 0.462491
2468 0.476051
2469 0.460922
2470 0.454044
2471 0.496687
2472 0.458771
2473 0.547782
2474 0.508617
2475 0.472917
2476 0.539283
2477 0.490687
2478 0.517576
2479 0.451476
2480 0.447373
2481 0.457658
2482 0.456073
2483 0.456192
2484 0.411406
2485 0.460033
2486 0.51782
2487 0.545868
2488 0.48066
2489 0.436513
2490 0.474732
2491 0.530767
2492 0.487027
2493 0.444717
2494 0.550423
2495 0.466835
2496 0.500398
2497 0.469299
2498 0.462417
2499 0.497864
2500 0.422887
2501 0.444072
2502 0.458467
2503 0.437809
2504 0.461516
2505 0.457028
2506 0.518894
2507 0.460935
2508 0.490511
2509 0.41646
2510 0.477592
2511 0.524084
2512 0.482035
2513 0.426478
2514 0.468207
2515 0.456032
2516 0.48591
2517 0.527973
2518 0.512748
2519 0.435541
2520 0.481382
2521 0.405504
2522 0.495708
2523 0.518608
2524 0.422301
2525 0.435349
2526 0.477057
2527 0.435612
2528 0.446654
2529 0.44692
2530 0.488537
2531 0.403872
2532 0.462388
2533 0.457235
2534 0.422246
2535 0.450628
2536 0.481448
2537 0.431027
2538 0.458942
2539 0.447192
2540 0.443361
2541 0.431427
2542 0.412249
2543 0.43639
2544 0.42963
2545 0.487955
2546 0.439421
2547 0.477829
2548 0.404467
2549 0.431566
2550 0.447094
2551 0.440215
2552 0.450797
2553 0.474736
2554 0.471767
2555 0.509429
2556 0.430974
2557 0.45456
2558 0.440192
2559 0.395687
2560 0.408596
2561 0.399261
2562 0.439246
2563 0.446079
2564 0.432846
2565 0.382011
2566 0.405547
2567 0.427332
2568 0.426226
2569 0.401507
2570 0.535877
2571 0.437637
2572 0.588143
2573 0.498479
2574 0.45354
2575 0.411985
2576 0.433986
2577 0.536955
2578 0.475233
2579 0.410997
2580 0.405753
2581 0.421903
2582 0.411561
2583 0.407638
2584 0.433617
2585 0.432285
2586 0.537299
2587 0.521915
2588 0.453497
2589 0.470707
2590 0.450269
2591 0.415146
2592 0.455852
2593 0.451393
2594 0.515313
2595 0.455564
2596 0.460112
2597 0.513605
2598 0.427373
2599 0.504462
2600 0.429258
2601 0.566298
2602 0.583981
2603 0.395363
2604 0.421974
2605 0.45179
2606 0.442591
2607 0.412604
2608 0.414613
2609 0.424338
2610 0.417332
2611 0.438583
2612 0.442574
2613 0.450075
2614 0.444158
2615 0.407813
2616 0.412514
2617 0.455307
2618 0.426053
2619 0.439387
2620 0.440025
2621 0.402586
2622 0.435886
2623 0.467367
2624 0.48521
2625 0.453086
2626 0.45634
2627 0.419156
2628 0.441094
2629 0.411426
2630 0.435921
2631 0.468995
2632 0.440073
2633 0.451386
2634 0.479199
2635 0.423198
2636 0.454099
2637 0.423819
2638 0.472918
2639 0.428981
2640 0.437795
2641 0.429295
2642 0.471309
2643 0.452531
2644 0.446113
2645 0.469328
2646 0.397668
2647 0.439025
2648 0.502192
2649 0.419934
2650 0.425875
2651 0.44665
2652 0.460084
2653 0.485708
2654 0.416047
2655 0.410673
2656 0.519352
2657 0.453135
2658 0.425335
2659 0.385134
2660 0.396077
2661 0.441861
2662 0.4353
2663 0.464305
2664 0.45048
2665 0.448781
2666 0.431886
2667 0.421411
2668 0.402384
2669 0.450636
2670 0.468242
2671 0.528673
2672 0.457726
2673 0.466937
2674 0.385235
2675 0.411426
2676 0.50013
2677 0.414929
2678 0.425917
2679 0.422483
2680 0.415846
2681 0.38855
2682 0.520877
2683 0.46598
2684 0.461376
2685 0.428135
2686 0.390294
2687 0.405403
2688 0.461905
2689 0.449039
2690 0.488565
2691 0.417372
2692 0.438911
2693 0.459547
2694 0.476296
2695 0.532501
2696 0.419328
2697 0.430162
2698 0.398439
2699 0.420868
2700 0.421368
2701 0.475343
2702 0.392661
2703 0.385692
2704 0.434408
2705 0.389171
2706 0.470422
2707 0.409666
2708 0.41834
2709 0.57857
2710 0.428226
2711 0.422957
2712 0.386446
2713 0.436708
2714 0.443905
2715 0.423634
2716 0.398859
2717 0.459176
2718 0.434361
2719 0.514334
2720 0.446155
2721 0.402096
2722 0.425732
2723 0.396331
2724 0.444382
2725 0.433717
2726 0.435032
2727 0.446177
2728 0.402879
2729 0.438305
2730 0.427439
2731 0.399818
2732 0.505707
2733 0.432736
2734 0.447709
2735 0.423093
2736 0.456784
2737 0.39899
2738 0.425097
2739 0.446422
2740 0.521662
2741 0.485762
2742 0.48149
2743 0.458807
2744 0.421158
2745 0.554772
2746 0.434419
2747 0.426327
2748 0.441655
2749 0.426154
2750 0.493905
2751 0.379315
2752 0.372231
2753 0.432213
2754 0.463292
2755 0.392488
2756 0.470613
2757 0.45983
2758 0.398174
2759 0.419896
2760 0.454189
2761 0.413985
2762 0.437077
2763 0.444525
2764 0.4215
2765 0.431354
2766 0.408175
2767 0.453556
2768 0.435543
2769 0.358778
2770 0.400467
2771 0.407502
2772 0.43654
2773 0.391944
2774 0.44163
2775 0.39647
2776 0.463627
2777 0.470546
2778 0.431689
2779 0.44786
2780 0.435971
2781 0.524668
2782 0.411617
2783 0.435948
2784 0.421808
2785 0.469976
2786 0.408004
2787 0.394312
2788 0.414287
2789 0.420392
2790 0.390213
2791 0.385822
2792 0.403895
2793 0.417854
2794 0.420015
2795 0.38996
2796 0.524594
2797 0.39513
2798 0.390091
2799 0.387993
2800 0.378952
2801 0.43887
2802 0.414927
2803 0.450722
2804 0.456914
2805 0.486149
2806 0.401459
2807 0.433577
2808 0.423664
2809 0.395016
2810 0.455968
2811 0.45671
2812 0.392987
2813 0.468366
2814 0.426775
2815 0.536009
2816 0.375309
2817 0.406965
2818 0.384411
2819 0.382571
2820 0.437228
2821 0.386391
2822 0.408636
2823 0.440122
2824 0.400172
2825 0.484512
2826 0.414873
2827 0.41518
2828 0.491481
2829 0.383409
2830 0.41014
2831 0.396313
2832 0.458398
2833 0.401165
2834 0.471396
2835 0.457165
2836 0.358403
2837 0.391443
2838 0.376219
2839 0.514854
2840 0.56507
2841 0.546939
2842 0.425268
2843 0.411566
2844 0.431964
2845 0.412029
2846 0.386765
2847 0.400675
2848 0.420455
2849 0.390649
2850 0.414959
2851 0.392076
2852 0.41331
2853 0.491185
2854 0.419037
2855 0.489492
2856 0.402226
2857 0.489665
2858 0.404817
2859 0.378854
2860 0.417766
2861 0.423552
2862 0.381163
2863 0.406999
2864 0.465631
2865 0.455573
2866 0.467754
2867 0.46479
2868 0.472127
2869 0.462457
2870 0.416291
2871 0.361967
2872 0.399531
2873 0.41566
2874 0.478933
2875 0.391606
2876 0.468586
2877 0.44584
2878 0.391169
2879 0.417426
2880 0.465226
2881 0.373573
2882 0.410489
2883 0.436689
2884 0.37965
2885 0.40047
2886 0.410872
2887 0.378593
2888 0.463772
2889 0.39724
2890 0.417228
2891 0.455198
2892 0.452899
2893 0.425485
2894 0.488795
2895 0.459927
2896 0.365868
2897 0.36543
2898 0.418759
2899 0.432256
2900 0.429078
2901 0.386879
2902 0.446656
2903 0.46751
2904 0.450376
2905 0.449378
2906 0.387722
2907 0.454047
2908 0.420701
2909 0.377625
2910 0.439472
2911 0.455905
2912 0.424208
2913 0.438925
2914 0.353543
2915 0.526238
2916 0.435412
2917 0.435898
2918 0.364355
2919 0.452056
2920 0.436264
2921 0.448035
2922 0.49252
2923 0.372879
2924 0.422595
2925 0.439461
2926 0.502273
2927 0.463045
2928 0.356731
2929 0.378315
2930 0.44287
2931 0.368142
2932 0.369504
2933 0.476411
2934 0.446073
2935 0.414326
2936 0.4136
2937 0.371507
2938 0.43478
2939 0.428161
2940 0.465468
2941 0.42739
2942 0.36965
2943 0.381797
2944 0.403584
2945 0.430546
2946 0.518721
2947 0.373753
2948 0.440753
2949 0.357841
2950 0.399158
2951 0.440904
2952 0.406377
2953 0.41316
2954 0.388055
2955 0.382284
2956 0.357208
2957 0.421014
2958 0.394165
2959 0.395631
2960 0.396456
2961 0.441288
2962 0.388892
2963 0.350523
2964 0.401167
2965 0.402144
2966 0.388413
2967 0.377016
2968 0.450527
2969 0.396803
2970 0.375896
2971 0.377028
2972 0.406393
2973 0.396925
2974 0.41654
2975 0.399681
2976 0.369825
2977 0.361097
2978 0.397858
2979 0.381666
2980 0.437723
2981 0.381131
2982 0.366102
2983 0.424025
2984 0.394567
2985 0.38465
2986 0.383871
2987 0.349304
2988 0.334435
2989 0.348908
2990 0.369033
2991 0.354915
2992 0.393303
2993 0.344953
2994 0.342894
2995 0.35519
2996 0.376748
2997 0.372445
2998 0.341492
2999 0.511364
3000 0.378817
3001 0.450027
3002 0.42976
3003 0.389392
3004 0.371336
3005 0.362334
3006 0.393914
3007 0.402372
3008 0.347866
3009 0.357516
3010 0.384547
3011 0.361677
3012 0.406422
3013 0.380352
3014 0.376821
3015 0.510949
3016 0.455591
3017 0.405081
3018 0.430734
3019 0.35964
3020 0.446307
3021 0.413619
3022 0.360875
3023 0.443528
3024 0.370255
3025 0.4314
3026 0.486921
3027 0.406855
3028 0.393856
3029 0.492748
3030 0.495643
3031 0.418142
3032 0.384145
3033 0.401772
3034 0.376507
3035 0.403272
3036 0.376662
3037 0.354882
3038 0.370824
3039 0.372113
3040 0.4363
3041 0.612268
3042 0.559939
3043 0.374091
3044 0.346423
3045 0.389297
3046 0.375905
3047 0.396783
3048 0.369891
3049 0.385664
3050 0.351351
3051 0.403575
3052 0.472952
3053 0.383158
3054 0.409482
3055 0.390327
3056 0.413618
3057 0.454188
3058 0.377069
3059 0.400726
3060 0.453823
3061 0.406333
3062 0.394006
3063 0.385075
3064 0.418389
3065 0.376547
3066 0.387379
3067 0.365514
3068 0.400482
3069 0.380682
3070 0.400034
3071 0.40718
3072 0.366358
3073 0.393146
3074 0.377603
3075 0.381103
3076 0.434026
3077 0.395103
3078 0.387146
3079 0.37233
3080 0.393825
3081 0.455968
3082 0.375355
3083 0.380426
3084 0.411574
3085 0.440295
3086 0.449075
3087 0.393508
3088 0.345571
3089 0.355548
3090 0.379982
3091 0.399163
3092 0.426766
3093 0.371748
3094 0.408303
3095 0.403081
3096 0.377631
3097 0.385632
3098 0.431053
3099 0.417438
3100 0.491732
3101 0.370948
3102 0.388465
3103 0.377275
3104 0.368533
3105 0.403505
3106 0.372937
3107 0.377275
3108 0.388668
3109 0.3445
3110 0.412837
3111 0.408637
3112 0.385775
3113 0.411909
3114 0.391406
3115 0.386407
3116 0.365237
3117 0.361124
3118 0.41659
3119 0.401857
3120 0.411751
3121 0.331493
3122 0.339673
3123 0.453669
3124 0.391506
3125 0.404462
3126 0.384519
3127 0.373102
3128 0.384816
3129 0.364796
3130 0.409337
3131 0.352705
3132 0.369261
3133 0.414361
3134 0.348397
3135 0.41861
3136 0.357295
3137 0.396947
3138 0.426737
3139 0.342092
3140 0.376966
3141 0.34314
3142 0.396304
3143 0.350082
3144 0.348832
3145 0.360693
3146 0.400777
3147 0.360598
3148 0.437402
3149 0.376973
3150 0.376926
3151 0.386379
3152 0.354677
3153 0.37317
3154 0.401114
3155 0.378194
3156 0.358578
3157 0.369306
3158 0.441425
3159 0.339996
3160 0.347165
3161 0.380161
3162 0.347518
3163 0.407244
3164 0.391138
3165 0.373417
3166 0.333548
3167 0.377142
3168 0.469563
3169 0.468533
3170 0.460765
3171 0.474526
3172 0.334697
3173 0.415418
3174 0.412291
3175 0.336203
3176 0.440689
3177 0.396759
3178 0.389928
3179 0.400688
3180 0.335021
3181 0.362068
3182 0.348958
3183 0.387133
3184 0.341597
3185 0.433273
3186 0.379254
3187 0.379655
3188 0.396837
3189 0.464748
3190 0.411426
3191 0.381312
3192 0.350241
3193 0.386766
3194 0.372852
3195 0.344966
3196 0.429739
3197 0.425994
3198 0.328891
3199 0.339567
3200 0.375292
3201 0.369339
3202 0.337783
3203 0.358488
3204 0.429238
3205 0.371823
3206 0.391356
3207 0.380892
3208 0.39215
3209 0.494367
3210 0.370774
3211 0.376016
3212 0.362347
3213 0.384954
3214 0.374718
3215 0.369868
3216 0.364119
3217 0.379236
3218 0.40644
3219 0.320256
3220 0.361543
3221 0.332819
3222 0.404162
3223 0.392074
3224 0.357854
3225 0.338411
3226 0.347503
3227 0.344093
3228 0.327323
3229 0.315745
3230 0.403209
3231 0.408374
3232 0.448461
3233 0.414099
3234 0.364805
3235 0.36571
3236 0.40219
3237 0.341603
3238 0.406425
3239 0.330859
3240 0.42906
3241 0.398518
3242 0.329707
3243 0.461915
3244 0.40383
3245 0.323645
3246 0.40295
3247 0.328091
3248 0.362117
3249 0.357441
3250 0.358725
3251 0.418164
3252 0.353925
3253 0.434342
3254 0.351045
3255 0.380062
3256 0.368884
3257 0.44322
3258 0.379696
3259 0.318511
3260 0.352709
3261 0.392927
3262 0.346548
3263 0.389887
3264 0.377312
3265 0.372952
3266 0.348487
3267 0.334097
3268 0.402455
3269 0.411959
3270 0.383932
3271 0.413026
3272 0.375113
3273 0.361054
3274 0.333476
3275 0.35467
3276 0.362541
3277 0.34597
3278 0.321628
3279 0.369608
3280 0.35977
3281 0.430135
3282 0.410416
3283 0.354581
3284 0.42863
3285 0.339054
3286 0.401947
3287 0.362348
3288 0.349683
3289 0.385293
3290 0.344562
3291 0.406665
3292 0.362913
3293 0.429594
3294 0.348334
3295 0.378033
3296 0.411677
3297 0.424225
3298 0.40115
3299 0.355431
3300 0.320709
3301 0.364026
3302 0.400532
3303 0.333702
3304 0.384697
3305 0.402505
3306 0.372381
3307 0.404463
3308 0.385737
3309 0.379533
3310 0.329617
3311 0.334781
3312 0.355909
3313 0.363616
3314 0.383665
3315 0.370602
3316 0.374277
3317 0.387806
3318 0.373545
3319 0.366519
3320 0.475451
3321 0.392623
3322 0.371639
3323 0.431435
3324 0.388757
3325 0.333841
3326 0.381798
3327 0.392764
3328 0.342329
3329 0.3717
3330 0.350716
3331 0.397427
3332 0.365429
3333 0.403494
3334 0.457709
3335 0.381249
3336 0.375678
3337 0.341502
3338 0.320244
3339 0.359677
3340 0.379975
3341 0.352278
3342 0.311499
3343 0.366517
3344 0.505673
3345 0.346927
3346 0.360141
3347 0.329035
3348 0.429064
3349 0.387335
3350 0.341282
3351 0.396017
3352 0.352037
3353 0.340095
3354 0.356636
3355 0.397687
3356 0.361072
3357 0.338256
3358 0.337325
3359 0.307946
3360 0.322167
3361 0.350275
3362 0.396684
3363 0.359471
3364 0.344325
3365 0.359267
3366 0.338082
3367 0.399336
3368 0.353738
3369 0.411794
3370 0.322029
3371 0.350187
3372 0.319243
3373 0.373415
3374 0.38125
3375 0.423631
3376 0.366705
3377 0.350079
3378 0.329374
3379 0.36265
3380 0.439523
3381 0.353884
3382 0.357594
3383 0.351839
3384 0.314912
3385 0.327106
3386 0.323001
3387 0.366926
3388 0.335328
3389 0.332498
3390 0.343718
3391 0.335553
3392 0.350939
3393 0.373234
3394 0.352906
3395 0.362612
3396 0.328637
3397 0.379942
3398 0.375111
3399 0.322224
3400 0.350943
3401 0.335117
3402 0.34591
3403 0.366392
3404 0.350937
3405 0.324603
3406 0.330637
3407 0.374555
3408 0.307926
3409 0.340457
3410 0.369389
3411 0.3252
3412 0.393174
3413 0.34884
3414 0.347
3415 0.343769
3416 0.32025
3417 0.330206
3418 0.316932
3419 0.314899
3420 0.326397
3421 0.326829
3422 0.294465
3423 0.313981
3424 0.304469
3425 0.331923
3426 0.315613
3427 0.325519
3428 0.437522
3429 0.450048
3430 0.397449
3431 0.373236
3432 0.340659
3433 0.372942
3434 0.333744
3435 0.356558
3436 0.36556
3437 0.323681
3438 0.317363
3439 0.338693
3440 0.366381
3441 0.337666
3442 0.337046
3443 0.325231
3444 0.397114
3445 0.370098
3446 0.338217
3447 0.416862
3448 0.314603
3449 0.335312
3450 0.363217
3451 0.369715
3452 0.3443
3453 0.359805
3454 0.44034
3455 0.321338
3456 0.344586
3457 0.331126
3458 0.469099
3459 0.438338
3460 0.371455
3461 0.36221
3462 0.372186
3463 0.379395
3464 0.324541
3465 0.380954
3466 0.317917
3467 0.304909
3468 0.325351
3469 0.354112
3470 0.508641
3471 0.378153
3472 0.366269
3473 0.31457
3474 0.384789
3475 0.369036
3476 0.364143
3477 0.318464
3478 0.346168
3479 0.320323
3480 0.357495
3481 0.417399
3482 0.325817
3483 0.346083
3484 0.326596
3485 0.347916
3486 0.370229
3487 0.356218
3488 0.325355
3489 0.343309
3490 0.384663
3491 0.37228
3492 0.383736
3493 0.299232
3494 0.353417
3495 0.35148
3496 0.294586
3497 0.36911
3498 0.334002
3499 0.372394
3500 0.328946
3501 0.345036
3502 0.363766
3503 0.317365
3504 0.362004
3505 0.343259
3506 0.325424
3507 0.311653
3508 0.381458
3509 0.344822
3510 0.334262
3511 0.333705
3512 0.307509
3513 0.375496
3514 0.349086
3515 0.361081
3516 0.314752
3517 0.324318
3518 0.294726
3519 0.321375
3520 0.329247
3521 0.338496
3522 0.371258
3523 0.334297
3524 0.342948
3525 0.326648
3526 0.306114
3527 0.350011
3528 0.341453
3529 0.384954
3530 0.372848
3531 0.33665
3532 0.289997
3533 0.347333
3534 0.346642
3535 0.362642
3536 0.309412
3537 0.299999
3538 0.324699
3539 0.378412
3540 0.342789
3541 0.36259
3542 0.323524
3543 0.317683
3544 0.284049
3545 0.324029
3546 0.349785
3547 0.339908
3548 0.364244
3549 0.347866
3550 0.308883
3551 0.395594
3552 0.379831
3553 0.334211
3554 0.33658
3555 0.358229
3556 0.302544
3557 0.310455
3558 0.306977
3559 0.392257
3560 0.291806
3561 0.361716
3562 0.290223
3563 0.367322
3564 0.317109
3565 0.292254
3566 0.387743
3567 0.325321
3568 0.341441
3569 0.322708
3570 0.37791
3571 0.322791
3572 0.307417
3573 0.310228
3574 0.349091
3575 0.348326
3576 0.332086
3577 0.355726
3578 0.306802
3579 0.296619
3580 0.312901
3581 0.342675
3582 0.358989
3583 0.311006
3584 0.360494
3585 0.301181
3586 0.334818
3587 0.355749
3588 0.31204
3589 0.333788
3590 0.414384
3591 0.333508
3592 0.344492
3593 0.359144
3594 0.314437
3595 0.312051
3596 0.321621
3597 0.440695
3598 0.387071
3599 0.34301
3600 0.35983
3601 0.292718
3602 0.370734
3603 0.348186
3604 0.314548
3605 0.356588
3606 0.383126
3607 0.401464
3608 0.312934
3609 0.306957
3610 0.305201
3611 0.355611
3612 0.343962
3613 0.305307
3614 0.41199
3615 0.330706
3616 0.376805
3617 0.322947
3618 0.389544
3619 0.390446
3620 0.338299
3621 0.316826
3622 0.330057
3623 0.31944
3624 0.341065
3625 0.359551
3626 0.303765
3627 0.305692
3628 0.344407
3629 0.345263
3630 0.297267
3631 0.326649
3632 0.297204
3633 0.340638
3634 0.388942
3635 0.372074
3636 0.313192
3637 0.365987
3638 0.357119
3639 0.363369
3640 0.405464
3641 0.317911
3642 0.33314
3643 0.371855
3644 0.347825
3645 0.3147
3646 0.353912
3647 0.371432
3648 0.291103
3649 0.293773
3650 0.306163
3651 0.35678
3652 0.322392
3653 0.335228
3654 0.330807
3655 0.287073
3656 0.32356
3657 0.296648
3658 0.289403
3659 0.381059
3660 0.300696
3661 0.351617
3662 0.359214
3663 0.299467
3664 0.344106
3665 0.333427
3666 0.34073
3667 0.372906
3668 0.386282
3669 0.322608
3670 0.332104
3671 0.314512
3672 0.339404
3673 0.337164
3674 0.346432
3675 0.336161
3676 0.309519
3677 0.32709
3678 0.314184
3679 0.315824
3680 0.403083
3681 0.34408
3682 0.358128
3683 0.324278
3684 0.309786
3685 0.344609
3686 0.349918
3687 0.299111
3688 0.293556
3689 0.334825
3690 0.333225
3691 0.355104
3692 0.37984
3693 0.292617
3694 0.290065
3695 0.289923
3696 0.338229
3697 0.391655
3698 0.459522
3699 0.323364
3700 0.31393
3701 0.39651
3702 0.310842
3703 0.361441
3704 0.320475
3705 0.344687
3706 0.319198
3707 0.329274
3708 0.33863
3709 0.30563
3710 0.379767
3711 0.319641
3712 0.342988
3713 0.404261
3714 0.347269
3715 0.341028
3716 0.346032
3717 0.341529
3718 0.360566
3719 0.309915
3720 0.325668
3721 0.386398
3722 0.425745
3723 0.318089
3724 0.361106
3725 0.357913
3726 0.360343
3727 0.305099
3728 0.280567
3729 0.343255
3730 0.314964
3731 0.321178
3732 0.294257
3733 0.333237
3734 0.383494
3735 0.310613
3736 0.34142
3737 0.448317
3738 0.282633
3739 0.322807
3740 0.32444
3741 0.315347
3742 0.30237
3743 0.328497
3744 0.303122
3745 0.331431
3746 0.333895
3747 0.290558
3748 0.334064
3749 0.307769
3750 0.337548
3751 0.377034
3752 0.405805
3753 0.335864
3754 0.289721
3755 0.361023
3756 0.29933
3757 0.324636
3758 0.292102
3759 0.387617
3760 0.329109
3761 0.312863
3762 0.344751
3763 0.375822
3764 0.370625
3765 0.318869
3766 0.2947
3767 0.308668
3768 0.356465
3769 0.376562
3770 0.315229
3771 0.353531
3772 0.375141
3773 0.39646
3774 0.341053
3775 0.317542
3776 0.289849
3777 0.426066
3778 0.327528
3779 0.295033
3780 0.419649
3781 0.310581
3782 0.333452
3783 0.312251
3784 0.329701
3785 0.372557
3786 0.325178
3787 0.355078
3788 0.325486
3789 0.293804
3790 0.367277
3791 0.35928
3792 0.336717
3793 0.295306
3794 0.32082
3795 0.298863
3796 0.349009
3797 0.367119
3798 0.307728
3799 0.331599
3800 0.292928
3801 0.316183
3802 0.344052
3803 0.36364
3804 0.375459
3805 0.300553
3806 0.322667
3807 0.289365
3808 0.368201
3809 0.325001
3810 0.346484
3811 0.308264
3812 0.313134
3813 0.308879
3814 0.2949
3815 0.307416
3816 0.328583
3817 0.290337
3818 0.32233
3819 0.350882
3820 0.291583
3821 0.305913
3822 0.373153
3823 0.311241
3824 0.320917
3825 0.336208
3826 0.307173
3827 0.297962
3828 0.299948
3829 0.293711
3830 0.331431
3831 0.335024
3832 0.339686
3833 0.339559
3834 0.280674
3835 0.290675
3836 0.319212
3837 0.298806
3838 0.324885
3839 0.317807
3840 0.303783
3841 0.313288
3842 0.324666
3843 0.303391
3844 0.303179
3845 0.281924
3846 0.34073
3847 0.297492
3848 0.279087
3849 0.309083
3850 0.271939
3851 0.255951
3852 0.294717
3853 0.310246
3854 0.316342
3855 0.271532
3856 0.355778
3857 0.300724
3858 0.397296
3859 0.329579
3860 0.302529
3861 0.303427
3862 0.293136
3863 0.331599
3864 0.31061
3865 0.290145
3866 0.28342
3867 0.281314
3868 0.28268
3869 0.308988
3870 0.289199
3871 0.289842
3872 0.366677
3873 0.325467
3874 0.347177
3875 0.361036
3876 0.328545
3877 0.294139
3878 0.350928
3879 0.297552
3880 0.343271
3881 0.27852
3882 0.310412
3883 0.34719
3884 0.300443
3885 0.326911
3886 0.307353
3887 0.426895
3888 0.440583
3889 0.290727
3890 0.327481
3891 0.322643
3892 0.322553
3893 0.266565
3894 0.298767
3895 0.312538
3896 0.288008
3897 0.340386
3898 0.336198
3899 0.318079
3900 0.298472
3901 0.277449
3902 0.301791
3903 0.328318
3904 0.328665
3905 0.334841
3906 0.312608
3907 0.281036
3908 0.292834
3909 0.351102
3910 0.307651
3911 0.305361
3912 0.313204
3913 0.31002
3914 0.309372
3915 0.30369
3916 0.298917
3917 0.345497
3918 0.298807
3919 0.305084
3920 0.319099
3921 0.334101
3922 0.300113
3923 0.313978
3924 0.29426
3925 0.297976
3926 0.308512
3927 0.302841
3928 0.29618
3929 0.307793
3930 0.324128
3931 0.343225
3932 0.284322
3933 0.31885
3934 0.333763
3935 0.285294
3936 0.283365
3937 0.320904
3938 0.28691
3939 0.308862
3940 0.295871
3941 0.321081
3942 0.336055
3943 0.340153
3944 0.30161
3945 0.289185
3946 0.283822
3947 0.299859
3948 0.274259
3949 0.351185
3950 0.324239
3951 0.304808
3952 0.319178
3953 0.296411
3954 0.274539
3955 0.315466
3956 0.32712
3957 0.3743
3958 0.294263
3959 0.328734
3960 0.297938
3961 0.278667
3962 0.355914
3963 0.314095
3964 0.29361
3965 0.325291
3966 0.273995
3967 0.304001
3968 0.33074
3969 0.297942
3970 0.363635
3971 0.303712
3972 0.319577
3973 0.284562
3974 0.310647
3975 0.33692
3976 0.285031
3977 0.299873
3978 0.304437
3979 0.300463
3980 0.304753
3981 0.369897
3982 0.32664
3983 0.304431
3984 0.306088
3985 0.288765
3986 0.30693
3987 0.325339
3988 0.286439
3989 0.270212
3990 0.297064
3991 0.264247
3992 0.378848
3993 0.277453
3994 0.293044
3995 0.36541
3996 0.411065
3997 0.291944
3998 0.277327
3999 0.285354
4000 0.314968
4001 0.259726
4002 0.291218
4003 0.346871
4004 0.325263
4005 0.338254
4006 0.334808
4007 0.320188
4008 0.3212
4009 0.260682
4010 0.327625
4011 0.312084
4012 0.293862
4013 0.288732
4014 0.275084
4015 0.319404
4016 0.309956
4017 0.258251
4018 0.413059
4019 0.294735
4020 0.342224
4021 0.277677
4022 0.304677
4023 0.277909
4024 0.265628
4025 0.360016
4026 0.392011
4027 0.341432
4028 0.318818
4029 0.323394
4030 0.29635
4031 0.393076
4032 0.271237
4033 0.298987
4034 0.32579
4035 0.28678
4036 0.294629
4037 0.288894
4038 0.252615
4039 0.280304
4040 0.320313
4041 0.269053
4042 0.339682
4043 0.296447
4044 0.267498
4045 0.27266
4046 0.305032
4047 0.350572
4048 0.301484
4049 0.281003
4050 0.298087
4051 0.276512
4052 0.299381
4053 0.36773
4054 0.289791
4055 0.270662
4056 0.253605
4057 0.294653
4058 0.318236
4059 0.278069
4060 0.326731
4061 0.307188
4062 0.287444
4063 0.30775
4064 0.295779
4065 0.323724
4066 0.341936
4067 0.314966
4068 0.267491
4069 0.30942
4070 0.297099
4071 0.304907
4072 0.328855
4073 0.292618
4074 0.288623
4075 0.260424
4076 0.259422
4077 0.310672
4078 0.292679
4079 0.334145
4080 0.305582
4081 0.313007
4082 0.293808
4083 0.272548
4084 0.259627
4085 0.281426
4086 0.256315
4087 0.311501
4088 0.310627
4089 0.335419
4090 0.327459
4091 0.353094
4092 0.258408
4093 0.335379
4094 0.299537
4095 0.276603
4096 0.336703
4097 0.321143
4098 0.279215
4099 0.290693
4100 0.295593
4101 0.344964
4102 0.259468
4103 0.301095
4104 0.271772
4105 0.290605
4106 0.311597
4107 0.301652
4108 0.304404
4109 0.350781
4110 0.273777
4111 0.338667
4112 0.305857
4113 0.295817
4114 0.35065
4115 0.267227
4116 0.26676
4117 0.285719
4118 0.320883
4119 0.282398
4120 0.318695
4121 0.293521
4122 0.271647
4123 0.263159
4124 0.294996
4125 0.345145
4126 0.3854
4127 0.374923
4128 0.323251
4129 0.314733
4130 0.321428
4131 0.264428
4132 0.265245
4133 0.284041
4134 0.327294
4135 0.274645
4136 0.277297
4137 0.270538
4138 0.256049
4139 0.32325
4140 0.28309
4141 0.366037
4142 0.319725
4143 0.338013
4144 0.274688
4145 0.299894
4146 0.294439
4147 0.31702
4148 0.312648
4149 0.321488
4150 0.307435
4151 0.300174
4152 0.295928
4153 0.34624
4154 0.32059
4155 0.372055
4156 0.264245
4157 0.289179
4158 0.297276
4159 0.283221
4160 0.294448
4161 0.26899
4162 0.316338
4163 0.278468
4164 0.276565
4165 0.282789
4166 0.383139
4167 0.275216
4168 0.286564
4169 0.291566
4170 0.274283
4171 0.285544
4172 0.271328
4173 0.272548
4174 0.341594
4175 0.301538
4176 0.303006
4177 0.306291
4178 0.283394
4179 0.352495
4180 0.348165
4181 0.360456
4182 0.281058
4183 0.273837
4184 0.312668
4185 0.282529
4186 0.309943
4187 0.276533
4188 0.432469
4189 0.298579
4190 0.30215
4191 0.351268
4192 0.277835
4193 0.360185
4194 0.29063
4195 0.246183
4196 0.298125
4197 0.272332
4198 0.301545
4199 0.277163
4200 0.273651
4201 0.343339
4202 0.335549
4203 0.289288
4204 0.264599
4205 0.321642
4206 0.333209
4207 0.313342
4208 0.323119
4209 0.307198
4210 0.267384
4211 0.30882
4212 0.298419
4213 0.316987
4214 0.2542
4215 0.301694
4216 0.295362
4217 0.273334
4218 0.267118
4219 0.343038
4220 0.273417
4221 0.319072
4222 0.249099
4223 0.298484
4224 0.286654
4225 0.299076
4226 0.307879
4227 0.288188
4228 0.261736
4229 0.243948
4230 0.277756
4231 0.302978
4232 0.3595
4233 0.309622
4234 0.310147
4235 0.251667
4236 0.28378
4237 0.309758
4238 0.310839
4239 0.258598
4240 0.277964
4241 0.305898
4242 0.254083
4243 0.310803
4244 0.28251
4245 0.326592
4246 0.239121
4247 0.299056
4248 0.262602
4249 0.284633
4250 0.312587
4251 0.316782
4252 0.299724
4253 0.248707
4254 0.287609
4255 0.280141
4256 0.270083
4257 0.264904
4258 0.28988
4259 0.254477
4260 0.322183
4261 0.303447
4262 0.293706
4263 0.256809
4264 0.291257
4265 0.262779
4266 0.317122
4267 0.282819
4268 0.288002
4269 0.278291
4270 0.318624
4271 0.266916
4272 0.281884
4273 0.260528
4274 0.24905
4275 0.267606
4276 0.241523
4277 0.265724
4278 0.303511
4279 0.254943
4280 0.24368
4281 0.256732
4282 0.259489
4283 0.265219
4284 0.250771
4285 0.400816
4286 0.234346
4287 0.345027
4288 0.305801
4289 0.28066
4290 0.277043
4291 0.305036
4292 0.256581
4293 0.279454
4294 0.259042
4295 0.292306
4296 0.284948
4297 0.28899
4298 0.278943
4299 0.267538
4300 0.247894
4301 0.378327
4302 0.308904
4303 0.247347
4304 0.345995
4305 0.239728
4306 0.270148
4307 0.300731
4308 0.245945
4309 0.30063
4310 0.277182
4311 0.358965
4312 0.289217
4313 0.294139
4314 0.242154
4315 0.3227
4316 0.393531
4317 0.324832
4318 0.291117
4319 0.279
4320 0.289715
4321 0.287821
4322 0.255804
4323 0.259126
4324 0.277472
4325 0.274679
4326 0.312147
4327 0.379703
4328 0.269366
4329 0.2393
4330 0.256378
4331 0.260355
4332 0.287644
4333 0.318392
4334 0.249304
4335 0.263519
4336 0.269808
4337 0.289006
4338 0.37998
4339 0.274831
4340 0.314008
4341 0.307537
4342 0.258538
4343 0.293784
4344 0.270551
4345 0.296427
4346 0.284693
4347 0.291115
4348 0.263852
4349 0.30438
4350 0.275811
4351 0.281962
4352 0.266907
4353 0.264935
4354 0.310283
4355 0.253799
4356 0.273278
4357 0.277232
4358 0.278296
4359 0.311542
4360 0.273247
4361 0.260417
4362 0.313272
4363 0.291186
4364 0.251612
4365 0.274997
4366 0.260405
4367 0.32727
4368 0.280437
4369 0.26338
4370 0.273736
4371 0.340498
4372 0.283274
4373 0.306731
4374 0.259435
4375 0.243788
4376 0.258646
4377 0.256521
4378 0.302402
4379 0.271708
4380 0.275054
4381 0.277049
4382 0.299137
4383 0.287568
4384 0.349229
4385 0.302184
4386 0.317133
4387 0.287357
4388 0.285446
4389 0.250426
4390 0.265487
4391 0.27606
4392 0.270763
4393 0.271395
4394 0.244447
4395 0.239485
4396 0.274981
4397 0.307797
4398 0.295184
4399 0.289971
4400 0.383317
4401 0.275515
4402 0.26322
4403 0.276416
4404 0.303792
4405 0.274136
4406 0.278627
4407 0.236565
4408 0.260369
4409 0.316965
4410 0.28229
4411 0.256161
4412 0.297321
4413 0.266909
4414 0.278223
4415 0.254062
4416 0.288116
4417 0.242551
4418 0.26751
4419 0.259603
4420 0.257985
4421 0.323528
4422 0.2619
4423 0.326625
4424 0.300939
4425 0.264222
4426 0.266931
4427 0.241924
4428 0.290357
4429 0.256611
4430 0.27337
4431 0.263261
4432 0.287955
4433 0.306034
4434 0.270043
4435 0.303586
4436 0.250143
4437 0.290088
4438 0.258685
4439 0.259441
4440 0.260199
4441 0.256146
4442 0.272072
4443 0.262274
4444 0.2954
4445 0.269047
4446 0.270871
4447 0.346652
4448 0.297159
4449 0.276727
4450 0.275142
4451 0.280589
4452 0.238186
4453 0.279009
4454 0.348742
4455 0.354928
4456 0.338018
4457 0.316055
4458 0.284471
4459 0.255159
4460 0.279412
4461 0.285798
4462 0.30566
4463 0.254338
4464 0.28372
4465 0.291929
4466 0.24226
4467 0.25984
4468 0.239618
4469 0.27374
4470 0.257283
4471 0.307226
4472 0.312994
4473 0.272222
4474 0.253783
4475 0.313226
4476 0.321606
4477 0.308596
4478 0.264347
4479 0.312626
4480 0.290474
4481 0.271652
4482 0.307955
4483 0.25265
4484 0.250742
4485 0.255702
4486 0.282666
4487 0.259234
4488 0.280469
4489 0.251627
4490 0.271394
4491 0.308426
4492 0.283066
4493 0.263379
4494 0.29301
4495 0.31072
4496 0.333223
4497 0.30544
4498 0.269533
4499 0.243824
4500 0.261032
4501 0.30888
4502 0.247345
4503 0.280083
4504 0.281828
4505 0.239546
4506 0.243394
4507 0.253968
4508 0.324033
4509 0.276878
4510 0.244326
4511 0.293108
4512 0.24288
4513 0.274158
4514 0.247068
4515 0.235592
4516 0.319095
4517 0.333822
4518 0.342125
4519 0.287666
4520 0.258444
4521 0.274537
4522 0.283087
4523 0.275449
4524 0.265182
4525 0.279406
4526 0.313798
4527 0.251677
4528 0.26292
4529 0.324981
4530 0.292134
4531 0.235084
4532 0.301167
4533 0.244744
4534 0.269541
4535 0.291819
4536 0.292714
4537 0.335041
4538 0.296053
4539 0.307155
4540 0.296063
4541 0.271912
4542 0.267237
4543 0.293834
4544 0.287348
4545 0.27735
4546 0.255595
4547 0.281028
4548 0.256068
4549 0.295928
4550 0.262714
4551 0.231734
4552 0.255166
4553 0.257182
4554 0.270845
4555 0.369451
4556 0.253114
4557 0.269392
4558 0.300856
4559 0.307092
4560 0.263521
4561 0.243729
4562 0.243707
4563 0.295093
4564 0.253347
4565 0.263191
4566 0.28927
4567 0.286669
4568 0.251113
4569 0.262076
4570 0.30273
4571 0.263727
4572 0.292587
4573 0.277875
4574 0.254466
4575 0.304513
4576 0.235077
4577 0.255796
4578 0.278702
4579 0.315705
4580 0.291387
4581 0.30854
4582 0.268391
4583 0.332605
4584 0.265252
4585 0.28432
4586 0.256566
4587 0.250684
4588 0.302079
4589 0.255343
4590 0.349646
4591 0.288721
4592 0.270349
4593 0.250725
4594 0.262324
4595 0.307814
4596 0.278014
4597 0.259842
4598 0.270102
4599 0.23831
4600 0.278477
4601 0.261279
4602 0.312376
4603 0.29563
4604 0.300031
4605 0.236846
4606 0.30416
4607 0.278688
4608 0.296947
4609 0.318275
4610 0.27291
4611 0.266407
4612 0.265916
4613 0.250419
4614 0.234599
4615 0.27214
4616 0.27882
4617 0.339807
4618 0.284188
4619 0.280998
4620 0.314427
4621 0.274167
4622 0.309455
4623 0.268429
4624 0.249124
4625 0.236626
4626 0.265368
4627 0.308407
4628 0.242295
4629 0.255417
4630 0.345839
4631 0.250954
4632 0.250643
4633 0.228262
4634 0.327415
4635 0.295305
4636 0.238646
4637 0.337012
4638 0.243655
4639 0.254913
4640 0.295464
4641 0.385599
4642 0.322558
4643 0.278993
4644 0.290869
4645 0.279992
4646 0.23582
4647 0.256517
4648 0.340655
4649 0.314007
4650 0.268365
4651 0.232627
4652 0.234515
4653 0.254176
4654 0.248976
4655 0.292944
4656 0.269147
4657 0.244935
4658 0.241817
4659 0.258238
4660 0.288431
4661 0.296633
4662 0.27431
4663 0.302467
4664 0.246359
4665 0.253728
4666 0.320832
4667 0.277827
4668 0.280918
4669 0.2636
4670 0.239947
4671 0.26979
4672 0.250469
4673 0.241059
4674 0.241647
4675 0.264621
4676 0.356053
4677 0.250009
4678 0.255797
4679 0.267045
4680 0.284061
4681 0.275168
4682 0.223744
4683 0.259052
4684 0.240203
4685 0.25294
4686 0.253761
4687 0.259286
4688 0.263177
4689 0.244354
4690 0.272979
4691 0.260044
4692 0.239816
4693 0.26786
4694 0.221505
4695 0.274228
4696 0.30041
4697 0.244879
4698 0.288769
4699 0.240172
4700 0.23592
4701 0.256761
4702 0.227882
4703 0.235331
4704 0.257834
4705 0.245814
4706 0.238592
4707 0.265211
4708 0.219146
4709 0.215933
4710 0.245377
4711 0.257463
4712 0.215255
4713 0.24663
4714 0.331398
4715 0.350215
4716 0.319652
4717 0.242024
4718 0.2476
4719 0.259972
4720 0.274261
4721 0.279524
4722 0.293891
4723 0.269437
4724 0.232277
4725 0.259432
4726 0.270469
4727 0.251521
4728 0.244072
4729 0.264076
4730 0.34312
4731 0.265431
4732 0.254912
4733 0.34688
4734 0.23421
4735 0.271203
4736 0.305531
4737 0.265564
4738 0.317148
4739 0.260427
4740 0.359724
4741 0.245638
4742 0.33038
4743 0.252487
4744 0.29605
4745 0.297875
4746 0.258069
4747 0.237133
4748 0.26153
4749 0.286067
4750 0.244997
4751 0.265383
4752 0.239512
4753 0.209325
4754 0.241949
4755 0.266143
4756 0.433449
4757 0.270722
4758 0.273802
4759 0.257033
4760 0.288019
4761 0.257143
4762 0.308068
4763 0.240391
4764 0.285394
4765 0.237548
4766 0.28346
4767 0.330312
4768 0.240462
4769 0.298892
4770 0.26211
4771 0.257229
4772 0.257448
4773 0.227563
4774 0.268103
4775 0.258999
4776 0.266174
4777 0.252792
4778 0.236562
4779 0.250792
4780 0.246419
4781 0.275867
4782 0.254824
4783 0.280224
4784 0.247444
4785 0.257471
4786 0.245038
4787 0.263554
4788 0.277017
4789 0.250088
4790 0.278894
4791 0.260626
4792 0.245902
4793 0.212766
4794 0.257647
4795 0.258407
4796 0.253846
4797 0.230851
4798 0.217293
4799 0.292122
4800 0.263204
4801 0.260719
4802 0.255429
4803 0.242798
4804 0.249427
4805 0.236988
4806 0.230196
4807 0.250722
4808 0.24297
4809 0.250871
4810 0.251398
4811 0.217412
4812 0.23101
4813 0.272151
4814 0.241012
4815 0.28403
4816 0.307272
4817 0.250661
4818 0.239945
4819 0.251289
4820 0.253947
4821 0.263896
4822 0.262897
4823 0.238637
4824 0.229029
4825 0.283641
4826 0.241852
4827 0.27431
4828 0.276313
4829 0.239268
4830 0.220923
4831 0.236151
4832 0.231537
4833 0.229174
4834 0.269449
4835 0.245471
4836 0.239648
4837 0.240113
4838 0.349645
4839 0.236535
4840 0.256635
4841 0.296844
4842 0.26477
4843 0.242874
4844 0.270786
4845 0.296553
4846 0.236004
4847 0.251132
4848 0.250482
4849 0.258994
4850 0.26723
4851 0.220219
4852 0.263531
4853 0.311903
4854 0.241131
4855 0.244421
4856 0.289342
4857 0.242634
4858 0.231199
4859 0.277324
4860 0.266433
4861 0.268504
4862 0.241708
4863 0.331496
4864 0.239024
4865 0.240844
4866 0.241966
4867 0.254702
4868 0.240127
4869 0.258504
4870 0.245983
4871 0.252338
4872 0.257351
4873 0.294557
4874 0.243857
4875 0.253105
4876 0.259113
4877 0.266121
4878 0.244054
4879 0.227361
4880 0.258674
4881 0.218278
4882 0.262388
4883 0.296356
4884 0.337293
4885 0.273039
4886 0.273534
4887 0.25027
4888 0.247816
4889 0.276378
4890 0.236556
4891 0.249324
4892 0.273104
4893 0.255401
4894 0.289752
4895 0.229031
4896 0.269817
4897 0.213339
4898 0.30508
4899 0.235768
4900 0.356895
4901 0.219425
4902 0.246363
4903 0.239921
4904 0.291059
4905 0.273245
4906 0.221836
4907 0.230863
4908 0.25675
4909 0.227068
4910 0.240505
4911 0.26084
4912 0.227216
4913 0.220203
4914 0.235994
4915 0.258114
4916 0.25201
4917 0.239715
4918 0.224931
4919 0.2245
4920 0.26398
4921 0.265837
4922 0.227451
4923 0.300535
4924 0.29534
4925 0.268307
4926 0.252748
4927 0.227175
4928 0.247813
4929 0.26885
4930 0.248776
4931 0.242002
4932 0.262957
4933 0.262518
4934 0.245182
4935 0.225815
4936 0.223507
4937 0.225554
4938 0.250388
4939 0.234706
4940 0.279258
4941 0.2218
4942 0.252909
4943 0.239525
4944 0.209985
4945 0.258988
4946 0.247563
4947 0.262578
4948 0.255102
4949 0.255007
4950 0.25942
4951 0.27653
4952 0.244621
4953 0.306133
4954 0.296526
4955 0.219729
4956 0.232338
4957 0.241458
4958 0.296707
4959 0.263806
4960 0.226203
4961 0.257129
4962 0.26303
4963 0.260885
4964 0.257332
4965 0.243494
4966 0.297524
4967 0.217426
4968 0.248612
4969 0.259598
4970 0.218392
4971 0.29863
4972 0.272566
4973 0.217894
4974 0.21229
4975 0.237236
4976 0.275503
4977 0.236626
4978 0.268238
4979 0.227582
4980 0.239802
4981 0.228774
4982 0.240574
4983 0.268278
4984 0.310588
4985 0.208513
4986 0.235469
4987 0.26487
4988 0.282136
4989 0.209016
4990 0.244669
4991 0.268606
4992 0.235188
4993 0.223541
4994 0.255361
4995 0.223887
4996 0.30391
4997 0.250334
4998 0.262611
4999 0.297732
5000 0.263751
