0 4.44057
1 13.9959
2 9.6858
3 4.82665
4 3.02814
5 2.58207
6 2.54002
7 2.12515
8 1.86909
9 1.91955
10 1.80519
11 1.92431
12 1.64564
13 1.57049
14 1.81586
15 1.68543
16 1.81044
17 1.92761
18 1.63909
19 1.68097
20 1.75319
21 1.71855
22 1.58732
23 1.57541
24 1.64064
25 1.79894
26 1.70298
27 1.5736
28 1.97805
29 1.84053
30 1.86973
31 1.51455
32 1.46463
33 1.59546
34 1.50875
35 1.47548
36 1.31267
37 1.47931
38 1.29248
39 1.47829
40 1.30719
41 1.29077
42 1.23686
43 1.22721
44 1.47001
45 1.29302
46 1.2977
47 1.28885
48 1.30205
49 1.27388
50 1.3628
51 1.64001
52 1.42094
53 1.27696
54 1.26958
55 1.23923
56 1.43727
57 1.32057
58 1.39033
59 1.56472
60 1.38007
61 1.43103
62 1.67849
63 1.78742
64 1.3442
65 1.36068
66 1.27038
67 1.32531
68 1.43502
69 1.32706
70 1.48512
71 1.3666
72 1.57701
73 1.40705
74 1.51568
75 1.52466
76 1.63205
77 1.33285
78 1.19783
79 1.29799
80 1.26986
81 1.28272
82 1.27667
83 1.31893
84 1.43812
85 1.32409
86 1.33594
87 1.14426
88 1.22811
89 1.1783
90 1.3539
91 1.31968
92 1.31396
93 1.3903
94 1.37105
95 1.34005
96 1.21993
97 1.27745
98 1.33432
99 1.35045
100 1.35464
101 1.14988
102 1.1713
103 1.09019
104 1.25925
105 1.2045
106 1.23911
107 1.30559
108 1.11427
109 1.15648
110 1.28314
111 1.34261
112 1.20683
113 1.39025
114 1.09537
115 1.22619
116 1.2707
117 1.56451
118 1.74332
119 1.29766
120 1.12893
121 1.17229
122 1.30504
123 1.33857
124 1.28858
125 1.21342
126 1.18582
127 1.24071
128 1.13702
129 1.22923
130 1.13437
131 1.08579
132 1.19783
133 1.30162
134 1.28745
135 1.09646
136 1.37729
137 1.39948
138 1.23307
139 1.15207
140 1.14651
141 1.21869
142 1.13849
143 1.08969
144 1.13337
145 1.23794
146 1.27989
147 1.20211
148 1.31534
149 1.15865
150 1.25593
151 1.12646
152 1.34411
153 1.28778
154 1.18894
155 1.17429
156 1.12857
157 1.14546
158 1.16482
159 1.05744
160 1.16421
161 1.12904
162 1.20129
163 1.0776
164 1.11753
165 1.06597
166 1.19415
167 1.30228
168 1.34475
169 1.37845
170 1.43705
171 1.2271
172 1.44124
173 1.76644
174 1.61142
175 1.28997
176 1.10586
177 1.2021
178 1.18309
179 1.08891
180 1.11247
181 1.0882
182 1.26224
183 1.12765
184 1.30698
185 1.20174
186 1.19677
187 1.22404
188 1.28022
189 1.21739
190 1.16904
191 1.11996
192 1.13587
193 1.25814
194 1.28158
195 1.25524
196 1.22206
197 1.11772
198 1.11377
199 1.11345
200 1.23255
201 1.19232
202 1.20773
203 1.09397
204 1.26356
205 1.28889
206 1.3522
207 1.14138
208 1.30411
209 1.18612
210 1.14661
211 1.20563
212 1.12371
213 1.32995
214 1.27834
215 1.00476
216 1.18944
217 1.2209
218 1.02732
219 1.08253
220 1.07484
221 1.23634
222 1.15468
223 1.0832
224 1.15761
225 1.06837
226 1.11735
227 0.99888
228 1.0313
229 1.14011
230 1.1957
231 1.19023
232 1.12818
233 1.28493
234 1.06683
235 1.10423
236 1.11733
237 1.02937
238 1.14617
239 1.12038
240 1.04184
241 1.11194
242 1.15071
243 1.17253
244 0.988123
245 1.18412
246 1.02455
247 0.99908
248 1.17703
249 1.11299
250 1.20383
251 1.09859
252 1.36289
253 1.21509
254 1.24181
255 1.31443
256 1.1866
257 1.14343
258 1.03797
259 1.15116
260 1.12967
261 1.0609
262 1.08604
263 1.19668
264 0.969069
265 1.07774
266 1.0059
267 1.04698
268 1.27363
269 1.12054
270 1.17829
271 1.1122
272 1.09335
273 1.12148
274 1.06382
275 1.14602
276 1.05177
277 1.07344
278 1.11311
279 1.09919
280 1.00933
281 1.13506
282 1.07899
283 1.23508
284 1.20976
285 1.15682
286 1.04849
287 1.11468
288 1.15374
289 1.17065
290 1.14058
291 1.16889
292 1.2346
293 1.12529
294 1.13949
295 1.22004
296 1.24241
297 1.04959
298 1.06254
299 0.953237
300 1.00813
301 1.05969
302 1.07731
303 1.05539
304 1.04615
305 1.10475
306 1.08514
307 1.08941
308 1.12573
309 0.994336
310 0.980303
311 1.15859
312 1.11258
313 1.15556
314 1.05177
315 1.05852
316 1.1073
317 1.10724
318 1.12222
319 1.19091
320 1.13299
321 1.13081
322 1.29347
323 1.18053
324 0.996144
325 1.05731
326 0.996475
327 1.04138
328 1.10253
329 1.12898
330 1.13052
331 1.20118
332 1.17786
333 1.09079
334 1.04296
335 1.20361
336 1.05638
337 0.981431
338 1.2146
339 1.00336
340 1.02376
341 1.05562
342 1.0238
343 1.32969
344 1.17677
345 1.112
346 1.00908
347 1.24135
348 1.18428
349 1.0125
350 1.21358
351 1.01825
352 1.02492
353 1.16158
354 1.26525
355 1.11841
356 1.07027
357 1.04687
358 0.992909
359 0.969772
360 1.0216
361 1.10312
362 0.98743
363 1.01328
364 1.01019
365 1.04046
366 1.06572
367 1.13171
368 1.15488
369 1.11611
370 1.09299
371 0.982278
372 1.11288
373 1.07383
374 1.32891
375 1.08052
376 1.0965
377 0.96047
378 1.03977
379 1.09816
380 1.12415
381 1.09745
382 1.11644
383 0.989881
384 0.985282
385 1.07208
386 1.06895
387 1.02053
388 0.965867
389 1.1212
390 1.05176
391 0.996614
392 1.01402
393 1.09702
394 1.04412
395 0.985882
396 1.04399
397 1.08729
398 0.973333
399 0.989683
400 1.11124
401 1.01613
402 1.02696
403 1.03899
404 0.977823
405 0.991113
406 1.05326
407 0.952798
408 1.03779
409 1.01484
410 0.981914
411 1.16359
412 0.979553
413 0.973353
414 1.05385
415 0.896277
416 0.908898
417 0.989427
418 0.971678
419 0.942424
420 1.04823
421 0.918797
422 0.899597
423 0.963103
424 1.20362
425 0.927293
426 0.952823
427 1.24487
428 0.905366
429 1.05425
430 1.01097
431 1.0778
432 1.01609
433 1.00292
434 1.00494
435 1.05956
436 0.973772
437 0.997952
438 0.988989
439 0.946174
440 1.02332
441 0.973193
442 0.970818
443 1.20186
444 1.03814
445 0.998768
446 1.15202
447 0.971413
448 1.04894
449 1.00413
450 1.00733
451 0.960692
452 1.02794
453 1.11413
454 0.991909
455 1.08183
456 0.956347
457 1.1888
458 1.18889
459 1.13601
460 1.07844
461 1.01467
462 1.02733
463 1.00684
464 1.09878
465 0.972118
466 0.97865
467 0.942923
468 0.994405
469 1.18961
470 1.04419
471 0.963468
472 0.900448
473 1.03936
474 0.940551
475 1.04549
476 0.933569
477 0.982433
478 0.927639
479 1.02344
480 1.10137
481 1.00569
482 1.07036
483 1.01124
484 0.897783
485 1.04432
486 1.00372
487 1.10837
488 1.18914
489 0.986958
490 0.971587
491 1.06075
492 1.05865
493 0.967497
494 1.01724
495 0.939341
496 1.11473
497 0.982272
498 1.01709
499 1.05304
500 1.00729
501 1.03677
502 0.943837
503 1.02275
504 1.16582
505 1.09468
506 0.91538
507 1.04006
508 0.967865
509 0.996887
510 1.00247
511 0.94293
512 1.03709
513 1.00699
514 1.08906
515 0.973306
516 0.92061
517 0.92446
518 0.957104
519 1.07031
520 1.09341
521 0.982094
522 0.989119
523 1.06517
524 0.948219
525 0.956716
526 1.03419
527 1.04065
528 1.10469
529 0.967858
530 0.943426
531 0.929946
532 0.943751
533 0.954135
534 1.02218
535 0.975361
536 0.919295
537 0.91426
538 0.971467
539 1.03272
540 0.963185
541 0.991977
542 0.966535
543 0.923406
544 0.967213
545 0.910722
546 1.04156
547 1.07723
548 0.961978
549 0.892535
550 0.955493
551 1.11005
552 1.02494
553 0.943095
554 1.05724
555 0.938457
556 0.995523
557 0.92837
558 0.997854
559 0.909295
560 0.903508
561 0.97316
562 1.06392
563 1.0124
564 0.943971
565 1.07069
566 1.05247
567 1.01495
568 0.859152
569 0.95639
570 1.0342
571 0.889009
572 0.944494
573 0.956143
574 1.01701
575 0.977004
576 0.968785
577 0.903365
578 0.901326
579 0.98532
580 0.915586
581 0.986977
582 0.9625
583 1.01867
584 0.971064
585 0.894777
586 0.997967
587 0.930992
588 0.888109
589 0.991788
590 0.919522
591 0.971946
592 0.952499
593 0.92104
594 0.877949
595 1.13012
596 1.0095
597 1.05256
598 1.03026
599 1.06851
600 0.925991
601 1.05995
602 1.02312
603 0.924858
604 0.986634
605 0.917718
606 0.925318
607 0.952458
608 0.888123
609 0.941042
610 0.885906
611 1.04744
612 1.02204
613 0.948495
614 0.911916
615 0.960394
616 0.988718
617 0.998452
618 0.955584
619 0.968794
620 0.950023
621 0.985574
622 0.969847
623 0.958449
624 0.996826
625 0.957868
626 0.888932
627 0.956692
628 0.930292
629 0.967047
630 0.93484
631 0.955666
632 0.934934
633 0.971098
634 1.06088
635 0.892502
636 0.988814
637 1.08531
638 0.927094
639 1.00569
640 0.935679
641 0.937322
642 1.04584
643 0.981952
644 1.02847
645 0.966705
646 0.971548
647 0.863109
648 0.881201
649 0.893457
650 0.98414
651 0.907252
652 0.935982
653 0.966469
654 0.851645
655 0.959636
656 0.879747
657 0.835499
658 1.02506
659 0.984348
660 1.02464
661 1.06548
662 0.992577
663 0.951551
664 0.952785
665 0.918646
666 0.984932
667 0.948686
668 0.90287
669 0.87415
670 0.921243
671 1.02889
672 0.972422
673 0.842308
674 0.956937
675 0.884566
676 0.911887
677 0.9588
678 0.945631
679 0.986104
680 0.906934
681 1.13161
682 0.96373
683 0.972974
684 0.989031
685 1.00805
686 0.925643
687 0.846315
688 0.937841
689 0.939987
690 0.906054
691 0.961979
692 0.920897
693 0.883223
694 0.917908
695 0.892034
696 1.02255
697 1.07664
698 0.930566
699 0.907743
700 0.912476
701 0.984163
702 0.923833
703 0.842357
704 0.922022
705 0.937176
706 0.923711
707 0.91439
708 0.900604
709 0.93044
710 0.912637
711 0.873137
712 1.06785
713 1.0532
714 0.963718
715 0.951404
716 0.885101
717 1.0446
718 0.896363
719 0.898227
720 0.982898
721 1.07495
722 0.899866
723 0.94667
724 0.921979
725 1.02733
726 0.888175
727 0.880952
728 0.837828
729 0.928259
730 0.943457
731 0.871934
732 0.933692
733 0.880167
734 0.949035
735 0.922876
736 0.974982
737 0.852449
738 0.851531
739 0.880203
740 0.953443
741 0.89292
742 0.941738
743 0.915101
744 0.955186
745 0.95768
746 0.902555
747 0.980719
748 0.941067
749 0.975372
750 0.961457
751 1.00961
752 0.99386
753 0.843508
754 0.939258
755 0.879686
756 0.908971
757 0.915398
758 1.07899
759 1.0074
760 0.937583
761 0.978263
762 0.962844
763 0.901916
764 0.962082
765 0.855099
766 0.88258
767 0.92912
768 0.899993
769 0.923422
770 0.837615
771 0.930367
772 1.06524
773 0.918303
774 0.946012
775 0.822763
776 1.08177
777 1.00556
778 0.875328
779 1.087
780 0.874058
781 0.930181
782 0.986203
783 1.09252
784 1.09804
785 0.908539
786 0.846105
787 0.886663
788 0.846123
789 0.837322
790 0.910409
791 0.87315
792 0.89646
793 0.874658
794 0.85913
795 0.951781
796 0.976717
797 0.936533
798 0.916606
799 0.843267
800 0.844162
801 0.953532
802 0.982163
803 1.04153
804 0.887054
805 0.856534
806 0.827688
807 0.878347
808 1.00181
809 0.89961
810 0.906475
811 0.918993
812 0.867805
813 0.875245
814 0.863989
815 0.899139
816 0.862837
817 0.849486
818 0.992898
819 0.882806
820 0.881442
821 0.899933
822 0.852259
823 0.885275
824 0.8402
825 0.907212
826 0.909462
827 0.882315
828 0.919776
829 0.843067
830 0.929296
831 0.810639
832 0.863759
833 0.864344
834 0.856038
835 0.885562
836 0.815948
837 0.869381
838 0.903128
839 0.83327
840 0.933867
841 0.80427
842 0.822222
843 0.864381
844 0.786177
845 0.800064
846 0.822706
847 0.852319
848 0.805296
849 0.958489
850 0.778591
851 0.78812
852 0.880792
853 0.938504
854 0.780762
855 0.830467
856 1.06537
857 0.936784
858 0.929452
859 0.874106
860 0.848366
861 0.834617
862 0.869686
863 0.948959
864 0.902277
865 0.871629
866 0.871889
867 0.842788
868 0.891657
869 0.848842
870 0.865346
871 0.901591
872 0.942079
873 0.92417
874 0.902433
875 0.905789
876 0.828191
877 0.924216
878 0.85037
879 0.962103
880 0.866398
881 0.852838
882 0.956735
883 0.87182
884 0.882555
885 0.82136
886 1.00791
887 0.984745
888 0.835552
889 0.862772
890 0.907858
891 0.860848
892 0.877059
893 0.862957
894 0.860915
895 0.796753
896 0.901769
897 0.823673
898 1.01994
899 0.876324
900 0.802083
901 0.817353
902 0.906693
903 0.835832
904 0.885677
905 0.881504
906 0.805319
907 0.806453
908 0.88553
909 0.884152
910 0.870375
911 0.859492
912 0.867942
913 0.843798
914 0.87298
915 0.8508
916 0.943862
917 0.911616
918 0.891202
919 0.856789
920 0.947259
921 0.863124
922 0.826995
923 0.845725
924 0.800522
925 0.953202
926 0.818956
927 0.903183
928 0.869613
929 0.856794
930 0.931689
931 0.865842
932 0.874568
933 0.950374
934 0.815755
935 0.815108
936 0.929663
937 0.81882
938 0.899828
939 0.811459
940 0.856765
941 0.910676
942 0.912618
943 0.897103
944 0.855148
945 0.806872
946 0.860334
947 0.849948
948 0.845886
949 0.878533
950 0.90739
951 0.847082
952 0.934868
953 0.806814
954 0.876724
955 0.917303
956 0.868878
957 0.887305
958 0.928294
959 0.801639
960 0.822381
961 0.8718
962 0.892172
963 0.87451
964 0.821176
965 0.788092
966 0.8299
967 0.861398
968 0.877301
969 0.863667
970 0.88385
971 0.84724
972 0.815121
973 0.879455
974 0.867836
975 0.86765
976 0.853458
977 0.823294
978 0.796058
979 0.897088
980 0.975089
981 0.894814
982 0.857998
983 0.826608
984 0.796028
985 0.850713
986 0.821592
987 0.875478
988 0.771193
989 0.858133
990 0.811385
991 0.978133
992 0.851696
993 0.824605
994 0.935893
995 0.870587
996 0.814744
997 0.827281
998 0.856291
999 0.846548
1000 0.765081
1001 0.841004
1002 0.842981
1003 0.826334
1004 0.842802
1005 0.8334
1006 0.821161
1007 0.833711
1008 0.773544
1009 0.797168
1010 0.883308
1011 0.807262
1012 0.851201
1013 0.785636
1014 0.828022
1015 0.807898
1016 0.795883
1017 0.92702
1018 0.889207
1019 0.861933
1020 0.819471
1021 0.809703
1022 0.787416
1023 0.80237
1024 0.94126
1025 0.984639
1026 0.933214
1027 0.863563
1028 0.893539
1029 0.763119
1030 0.923251
1031 0.830763
1032 0.794004
1033 0.868097
1034 0.815432
1035 0.883196
1036 0.774346
1037 0.810588
1038 0.780818
1039 0.866835
1040 0.824968
1041 0.82793
1042 0.867756
1043 0.80947
1044 0.826826
1045 0.868888
1046 0.825555
1047 0.859338
1048 0.778912
1049 0.805247
1050 0.888794
1051 0.846683
1052 0.802681
1053 0.868319
1054 0.818874
1055 0.778949
1056 0.86059
1057 0.803638
1058 0.821314
1059 0.842268
1060 0.838847
1061 0.885481
1062 0.893835
1063 0.874273
1064 0.825292
1065 0.889371
1066 0.865585
1067 0.878996
1068 0.84056
1069 0.789198
1070 0.823138
1071 0.882868
1072 0.854917
1073 0.8236
1074 0.860129
1075 0.816452
1076 0.794964
1077 0.796006
1078 0.820315
1079 0.814884
1080 0.85078
1081 0.824878
1082 0.818048
1083 0.759512
1084 0.858851
1085 0.744896
1086 0.77413
1087 0.941507
1088 0.825311
1089 0.935938
1090 0.904173
1091 0.810102
1092 0.89121
1093 0.813446
1094 0.802307
1095 0.916906
1096 0.845276
1097 0.814181
1098 0.780196
1099 0.836987
1100 0.926828
1101 0.819903
1102 0.833382
1103 0.796008
1104 0.762471
1105 0.847523
1106 0.809249
1107 0.837884
1108 0.840822
1109 0.790634
1110 0.987208
1111 0.862252
1112 0.790801
1113 0.961443
1114 0.784469
1115 0.808589
1116 0.781029
1117 0.832345
1118 0.80782
1119 0.849327
1120 0.786962
1121 0.821051
1122 0.798729
1123 0.784339
1124 0.823961
1125 0.949507
1126 0.846762
1127 0.811267
1128 0.854827
1129 0.850558
1130 0.874527
1131 0.80673
1132 0.798221
1133 0.884513
1134 0.764891
1135 0.825084
1136 0.808234
1137 0.774323
1138 0.862141
1139 0.785856
1140 0.900238
1141 0.875198
1142 0.899892
1143 0.795108
1144 0.811583
1145 0.810565
1146 0.843296
1147 0.828375
1148 0.799321
1149 0.920986
1150 0.917306
1151 0.809513
1152 0.803949
1153 0.888825
1154 0.836535
1155 0.777776
1156 0.785186
1157 0.779226
1158 0.825409
1159 0.814091
1160 0.723949
1161 0.837062
1162 0.778804
1163 0.788461
1164 0.789795
1165 0.866945
1166 0.796416
1167 0.775772
1168 0.828571
1169 0.82422
1170 0.87096
1171 0.813846
1172 0.757955
1173 0.866057
1174 0.847813
1175 0.756405
1176 0.892528
1177 0.849978
1178 0.925141
1179 0.860044
1180 0.932066
1181 0.749693
1182 0.767554
1183 0.856094
1184 0.804552
1185 0.819508
1186 0.801955
1187 0.929433
1188 0.834977
1189 0.798908
1190 0.933548
1191 0.785237
1192 0.890801
1193 0.801022
1194 0.760082
1195 0.807593
1196 0.862413
1197 0.81351
1198 0.778925
1199 0.784513
1200 0.939458
1201 0.952359
1202 0.810787
1203 0.754414
1204 0.784077
1205 0.896145
1206 0.844518
1207 0.78291
1208 0.904436
1209 0.787099
1210 0.837494
1211 0.846948
1212 0.889002
1213 0.833648
1214 0.794814
1215 0.749544
1216 0.778982
1217 0.749383
1218 0.81185
1219 0.772555
1220 0.789818
1221 0.763565
1222 0.797768
1223 0.761733
1224 0.845073
1225 0.916979
1226 0.819893
1227 0.772707
1228 0.780275
1229 0.770972
1230 0.845485
1231 0.887266
1232 0.852678
1233 0.836273
1234 0.811967
1235 0.750511
1236 0.905458
1237 0.813293
1238 0.78831
1239 0.813659
1240 0.812976
1241 0.762842
1242 0.795166
1243 0.75305
1244 0.818856
1245 0.764655
1246 0.79134
1247 0.837014
1248 0.820324
1249 0.778526
1250 0.797232
1251 0.825091
1252 0.748968
1253 0.794162
1254 0.794203
1255 0.778866
1256 0.769337
1257 0.800171
1258 0.853859
1259 0.791136
1260 0.765505
1261 0.765174
1262 0.768636
1263 0.770571
1264 0.75453
1265 0.799762
1266 0.759122
1267 0.806117
1268 0.815876
1269 0.797342
1270 0.725397
1271 0.794559
1272 0.743904
1273 0.755989
1274 0.756219
1275 0.719737
1276 0.733687
1277 0.763246
1278 0.729653
1279 0.70204
1280 0.713053
1281 0.808858
1282 0.828857
1283 0.729983
1284 0.961982
1285 0.715356
1286 0.86486
1287 0.818193
1288 0.787582
1289 0.758298
1290 0.768735
1291 0.812791
1292 0.817701
1293 0.782575
1294 0.786234
1295 0.764009
1296 0.724029
1297 0.787747
1298 0.747962
1299 0.760571
1300 0.871736
1301 0.845919
1302 0.785349
1303 0.805249
1304 0.783591
1305 0.762805
1306 0.813813
1307 0.729342
1308 0.818946
1309 0.762845
1310 0.739848
1311 0.890595
1312 0.788202
1313 0.787384
1314 0.762399
1315 0.941406
1316 0.875763
1317 0.746916
1318 0.768896
1319 0.790266
1320 0.809384
1321 0.763293
1322 0.722471
1323 0.777239
1324 0.735723
1325 0.791329
1326 0.865245
1327 0.784042
1328 0.729718
1329 0.737927
1330 0.788516
1331 0.787542
1332 0.799082
1333 0.744741
1334 0.763953
1335 0.710002
1336 0.774602
1337 0.815728
1338 0.792228
1339 0.77028
1340 0.758752
1341 0.733872
1342 0.726073
1343 0.753028
1344 0.737211
1345 0.812644
1346 0.747094
1347 0.786074
1348 0.783124
1349 0.82008
1350 0.768947
1351 0.764762
1352 0.790989
1353 0.766561
1354 0.770809
1355 0.785133
1356 0.821917
1357 0.745472
1358 0.779997
1359 0.764118
1360 0.772336
1361 0.749684
1362 0.896361
1363 0.755952
1364 0.737214
1365 0.802375
1366 0.801624
1367 0.751091
1368 0.746924
1369 0.768796
1370 0.790233
1371 0.820104
1372 0.775324
1373 0.753583
1374 0.772865
1375 0.805262
1376 0.768896
1377 0.781343
1378 0.777907
1379 0.748855
1380 0.80028
1381 0.768836
1382 0.763862
1383 0.753549
1384 0.807752
1385 0.803678
1386 0.772351
1387 0.782421
1388 0.749191
1389 0.738777
1390 0.747512
1391 0.725384
1392 0.781218
1393 0.772731
1394 0.699199
1395 0.733882
1396 0.830023
1397 0.772974
1398 0.738061
1399 0.808799
1400 0.756989
1401 0.72616
1402 0.726062
1403 0.770108
1404 0.776457
1405 0.773124
1406 0.725685
1407 0.699069
1408 0.822482
1409 0.801865
1410 0.753094
1411 0.769056
1412 0.736976
1413 0.721941
1414 0.711898
1415 0.803496
1416 0.746274
1417 0.703373
1418 0.771142
1419 0.737186
1420 0.80526
1421 0.741029
1422 0.755932
1423 0.842785
1424 0.76866
1425 0.720695
1426 0.675042
1427 0.743328
1428 0.756951
1429 0.747379
1430 0.722547
1431 0.755253
1432 0.743883
1433 0.756265
1434 0.796925
1435 0.715533
1436 0.769361
1437 0.755435
1438 0.736702
1439 0.732035
1440 0.775619
1441 0.727083
1442 0.695222
1443 0.770121
1444 0.696255
1445 0.710978
1446 0.83376
1447 0.750276
1448 0.764016
1449 0.728323
1450 0.726026
1451 0.718066
1452 0.735422
1453 0.811042
1454 0.873998
1455 0.848884
1456 0.733609
1457 0.778722
1458 0.715705
1459 0.882733
1460 0.726315
1461 0.764624
1462 0.754097
1463 0.75707
1464 0.821685
1465 0.705583
1466 0.697828
1467 0.716738
1468 0.753541
1469 0.748256
1470 0.766951
1471 0.75292
1472 0.725442
1473 0.747861
1474 0.737866
1475 0.775911
1476 0.73139
1477 0.708897
1478 0.70696
1479 0.74177
1480 0.764731
1481 0.795358
1482 0.741431
1483 0.721316
1484 0.731664
1485 0.749208
1486 0.746349
1487 0.728836
1488 0.749164
1489 0.741866
1490 0.815188
1491 0.820007
1492 0.754096
1493 0.731711
1494 0.806499
1495 0.798585
1496 0.768192
1497 0.715114
1498 0.700755
1499 0.736152
1500 0.850725
1501 0.728724
1502 0.748152
1503 0.832046
1504 0.682606
1505 0.758133
1506 0.674898
1507 0.79411
1508 0.730444
1509 0.719306
1510 0.792157
1511 0.704238
1512 0.727609
1513 0.734801
1514 0.701335
1515 0.782692
1516 0.74075
1517 0.789684
1518 0.795899
1519 0.820414
1520 0.737307
1521 0.732271
1522 0.73812
1523 0.706958
1524 0.807521
1525 0.758796
1526 0.681928
1527 0.727843
1528 0.765008
1529 0.81605
1530 0.701333
1531 0.75111
1532 0.700772
1533 0.709594
1534 0.781063
1535 0.7221
1536 0.773923
1537 0.757654
1538 0.790674
1539 0.76589
1540 0.790656
1541 0.760356
1542 0.785491
1543 0.709746
1544 0.671011
1545 0.702943
1546 0.758959
1547 0.755341
1548 0.725804
1549 0.747219
1550 0.663485
1551 0.762271
1552 0.671303
1553 0.748491
1554 0.809731
1555 0.707961
1556 0.760285
1557 0.744714
1558 0.70979
1559 0.724637
1560 0.730044
1561 0.723111
1562 0.772907
1563 0.707461
1564 0.701232
1565 0.715898
1566 0.693585
1567 0.772934
1568 0.75906
1569 0.795019
1570 0.788763
1571 0.799873
1572 0.703506
1573 0.75158
1574 0.730712
1575 0.744291
1576 0.734284
1577 0.742182
1578 0.777567
1579 0.791286
1580 0.720454
1581 0.731933
1582 0.756427
1583 0.728791
1584 0.687878
1585 0.669676
1586 0.696709
1587 0.712508
1588 0.736001
1589 0.733889
1590 0.717221
1591 0.753914
1592 0.717447
1593 0.729979
1594 0.7876
1595 0.704714
1596 0.714571
1597 0.793167
1598 0.70104
1599 0.711353
1600 0.719462
1601 0.729272
1602 0.748184
1603 0.761505
1604 0.741398
1605 0.770979
1606 0.79875
1607 0.720816
1608 0.819058
1609 0.811305
1610 0.672109
1611 0.70213
1612 0.744906
1613 0.715918
1614 0.748186
1615 0.702392
1616 0.778174
1617 0.768914
1618 0.792165
1619 0.712465
1620 0.722563
1621 0.759904
1622 0.735077
1623 0.665452
1624 0.759014
1625 0.691246
1626 0.713138
1627 0.685712
1628 0.676528
1629 0.967229
1630 0.808813
1631 0.748694
1632 0.680398
1633 0.760493
1634 0.747103
1635 0.689167
1636 0.860538
1637 0.66581
1638 0.672001
1639 0.77196
1640 0.853898
1641 0.731443
1642 0.735873
1643 0.700278
1644 0.681679
1645 0.682092
1646 0.701285
1647 0.823506
1648 0.704131
1649 0.748807
1650 0.7072
1651 0.702591
1652 0.71389
1653 0.759552
1654 0.769841
1655 0.714811
1656 0.73846
1657 0.670167
1658 0.693563
1659 0.737391
1660 0.836486
1661 0.671212
1662 0.73211
1663 0.653391
1664 0.678851
1665 0.731225
1666 0.736228
1667 0.753458
1668 0.692107
1669 0.680301
1670 0.692345
1671 0.697649
1672 0.712703
1673 0.735633
1674 0.672354
1675 0.713358
1676 0.685792
1677 0.698149
1678 0.724435
1679 0.736191
1680 0.745751
1681 0.681749
1682 0.69206
1683 0.74478
1684 0.668265
1685 0.685109
1686 0.739152
1687 0.717213
1688 0.701925
1689 0.714823
1690 0.682547
1691 0.672049
1692 0.745394
1693 0.659503
1694 0.718766
1695 0.694344
1696 0.682307
1697 0.730646
1698 0.704439
1699 0.718395
1700 0.72795
1701 0.645273
1702 0.664786
1703 0.672917
1704 0.657771
1705 0.660877
1706 0.727773
1707 0.63211
1708 0.639246
1709 0.632509
1710 0.726712
1711 0.645132
1712 0.673692
1713 0.877258
1714 0.641029
1715 0.754227
1716 0.706763
1717 0.690634
1718 0.667341
1719 0.714657
1720 0.710186
1721 0.762968
1722 0.685619
1723 0.686696
1724 0.682876
1725 0.686037
1726 0.680698
1727 0.685609
1728 0.678779
1729 0.770714
1730 0.713964
1731 0.649053
1732 0.746832
1733 0.667594
1734 0.677671
1735 0.718434
1736 0.68756
1737 0.72414
1738 0.697062
1739 0.798834
1740 0.705421
1741 0.752408
1742 0.657809
1743 0.767357
1744 0.750434
1745 0.719396
1746 0.694749
1747 0.660522
1748 0.699956
1749 0.680194
1750 0.663787
1751 0.655611
1752 0.676395
1753 0.681756
1754 0.71811
1755 0.871669
1756 0.656732
1757 0.682841
1758 0.641016
1759 0.71752
1760 0.698299
1761 0.694733
1762 0.651174
1763 0.694156
1764 0.64756
1765 0.686054
1766 0.729149
1767 0.697678
1768 0.672259
1769 0.706558
1770 0.684773
1771 0.669452
1772 0.67509
1773 0.717182
1774 0.768756
1775 0.682487
1776 0.708275
1777 0.739498
1778 0.68726
1779 0.679598
1780 0.723834
1781 0.720824
1782 0.729486
1783 0.718884
1784 0.705255
1785 0.722549
1786 0.677832
1787 0.719206
1788 0.657012
1789 0.678199
1790 0.748899
1791 0.793438
1792 0.671709
1793 0.710253
1794 0.701024
1795 0.671015
1796 0.696652
1797 0.672589
1798 0.718687
1799 0.670462
1800 0.721785
1801 0.691073
1802 0.683484
1803 0.653421
1804 0.729817
1805 0.68944
1806 0.711738
1807 0.701378
1808 0.748354
1809 0.733699
1810 0.682465
1811 0.670226
1812 0.703745
1813 0.707855
1814 0.798277
1815 0.677583
1816 0.668894
1817 0.678016
1818 0.666549
1819 0.715816
1820 0.74862
1821 0.688199
1822 0.651491
1823 0.638487
1824 0.692145
1825 0.687219
1826 0.705783
1827 0.637465
1828 0.702407
1829 0.635973
1830 0.678792
1831 0.642084
1832 0.686957
1833 0.732908
1834 0.658626
1835 0.628051
1836 0.664641
1837 0.825964
1838 0.733369
1839 0.645966
1840 0.719304
1841 0.682556
1842 0.663995
1843 0.655432
1844 0.711406
1845 0.642717
1846 0.654672
1847 0.69399
1848 0.710346
1849 0.750758
1850 0.680665
1851 0.709404
1852 0.690841
1853 0.648112
1854 0.638983
1855 0.641748
1856 0.698829
1857 0.639306
1858 0.674069
1859 0.68495
1860 0.710464
1861 0.703223
1862 0.744996
1863 0.638613
1864 0.668041
1865 0.69523
1866 0.649823
1867 0.701129
1868 0.68093
1869 0.697939
1870 0.652082
1871 0.638885
1872 0.678227
1873 0.62978
1874 0.667699
1875 0.745654
1876 0.64193
1877 0.71774
1878 0.655486
1879 0.626575
1880 0.622614
1881 0.756234
1882 0.752229
1883 0.783479
1884 0.73519
1885 0.69592
1886 0.668315
1887 0.676817
1888 0.770432
1889 0.64211
1890 0.686387
1891 0.66924
1892 0.687815
1893 0.688559
1894 0.630675
1895 0.644518
1896 0.6579
1897 0.696557
1898 0.679309
1899 0.72086
1900 0.645932
1901 0.665892
1902 0.679851
1903 0.662604
1904 0.666351
1905 0.65662
1906 0.623604
1907 0.705285
1908 0.666723
1909 0.657446
1910 0.71853
1911 0.670311
1912 0.65055
1913 0.636431
1914 0.695308
1915 0.652478
1916 0.682414
1917 0.694171
1918 0.65152
1919 0.731519
1920 0.696022
1921 0.643691
1922 0.736944
1923 0.722856
1924 0.643803
1925 0.707449
1926 0.646828
1927 0.693506
1928 0.722943
1929 0.672037
1930 0.689402
1931 0.702279
1932 0.680086
1933 0.636575
1934 0.648833
1935 0.624613
1936 0.684599
1937 0.646466
1938 0.662475
1939 0.654055
1940 0.62582
1941 0.654115
1942 0.628553
1943 0.610621
1944 0.708148
1945 0.696708
1946 0.728297
1947 0.723055
1948 0.724335
1949 0.664254
1950 0.739459
1951 0.644449
1952 0.711272
1953 0.638
1954 0.641198
1955 0.656992
1956 0.661372
1957 0.744239
1958 0.665437
1959 0.664619
1960 0.686732
1961 0.619812
1962 0.664134
1963 0.660457
1964 0.666179
1965 0.734023
1966 0.668923
1967 0.700911
1968 0.679761
1969 0.680514
1970 0.684726
1971 0.732143
1972 0.66072
1973 0.622891
1974 0.649915
1975 0.692933
1976 0.6495
1977 0.676402
1978 0.684461
1979 0.635197
1980 0.665678
1981 0.694111
1982 0.723537
1983 0.753968
1984 0.643643
1985 0.682821
1986 0.673597
1987 0.684135
1988 0.679585
1989 0.627772
1990 0.680554
1991 0.678755
1992 0.652937
1993 0.694743
1994 0.670901
1995 0.695757
1996 0.65272
1997 0.66393
1998 0.782211
1999 0.700007
2000 0.718403
2001 0.662734
2002 0.630869
2003 0.746856
2004 0.647506
2005 0.660542
2006 0.674217
2007 0.752976
2008 0.686754
2009 0.674067
2010 0.641364
2011 0.693197
2012 0.672152
2013 0.647383
2014 0.606225
2015 0.664504
2016 0.745034
2017 0.619321
2018 0.712045
2019 0.636435
2020 0.686369
2021 0.655611
2022 0.662093
2023 0.655941
2024 0.631117
2025 0.643738
2026 0.676748
2027 0.624615
2028 0.672409
2029 0.684866
2030 0.680555
2031 0.714897
2032 0.635474
2033 0.668019
2034 0.716068
2035 0.684395
2036 0.649024
2037 0.754992
2038 0.650097
2039 0.611093
2040 0.638817
2041 0.637369
2042 0.638608
2043 0.631773
2044 0.706718
2045 0.689939
2046 0.657637
2047 0.678825
2048 0.703348
2049 0.631852
2050 0.689086
2051 0.639287
2052 0.613107
2053 0.661937
2054 0.673845
2055 0.630427
2056 0.621435
2057 0.706194
2058 0.760114
2059 0.638714
2060 0.671671
2061 0.621143
2062 0.753188
2063 0.675725
2064 0.609034
2065 0.757574
2066 0.622016
2067 0.635807
2068 0.697497
2069 0.738665
2070 0.714179
2071 0.636842
2072 0.61934
2073 0.622713
2074 0.625169
2075 0.634836
2076 0.714435
2077 0.634767
2078 0.664141
2079 0.627672
2080 0.648366
2081 0.672126
2082 0.64592
2083 0.700613
2084 0.620979
2085 0.668646
2086 0.620198
2087 0.655623
2088 0.712028
2089 0.74238
2090 0.608892
2091 0.664716
2092 0.61363
2093 0.659723
2094 0.663618
2095 0.67934
2096 0.680296
2097 0.632722
2098 0.650393
2099 0.621296
2100 0.616788
2101 0.65776
2102 0.625757
2103 0.615019
2104 0.69552
2105 0.646102
2106 0.673004
2107 0.612513
2108 0.658618
2109 0.637442
2110 0.609488
2111 0.695519
2112 0.657183
2113 0.63898
2114 0.622941
2115 0.628604
2116 0.729501
2117 0.613625
2118 0.615295
2119 0.591438
2120 0.611251
2121 0.67871
2122 0.60049
2123 0.64599
2124 0.66853
2125 0.61575
2126 0.660257
2127 0.635208
2128 0.602586
2129 0.631119
2130 0.600794
2131 0.60025
2132 0.601143
2133 0.622072
2134 0.602666
2135 0.641346
2136 0.59399
2137 0.56956
2138 0.588313
2139 0.626224
2140 0.570769
2141 0.643564
2142 0.763714
2143 0.734136
2144 0.662266
2145 0.624625
2146 0.599095
2147 0.628054
2148 0.648618
2149 0.686537
2150 0.632496
2151 0.619179
2152 0.647384
2153 0.625067
2154 0.640174
2155 0.605678
2156 0.604937
2157 0.665164
2158 0.698991
2159 0.663445
2160 0.599054
2161 0.68251
2162 0.600751
2163 0.643047
2164 0.657127
2165 0.66365
2166 0.624232
2167 0.613122
2168 0.715065
2169 0.616587
2170 0.660364
2171 0.624329
2172 0.776598
2173 0.747637
2174 0.60479
2175 0.661219
2176 0.651498
2177 0.619123
2178 0.618221
2179 0.64482
2180 0.607399
2181 0.600889
2182 0.603055
2183 0.617811
2184 0.832428
2185 0.651714
2186 0.612932
2187 0.592111
2188 0.654867
2189 0.671322
2190 0.676761
2191 0.667042
2192 0.614376
2193 0.6084
2194 0.695141
2195 0.645768
2196 0.61368
2197 0.618897
2198 0.651653
2199 0.598883
2200 0.600695
2201 0.644185
2202 0.678486
2203 0.692768
2204 0.632492
2205 0.605769
2206 0.66834
2207 0.644996
2208 0.610852
2209 0.615005
2210 0.602039
2211 0.688509
2212 0.645373
2213 0.698857
2214 0.666541
2215 0.684462
2216 0.701476
2217 0.603116
2218 0.645231
2219 0.692786
2220 0.620521
2221 0.589476
2222 0.677657
2223 0.624567
2224 0.639504
2225 0.60907
2226 0.608018
2227 0.648562
2228 0.640288
2229 0.635222
2230 0.628272
2231 0.607608
2232 0.621222
2233 0.605134
2234 0.627996
2235 0.632327
2236 0.62276
2237 0.639823
2238 0.667462
2239 0.594333
2240 0.641208
2241 0.740806
2242 0.637723
2243 0.658039
2244 0.620515
2245 0.634123
2246 0.602682
2247 0.630099
2248 0.663507
2249 0.599847
2250 0.616114
2251 0.574098
2252 0.629835
2253 0.663941
2254 0.683532
2255 0.618699
2256 0.632633
2257 0.634468
2258 0.581516
2259 0.610653
2260 0.647697
2261 0.632198
2262 0.641475
2263 0.642181
2264 0.564718
2265 0.694368
2266 0.729482
2267 0.658501
2268 0.626236
2269 0.623486
2270 0.58672
2271 0.603516
2272 0.578647
2273 0.644313
2274 0.598075
2275 0.581301
2276 0.588118
2277 0.680788
2278 0.620382
2279 0.593149
2280 0.628244
2281 0.62501
2282 0.585399
2283 0.58557
2284 0.646359
2285 0.621732
2286 0.599863
2287 0.663997
2288 0.653491
2289 0.653575
2290 0.596467
2291 0.619952
2292 0.607474
2293 0.609996
2294 0.60878
2295 0.581854
2296 0.577947
2297 0.589045
2298 0.623948
2299 0.608041
2300 0.623573
2301 0.601153
2302 0.574418
2303 0.637992
2304 0.613603
2305 0.635367
2306 0.576927
2307 0.593852
2308 0.586642
2309 0.603097
2310 0.674333
2311 0.702841
2312 0.64076
2313 0.643821
2314 0.670075
2315 0.565598
2316 0.707189
2317 0.632957
2318 0.589322
2319 0.633929
2320 0.619699
2321 0.687894
2322 0.582286
2323 0.565465
2324 0.610081
2325 0.603355
2326 0.631806
2327 0.600566
2328 0.616076
2329 0.585169
2330 0.639314
2331 0.619321
2332 0.625194
2333 0.624896
2334 0.589488
2335 0.604792
2336 0.652405
2337 0.604562
2338 0.588336
2339 0.603747
2340 0.565183
2341 0.57463
2342 0.608331
2343 0.596632
2344 0.627764
2345 0.630992
2346 0.597756
2347 0.626525
2348 0.688529
2349 0.634044
2350 0.604674
2351 0.626763
2352 0.64812
2353 0.57794
2354 0.611006
2355 0.610647
2356 0.593595
2357 0.645617
2358 0.614456
2359 0.609601
2360 0.653608
2361 0.644475
2362 0.59358
2363 0.6084
2364 0.577391
2365 0.605759
2366 0.580343
2367 0.614303
2368 0.645278
2369 0.577984
2370 0.596577
2371 0.550094
2372 0.591784
2373 0.718583
2374 0.5837
2375 0.646517
2376 0.644512
2377 0.598603
2378 0.626947
2379 0.651025
2380 0.605954
2381 0.65783
2382 0.603963
2383 0.596848
2384 0.61109
2385 0.637495
2386 0.676594
2387 0.602208
2388 0.610282
2389 0.606761
2390 0.576803
2391 0.639196
2392 0.64688
2393 0.637596
2394 0.623559
2395 0.567662
2396 0.727031
2397 0.621212
2398 0.598644
2399 0.714658
2400 0.562132
2401 0.603626
2402 0.575593
2403 0.601154
2404 0.60885
2405 0.61885
2406 0.602268
2407 0.572924
2408 0.567924
2409 0.59399
2410 0.620613
2411 0.641221
2412 0.691864
2413 0.564196
2414 0.599619
2415 0.624426
2416 0.600808
2417 0.569151
2418 0.576328
2419 0.599623
2420 0.577986
2421 0.591656
2422 0.661142
2423 0.590629
2424 0.668722
2425 0.585054
2426 0.68309
2427 0.635409
2428 0.663525
2429 0.587883
2430 0.596597
2431 0.593162
2432 0.616
2433 0.589707
2434 0.580654
2435 0.645482
2436 0.689027
2437 0.567702
2438 0.589296
2439 0.630806
2440 0.60001
2441 0.592024
2442 0.546487
2443 0.590716
2444 0.630605
2445 0.652977
2446 0.569954
2447 0.623048
2448 0.604183
2449 0.625652
2450 0.606402
2451 0.645203
2452 0.570929
2453 0.571024
2454 0.627743
2455 0.591406
2456 0.590607
2457 0.603944
2458 0.566541
2459 0.614404
2460 0.661469
2461 0.593237
2462 0.651454
2463 0.60342
2464 0.663934
2465 0.702411
2466 0.669441
2467 0.581568
2468 0.573163
2469 0.587585
2470 0.603657
2471 0.624718
2472 0.579089
2473 0.706685
2474 0.593647
2475 0.606633
2476 0.672619
2477 0.636099
2478 0.628473
2479 0.631346
2480 0.597917
2481 0.562899
2482 0.656767
2483 0.607688
2484 0.588989
2485 0.547102
2486 0.688864
2487 0.620531
2488 0.606909
2489 0.55782
2490 0.591282
2491 0.640742
2492 0.600366
2493 0.56576
2494 0.677195
2495 0.560666
2496 0.601847
2497 0.604205
2498 0.637224
2499 0.625906
2500 0.598204
2501 0.565714
2502 0.572805
2503 0.552201
2504 0.617265
2505 0.633356
2506 0.625973
2507 0.592167
2508 0.560241
2509 0.579967
2510 0.618473
2511 0.657941
2512 0.625421
2513 0.585186
2514 0.565615
2515 0.560327
2516 0.61025
2517 0.647168
2518 0.615311
2519 0.605498
2520 0.604615
2521 0.542017
2522 0.639892
2523 0.65128
2524 0.580642
2525 0.569417
2526 0.600534
2527 0.601321
2528 0.586282
2529 0.558177
2530 0.619192
2531 0.563204
2532 0.596293
2533 0.607248
2534 0.556915
2535 0.564115
2536 0.585573
2537 0.58661
2538 0.580745
2539 0.584804
2540 0.581207
2541 0.579667
2542 0.549801
2543 0.59562
2544 0.59595
2545 0.597429
2546 0.586855
2547 0.563917
2548 0.549078
2549 0.541124
2550 0.588916
2551 0.582801
2552 0.598769
2553 0.585921
2554 0.593139
2555 0.594349
2556 0.580218
2557 0.564127
2558 0.551518
2559 0.554718
2560 0.557684
2561 0.551857
2562 0.549996
2563 0.567862
2564 0.592139
2565 0.552824
2566 0.536058
2567 0.60782
2568 0.594302
2569 0.53873
2570 0.649655
2571 0.592076
2572 0.668813
2573 0.59978
2574 0.573977
2575 0.567527
2576 0.59103
2577 0.586313
2578 0.576228
2579 0.601943
2580 0.593651
2581 0.550797
2582 0.555374
2583 0.583931
2584 0.547722
2585 0.553481
2586 0.680015
2587 0.615315
2588 0.572008
2589 0.57456
2590 0.616195
2591 0.586952
2592 0.587719
2593 0.5914
2594 0.612588
2595 0.582359
2596 0.577677
2597 0.659712
2598 0.565561
2599 0.595906
2600 0.586047
2601 0.713304
2602 0.710235
2603 0.56305
2604 0.601839
2605 0.6137
2606 0.571493
2607 0.558269
2608 0.555628
2609 0.565194
2610 0.541588
2611 0.593518
2612 0.566097
2613 0.588761
2614 0.534185
2615 0.533565
2616 0.585635
2617 0.61512
2618 0.578915
2619 0.544222
2620 0.580327
2621 0.530915
2622 0.561556
2623 0.59776
2624 0.618806
2625 0.552646
2626 0.564122
2627 0.555429
2628 0.567516
2629 0.578345
2630 0.571447
2631 0.622167
2632 0.537971
2633 0.562806
2634 0.60005
2635 0.590977
2636 0.593118
2637 0.581222
2638 0.561038
2639 0.601783
2640 0.549548
2641 0.57169
2642 0.627283
2643 0.605074
2644 0.573958
2645 0.591571
2646 0.574011
2647 0.587177
2648 0.65823
2649 0.571352
2650 0.545947
2651 0.608374
2652 0.584479
2653 0.555751
2654 0.538959
2655 0.583355
2656 0.645718
2657 0.579618
2658 0.564927
2659 0.608841
2660 0.554596
2661 0.5935
2662 0.575693
2663 0.587571
2664 0.620458
2665 0.573152
2666 0.61726
2667 0.610452
2668 0.537864
2669 0.56949
2670 0.628176
2671 0.596908
2672 0.594563
2673 0.567986
2674 0.53552
2675 0.544863
2676 0.57226
2677 0.556522
2678 0.577944
2679 0.543099
2680 0.545316
2681 0.541448
2682 0.624924
2683 0.579377
2684 0.587852
2685 0.582319
2686 0.579703
2687 0.585018
2688 0.536116
2689 0.542859
2690 0.614723
2691 0.562787
2692 0.583328
2693 0.562503
2694 0.612653
2695 0.629618
2696 0.592006
2697 0.560481
2698 0.572661
2699 0.567869
2700 0.573267
2701 0.60958
2702 0.550755
2703 0.520737
2704 0.582298
2705 0.551588
2706 0.611873
2707 0.539823
2708 0.568439
2709 0.647072
2710 0.556832
2711 0.553829
2712 0.546389
2713 0.57338
2714 0.557402
2715 0.54187
2716 0.531975
2717 0.607791
2718 0.592547
2719 0.564708
2720 0.609141
2721 0.571995
2722 0.558178
2723 0.549648
2724 0.553379
2725 0.564397
2726 0.56323
2727 0.575088
2728 0.518688
2729 0.621358
2730 0.561517
2731 0.551926
2732 0.637915
2733 0.548674
2734 0.586935
2735 0.534999
2736 0.53963
2737 0.536813
2738 0.540295
2739 0.622787
2740 0.686666
2741 0.614817
2742 0.58844
2743 0.562873
2744 0.537384
2745 0.69788
2746 0.523529
2747 0.574804
2748 0.58175
2749 0.575825
2750 0.662548
2751 0.540818
2752 0.53397
2753 0.532787
2754 0.582445
2755 0.539554
2756 0.592833
2757 0.555444
2758 0.530526
2759 0.585224
2760 0.529036
2761 0.567597
2762 0.55072
2763 0.560284
2764 0.556443
2765 0.575697
2766 0.572001
2767 0.596391
2768 0.569834
2769 0.554115
2770 0.531584
2771 0.559325
2772 0.576727
2773 0.538866
2774 0.558124
2775 0.589791
2776 0.610794
2777 0.59559
2778 0.57502
2779 0.57229
2780 0.616373
2781 0.575186
2782 0.545019
2783 0.575298
2784 0.56399
2785 0.594779
2786 0.588384
2787 0.560093
2788 0.571265
2789 0.583966
2790 0.5502
2791 0.544818
2792 0.545554
2793 0.57194
2794 0.533911
2795 0.5485
2796 0.616824
2797 0.535559
2798 0.528791
2799 0.557713
2800 0.52539
2801 0.614234
2802 0.592227
2803 0.55894
2804 0.623877
2805 0.614482
2806 0.538504
2807 0.541059
2808 0.571649
2809 0.566417
2810 0.615262
2811 0.567549
2812 0.559096
2813 0.566285
2814 0.574215
2815 0.575851
2816 0.555804
2817 0.568987
2818 0.530914
2819 0.536794
2820 0.574754
2821 0.541688
2822 0.581269
2823 0.61105
2824 0.551168
2825 0.598825
2826 0.572804
2827 0.570277
2828 0.633477
2829 0.566828
2830 0.534626
2831 0.548658
2832 0.604503
2833 0.532372
2834 0.577195
2835 0.54897
2836 0.52006
2837 0.573497
2838 0.561112
2839 0.537909
2840 0.581473
2841 0.60149
2842 0.557383
2843 0.560671
2844 0.558269
2845 0.542549
2846 0.557299
2847 0.552205
2848 0.562608
2849 0.537724
2850 0.578177
2851 0.547538
2852 0.532642
2853 0.568373
2854 0.534809
2855 0.619752
2856 0.566201
2857 0.597885
2858 0.554151
2859 0.577628
2860 0.640134
2861 0.550391
2862 0.541991
2863 0.562167
2864 0.594435
2865 0.622404
2866 0.557482
2867 0.566502
2868 0.590238
2869 0.600579
2870 0.540446
2871 0.51527
2872 0.56245
2873 0.560752
2874 0.563014
2875 0.534661
2876 0.580182
2877 0.533048
2878 0.548184
2879 0.548791
2880 0.599775
2881 0.552487
2882 0.528322
2883 0.576156
2884 0.514774
2885 0.599689
2886 0.549369
2887 0.565956
2888 0.590005
2889 0.639284
2890 0.548492
2891 0.576602
2892 0.59598
2893 0.591004
2894 0.616096
2895 0.567441
2896 0.515
2897 0.523196
2898 0.563991
2899 0.553634
2900 0.566244
2901 0.537481
2902 0.630997
2903 0.581366
2904 0.622415
2905 0.580974
2906 0.533617
2907 0.59334
2908 0.585964
2909 0.505462
2910 0.551486
2911 0.522992
2912 0.571045
2913 0.554685
2914 0.545438
2915 0.703509
2916 0.561445
2917 0.578123
2918 0.536307
2919 0.569297
2920 0.59569
2921 0.557496
2922 0.650657
2923 0.542284
2924 0.514873
2925 0.581927
2926 0.580376
2927 0.548113
2928 0.524746
2929 0.546101
2930 0.535811
2931 0.517083
2932 0.53631
2933 0.596401
2934 0.547624
2935 0.540587
2936 0.576926
2937 0.576465
2938 0.52995
2939 0.563924
2940 0.59129
2941 0.585093
2942 0.554959
2943 0.532225
2944 0.537443
2945 0.56841
2946 0.64741
2947 0.515657
2948 0.56845
2949 0.499025
2950 0.530685
2951 0.562508
2952 0.586145
2953 0.528231
2954 0.543348
2955 0.542345
2956 0.526507
2957 0.554657
2958 0.523611
2959 0.573997
2960 0.495834
2961 0.563686
2962 0.55804
2963 0.528805
2964 0.531947
2965 0.554832
2966 0.586947
2967 0.508197
2968 0.576845
2969 0.545163
2970 0.513978
2971 0.515921
2972 0.547658
2973 0.559691
2974 0.55887
2975 0.540059
2976 0.518248
2977 0.514041
2978 0.523861
2979 0.512062
2980 0.559242
2981 0.578975
2982 0.536378
2983 0.565457
2984 0.562539
2985 0.525394
2986 0.530243
2987 0.50357
2988 0.516103
2989 0.531006
2990 0.506246
2991 0.522477
2992 0.556738
2993 0.500171
2994 0.531559
2995 0.499849
2996 0.537083
2997 0.50747
2998 0.495012
2999 0.678369
3000 0.511394
3001 0.589107
3002 0.536479
3003 0.540027
3004 0.533539
3005 0.550634
3006 0.518565
3007 0.565281
3008 0.513145
3009 0.530978
3010 0.514987
3011 0.51331
3012 0.49725
3013 0.525166
3014 0.501848
3015 0.66065
3016 0.558587
3017 0.531479
3018 0.551312
3019 0.515255
3020 0.522486
3021 0.553398
3022 0.521669
3023 0.546808
3024 0.538645
3025 0.620575
3026 0.576624
3027 0.525731
3028 0.521162
3029 0.625925
3030 0.588826
3031 0.584144
3032 0.55829
3033 0.545144
3034 0.523966
3035 0.541125
3036 0.514268
3037 0.494645
3038 0.524074
3039 0.51152
3040 0.534757
3041 0.643026
3042 0.510738
3043 0.512447
3044 0.507605
3045 0.580055
3046 0.53185
3047 0.556308
3048 0.491052
3049 0.525254
3050 0.496423
3051 0.514658
3052 0.563362
3053 0.554478
3054 0.52219
3055 0.568102
3056 0.517643
3057 0.528078
3058 0.539946
3059 0.528935
3060 0.572197
3061 0.533364
3062 0.54289
3063 0.549887
3064 0.537903
3065 0.536725
3066 0.519462
3067 0.538197
3068 0.580591
3069 0.542405
3070 0.58299
3071 0.55752
3072 0.532888
3073 0.54161
3074 0.546826
3075 0.568646
3076 0.528543
3077 0.54241
3078 0.512842
3079 0.530257
3080 0.514853
3081 0.549585
3082 0.515407
3083 0.535659
3084 0.519349
3085 0.59343
3086 0.542134
3087 0.548672
3088 0.490449
3089 0.516011
3090 0.517543
3091 0.538274
3092 0.542807
3093 0.514279
3094 0.554869
3095 0.567046
3096 0.524669
3097 0.518204
3098 0.5351
3099 0.542328
3100 0.628959
3101 0.536388
3102 0.526161
3103 0.513932
3104 0.522797
3105 0.571927
3106 0.505001
3107 0.533477
3108 0.485807
3109 0.490367
3110 0.558956
3111 0.551289
3112 0.539269
3113 0.498007
3114 0.548216
3115 0.505898
3116 0.533241
3117 0.514732
3118 0.559981
3119 0.561144
3120 0.53082
3121 0.504724
3122 0.523059
3123 0.580847
3124 0.553646
3125 0.503259
3126 0.568817
3127 0.519091
3128 0.511964
3129 0.503078
3130 0.592905
3131 0.504997
3132 0.527983
3133 0.511996
3134 0.554886
3135 0.549229
3136 0.52212
3137 0.529101
3138 0.545405
3139 0.48937
3140 0.485377
3141 0.502748
3142 0.515937
3143 0.510308
3144 0.518145
3145 0.516073
3146 0.568263
3147 0.522319
3148 0.563568
3149 0.509196
3150 0.513185
3151 0.5201
3152 0.53283
3153 0.506986
3154 0.526016
3155 0.528862
3156 0.503072
3157 0.501005
3158 0.520791
3159 0.502373
3160 0.508065
3161 0.580633
3162 0.507031
3163 0.541559
3164 0.518676
3165 0.499514
3166 0.494015
3167 0.524502
3168 0.607125
3169 0.610635
3170 0.571346
3171 0.544059
3172 0.484615
3173 0.529771
3174 0.572265
3175 0.524242
3176 0.548287
3177 0.502829
3178 0.508135
3179 0.558985
3180 0.479647
3181 0.50783
3182 0.528336
3183 0.559853
3184 0.505633
3185 0.519176
3186 0.519897
3187 0.505522
3188 0.51123
3189 0.56003
3190 0.516746
3191 0.52343
3192 0.524773
3193 0.553632
3194 0.493894
3195 0.530866
3196 0.518054
3197 0.511893
3198 0.505426
3199 0.489004
3200 0.535996
3201 0.518675
3202 0.508866
3203 0.542593
3204 0.537828
3205 0.547556
3206 0.547061
3207 0.520911
3208 0.501854
3209 0.572037
3210 0.522808
3211 0.535834
3212 0.542375
3213 0.514708
3214 0.535181
3215 0.537026
3216 0.533253
3217 0.512314
3218 0.554476
3219 0.490505
3220 0.492074
3221 0.505859
3222 0.505382
3223 0.496793
3224 0.529917
3225 0.536134
3226 0.482145
3227 0.51867
3228 0.495868
3229 0.485353
3230 0.585558
3231 0.511404
3232 0.601986
3233 0.545495
3234 0.529767
3235 0.526587
3236 0.565766
3237 0.5288
3238 0.554393
3239 0.506736
3240 0.509195
3241 0.528253
3242 0.507497
3243 0.634668
3244 0.502324
3245 0.506782
3246 0.553613
3247 0.494259
3248 0.52775
3249 0.512121
3250 0.490547
3251 0.589597
3252 0.485937
3253 0.532933
3254 0.554936
3255 0.522324
3256 0.503668
3257 0.575313
3258 0.478907
3259 0.486279
3260 0.519696
3261 0.583215
3262 0.519811
3263 0.518143
3264 0.504887
3265 0.509594
3266 0.484599
3267 0.543501
3268 0.550514
3269 0.564858
3270 0.501496
3271 0.553483
3272 0.500067
3273 0.501112
3274 0.52554
3275 0.520683
3276 0.499135
3277 0.549347
3278 0.524648
3279 0.514597
3280 0.513732
3281 0.519152
3282 0.499241
3283 0.535108
3284 0.589146
3285 0.520507
3286 0.569945
3287 0.529083
3288 0.488691
3289 0.539248
3290 0.497377
3291 0.559233
3292 0.536043
3293 0.578646
3294 0.487592
3295 0.523423
3296 0.510957
3297 0.529126
3298 0.511401
3299 0.485023
3300 0.479648
3301 0.49518
3302 0.588969
3303 0.48235
3304 0.515374
3305 0.502745
3306 0.517281
3307 0.54944
3308 0.524668
3309 0.536191
3310 0.468757
3311 0.503537
3312 0.504369
3313 0.51537
3314 0.52571
3315 0.50806
3316 0.521748
3317 0.535378
3318 0.515494
3319 0.510613
3320 0.552013
3321 0.533035
3322 0.50321
3323 0.591651
3324 0.531199
3325 0.48225
3326 0.49429
3327 0.515017
3328 0.517383
3329 0.524237
3330 0.523075
3331 0.54081
3332 0.533882
3333 0.529542
3334 0.554809
3335 0.480438
3336 0.511534
3337 0.494947
3338 0.484593
3339 0.516566
3340 0.493899
3341 0.504377
3342 0.491506
3343 0.517858
3344 0.62849
3345 0.503033
3346 0.556088
3347 0.495838
3348 0.578937
3349 0.533029
3350 0.484357
3351 0.544878
3352 0.475564
3353 0.491043
3354 0.539535
3355 0.574667
3356 0.523954
3357 0.513598
3358 0.508367
3359 0.495789
3360 0.505785
3361 0.471757
3362 0.598417
3363 0.535937
3364 0.50851
3365 0.508479
3366 0.51109
3367 0.507089
3368 0.502692
3369 0.543684
3370 0.519726
3371 0.497342
3372 0.491186
3373 0.539847
3374 0.524887
3375 0.573829
3376 0.480517
3377 0.537455
3378 0.466297
3379 0.496643
3380 0.524374
3381 0.512748
3382 0.513564
3383 0.520657
3384 0.521747
3385 0.515988
3386 0.500384
3387 0.509802
3388 0.510841
3389 0.499504
3390 0.532205
3391 0.479274
3392 0.476693
3393 0.48691
3394 0.514286
3395 0.500484
3396 0.477534
3397 0.545979
3398 0.521486
3399 0.497302
3400 0.490673
3401 0.511414
3402 0.524389
3403 0.485249
3404 0.488582
3405 0.505767
3406 0.478684
3407 0.504682
3408 0.495152
3409 0.487554
3410 0.534507
3411 0.493261
3412 0.499899
3413 0.469275
3414 0.464079
3415 0.542049
3416 0.47847
3417 0.495095
3418 0.481227
3419 0.479319
3420 0.490598
3421 0.493048
3422 0.471408
3423 0.481502
3424 0.459683
3425 0.515051
3426 0.47508
3427 0.477713
3428 0.614006
3429 0.617315
3430 0.520917
3431 0.535731
3432 0.481092
3433 0.484982
3434 0.520126
3435 0.536439
3436 0.550706
3437 0.484596
3438 0.475937
3439 0.481998
3440 0.504039
3441 0.476664
3442 0.498153
3443 0.49347
3444 0.546781
3445 0.516802
3446 0.517115
3447 0.530438
3448 0.475094
3449 0.518295
3450 0.484232
3451 0.49696
3452 0.49377
3453 0.50014
3454 0.567536
3455 0.509543
3456 0.507647
3457 0.460784
3458 0.555025
3459 0.568274
3460 0.476446
3461 0.490055
3462 0.493228
3463 0.514761
3464 0.518864
3465 0.455317
3466 0.48795
3467 0.474298
3468 0.491161
3469 0.471649
3470 0.591988
3471 0.459859
3472 0.481298
3473 0.460003
3474 0.50009
3475 0.490328
3476 0.517341
3477 0.474261
3478 0.476557
3479 0.45536
3480 0.514637
3481 0.524266
3482 0.503398
3483 0.514045
3484 0.475981
3485 0.469618
3486 0.49496
3487 0.509188
3488 0.51427
3489 0.489462
3490 0.491859
3491 0.480882
3492 0.525976
3493 0.474943
3494 0.477828
3495 0.524558
3496 0.457523
3497 0.540286
3498 0.49316
3499 0.505437
3500 0.484312
3501 0.488835
3502 0.528649
3503 0.470663
3504 0.504755
3505 0.558402
3506 0.49826
3507 0.464314
3508 0.521222
3509 0.499652
3510 0.474633
3511 0.494784
3512 0.49434
3513 0.509086
3514 0.490483
3515 0.507121
3516 0.458292
3517 0.475347
3518 0.494436
3519 0.503262
3520 0.537668
3521 0.515228
3522 0.507059
3523 0.500549
3524 0.542281
3525 0.47699
3526 0.479682
3527 0.520392
3528 0.496037
3529 0.533187
3530 0.485568
3531 0.49462
3532 0.467801
3533 0.5028
3534 0.526019
3535 0.468154
3536 0.492774
3537 0.462718
3538 0.49187
3539 0.518193
3540 0.48689
3541 0.475711
3542 0.48886
3543 0.516355
3544 0.470779
3545 0.484473
3546 0.497133
3547 0.503329
3548 0.535166
3549 0.487674
3550 0.477996
3551 0.51409
3552 0.569752
3553 0.490705
3554 0.479346
3555 0.515963
3556 0.466548
3557 0.486425
3558 0.466614
3559 0.522773
3560 0.473939
3561 0.500207
3562 0.471132
3563 0.525095
3564 0.468993
3565 0.469871
3566 0.514559
3567 0.487918
3568 0.486893
3569 0.45784
3570 0.478395
3571 0.475265
3572 0.501709
3573 0.483692
3574 0.501529
3575 0.520597
3576 0.46983
3577 0.526632
3578 0.47381
3579 0.48994
3580 0.481959
3581 0.473801
3582 0.49058
3583 0.498264
3584 0.465219
3585 0.454545
3586 0.493582
3587 0.475633
3588 0.457012
3589 0.486067
3590 0.536726
3591 0.494697
3592 0.484591
3593 0.509919
3594 0.483161
3595 0.478335
3596 0.537808
3597 0.601927
3598 0.530263
3599 0.485661
3600 0.516801
3601 0.479745
3602 0.537556
3603 0.524791
3604 0.489472
3605 0.522937
3606 0.513123
3607 0.509581
3608 0.477353
3609 0.461562
3610 0.472218
3611 0.476549
3612 0.463578
3613 0.476261
3614 0.531202
3615 0.47566
3616 0.533272
3617 0.470564
3618 0.499261
3619 0.490846
3620 0.487493
3621 0.472108
3622 0.48605
3623 0.463455
3624 0.500886
3625 0.480219
3626 0.462895
3627 0.466971
3628 0.484038
3629 0.495866
3630 0.485223
3631 0.492564
3632 0.460555
3633 0.498997
3634 0.525669
3635 0.513363
3636 0.467376
3637 0.519782
3638 0.526227
3639 0.510393
3640 0.491364
3641 0.47434
3642 0.49848
3643 0.518657
3644 0.497875
3645 0.501282
3646 0.503069
3647 0.476082
3648 0.484954
3649 0.469968
3650 0.489915
3651 0.506716
3652 0.478065
3653 0.509108
3654 0.495843
3655 0.44476
3656 0.498965
3657 0.483722
3658 0.458171
3659 0.515
3660 0.46641
3661 0.579232
3662 0.518047
3663 0.491054
3664 0.481745
3665 0.454704
3666 0.475961
3667 0.554752
3668 0.491479
3669 0.478922
3670 0.474127
3671 0.468723
3672 0.509096
3673 0.511603
3674 0.471002
3675 0.502912
3676 0.479447
3677 0.474455
3678 0.497059
3679 0.502172
3680 0.508035
3681 0.484621
3682 0.498527
3683 0.506612
3684 0.474548
3685 0.506934
3686 0.540299
3687 0.468804
3688 0.476446
3689 0.484354
3690 0.545326
3691 0.51671
3692 0.498289
3693 0.482233
3694 0.485523
3695 0.491831
3696 0.50112
3697 0.525199
3698 0.555243
3699 0.47022
3700 0.491938
3701 0.512693
3702 0.478784
3703 0.459384
3704 0.467232
3705 0.499652
3706 0.464053
3707 0.477637
3708 0.506598
3709 0.470547
3710 0.500016
3711 0.472832
3712 0.537232
3713 0.513044
3714 0.513812
3715 0.508013
3716 0.494334
3717 0.500322
3718 0.525611
3719 0.471576
3720 0.484626
3721 0.534238
3722 0.547512
3723 0.484013
3724 0.491431
3725 0.506989
3726 0.531736
3727 0.474476
3728 0.455418
3729 0.483435
3730 0.465918
3731 0.490441
3732 0.455066
3733 0.510814
3734 0.48774
3735 0.457975
3736 0.515768
3737 0.571763
3738 0.473568
3739 0.446977
3740 0.492385
3741 0.463939
3742 0.447935
3743 0.513679
3744 0.50287
3745 0.512231
3746 0.538292
3747 0.475127
3748 0.515164
3749 0.470129
3750 0.528721
3751 0.479796
3752 0.52809
3753 0.484098
3754 0.448491
3755 0.484566
3756 0.469126
3757 0.495127
3758 0.465743
3759 0.556673
3760 0.483369
3761 0.476632
3762 0.526688
3763 0.450485
3764 0.490064
3765 0.461309
3766 0.500382
3767 0.452393
3768 0.479764
3769 0.468581
3770 0.490104
3771 0.470829
3772 0.495529
3773 0.507651
3774 0.493961
3775 0.456602
3776 0.440344
3777 0.5649
3778 0.498548
3779 0.485714
3780 0.538738
3781 0.460956
3782 0.476781
3783 0.521868
3784 0.517856
3785 0.470174
3786 0.47155
3787 0.476384
3788 0.475368
3789 0.445539
3790 0.479498
3791 0.517558
3792 0.47409
3793 0.487551
3794 0.485
3795 0.466398
3796 0.487994
3797 0.498408
3798 0.489873
3799 0.459024
3800 0.452906
3801 0.479215
3802 0.50659
3803 0.524123
3804 0.515929
3805 0.483405
3806 0.469824
3807 0.45971
3808 0.506841
3809 0.494177
3810 0.475282
3811 0.466282
3812 0.492912
3813 0.451604
3814 0.478861
3815 0.44986
3816 0.497018
3817 0.443826
3818 0.461996
3819 0.49903
3820 0.452561
3821 0.484015
3822 0.520099
3823 0.447439
3824 0.520208
3825 0.491923
3826 0.462985
3827 0.457269
3828 0.467715
3829 0.446508
3830 0.493751
3831 0.513182
3832 0.474922
3833 0.447237
3834 0.464869
3835 0.435454
3836 0.470781
3837 0.456825
3838 0.494478
3839 0.469212
3840 0.470286
3841 0.505144
3842 0.462556
3843 0.443883
3844 0.458181
3845 0.448485
3846 0.443904
3847 0.445897
3848 0.488538
3849 0.451498
3850 0.476095
3851 0.4286
3852 0.456461
3853 0.449509
3854 0.472855
3855 0.421908
3856 0.553853
3857 0.515992
3858 0.579619
3859 0.464509
3860 0.470844
3861 0.458117
3862 0.457265
3863 0.489669
3864 0.465568
3865 0.452518
3866 0.448978
3867 0.450569
3868 0.467637
3869 0.466227
3870 0.446362
3871 0.445342
3872 0.552703
3873 0.522855
3874 0.47008
3875 0.478835
3876 0.473556
3877 0.460821
3878 0.48414
3879 0.463735
3880 0.467447
3881 0.460291
3882 0.485777
3883 0.541137
3884 0.450536
3885 0.457384
3886 0.482654
3887 0.553586
3888 0.523751
3889 0.446925
3890 0.450092
3891 0.470408
3892 0.485964
3893 0.445792
3894 0.43844
3895 0.44699
3896 0.461441
3897 0.483513
3898 0.495463
3899 0.464361
3900 0.440147
3901 0.427779
3902 0.437529
3903 0.453783
3904 0.438513
3905 0.485441
3906 0.482792
3907 0.460837
3908 0.453028
3909 0.443269
3910 0.503143
3911 0.460252
3912 0.488913
3913 0.464749
3914 0.439505
3915 0.463207
3916 0.468195
3917 0.465529
3918 0.484796
3919 0.486059
3920 0.45999
3921 0.471547
3922 0.449022
3923 0.428304
3924 0.483374
3925 0.454028
3926 0.483451
3927 0.463715
3928 0.482558
3929 0.459964
3930 0.488556
3931 0.489755
3932 0.438697
3933 0.484464
3934 0.471368
3935 0.44597
3936 0.448672
3937 0.47735
3938 0.449506
3939 0.467045
3940 0.455721
3941 0.447917
3942 0.508354
3943 0.491198
3944 0.470508
3945 0.455056
3946 0.461348
3947 0.48555
3948 0.443241
3949 0.470921
3950 0.471396
3951 0.466762
3952 0.514696
3953 0.498696
3954 0.433552
3955 0.47014
3956 0.452441
3957 0.50006
3958 0.466111
3959 0.481332
3960 0.45658
3961 0.423092
3962 0.488931
3963 0.435846
3964 0.463982
3965 0.475166
3966 0.41743
3967 0.460112
3968 0.469342
3969 0.455986
3970 0.483467
3971 0.449225
3972 0.451403
3973 0.438498
3974 0.444076
3975 0.469763
3976 0.470733
3977 0.472675
3978 0.43117
3979 0.445245
3980 0.455983
3981 0.537383
3982 0.455554
3983 0.450532
3984 0.484714
3985 0.447352
3986 0.444187
3987 0.504035
3988 0.450231
3989 0.442969
3990 0.475056
3991 0.46621
3992 0.477461
3993 0.446867
3994 0.461715
3995 0.492096
3996 0.469574
3997 0.446175
3998 0.439867
3999 0.479752
4000 0.443801
4001 0.420049
4002 0.456241
4003 0.471192
4004 0.453289
4005 0.464613
4006 0.461537
4007 0.455034
4008 0.462263
4009 0.422244
4010 0.450982
4011 0.440665
4012 0.441689
4013 0.448875
4014 0.418398
4015 0.463772
4016 0.456511
4017 0.439012
4018 0.522083
4019 0.436836
4020 0.488562
4021 0.439148
4022 0.428897
4023 0.44278
4024 0.416767
4025 0.4734
4026 0.545854
4027 0.486045
4028 0.441976
4029 0.492881
4030 0.430193
4031 0.555948
4032 0.471608
4033 0.478212
4034 0.460213
4035 0.471422
4036 0.484526
4037 0.427271
4038 0.440852
4039 0.465943
4040 0.454919
4041 0.432983
4042 0.463526
4043 0.430776
4044 0.422362
4045 0.453043
4046 0.455064
4047 0.4875
4048 0.453007
4049 0.457372
4050 0.451386
4051 0.492727
4052 0.468276
4053 0.479621
4054 0.46195
4055 0.423298
4056 0.454337
4057 0.4547
4058 0.484242
4059 0.444599
4060 0.449346
4061 0.436933
4062 0.468745
4063 0.45411
4064 0.468676
4065 0.449931
4066 0.509987
4067 0.465573
4068 0.481881
4069 0.473663
4070 0.467971
4071 0.435382
4072 0.508225
4073 0.477541
4074 0.452564
4075 0.46361
4076 0.437424
4077 0.440372
4078 0.438533
4079 0.458758
4080 0.463072
4081 0.436368
4082 0.48235
4083 0.443281
4084 0.428113
4085 0.466196
4086 0.435078
4087 0.482195
4088 0.457193
4089 0.46377
4090 0.474465
4091 0.453965
4092 0.44228
4093 0.477004
4094 0.47059
4095 0.451415
4096 0.478031
4097 0.457696
4098 0.415732
4099 0.468899
4100 0.472973
4101 0.496229
4102 0.467013
4103 0.486485
4104 0.42992
4105 0.434117
4106 0.443778
4107 0.443629
4108 0.474201
4109 0.492682
4110 0.485373
4111 0.527622
4112 0.455956
4113 0.478995
4114 0.530761
4115 0.456075
4116 0.420253
4117 0.454373
4118 0.521172
4119 0.469082
4120 0.499714
4121 0.438248
4122 0.445249
4123 0.456566
4124 0.417308
4125 0.459757
4126 0.554015
4127 0.443907
4128 0.447219
4129 0.466682
4130 0.471432
4131 0.450805
4132 0.440816
4133 0.421484
4134 0.482561
4135 0.418657
4136 0.45857
4137 0.449183
4138 0.448036
4139 0.489802
4140 0.442375
4141 0.509472
4142 0.482705
4143 0.48071
4144 0.436404
4145 0.45502
4146 0.461455
4147 0.435598
4148 0.446134
4149 0.433229
4150 0.468446
4151 0.514924
4152 0.429923
4153 0.439912
4154 0.478933
4155 0.475044
4156 0.412298
4157 0.410261
4158 0.469889
4159 0.447026
4160 0.466213
4161 0.425617
4162 0.463139
4163 0.475262
4164 0.437718
4165 0.4447
4166 0.523052
4167 0.444239
4168 0.434101
4169 0.482074
4170 0.439888
4171 0.484613
4172 0.480568
4173 0.424123
4174 0.457211
4175 0.470377
4176 0.453684
4177 0.459042
4178 0.455194
4179 0.460776
4180 0.486952
4181 0.470168
4182 0.428153
4183 0.43738
4184 0.462318
4185 0.452832
4186 0.447523
4187 0.431313
4188 0.525696
4189 0.455111
4190 0.450722
4191 0.5005
4192 0.451905
4193 0.442035
4194 0.447211
4195 0.409604
4196 0.428245
4197 0.438681
4198 0.44691
4199 0.432704
4200 0.403761
4201 0.477934
4202 0.466064
4203 0.435484
4204 0.426072
4205 0.459433
4206 0.457248
4207 0.449295
4208 0.524286
4209 0.437963
4210 0.451576
4211 0.450233
4212 0.457952
4213 0.488787
4214 0.427373
4215 0.431071
4216 0.444229
4217 0.43059
4218 0.421282
4219 0.508099
4220 0.428806
4221 0.425234
4222 0.436127
4223 0.46961
4224 0.436515
4225 0.447178
4226 0.452677
4227 0.452529
4228 0.416107
4229 0.408439
4230 0.455873
4231 0.428299
4232 0.489722
4233 0.458703
4234 0.506736
4235 0.411738
4236 0.455242
4237 0.451626
4238 0.469513
4239 0.427642
4240 0.432072
4241 0.468782
4242 0.423765
4243 0.443712
4244 0.435035
4245 0.449042
4246 0.422184
4247 0.462791
4248 0.447497
4249 0.415439
4250 0.428141
4251 0.4666
4252 0.457871
4253 0.430427
4254 0.44584
4255 0.450214
4256 0.402372
4257 0.43151
4258 0.432723
4259 0.426943
4260 0.454265
4261 0.454645
4262 0.431032
4263 0.421582
4264 0.422871
4265 0.437294
4266 0.451013
4267 0.421273
4268 0.45405
4269 0.438286
4270 0.466229
4271 0.424924
4272 0.439958
4273 0.429992
4274 0.403085
4275 0.415131
4276 0.402317
4277 0.419184
4278 0.424941
4279 0.419021
4280 0.390227
4281 0.405663
4282 0.454431
4283 0.410789
4284 0.402836
4285 0.566564
4286 0.420051
4287 0.460377
4288 0.431442
4289 0.445792
4290 0.428841
4291 0.432654
4292 0.473543
4293 0.459853
4294 0.434644
4295 0.432573
4296 0.454464
4297 0.429686
4298 0.42461
4299 0.443768
4300 0.440893
4301 0.536973
4302 0.485858
4303 0.452111
4304 0.492372
4305 0.412265
4306 0.420771
4307 0.448936
4308 0.43665
4309 0.438822
4310 0.416899
4311 0.522173
4312 0.471453
4313 0.431729
4314 0.435002
4315 0.417434
4316 0.511507
4317 0.470094
4318 0.436839
4319 0.45472
4320 0.424384
4321 0.434287
4322 0.414487
4323 0.418293
4324 0.422254
4325 0.418314
4326 0.464192
4327 0.478656
4328 0.422918
4329 0.410309
4330 0.395848
4331 0.430784
4332 0.416011
4333 0.437969
4334 0.445877
4335 0.463344
4336 0.424109
4337 0.412355
4338 0.449872
4339 0.461962
4340 0.425043
4341 0.472655
4342 0.435104
4343 0.423592
4344 0.408357
4345 0.456496
4346 0.460612
4347 0.420945
4348 0.430904
4349 0.445335
4350 0.436137
4351 0.41867
4352 0.4629
4353 0.447964
4354 0.448232
4355 0.463568
4356 0.486932
4357 0.465736
4358 0.418076
4359 0.423304
4360 0.430542
4361 0.471913
4362 0.427598
4363 0.476237
4364 0.427977
4365 0.428802
4366 0.407702
4367 0.42159
4368 0.441119
4369 0.421288
4370 0.451329
4371 0.480002
4372 0.461395
4373 0.430788
4374 0.395354
4375 0.424265
4376 0.44281
4377 0.451149
4378 0.448823
4379 0.443117
4380 0.42597
4381 0.448839
4382 0.420252
4383 0.426748
4384 0.438778
4385 0.429376
4386 0.458139
4387 0.477745
4388 0.456362
4389 0.416078
4390 0.42158
4391 0.433748
4392 0.440561
4393 0.425251
4394 0.413643
4395 0.399541
4396 0.455833
4397 0.445835
4398 0.452743
4399 0.423611
4400 0.439272
4401 0.417688
4402 0.421238
4403 0.422763
4404 0.442777
4405 0.472656
4406 0.441739
4407 0.416806
4408 0.411272
4409 0.469289
4410 0.467733
4411 0.437514
4412 0.451493
4413 0.423012
4414 0.436639
4415 0.422912
4416 0.465406
4417 0.415947
4418 0.432722
4419 0.437831
4420 0.442216
4421 0.431483
4422 0.429807
4423 0.445175
4424 0.466789
4425 0.410161
4426 0.417118
4427 0.41296
4428 0.43054
4429 0.428667
4430 0.407049
4431 0.411193
4432 0.449263
4433 0.452197
4434 0.48024
4435 0.420022
4436 0.415094
4437 0.428141
4438 0.415663
4439 0.433921
4440 0.448858
4441 0.437007
4442 0.419725
4443 0.397954
4444 0.448923
4445 0.422686
4446 0.407562
4447 0.482232
4448 0.425551
4449 0.445711
4450 0.405772
4451 0.439091
4452 0.393086
4453 0.442883
4454 0.473501
4455 0.491012
4456 0.456583
4457 0.435497
4458 0.413312
4459 0.435434
4460 0.443092
4461 0.399296
4462 0.46263
4463 0.443512
4464 0.438138
4465 0.471087
4466 0.412125
4467 0.439188
4468 0.417389
4469 0.436545
4470 0.417977
4471 0.431209
4472 0.418848
4473 0.408114
4474 0.442977
4475 0.433878
4476 0.425669
4477 0.42882
4478 0.430953
4479 0.436986
4480 0.421236
4481 0.418904
4482 0.474051
4483 0.431924
4484 0.391761
4485 0.432982
4486 0.448429
4487 0.442771
4488 0.461645
4489 0.445703
4490 0.426063
4491 0.45182
4492 0.443897
4493 0.41754
4494 0.471967
4495 0.493482
4496 0.430689
4497 0.429628
4498 0.437523
4499 0.424288
4500 0.448317
4501 0.480895
4502 0.426384
4503 0.456007
4504 0.441234
4505 0.387795
4506 0.404945
4507 0.421542
4508 0.418071
4509 0.428997
4510 0.445891
4511 0.463326
4512 0.41001
4513 0.43265
4514 0.401372
4515 0.400969
4516 0.472726
4517 0.419817
4518 0.468616
4519 0.424786
4520 0.449611
4521 0.427357
4522 0.480034
4523 0.449866
4524 0.436119
4525 0.449201
4526 0.456316
4527 0.420282
4528 0.407687
4529 0.479545
4530 0.422392
4531 0.413276
4532 0.421564
4533 0.400307
4534 0.42546
4535 0.48321
4536 0.405089
4537 0.452661
4538 0.390805
4539 0.448349
4540 0.447293
4541 0.411595
4542 0.436821
4543 0.471961
4544 0.415401
4545 0.397131
4546 0.444388
4547 0.494761
4548 0.412315
4549 0.414586
4550 0.46719
4551 0.431831
4552 0.426389
4553 0.482128
4554 0.422842
4555 0.473281
4556 0.419
4557 0.425434
4558 0.433795
4559 0.415058
4560 0.403203
4561 0.400825
4562 0.43359
4563 0.451904
4564 0.422985
4565 0.406039
4566 0.417898
4567 0.49143
4568 0.395461
4569 0.442879
4570 0.514114
4571 0.429256
4572 0.444472
4573 0.422269
4574 0.407422
4575 0.453452
4576 0.418552
4577 0.419653
4578 0.433745
4579 0.479286
4580 0.437371
4581 0.421653
4582 0.441807
4583 0.450144
4584 0.437597
4585 0.408049
4586 0.400181
4587 0.432081
4588 0.471975
4589 0.42596
4590 0.40411
4591 0.426236
4592 0.425149
4593 0.399589
4594 0.408993
4595 0.468258
4596 0.398748
4597 0.392465
4598 0.462624
4599 0.43396
4600 0.439249
4601 0.418055
4602 0.418102
4603 0.4925
4604 0.417141
4605 0.416916
4606 0.446872
4607 0.442821
4608 0.444907
4609 0.488141
4610 0.435462
4611 0.39456
4612 0.405851
4613 0.407209
4614 0.449202
4615 0.449397
4616 0.451729
4617 0.448167
4618 0.418888
4619 0.446247
4620 0.486363
4621 0.395584
4622 0.434907
4623 0.426584
4624 0.417378
4625 0.41923
4626 0.437717
4627 0.415746
4628 0.395332
4629 0.417698
4630 0.500495
4631 0.413965
4632 0.432835
4633 0.406327
4634 0.464696
4635 0.422722
4636 0.409557
4637 0.486096
4638 0.412039
4639 0.398978
4640 0.437302
4641 0.5015
4642 0.447494
4643 0.410301
4644 0.440566
4645 0.395128
4646 0.41004
4647 0.443648
4648 0.485966
4649 0.433633
4650 0.425183
4651 0.386655
4652 0.453502
4653 0.44532
4654 0.413597
4655 0.431067
4656 0.428092
4657 0.398721
4658 0.388845
4659 0.447903
4660 0.42971
4661 0.462118
4662 0.401435
4663 0.444948
4664 0.402133
4665 0.410732
4666 0.41422
4667 0.418217
4668 0.421859
4669 0.429493
4670 0.441427
4671 0.415935
4672 0.417718
4673 0.438485
4674 0.420801
4675 0.381561
4676 0.396661
4677 0.396905
4678 0.40755
4679 0.429768
4680 0.473795
4681 0.42691
4682 0.41681
4683 0.455736
4684 0.417633
4685 0.403852
4686 0.410588
4687 0.409844
4688 0.433384
4689 0.426635
4690 0.421226
4691 0.408369
4692 0.400668
4693 0.422071
4694 0.400076
4695 0.4357
4696 0.401522
4697 0.413351
4698 0.43578
4699 0.393253
4700 0.394196
4701 0.422204
4702 0.380353
4703 0.406189
4704 0.404942
4705 0.393905
4706 0.412369
4707 0.407598
4708 0.413197
4709 0.39095
4710 0.390184
4711 0.428403
4712 0.381709
4713 0.39807
4714 0.488057
4715 0.43214
4716 0.438505
4717 0.414829
4718 0.392551
4719 0.412933
4720 0.452572
4721 0.474574
4722 0.42653
4723 0.390907
4724 0.397857
4725 0.422896
4726 0.436105
4727 0.395062
4728 0.402249
4729 0.399468
4730 0.450155
4731 0.432555
4732 0.416136
4733 0.457375
4734 0.38727
4735 0.444357
4736 0.432799
4737 0.406702
4738 0.399489
4739 0.417521
4740 0.477104
4741 0.424395
4742 0.414085
4743 0.394376
4744 0.446935
4745 0.448853
4746 0.403178
4747 0.404552
4748 0.415498
4749 0.385158
4750 0.41118
4751 0.387536
4752 0.387006
4753 0.385529
4754 0.39214
4755 0.424321
4756 0.520866
4757 0.41034
4758 0.392767
4759 0.402332
4760 0.41779
4761 0.408906
4762 0.435929
4763 0.400711
4764 0.442854
4765 0.380905
4766 0.413071
4767 0.440297
4768 0.395405
4769 0.408814
4770 0.399084
4771 0.413047
4772 0.426059
4773 0.403063
4774 0.389035
4775 0.423897
4776 0.429511
4777 0.433329
4778 0.402527
4779 0.445545
4780 0.411453
4781 0.406198
4782 0.400847
4783 0.417972
4784 0.397972
4785 0.425803
4786 0.410274
4787 0.3963
4788 0.428479
4789 0.405224
4790 0.423542
4791 0.422222
4792 0.435656
4793 0.408217
4794 0.411229
4795 0.410668
4796 0.425583
4797 0.389593
4798 0.391318
4799 0.449814
4800 0.398695
4801 0.456533
4802 0.404105
4803 0.384694
4804 0.387137
4805 0.419182
4806 0.408674
4807 0.389257
4808 0.410261
4809 0.41123
4810 0.424891
4811 0.395844
4812 0.394341
4813 0.42577
4814 0.4289
4815 0.439967
4816 0.419777
4817 0.411355
4818 0.399749
4819 0.395502
4820 0.412408
4821 0.397265
4822 0.405814
4823 0.386973
4824 0.396681
4825 0.408
4826 0.397389
4827 0.417475
4828 0.407464
4829 0.40588
4830 0.397663
4831 0.402648
4832 0.419667
4833 0.413
4834 0.460288
4835 0.413378
4836 0.378159
4837 0.392117
4838 0.497494
4839 0.418294
4840 0.415037
4841 0.41988
4842 0.369787
4843 0.407504
4844 0.380122
4845 0.434595
4846 0.381512
4847 0.39323
4848 0.390911
4849 0.417153
4850 0.411045
4851 0.398013
4852 0.418041
4853 0.428219
4854 0.397173
4855 0.382573
4856 0.401298
4857 0.404758
4858 0.387663
4859 0.393338
4860 0.404054
4861 0.423227
4862 0.395514
4863 0.445664
4864 0.422286
4865 0.411192
4866 0.383027
4867 0.388927
4868 0.385113
4869 0.420043
4870 0.392481
4871 0.39518
4872 0.417737
4873 0.402452
4874 0.395562
4875 0.388078
4876 0.447833
4877 0.402119
4878 0.413218
4879 0.393021
4880 0.390958
4881 0.383843
4882 0.422375
4883 0.456316
4884 0.466787
4885 0.416039
4886 0.415993
4887 0.37472
4888 0.430017
4889 0.459095
4890 0.397984
4891 0.426436
4892 0.394427
4893 0.425491
4894 0.417566
4895 0.374842
4896 0.404767
4897 0.387499
4898 0.424745
4899 0.393282
4900 0.434042
4901 0.388402
4902 0.389749
4903 0.381085
4904 0.423979
4905 0.398028
4906 0.397921
4907 0.397978
4908 0.404963
4909 0.403951
4910 0.406166
4911 0.419923
4912 0.411454
4913 0.372721
4914 0.404423
4915 0.414343
4916 0.399476
4917 0.388669
4918 0.400175
4919 0.425555
4920 0.422791
4921 0.43242
4922 0.395305
4923 0.421419
4924 0.41357
4925 0.40591
4926 0.403498
4927 0.402333
4928 0.407415
4929 0.424909
4930 0.450628
4931 0.382602
4932 0.412381
4933 0.412222
4934 0.37985
4935 0.376681
4936 0.405526
4937 0.422962
4938 0.409619
4939 0.406981
4940 0.405976
4941 0.402214
4942 0.422653
4943 0.398376
4944 0.373116
4945 0.446438
4946 0.394087
4947 0.436408
4948 0.429524
4949 0.40296
4950 0.405685
4951 0.430004
4952 0.393923
4953 0.45442
4954 0.410591
4955 0.395148
4956 0.403303
4957 0.397639
4958 0.463149
4959 0.427256
4960 0.380775
4961 0.43667
4962 0.394664
4963 0.408618
4964 0.400112
4965 0.429123
4966 0.407981
4967 0.386492
4968 0.45076
4969 0.405829
4970 0.42116
4971 0.450338
4972 0.499639
4973 0.388919
4974 0.384
4975 0.400464
4976 0.406524
4977 0.411989
4978 0.443422
4979 0.368738
4980 0.383288
4981 0.385541
4982 0.379948
4983 0.416728
4984 0.457141
4985 0.377991
4986 0.400938
4987 0.409392
4988 0.401687
4989 0.383247
4990 0.39943
4991 0.400658
4992 0.370036
4993 0.408727
4994 0.379996
4995 0.402809
4996 0.407161
4997 0.395221
4998 0.40587
4999 0.431475
5000 0.389594
