0 4.17912
1 5.40422
2 5.91147
3 4.29876
4 3.1765
5 2.33431
6 2.1077
7 1.93472
8 1.76332
9 1.7914
10 1.78321
11 1.81118
12 1.73989
13 1.70712
14 1.86892
15 1.71335
16 1.70962
17 1.98933
18 1.75341
19 1.79318
20 1.76737
21 1.68674
22 1.70105
23 1.67137
24 1.69557
25 1.91723
26 1.63663
27 1.40283
28 1.72273
29 1.7944
30 1.79863
31 1.43047
32 1.6452
33 1.65045
34 1.63302
35 1.6342
36 1.55044
37 1.47031
38 1.39813
39 1.51677
40 1.46427
41 1.4526
42 1.39127
43 1.26566
44 1.53971
45 1.41466
46 1.30587
47 1.30805
48 1.37988
49 1.36756
50 1.30443
51 1.73465
52 1.53681
53 1.33892
54 1.43611
55 1.34146
56 1.41413
57 1.44279
58 1.49018
59 1.69831
60 1.48645
61 1.45257
62 1.58619
63 1.57931
64 1.29986
65 1.37746
66 1.38452
67 1.44111
68 1.51136
69 1.42861
70 1.60453
71 1.50445
72 1.70485
73 1.56243
74 1.50596
75 1.60563
76 1.62688
77 1.25176
78 1.34699
79 1.50855
80 1.38345
81 1.37312
82 1.34684
83 1.37517
84 1.48037
85 1.42995
86 1.41274
87 1.2799
88 1.32669
89 1.26055
90 1.30577
91 1.37856
92 1.38507
93 1.4511
94 1.47017
95 1.45045
96 1.25021
97 1.41378
98 1.47703
99 1.50578
100 1.4229
101 1.30693
102 1.19856
103 1.19659
104 1.37656
105 1.264
106 1.25313
107 1.31183
108 1.2092
109 1.26276
110 1.36417
111 1.3646
112 1.29669
113 1.37737
114 1.14791
115 1.30989
116 1.29277
117 1.52388
118 1.56523
119 1.27202
120 1.16296
121 1.3268
122 1.42926
123 1.44062
124 1.46681
125 1.2753
126 1.30488
127 1.2462
128 1.21424
129 1.43514
130 1.25692
131 1.16684
132 1.24847
133 1.30653
134 1.42888
135 1.19378
136 1.41387
137 1.54088
138 1.25859
139 1.23198
140 1.14517
141 1.34375
142 1.22753
143 1.19758
144 1.26905
145 1.23668
146 1.2636
147 1.35362
148 1.29465
149 1.22232
150 1.38852
151 1.1647
152 1.36202
153 1.4287
154 1.40716
155 1.27828
156 1.21044
157 1.27871
158 1.26376
159 1.18221
160 1.21569
161 1.1811
162 1.32464
163 1.28006
164 1.21397
165 1.15292
166 1.23035
167 1.49743
168 1.41396
169 1.49084
170 1.33936
171 1.20703
172 1.20167
173 1.4779
174 1.26162
175 1.43698
176 1.21687
177 1.28689
178 1.24863
179 1.15642
180 1.20237
181 1.18428
182 1.39148
183 1.22401
184 1.41239
185 1.1994
186 1.23668
187 1.25781
188 1.4866
189 1.28209
190 1.29504
191 1.17514
192 1.17688
193 1.34333
194 1.40951
195 1.35348
196 1.37344
197 1.21734
198 1.16698
199 1.30956
200 1.38599
201 1.26291
202 1.36518
203 1.30501
204 1.39661
205 1.49425
206 1.38571
207 1.20693
208 1.40383
209 1.26071
210 1.27995
211 1.38916
212 1.21498
213 1.34082
214 1.31473
215 1.07444
216 1.21861
217 1.24755
218 1.18009
219 1.15904
220 1.22441
221 1.3014
222 1.26389
223 1.12789
224 1.30849
225 1.0981
226 1.1933
227 1.10883
228 1.12763
229 1.2088
230 1.29096
231 1.28011
232 1.29704
233 1.26267
234 1.08527
235 1.22479
236 1.28036
237 1.17878
238 1.16182
239 1.17544
240 1.19215
241 1.20268
242 1.27493
243 1.26008
244 1.09797
245 1.21237
246 1.16247
247 1.06219
248 1.19242
249 1.15015
250 1.24252
251 1.23235
252 1.48657
253 1.39979
254 1.36869
255 1.25889
256 1.22853
257 1.2096
258 1.08854
259 1.18923
260 1.18657
261 1.17366
262 1.29229
263 1.25442
264 1.03512
265 1.17968
266 1.08104
267 1.13842
268 1.50948
269 1.13748
270 1.21485
271 1.20899
272 1.20093
273 1.20252
274 1.21047
275 1.20868
276 1.11175
277 1.22877
278 1.24131
279 1.18138
280 1.1297
281 1.1966
282 1.11831
283 1.35148
284 1.27718
285 1.26123
286 1.13526
287 1.18243
288 1.19247
289 1.28705
290 1.27073
291 1.27947
292 1.43493
293 1.20774
294 1.20113
295 1.33068
296 1.33973
297 1.28149
298 1.27567
299 1.07261
300 1.09357
301 1.17302
302 1.12316
303 1.21641
304 1.22308
305 1.22645
306 1.18072
307 1.26736
308 1.25543
309 1.06926
310 1.1641
311 1.26545
312 1.31387
313 1.2949
314 1.12412
315 1.21967
316 1.32302
317 1.19798
318 1.28884
319 1.33219
320 1.28744
321 1.18437
322 1.43175
323 1.26009
324 1.11285
325 1.12496
326 1.0754
327 1.13732
328 1.14173
329 1.21817
330 1.2647
331 1.20907
332 1.26645
333 1.18347
334 1.1139
335 1.29702
336 1.20861
337 1.06985
338 1.35803
339 1.10832
340 1.16687
341 1.11914
342 1.08424
343 1.46982
344 1.25265
345 1.23062
346 1.09565
347 1.37822
348 1.35564
349 1.12606
350 1.39756
351 1.15742
352 1.156
353 1.31327
354 1.4528
355 1.13505
356 1.20174
357 1.21153
358 1.12519
359 1.04439
360 1.1146
361 1.23123
362 1.05773
363 1.10961
364 1.09637
365 1.07223
366 1.0795
367 1.1996
368 1.30745
369 1.20325
370 1.11278
371 1.08633
372 1.30292
373 1.26466
374 1.50523
375 1.16781
376 1.26277
377 1.05212
378 1.09716
379 1.18867
380 1.14881
381 1.13374
382 1.24779
383 1.1622
384 1.14849
385 1.06942
386 1.11592
387 1.0904
388 1.06552
389 1.3556
390 1.17209
391 1.10217
392 1.09596
393 1.14181
394 1.13117
395 1.06207
396 1.17971
397 1.09998
398 1.04042
399 1.06332
400 1.21803
401 1.16597
402 1.09182
403 1.13556
404 1.07153
405 1.11093
406 1.12711
407 1.02208
408 1.09152
409 1.06516
410 1.07896
411 1.33865
412 1.078
413 1.07051
414 1.0827
415 0.985722
416 1.0082
417 1.06951
418 1.06672
419 1.03031
420 1.10222
421 0.95877
422 0.965948
423 0.983441
424 1.29031
425 0.998948
426 1.02588
427 1.40123
428 0.936972
429 1.25855
430 1.06569
431 1.16467
432 1.03914
433 1.14776
434 1.16555
435 1.09832
436 1.07423
437 1.08367
438 1.11887
439 1.1163
440 1.13476
441 1.04613
442 1.12257
443 1.29814
444 1.15152
445 1.10206
446 1.287
447 1.11138
448 1.17476
449 1.13604
450 1.1644
451 1.11166
452 1.13564
453 1.32831
454 1.10076
455 1.2401
456 1.02999
457 1.4502
458 1.3213
459 1.26965
460 1.15351
461 1.14268
462 1.15759
463 1.1564
464 1.19994
465 1.11408
466 1.07878
467 1.07356
468 1.11571
469 1.51139
470 1.11039
471 1.1001
472 1.02492
473 1.19256
474 1.08683
475 1.13224
476 1.01387
477 1.11736
478 1.02193
479 1.08352
480 1.22752
481 1.14579
482 1.12932
483 1.13624
484 1.04191
485 1.14501
486 1.11439
487 1.27414
488 1.33215
489 1.13902
490 1.09097
491 1.24926
492 1.16327
493 1.0657
494 1.17901
495 1.06613
496 1.18789
497 1.13988
498 1.22575
499 1.16985
500 1.14443
501 1.25695
502 1.13657
503 1.11444
504 1.31615
505 1.25032
506 1.08001
507 1.25784
508 1.2125
509 1.09186
510 1.08183
511 1.06927
512 1.19753
513 1.10196
514 1.32463
515 1.0352
516 1.04501
517 1.0259
518 1.10466
519 1.16714
520 1.12197
521 1.07762
522 1.17109
523 1.15247
524 1.10019
525 1.03905
526 1.14252
527 1.18657
528 1.17352
529 1.12709
530 1.05396
531 1.08765
532 1.05698
533 1.04012
534 1.18468
535 1.10718
536 1.09323
537 0.985548
538 1.09812
539 1.12628
540 1.10375
541 1.15118
542 1.08349
543 1.00467
544 1.12344
545 1.0751
546 1.16474
547 1.22588
548 1.04545
549 1.00921
550 1.16437
551 1.16999
552 1.21919
553 1.2901
554 1.20524
555 1.01693
556 1.10807
557 1.14149
558 1.138
559 1.01096
560 1.04676
561 1.03656
562 1.12154
563 1.13302
564 1.034
565 1.29296
566 1.17289
567 1.12886
568 0.983123
569 1.1056
570 1.16339
571 0.956108
572 1.05032
573 1.10012
574 1.14723
575 1.0393
576 1.15766
577 1.06277
578 1.07002
579 1.11608
580 1.04087
581 1.12408
582 1.18259
583 1.2076
584 1.10073
585 1.04251
586 1.18312
587 1.07681
588 1.04266
589 1.09854
590 1.02303
591 1.17899
592 1.08416
593 1.06578
594 1.00469
595 1.20581
596 1.17305
597 1.24339
598 1.23847
599 1.17795
600 1.00233
601 1.17811
602 1.13546
603 1.12381
604 1.10521
605 1.07282
606 1.10646
607 1.05559
608 1.0316
609 1.09971
610 1.00212
611 1.18516
612 1.07578
613 1.1781
614 1.04454
615 1.04613
616 1.10823
617 1.20387
618 1.14596
619 1.06172
620 1.04046
621 1.10986
622 1.1394
623 1.23166
624 1.12493
625 1.14748
626 1.0097
627 1.04855
628 1.1352
629 1.14965
630 1.10539
631 1.16314
632 1.13289
633 1.16993
634 1.29474
635 1.07605
636 1.11679
637 1.26746
638 1.15367
639 1.13275
640 1.10484
641 1.0973
642 1.20374
643 1.05718
644 1.06019
645 1.04608
646 1.11837
647 1.00523
648 0.993493
649 1.04504
650 1.11573
651 1.10579
652 1.0595
653 1.09879
654 0.966919
655 1.05218
656 0.999284
657 1.01083
658 1.1768
659 1.19163
660 1.16749
661 1.19335
662 1.04281
663 1.07477
664 1.13302
665 1.0393
666 1.23509
667 1.04496
668 1.02064
669 1.08667
670 1.0841
671 1.16
672 1.07566
673 0.959615
674 1.13356
675 1.01097
676 1.0098
677 1.09009
678 1.02134
679 1.12106
680 1.09366
681 1.29534
682 1.17049
683 1.1291
684 1.12301
685 1.10112
686 1.05738
687 1.00221
688 1.05194
689 1.10474
690 1.04574
691 1.15881
692 1.04191
693 0.989517
694 0.999952
695 1.0888
696 1.11387
697 1.09795
698 1.02963
699 1.08893
700 1.06957
701 1.13449
702 1.0498
703 1.00587
704 1.02007
705 1.14434
706 1.03962
707 1.05536
708 1.06932
709 1.06434
710 1.08647
711 1.01787
712 1.23233
713 1.14084
714 1.11098
715 1.06941
716 1.00013
717 1.14143
718 1.05174
719 1.03028
720 1.13063
721 1.34327
722 1.07534
723 1.109
724 1.11162
725 1.23092
726 1.04436
727 1.02747
728 1.01169
729 1.06266
730 1.06442
731 1.05904
732 1.11353
733 1.10555
734 1.0955
735 1.08205
736 1.18576
737 1.0179
738 1.00809
739 1.05506
740 1.15847
741 1.08465
742 1.05906
743 1.00144
744 1.16933
745 1.13664
746 1.04402
747 1.18749
748 1.14019
749 1.16903
750 1.18745
751 1.29881
752 1.09566
753 0.996837
754 1.11754
755 1.05496
756 1.04029
757 1.02407
758 1.17999
759 1.08137
760 1.06538
761 1.09081
762 1.17985
763 1.01444
764 1.10927
765 1.03388
766 0.998045
767 1.09702
768 1.04329
769 1.03899
770 0.981409
771 1.14695
772 1.28275
773 1.063
774 1.0892
775 0.966509
776 1.27665
777 1.21482
778 1.01607
779 1.40186
780 1.01189
781 1.05669
782 1.17485
783 1.30305
784 1.13386
785 1.0856
786 1.04806
787 1.01567
788 0.994205
789 1.06074
790 1.03979
791 0.999713
792 1.00314
793 1.04096
794 1.01678
795 1.10341
796 1.17258
797 1.1442
798 1.05355
799 0.938044
800 0.970842
801 1.13705
802 1.17443
803 1.29073
804 1.05547
805 1.05273
806 0.979517
807 1.0353
808 1.10475
809 1.05581
810 1.05356
811 1.16532
812 1.02753
813 0.98439
814 0.978482
815 1.0499
816 0.981518
817 0.967866
818 1.23647
819 1.09459
820 1.03739
821 1.07111
822 0.97294
823 1.02954
824 0.980118
825 1.13613
826 1.02831
827 1.06331
828 1.0855
829 0.990565
830 1.1372
831 0.96037
832 0.985923
833 1.03814
834 1.01331
835 1.03464
836 0.960128
837 1.03646
838 0.988339
839 1.01841
840 1.2101
841 0.981667
842 0.979453
843 1.01441
844 0.947391
845 0.94761
846 0.959618
847 1.03211
848 0.948332
849 1.05426
850 0.920437
851 0.917582
852 1.00129
853 1.14616
854 0.932706
855 0.971933
856 1.27935
857 0.987895
858 1.11193
859 1.02661
860 0.969979
861 1.02776
862 1.02285
863 1.08636
864 1.02204
865 1.01023
866 0.961666
867 0.990545
868 1.0582
869 0.964332
870 1.00771
871 1.03091
872 1.08703
873 1.06044
874 1.14045
875 1.13955
876 1.00099
877 1.08098
878 0.981982
879 1.05112
880 1.00077
881 1.05116
882 1.1689
883 1.00644
884 1.07101
885 1.02901
886 1.30272
887 1.17483
888 1.02116
889 1.03375
890 1.023
891 1.03249
892 1.04782
893 1.00446
894 1.04656
895 0.968397
896 1.08995
897 1.04027
898 1.19874
899 0.967346
900 0.920986
901 0.981669
902 1.10283
903 0.989745
904 1.05422
905 1.01864
906 0.978347
907 1.00495
908 1.15637
909 1.10435
910 1.03321
911 1.01366
912 0.998763
913 0.97061
914 1.05692
915 1.03484
916 1.2011
917 1.12236
918 1.02791
919 1.0325
920 1.10344
921 1.01433
922 0.978151
923 1.0003
924 0.959759
925 1.17772
926 1.03023
927 1.10257
928 1.09734
929 1.039
930 1.09133
931 0.995386
932 1.08006
933 1.15187
934 1.01214
935 0.971243
936 1.12405
937 1.06038
938 1.05802
939 1.01661
940 0.983196
941 1.10924
942 1.14187
943 1.08322
944 1.09625
945 0.967043
946 1.03416
947 1.07733
948 1.00501
949 1.03177
950 1.06862
951 1.04961
952 1.08286
953 0.934216
954 1.06477
955 1.092
956 1.03622
957 1.06899
958 1.0005
959 0.987784
960 0.958323
961 0.982363
962 1.04112
963 1.03909
964 1.03659
965 0.943316
966 0.934284
967 1.06276
968 1.096
969 0.994518
970 0.998554
971 0.985751
972 0.951828
973 1.03464
974 1.04504
975 1.04233
976 1.03346
977 1.01418
978 0.932029
979 1.04513
980 1.13112
981 1.10145
982 1.17374
983 1.04231
984 0.967696
985 1.00094
986 1.01078
987 1.03926
988 0.935312
989 0.9953
990 1.01183
991 1.11818
992 0.994296
993 1.01697
994 1.23824
995 1.02194
996 1.05291
997 0.937423
998 1.07632
999 0.957196
1000 0.931197
1001 1.03943
1002 1.03446
1003 1.05678
1004 1.02291
1005 1.02637
1006 0.982058
1007 1.09388
1008 0.947926
1009 1.00092
1010 1.03623
1011 0.959119
1012 1.08759
1013 1.00416
1014 0.960443
1015 1.0668
1016 0.967891
1017 1.04317
1018 0.990928
1019 1.10572
1020 0.99356
1021 0.977454
1022 0.969049
1023 0.961225
1024 1.1376
1025 1.1476
1026 1.10373
1027 1.07861
1028 1.07182
1029 0.9649
1030 1.13081
1031 1.01048
1032 0.981317
1033 1.03549
1034 0.999834
1035 1.02737
1036 0.974258
1037 0.953409
1038 0.998152
1039 1.07034
1040 0.964502
1041 1.02814
1042 1.06059
1043 1.01072
1044 1.01314
1045 1.05844
1046 1.02807
1047 1.08458
1048 0.981913
1049 0.944704
1050 1.0223
1051 1.04749
1052 1.06995
1053 1.08955
1054 0.944216
1055 0.963448
1056 1.05858
1057 1.02924
1058 1.00997
1059 1.06577
1060 1.0636
1061 1.13196
1062 1.08999
1063 1.06428
1064 0.941855
1065 1.0302
1066 1.08101
1067 1.08887
1068 1.00182
1069 1.06261
1070 1.05445
1071 1.09548
1072 0.967159
1073 0.991488
1074 1.02576
1075 1.03575
1076 0.928804
1077 0.942312
1078 1.01698
1079 1.01659
1080 0.999502
1081 0.924401
1082 1.01489
1083 0.91576
1084 1.0203
1085 0.95279
1086 0.937974
1087 1.11094
1088 1.03221
1089 1.14996
1090 1.10509
1091 0.932833
1092 1.01433
1093 0.999104
1094 0.984277
1095 1.0528
1096 0.983335
1097 0.948978
1098 0.969871
1099 1.04691
1100 1.05782
1101 0.982762
1102 1.03565
1103 0.970084
1104 0.950774
1105 0.988693
1106 0.971271
1107 1.01148
1108 1.02914
1109 0.963667
1110 1.17578
1111 1.07913
1112 0.999028
1113 1.10887
1114 0.965387
1115 0.970137
1116 0.980567
1117 1.02432
1118 0.988327
1119 1.05387
1120 0.963865
1121 0.979093
1122 0.960123
1123 0.971604
1124 0.983536
1125 1.15628
1126 1.0631
1127 0.960032
1128 1.00929
1129 1.02797
1130 1.02727
1131 0.950389
1132 0.936687
1133 1.04703
1134 0.985895
1135 1.02649
1136 1.00759
1137 0.945388
1138 1.00394
1139 0.978034
1140 1.13659
1141 1.02816
1142 1.0796
1143 0.963397
1144 1.0078
1145 0.983331
1146 1.0446
1147 1.04324
1148 0.989854
1149 1.05736
1150 1.11319
1151 1.01066
1152 1.05933
1153 1.0946
1154 1.04199
1155 1.02157
1156 0.957068
1157 0.95376
1158 1.01322
1159 1.02081
1160 0.968745
1161 1.09392
1162 0.943951
1163 0.976563
1164 1.00655
1165 1.15718
1166 0.947047
1167 0.969569
1168 1.04198
1169 0.993319
1170 1.06212
1171 1.00753
1172 0.922952
1173 1.12332
1174 1.06026
1175 0.979901
1176 1.10554
1177 1.01873
1178 1.12374
1179 1.09453
1180 1.12592
1181 0.926386
1182 0.99392
1183 1.00501
1184 0.96546
1185 1.03771
1186 0.922456
1187 1.17603
1188 1.05439
1189 0.991135
1190 1.10187
1191 0.96829
1192 1.02445
1193 0.967676
1194 0.970534
1195 0.945555
1196 0.988398
1197 1.01832
1198 0.921767
1199 0.909093
1200 1.17051
1201 1.12668
1202 1.08796
1203 0.952489
1204 1.00762
1205 1.15834
1206 1.06737
1207 0.958403
1208 1.13217
1209 0.956389
1210 1.03083
1211 1.11189
1212 1.15192
1213 1.01598
1214 1.02644
1215 1.0112
1216 0.950707
1217 0.951423
1218 1.04972
1219 0.984438
1220 0.953352
1221 0.953759
1222 1.03605
1223 0.935887
1224 0.998861
1225 1.11959
1226 1.03278
1227 0.969059
1228 0.923245
1229 0.976067
1230 1.0979
1231 1.17311
1232 1.12218
1233 0.981825
1234 0.976333
1235 0.947536
1236 1.08445
1237 1.02741
1238 0.995297
1239 0.999377
1240 1.08095
1241 0.927317
1242 0.950373
1243 0.943585
1244 1.0072
1245 0.893455
1246 0.95013
1247 1.08769
1248 0.957547
1249 0.96792
1250 1.02544
1251 0.97451
1252 0.947484
1253 0.975676
1254 0.970316
1255 0.973273
1256 0.947956
1257 1.01644
1258 0.979937
1259 0.992479
1260 0.95157
1261 0.913139
1262 0.968142
1263 0.95713
1264 0.940138
1265 0.981342
1266 0.934144
1267 0.963644
1268 1.01052
1269 1.03689
1270 0.88735
1271 0.943514
1272 0.942773
1273 0.901784
1274 0.908477
1275 0.902319
1276 0.970698
1277 0.960847
1278 0.90586
1279 0.86592
1280 0.875293
1281 1.0399
1282 1.03675
1283 0.87295
1284 1.21683
1285 0.907757
1286 0.992623
1287 0.991984
1288 0.979559
1289 0.926311
1290 0.942736
1291 1.01349
1292 0.978168
1293 0.986076
1294 0.977526
1295 0.943339
1296 0.937373
1297 1.00234
1298 0.953901
1299 0.94496
1300 1.12134
1301 1.05458
1302 0.958503
1303 1.09945
1304 0.99468
1305 0.994536
1306 1.00737
1307 0.965461
1308 1.00263
1309 1.00782
1310 0.990297
1311 1.15223
1312 0.912156
1313 0.971917
1314 0.98609
1315 1.10548
1316 1.11054
1317 0.931213
1318 0.987712
1319 1.02512
1320 0.972614
1321 0.957232
1322 0.926212
1323 0.984151
1324 0.910135
1325 0.940671
1326 1.08286
1327 1.00044
1328 0.902205
1329 0.876258
1330 0.985381
1331 1.0086
1332 0.939679
1333 0.998735
1334 0.931437
1335 0.93932
1336 0.959894
1337 1.09705
1338 1.00348
1339 0.952026
1340 0.977415
1341 0.917568
1342 0.952012
1343 0.993407
1344 0.947045
1345 1.12274
1346 1.05626
1347 0.962257
1348 1.06011
1349 1.00652
1350 0.926351
1351 0.959043
1352 0.933862
1353 0.95235
1354 1.03269
1355 0.968023
1356 1.09111
1357 0.965564
1358 0.989049
1359 0.992863
1360 0.98006
1361 0.980216
1362 1.08994
1363 0.983983
1364 0.940048
1365 1.06099
1366 0.992047
1367 0.977193
1368 0.962079
1369 0.976375
1370 1.00807
1371 1.01627
1372 1.00229
1373 0.945449
1374 1.02019
1375 0.93492
1376 0.939599
1377 0.954456
1378 1.00617
1379 0.982759
1380 1.01474
1381 0.976699
1382 0.923015
1383 0.985567
1384 1.02912
1385 1.02594
1386 0.988249
1387 0.960732
1388 0.929027
1389 0.913212
1390 0.960758
1391 0.930305
1392 0.991023
1393 0.981511
1394 0.901691
1395 0.908841
1396 0.993415
1397 0.98728
1398 1.00063
1399 0.970334
1400 0.901923
1401 1.00373
1402 0.951231
1403 0.974733
1404 0.979741
1405 0.996248
1406 0.914833
1407 0.940016
1408 1.07144
1409 0.991889
1410 1.0765
1411 1.04925
1412 1.00412
1413 0.944796
1414 0.933161
1415 0.995803
1416 0.940564
1417 0.869228
1418 0.954334
1419 0.950894
1420 1.04073
1421 0.908453
1422 1.00972
1423 1.1377
1424 0.964746
1425 1.01131
1426 0.948906
1427 0.964781
1428 0.938253
1429 0.9645
1430 0.949013
1431 1.00326
1432 0.985305
1433 0.963398
1434 0.952492
1435 0.926814
1436 1.02091
1437 0.892481
1438 0.965057
1439 0.9599
1440 1.02535
1441 0.974372
1442 0.942614
1443 1.00038
1444 0.949682
1445 0.88167
1446 1.00248
1447 0.948388
1448 1.03921
1449 0.942404
1450 0.93735
1451 0.903512
1452 0.944072
1453 1.09231
1454 1.04498
1455 1.16507
1456 0.995801
1457 0.969263
1458 0.900327
1459 1.17264
1460 0.928518
1461 0.999053
1462 0.940103
1463 0.980544
1464 0.961275
1465 0.939439
1466 0.925348
1467 0.914101
1468 1.03161
1469 0.924348
1470 0.994586
1471 0.978735
1472 0.883281
1473 0.957589
1474 1.02323
1475 0.982351
1476 0.961073
1477 0.940613
1478 0.965279
1479 0.998158
1480 1.03407
1481 1.00992
1482 0.964272
1483 0.938181
1484 0.897972
1485 0.9928
1486 0.946618
1487 0.93653
1488 1.04384
1489 0.951893
1490 1.1093
1491 1.09741
1492 1.00941
1493 0.981059
1494 1.07284
1495 1.0191
1496 0.969765
1497 0.996742
1498 0.979855
1499 1.00317
1500 1.02835
1501 0.894484
1502 0.968173
1503 1.01613
1504 0.891852
1505 0.980298
1506 0.881106
1507 0.949633
1508 0.983661
1509 0.943803
1510 1.02132
1511 0.869803
1512 0.926443
1513 0.96454
1514 0.898046
1515 0.99203
1516 0.983011
1517 1.01976
1518 1.02128
1519 1.04643
1520 0.898158
1521 0.940168
1522 0.986625
1523 0.922505
1524 1.00146
1525 0.972517
1526 0.901321
1527 0.956925
1528 1.01348
1529 1.02502
1530 0.90011
1531 0.998458
1532 0.944306
1533 0.903106
1534 0.969249
1535 0.925673
1536 1.03731
1537 0.938675
1538 1.0241
1539 1.11655
1540 0.955728
1541 0.968699
1542 0.990668
1543 0.920061
1544 0.913221
1545 0.928388
1546 0.961557
1547 0.945063
1548 0.951524
1549 0.998692
1550 0.892808
1551 0.931536
1552 0.886776
1553 0.950633
1554 1.05417
1555 0.925042
1556 0.983464
1557 0.941732
1558 0.967534
1559 0.983212
1560 0.889582
1561 0.939692
1562 0.904952
1563 0.95413
1564 0.974494
1565 0.972902
1566 0.89482
1567 1.02264
1568 0.956136
1569 1.06665
1570 1.05222
1571 1.00022
1572 0.914937
1573 0.958484
1574 0.959739
1575 0.964946
1576 0.986681
1577 0.985878
1578 1.06754
1579 0.997626
1580 0.960787
1581 1.05362
1582 1.02162
1583 0.997766
1584 0.948071
1585 0.893041
1586 0.930947
1587 0.925327
1588 0.947411
1589 0.954447
1590 0.965351
1591 0.985783
1592 0.980376
1593 0.94078
1594 1.01184
1595 0.921314
1596 0.924382
1597 0.986728
1598 0.926599
1599 1.00252
1600 0.940299
1601 0.923234
1602 1.02695
1603 0.999572
1604 1.02046
1605 0.984451
1606 0.995064
1607 0.928495
1608 1.11915
1609 1.00032
1610 0.871413
1611 0.881688
1612 0.973106
1613 0.883297
1614 0.988312
1615 0.911998
1616 1.054
1617 1.00197
1618 1.02691
1619 0.985412
1620 0.946916
1621 1.03732
1622 0.954696
1623 0.848639
1624 0.980945
1625 0.908424
1626 0.919328
1627 0.889011
1628 0.929913
1629 1.20389
1630 0.998862
1631 0.97556
1632 0.881627
1633 1.03953
1634 1.04891
1635 0.936547
1636 1.1107
1637 0.921565
1638 0.908341
1639 0.964913
1640 1.11653
1641 0.981799
1642 0.990444
1643 0.906501
1644 0.949478
1645 0.886315
1646 0.913764
1647 0.99445
1648 0.882996
1649 0.930667
1650 0.948992
1651 0.927725
1652 0.892814
1653 0.966722
1654 1.00819
1655 0.929325
1656 0.937051
1657 0.880016
1658 0.951602
1659 0.972535
1660 1.19946
1661 0.932829
1662 0.940257
1663 0.895133
1664 0.920291
1665 0.973569
1666 0.963296
1667 0.962076
1668 0.955056
1669 0.939398
1670 0.917411
1671 0.916467
1672 0.903494
1673 0.932046
1674 0.89404
1675 0.958649
1676 0.961343
1677 0.921214
1678 0.993495
1679 0.96111
1680 0.922884
1681 0.901911
1682 0.99604
1683 0.953844
1684 0.926806
1685 0.97162
1686 0.980723
1687 0.892928
1688 0.943772
1689 0.942236
1690 0.877896
1691 0.920972
1692 0.94799
1693 0.899756
1694 0.933017
1695 0.944295
1696 0.883101
1697 0.980938
1698 0.933663
1699 0.905264
1700 0.909637
1701 0.857439
1702 0.886292
1703 0.870164
1704 0.8698
1705 0.912136
1706 0.962442
1707 0.861437
1708 0.846483
1709 0.834409
1710 0.966324
1711 0.844329
1712 0.831863
1713 1.18313
1714 0.872866
1715 1.00782
1716 0.919935
1717 0.942011
1718 0.885183
1719 0.943969
1720 0.938461
1721 0.937729
1722 0.886787
1723 0.921758
1724 0.912024
1725 0.9294
1726 0.927278
1727 0.901526
1728 0.93423
1729 1.07737
1730 0.994012
1731 0.884979
1732 1.04953
1733 0.951944
1734 0.94631
1735 0.988835
1736 0.923094
1737 0.921764
1738 0.967394
1739 1.06902
1740 0.912382
1741 0.958576
1742 0.847769
1743 1.08705
1744 0.998864
1745 0.97615
1746 0.976011
1747 0.90133
1748 0.909717
1749 0.920979
1750 0.950368
1751 0.870516
1752 0.937015
1753 0.900155
1754 0.90236
1755 1.15961
1756 0.863305
1757 0.910231
1758 0.897841
1759 0.972301
1760 0.875132
1761 0.96332
1762 0.885794
1763 0.944296
1764 0.871167
1765 0.907613
1766 0.981561
1767 0.92485
1768 0.94954
1769 0.973664
1770 0.87347
1771 0.892724
1772 0.943905
1773 0.960605
1774 1.10133
1775 0.924603
1776 0.904352
1777 0.962406
1778 0.910349
1779 0.890494
1780 0.912226
1781 0.912944
1782 0.986423
1783 0.949374
1784 0.939805
1785 0.949881
1786 0.958596
1787 1.00573
1788 0.876175
1789 0.928512
1790 0.964963
1791 0.99324
1792 0.913398
1793 1.01537
1794 0.909297
1795 0.894146
1796 0.933793
1797 0.865192
1798 1.0215
1799 0.910181
1800 0.982145
1801 0.920669
1802 0.896257
1803 0.890518
1804 0.946396
1805 0.939554
1806 0.977754
1807 0.93878
1808 0.95799
1809 0.947725
1810 0.89262
1811 0.886381
1812 0.945225
1813 0.945016
1814 0.947416
1815 0.932093
1816 0.929128
1817 0.910457
1818 0.8924
1819 0.952495
1820 0.917447
1821 0.924091
1822 0.906487
1823 0.859125
1824 0.869628
1825 0.933635
1826 0.954538
1827 0.907958
1828 0.972446
1829 0.890886
1830 0.984855
1831 0.914946
1832 0.892554
1833 0.991816
1834 0.896779
1835 0.9014
1836 0.966944
1837 1.07903
1838 0.944977
1839 0.986258
1840 0.995276
1841 0.893781
1842 0.899567
1843 0.886346
1844 0.952497
1845 0.876114
1846 0.880846
1847 0.903039
1848 0.940742
1849 0.92935
1850 0.898496
1851 1.03248
1852 1.00448
1853 0.899777
1854 0.870951
1855 0.921507
1856 0.928495
1857 0.866251
1858 0.914122
1859 0.931334
1860 0.964764
1861 0.91145
1862 0.959267
1863 0.863833
1864 0.914397
1865 0.929688
1866 0.897836
1867 0.933155
1868 0.921337
1869 0.943342
1870 0.908743
1871 0.883892
1872 0.93854
1873 0.89576
1874 0.900976
1875 0.991401
1876 0.904607
1877 0.98067
1878 0.911626
1879 0.87348
1880 0.854454
1881 1.01685
1882 0.95241
1883 1.05894
1884 1.03146
1885 0.970834
1886 0.891433
1887 0.949068
1888 0.930395
1889 0.866182
1890 0.978782
1891 0.878985
1892 0.972473
1893 0.951518
1894 0.839796
1895 0.915349
1896 0.833661
1897 0.94664
1898 0.905209
1899 0.973254
1900 0.914024
1901 0.883144
1902 0.954809
1903 0.925072
1904 0.93403
1905 0.965782
1906 0.906026
1907 0.936198
1908 0.944105
1909 0.986603
1910 0.933647
1911 0.926294
1912 0.868012
1913 0.87788
1914 0.903428
1915 0.888494
1916 0.91994
1917 0.954155
1918 0.984019
1919 0.951637
1920 0.992638
1921 0.920375
1922 0.98825
1923 1.03684
1924 0.932503
1925 0.936674
1926 0.93417
1927 0.953208
1928 0.979291
1929 0.975637
1930 0.934321
1931 0.929055
1932 0.951698
1933 0.875766
1934 0.840816
1935 0.923191
1936 0.963469
1937 0.926455
1938 0.903522
1939 0.943703
1940 0.834856
1941 0.90105
1942 0.857986
1943 0.832382
1944 0.982325
1945 0.984626
1946 0.955198
1947 0.962368
1948 0.928652
1949 0.880839
1950 0.945227
1951 0.901608
1952 0.992481
1953 0.89614
1954 0.889785
1955 0.906454
1956 0.885687
1957 0.992134
1958 0.900401
1959 0.862296
1960 0.951195
1961 0.862502
1962 0.959153
1963 0.896722
1964 0.912262
1965 0.997345
1966 0.917107
1967 0.977517
1968 0.981002
1969 0.913497
1970 0.964942
1971 1.00994
1972 0.861771
1973 0.847824
1974 0.882281
1975 0.96078
1976 0.872272
1977 0.924916
1978 0.913995
1979 0.859591
1980 0.896744
1981 0.906055
1982 0.964141
1983 1.04346
1984 0.857978
1985 0.900403
1986 0.914188
1987 0.93327
1988 0.89882
1989 0.855108
1990 0.91031
1991 0.886309
1992 0.917104
1993 0.930433
1994 0.907714
1995 0.909761
1996 0.911122
1997 0.914344
1998 1.0345
1999 1.00874
2000 0.911772
2001 0.897897
2002 0.883476
2003 0.939934
2004 0.914466
2005 0.91288
2006 0.912366
2007 1.08487
2008 0.897757
2009 0.926613
2010 0.947716
2011 0.99806
2012 0.918016
2013 0.852261
2014 0.840057
2015 0.898656
2016 1.01046
2017 0.841173
2018 0.910937
2019 0.896916
2020 0.906525
2021 0.927788
2022 0.923233
2023 0.973462
2024 0.858366
2025 0.84612
2026 0.948847
2027 0.883139
2028 0.9373
2029 0.886406
2030 0.918638
2031 1.01306
2032 0.910625
2033 0.988812
2034 0.996216
2035 0.962998
2036 0.93346
2037 1.04078
2038 0.870924
2039 0.845085
2040 0.906704
2041 0.868922
2042 0.897026
2043 0.889982
2044 0.966011
2045 0.910035
2046 0.921488
2047 0.934805
2048 0.991639
2049 0.843772
2050 0.970086
2051 0.929831
2052 0.869829
2053 0.922674
2054 0.868439
2055 0.894267
2056 0.848041
2057 0.960833
2058 1.05306
2059 0.924927
2060 0.943196
2061 0.845129
2062 1.09102
2063 0.975057
2064 0.838462
2065 1.07855
2066 0.854094
2067 0.921313
2068 0.963615
2069 1.03994
2070 0.954244
2071 0.913487
2072 0.884801
2073 0.870083
2074 0.874732
2075 0.886932
2076 0.928292
2077 0.87673
2078 0.898924
2079 0.94208
2080 0.844421
2081 0.884637
2082 0.931282
2083 0.936485
2084 0.871396
2085 0.939174
2086 0.851391
2087 0.909019
2088 0.959217
2089 1.08112
2090 0.90522
2091 0.900833
2092 0.855397
2093 0.888071
2094 0.947414
2095 0.942056
2096 0.948044
2097 0.948274
2098 0.92687
2099 0.859144
2100 0.849473
2101 0.920818
2102 0.88229
2103 0.836901
2104 0.985992
2105 0.889126
2106 0.890056
2107 0.901617
2108 0.916192
2109 0.877309
2110 0.851397
2111 0.978595
2112 0.922655
2113 0.865352
2114 0.950043
2115 0.901011
2116 0.930429
2117 0.871667
2118 0.853175
2119 0.855237
2120 0.858071
2121 0.860241
2122 0.840176
2123 0.898607
2124 0.893478
2125 0.890198
2126 0.972103
2127 0.88009
2128 0.850895
2129 0.866298
2130 0.855286
2131 0.83301
2132 0.848889
2133 0.883157
2134 0.814667
2135 0.894553
2136 0.793986
2137 0.820497
2138 0.890868
2139 0.949432
2140 0.82602
2141 0.87029
2142 1.13547
2143 0.948324
2144 0.951477
2145 0.892254
2146 0.89767
2147 0.876557
2148 0.91436
2149 0.899019
2150 0.916671
2151 0.835983
2152 0.876652
2153 0.877735
2154 0.881508
2155 0.838341
2156 0.874813
2157 0.923133
2158 0.983575
2159 0.938597
2160 0.958795
2161 0.966211
2162 0.867977
2163 0.929491
2164 0.91538
2165 0.920239
2166 0.90113
2167 0.893042
2168 0.9814
2169 0.889137
2170 0.899706
2171 0.860062
2172 1.0829
2173 1.01237
2174 0.89738
2175 0.898965
2176 0.930292
2177 0.867772
2178 0.901061
2179 0.897808
2180 0.850509
2181 0.835484
2182 0.939428
2183 0.840778
2184 1.11543
2185 0.886958
2186 0.81589
2187 0.869398
2188 0.907136
2189 0.853151
2190 0.90759
2191 0.873402
2192 0.830812
2193 0.836624
2194 0.940331
2195 1.00121
2196 0.877461
2197 0.895163
2198 0.873246
2199 0.879098
2200 0.890253
2201 0.88591
2202 0.980542
2203 0.976996
2204 0.889943
2205 0.863175
2206 0.914175
2207 0.889158
2208 0.861395
2209 0.892013
2210 0.837983
2211 0.997859
2212 0.913207
2213 0.92437
2214 0.982591
2215 0.899053
2216 0.987905
2217 0.829868
2218 0.897282
2219 0.977974
2220 0.935263
2221 0.851588
2222 0.983789
2223 0.899703
2224 0.90974
2225 0.843815
2226 0.854971
2227 0.949067
2228 0.939363
2229 0.939899
2230 0.901485
2231 0.853875
2232 0.815691
2233 0.907229
2234 0.883009
2235 0.864538
2236 0.887029
2237 0.939066
2238 0.99576
2239 0.819356
2240 0.888122
2241 0.976769
2242 0.911497
2243 0.932939
2244 0.870303
2245 0.90722
2246 0.838215
2247 0.853098
2248 0.911965
2249 0.888677
2250 0.897093
2251 0.833022
2252 0.858734
2253 0.932271
2254 0.904532
2255 0.871451
2256 0.896713
2257 0.891709
2258 0.832547
2259 0.884389
2260 0.902586
2261 0.909905
2262 0.882258
2263 0.878161
2264 0.81156
2265 0.943611
2266 0.981103
2267 0.926183
2268 0.909768
2269 0.91349
2270 0.850378
2271 0.903612
2272 0.829814
2273 0.947464
2274 0.807529
2275 0.848074
2276 0.850779
2277 0.942247
2278 0.858622
2279 0.860789
2280 1.03751
2281 0.910079
2282 0.869709
2283 0.852945
2284 0.911121
2285 0.874663
2286 0.803526
2287 0.89432
2288 0.897084
2289 0.884885
2290 0.867971
2291 0.899549
2292 0.867555
2293 0.87339
2294 0.881977
2295 0.850009
2296 0.869177
2297 0.911676
2298 0.913692
2299 0.858054
2300 0.840085
2301 0.864143
2302 0.869989
2303 0.910117
2304 0.90388
2305 0.897533
2306 0.851326
2307 0.877268
2308 0.873839
2309 0.838478
2310 0.939467
2311 0.977251
2312 0.944104
2313 0.943064
2314 0.934737
2315 0.825735
2316 0.922814
2317 0.897804
2318 0.86576
2319 0.886612
2320 0.895187
2321 0.968351
2322 0.832901
2323 0.812635
2324 0.868753
2325 0.853789
2326 0.893469
2327 0.848123
2328 0.943622
2329 0.84242
2330 0.898245
2331 0.87733
2332 0.883759
2333 0.891291
2334 0.859657
2335 0.840185
2336 0.881164
2337 0.930577
2338 0.929834
2339 0.986688
2340 0.84886
2341 0.845192
2342 0.859191
2343 0.899871
2344 0.864825
2345 0.866358
2346 0.904187
2347 0.901727
2348 0.94349
2349 0.870722
2350 0.903118
2351 0.972202
2352 0.935371
2353 0.885285
2354 0.948552
2355 0.899889
2356 0.882569
2357 0.95494
2358 0.899733
2359 0.863246
2360 0.913558
2361 0.900055
2362 0.850692
2363 0.826854
2364 0.856898
2365 0.932431
2366 0.885332
2367 0.825663
2368 0.900558
2369 0.809254
2370 0.874986
2371 0.834673
2372 0.829989
2373 0.998955
2374 0.882067
2375 0.983791
2376 0.881527
2377 0.892977
2378 0.880267
2379 0.869399
2380 0.885016
2381 0.958438
2382 0.874129
2383 0.823234
2384 0.850871
2385 0.86586
2386 0.954822
2387 0.841951
2388 0.885019
2389 0.866093
2390 0.885492
2391 0.889197
2392 0.8834
2393 0.892404
2394 0.917423
2395 0.880916
2396 0.971158
2397 0.90701
2398 0.873427
2399 0.979104
2400 0.860564
2401 0.860298
2402 0.815375
2403 0.899769
2404 0.848334
2405 0.905323
2406 0.876119
2407 0.863754
2408 0.841738
2409 0.828632
2410 0.871947
2411 0.939869
2412 0.90105
2413 0.854694
2414 0.89139
2415 0.919901
2416 0.883352
2417 0.859614
2418 0.830391
2419 0.911458
2420 0.864993
2421 0.873042
2422 0.904737
2423 0.853064
2424 0.875344
2425 0.858977
2426 0.973023
2427 0.92884
2428 0.984526
2429 0.857424
2430 0.859087
2431 0.870248
2432 0.906115
2433 0.881916
2434 0.836283
2435 0.971102
2436 0.989294
2437 0.866893
2438 0.903321
2439 0.923549
2440 0.900338
2441 0.880568
2442 0.805682
2443 0.854229
2444 0.866819
2445 0.92323
2446 0.844406
2447 0.898833
2448 0.854906
2449 0.86898
2450 0.887347
2451 1.01718
2452 0.8234
2453 0.85138
2454 0.902838
2455 0.867884
2456 0.862969
2457 0.92278
2458 0.821422
2459 0.907049
2460 0.974563
2461 0.870703
2462 0.952575
2463 0.890539
2464 0.968757
2465 0.908049
2466 0.982123
2467 0.836453
2468 0.838743
2469 0.923681
2470 0.874215
2471 0.869871
2472 0.818681
2473 0.953299
2474 0.921493
2475 0.889608
2476 0.99594
2477 0.831056
2478 0.910761
2479 0.826242
2480 0.860976
2481 0.871142
2482 0.855714
2483 0.864465
2484 0.832842
2485 0.814109
2486 1.00593
2487 1.00423
2488 0.923362
2489 0.8283
2490 0.844711
2491 0.995978
2492 0.93038
2493 0.843467
2494 0.999914
2495 0.871375
2496 0.857585
2497 0.890392
2498 0.886972
2499 0.937029
2500 0.865578
2501 0.845674
2502 0.854432
2503 0.801912
2504 0.912785
2505 0.851269
2506 0.879504
2507 0.824668
2508 0.891143
2509 0.805225
2510 0.902508
2511 0.974072
2512 0.889746
2513 0.81081
2514 0.853815
2515 0.830686
2516 0.93009
2517 0.941719
2518 0.985431
2519 0.86653
2520 0.880406
2521 0.797231
2522 0.92298
2523 0.869846
2524 0.855264
2525 0.847595
2526 0.945303
2527 0.857507
2528 0.855035
2529 0.865688
2530 0.900253
2531 0.804155
2532 0.871478
2533 0.961855
2534 0.862934
2535 0.843123
2536 0.923702
2537 0.855446
2538 0.833824
2539 0.876942
2540 0.876429
2541 0.848504
2542 0.829561
2543 0.870497
2544 0.841345
2545 0.883227
2546 0.854119
2547 0.847107
2548 0.854956
2549 0.83416
2550 0.833314
2551 0.81886
2552 0.832804
2553 0.876363
2554 0.847391
2555 0.88844
2556 0.837394
2557 0.864953
2558 0.86569
2559 0.837655
2560 0.796187
2561 0.786001
2562 0.855514
2563 0.833193
2564 0.826946
2565 0.793916
2566 0.775164
2567 0.849776
2568 0.871036
2569 0.779513
2570 1.03151
2571 0.858474
2572 0.936719
2573 0.89665
2574 0.861184
2575 0.825014
2576 0.847033
2577 0.872638
2578 0.859672
2579 0.876511
2580 0.840967
2581 0.820385
2582 0.829798
2583 0.882277
2584 0.834965
2585 0.832786
2586 0.97041
2587 0.940746
2588 0.871412
2589 0.892562
2590 0.880436
2591 0.85294
2592 0.862696
2593 0.875745
2594 0.85289
2595 0.845079
2596 0.844208
2597 0.988861
2598 0.838283
2599 0.850662
2600 0.864277
2601 0.938942
2602 0.955542
2603 0.835654
2604 0.86855
2605 0.87852
2606 0.85903
2607 0.841214
2608 0.836453
2609 0.829316
2610 0.817169
2611 0.875698
2612 0.90039
2613 0.832156
2614 0.811571
2615 0.804685
2616 0.849649
2617 0.889035
2618 0.842141
2619 0.860413
2620 0.833364
2621 0.801711
2622 0.865233
2623 0.893834
2624 0.900634
2625 0.880399
2626 0.868586
2627 0.806467
2628 0.853269
2629 0.866906
2630 0.815089
2631 0.978826
2632 0.851265
2633 0.848795
2634 0.855826
2635 0.846524
2636 0.834284
2637 0.834611
2638 0.876039
2639 0.871529
2640 0.863392
2641 0.833879
2642 0.908348
2643 0.904765
2644 0.858671
2645 0.918615
2646 0.879099
2647 0.848077
2648 0.962666
2649 0.816585
2650 0.83574
2651 0.917799
2652 0.83421
2653 0.900799
2654 0.823337
2655 0.856081
2656 0.948718
2657 0.890098
2658 0.872813
2659 0.846402
2660 0.836033
2661 0.897223
2662 0.838279
2663 0.87271
2664 0.86282
2665 0.838314
2666 0.865485
2667 0.867862
2668 0.811032
2669 0.884457
2670 0.89354
2671 0.90013
2672 0.852612
2673 0.866016
2674 0.848883
2675 0.824041
2676 0.874254
2677 0.895392
2678 0.829312
2679 0.833244
2680 0.831797
2681 0.799852
2682 0.894439
2683 0.848389
2684 0.869148
2685 0.86616
2686 0.842016
2687 0.853496
2688 0.849868
2689 0.876417
2690 0.853717
2691 0.852521
2692 0.85836
2693 0.848783
2694 0.930909
2695 0.93603
2696 0.905117
2697 0.862509
2698 0.86718
2699 0.829472
2700 0.816006
2701 0.905038
2702 0.827338
2703 0.788689
2704 0.885189
2705 0.83373
2706 0.927114
2707 0.821255
2708 0.886612
2709 1.00916
2710 0.832145
2711 0.853372
2712 0.870282
2713 0.836178
2714 0.826697
2715 0.844905
2716 0.830592
2717 0.871043
2718 0.889104
2719 0.853893
2720 0.873772
2721 0.837442
2722 0.884588
2723 0.808058
2724 0.880627
2725 0.83785
2726 0.846279
2727 0.841653
2728 0.801965
2729 0.856406
2730 0.861952
2731 0.799261
2732 0.919415
2733 0.823591
2734 0.93443
2735 0.851622
2736 0.828586
2737 0.807636
2738 0.823657
2739 0.943214
2740 0.94436
2741 0.958952
2742 0.896727
2743 0.8944
2744 0.804992
2745 0.999793
2746 0.827588
2747 0.841089
2748 0.851189
2749 0.914922
2750 0.902408
2751 0.805057
2752 0.837047
2753 0.793385
2754 0.90634
2755 0.805203
2756 0.876975
2757 0.895766
2758 0.785357
2759 0.884815
2760 0.875879
2761 0.839476
2762 0.850633
2763 0.846017
2764 0.840073
2765 0.866939
2766 0.863106
2767 0.918053
2768 0.853603
2769 0.824332
2770 0.830084
2771 0.837567
2772 0.875407
2773 0.824492
2774 0.897377
2775 0.826236
2776 0.970341
2777 0.869065
2778 0.819839
2779 0.914475
2780 0.877932
2781 0.853099
2782 0.860945
2783 0.895941
2784 0.891652
2785 0.851118
2786 0.90448
2787 0.824972
2788 0.870673
2789 0.899828
2790 0.820463
2791 0.836327
2792 0.855812
2793 0.849956
2794 0.856047
2795 0.807538
2796 0.863143
2797 0.812999
2798 0.786042
2799 0.854555
2800 0.798314
2801 0.882655
2802 0.885503
2803 0.882206
2804 0.917668
2805 0.891002
2806 0.825763
2807 0.827149
2808 0.830369
2809 0.868606
2810 0.915159
2811 0.853748
2812 0.803801
2813 0.872965
2814 0.851118
2815 0.868751
2816 0.814955
2817 0.875317
2818 0.83962
2819 0.803037
2820 0.869736
2821 0.810317
2822 0.879186
2823 0.88332
2824 0.834174
2825 0.953734
2826 0.869158
2827 0.866871
2828 0.904031
2829 0.809107
2830 0.821619
2831 0.812414
2832 0.855256
2833 0.776175
2834 0.901054
2835 0.85938
2836 0.800306
2837 0.851421
2838 0.807658
2839 0.866642
2840 0.937172
2841 0.84828
2842 0.808667
2843 0.819682
2844 0.851662
2845 0.86215
2846 0.809568
2847 0.818872
2848 0.82386
2849 0.809431
2850 0.867125
2851 0.893097
2852 0.808998
2853 0.888299
2854 0.866592
2855 0.956367
2856 0.953153
2857 0.859588
2858 0.798481
2859 0.86115
2860 0.851119
2861 0.867354
2862 0.857716
2863 0.79658
2864 0.907062
2865 0.892008
2866 0.860342
2867 0.903926
2868 0.90442
2869 0.876323
2870 0.86121
2871 0.788645
2872 0.813382
2873 0.887616
2874 0.830442
2875 0.814481
2876 0.900676
2877 0.845876
2878 0.850179
2879 0.862576
2880 0.92827
2881 0.805132
2882 0.819923
2883 0.896803
2884 0.852388
2885 0.867519
2886 0.853691
2887 0.8255
2888 0.87599
2889 0.856909
2890 0.899837
2891 0.85413
2892 0.887458
2893 0.843145
2894 0.987692
2895 0.906586
2896 0.773404
2897 0.773921
2898 0.881409
2899 0.867023
2900 0.858166
2901 0.824218
2902 0.906938
2903 0.886644
2904 0.900868
2905 0.895285
2906 0.818873
2907 0.891745
2908 0.839998
2909 0.789934
2910 0.83977
2911 0.815576
2912 0.842753
2913 0.809821
2914 0.806124
2915 1.05164
2916 0.882299
2917 0.903267
2918 0.799891
2919 0.899567
2920 0.889539
2921 0.883264
2922 0.948547
2923 0.805063
2924 0.817964
2925 0.870186
2926 0.929417
2927 0.890516
2928 0.858278
2929 0.825212
2930 0.843493
2931 0.832113
2932 0.82331
2933 0.961314
2934 0.80203
2935 0.834589
2936 0.844501
2937 0.838557
2938 0.826393
2939 0.867479
2940 0.939309
2941 0.872054
2942 0.802954
2943 0.799292
2944 0.82253
2945 0.889126
2946 1.07447
2947 0.799859
2948 0.871114
2949 0.815358
2950 0.830466
2951 0.868446
2952 0.840917
2953 0.88308
2954 0.855273
2955 0.836815
2956 0.824303
2957 0.80527
2958 0.837725
2959 0.828166
2960 0.800291
2961 0.850493
2962 0.884795
2963 0.797026
2964 0.857281
2965 0.827123
2966 0.85086
2967 0.783118
2968 0.885771
2969 0.902007
2970 0.831788
2971 0.815955
2972 0.851502
2973 0.822695
2974 0.840714
2975 0.869299
2976 0.802045
2977 0.837845
2978 0.795998
2979 0.806258
2980 0.788932
2981 0.830738
2982 0.791976
2983 0.889719
2984 0.864875
2985 0.831029
2986 0.82858
2987 0.792635
2988 0.806827
2989 0.778967
2990 0.766012
2991 0.810589
2992 0.834365
2993 0.758319
2994 0.748546
2995 0.759339
2996 0.847114
2997 0.753525
2998 0.793742
2999 1.08171
3000 0.759696
3001 0.914513
3002 0.808346
3003 0.834996
3004 0.789111
3005 0.831267
3006 0.860555
3007 0.866137
3008 0.821906
3009 0.803556
3010 0.818354
3011 0.815496
3012 0.834151
3013 0.808494
3014 0.7923
3015 1.01541
3016 0.85314
3017 0.855517
3018 0.948918
3019 0.851498
3020 0.814796
3021 0.851156
3022 0.849871
3023 0.832759
3024 0.828696
3025 0.943658
3026 0.854966
3027 0.807372
3028 0.800326
3029 0.95755
3030 0.882455
3031 0.8866
3032 0.849423
3033 0.825683
3034 0.836576
3035 0.81966
3036 0.834521
3037 0.800152
3038 0.826195
3039 0.823391
3040 0.800378
3041 0.973053
3042 0.802828
3043 0.760763
3044 0.805037
3045 0.811015
3046 0.811578
3047 0.862261
3048 0.786516
3049 0.828952
3050 0.810004
3051 0.832209
3052 0.881684
3053 0.865493
3054 0.863959
3055 0.859355
3056 0.804479
3057 0.833342
3058 0.830536
3059 0.887544
3060 0.898127
3061 0.812431
3062 0.826143
3063 0.859445
3064 0.85664
3065 0.779284
3066 0.831539
3067 0.834619
3068 0.90354
3069 0.847028
3070 0.808281
3071 0.812209
3072 0.842681
3073 0.840324
3074 0.826919
3075 0.858095
3076 0.862677
3077 0.91215
3078 0.787988
3079 0.866315
3080 0.834263
3081 0.864291
3082 0.842172
3083 0.804367
3084 0.891038
3085 0.842242
3086 0.866415
3087 0.873438
3088 0.785694
3089 0.801949
3090 0.807905
3091 0.82573
3092 0.827595
3093 0.796211
3094 0.875404
3095 0.858033
3096 0.824113
3097 0.844108
3098 0.899979
3099 0.864508
3100 0.844759
3101 0.784034
3102 0.834339
3103 0.818779
3104 0.815296
3105 0.877542
3106 0.856791
3107 0.838384
3108 0.819946
3109 0.762671
3110 0.851704
3111 0.839756
3112 0.857908
3113 0.825582
3114 0.838645
3115 0.79623
3116 0.853084
3117 0.802591
3118 0.833552
3119 0.897256
3120 0.825498
3121 0.766413
3122 0.83346
3123 0.927658
3124 0.869332
3125 0.859103
3126 0.857284
3127 0.858511
3128 0.833304
3129 0.77137
3130 0.86899
3131 0.792177
3132 0.80345
3133 0.796247
3134 0.877988
3135 0.821095
3136 0.80118
3137 0.881739
3138 0.863835
3139 0.817975
3140 0.771508
3141 0.820725
3142 0.838978
3143 0.797244
3144 0.80499
3145 0.820493
3146 0.893692
3147 0.850972
3148 0.85825
3149 0.78326
3150 0.862483
3151 0.831608
3152 0.755718
3153 0.808973
3154 0.814912
3155 0.868927
3156 0.848638
3157 0.79011
3158 0.877045
3159 0.79432
3160 0.784153
3161 0.891252
3162 0.812056
3163 0.863288
3164 0.816023
3165 0.796877
3166 0.757997
3167 0.87933
3168 0.881648
3169 0.915422
3170 0.93263
3171 0.852417
3172 0.781798
3173 0.861127
3174 0.90402
3175 0.792079
3176 0.871811
3177 0.815362
3178 0.841287
3179 0.870901
3180 0.760505
3181 0.815959
3182 0.811346
3183 0.880464
3184 0.789028
3185 0.832264
3186 0.83249
3187 0.816607
3188 0.787527
3189 0.833399
3190 0.829699
3191 0.85963
3192 0.774605
3193 0.810445
3194 0.834904
3195 0.841528
3196 0.82991
3197 0.826048
3198 0.766109
3199 0.777548
3200 0.826383
3201 0.808319
3202 0.799717
3203 0.864456
3204 0.868027
3205 0.862018
3206 0.86388
3207 0.820818
3208 0.873424
3209 0.883929
3210 0.81971
3211 0.841532
3212 0.828543
3213 0.863416
3214 0.843737
3215 0.864056
3216 0.814247
3217 0.889877
3218 0.863386
3219 0.795185
3220 0.817631
3221 0.786649
3222 0.826505
3223 0.826794
3224 0.837491
3225 0.817693
3226 0.764512
3227 0.847673
3228 0.796167
3229 0.779942
3230 0.879092
3231 0.845101
3232 0.91147
3233 0.852275
3234 0.805489
3235 0.804086
3236 0.828877
3237 0.820233
3238 0.873264
3239 0.81098
3240 0.797288
3241 0.780709
3242 0.815384
3243 0.856444
3244 0.812319
3245 0.790766
3246 0.83049
3247 0.779949
3248 0.802499
3249 0.816144
3250 0.756564
3251 0.87873
3252 0.788526
3253 0.874975
3254 0.871466
3255 0.790236
3256 0.865954
3257 0.847534
3258 0.822824
3259 0.780087
3260 0.793454
3261 0.841447
3262 0.801117
3263 0.816053
3264 0.852997
3265 0.787659
3266 0.772537
3267 0.777023
3268 0.863674
3269 0.912635
3270 0.812029
3271 0.824803
3272 0.816772
3273 0.872252
3274 0.785713
3275 0.767663
3276 0.807822
3277 0.826603
3278 0.821973
3279 0.81259
3280 0.842927
3281 0.821642
3282 0.847703
3283 0.847085
3284 0.904726
3285 0.865922
3286 0.859878
3287 0.811596
3288 0.777318
3289 0.843027
3290 0.831158
3291 0.79427
3292 0.839557
3293 0.948517
3294 0.830593
3295 0.856135
3296 0.860709
3297 0.876833
3298 0.858817
3299 0.766975
3300 0.758763
3301 0.802367
3302 0.898676
3303 0.782227
3304 0.818382
3305 0.837221
3306 0.803308
3307 0.834819
3308 0.852632
3309 0.855791
3310 0.79976
3311 0.787274
3312 0.815289
3313 0.814987
3314 0.868311
3315 0.778292
3316 0.849871
3317 0.857452
3318 0.835775
3319 0.838045
3320 0.852417
3321 0.867337
3322 0.806548
3323 0.931833
3324 0.909399
3325 0.768502
3326 0.784832
3327 0.820495
3328 0.792995
3329 0.825188
3330 0.819739
3331 0.894157
3332 0.862643
3333 0.878728
3334 0.859486
3335 0.772821
3336 0.851866
3337 0.830082
3338 0.754495
3339 0.819912
3340 0.796384
3341 0.832497
3342 0.775796
3343 0.821918
3344 0.975226
3345 0.839542
3346 0.805987
3347 0.777829
3348 0.942088
3349 0.912598
3350 0.797754
3351 0.947181
3352 0.791365
3353 0.803559
3354 0.862349
3355 0.941677
3356 0.85153
3357 0.822624
3358 0.78627
3359 0.804324
3360 0.794865
3361 0.828629
3362 0.87668
3363 0.791168
3364 0.824464
3365 0.832325
3366 0.830135
3367 0.828413
3368 0.832199
3369 0.877185
3370 0.783212
3371 0.807866
3372 0.770772
3373 0.833627
3374 0.879502
3375 1.0027
3376 0.778877
3377 0.81324
3378 0.794193
3379 0.817976
3380 0.843392
3381 0.853576
3382 0.819857
3383 0.825324
3384 0.78626
3385 0.794378
3386 0.777287
3387 0.820974
3388 0.778268
3389 0.763997
3390 0.844823
3391 0.82454
3392 0.802063
3393 0.80117
3394 0.849511
3395 0.801933
3396 0.771446
3397 0.841126
3398 0.817513
3399 0.816893
3400 0.79914
3401 0.811968
3402 0.808883
3403 0.789521
3404 0.80139
3405 0.780896
3406 0.780249
3407 0.797724
3408 0.7629
3409 0.773673
3410 0.812923
3411 0.786481
3412 0.90834
3413 0.797492
3414 0.782789
3415 0.830148
3416 0.758752
3417 0.740003
3418 0.771916
3419 0.803808
3420 0.735497
3421 0.817744
3422 0.74798
3423 0.750001
3424 0.755646
3425 0.793232
3426 0.727704
3427 0.776516
3428 0.998875
3429 0.88776
3430 0.872095
3431 0.815726
3432 0.784486
3433 0.804613
3434 0.786758
3435 0.83186
3436 0.826487
3437 0.760845
3438 0.796458
3439 0.789532
3440 0.867735
3441 0.748288
3442 0.799491
3443 0.799897
3444 0.883891
3445 0.843477
3446 0.813466
3447 0.82443
3448 0.793808
3449 0.822347
3450 0.822642
3451 0.812895
3452 0.779779
3453 0.802413
3454 0.894861
3455 0.812937
3456 0.821068
3457 0.787696
3458 0.870571
3459 0.883441
3460 0.799172
3461 0.786574
3462 0.825001
3463 0.805051
3464 0.81108
3465 0.7932
3466 0.806375
3467 0.755813
3468 0.815404
3469 0.775663
3470 0.935106
3471 0.754145
3472 0.757245
3473 0.805472
3474 0.832656
3475 0.771243
3476 0.857789
3477 0.770267
3478 0.795656
3479 0.784312
3480 0.886201
3481 0.884401
3482 0.803736
3483 0.816593
3484 0.77983
3485 0.758333
3486 0.776072
3487 0.794073
3488 0.840036
3489 0.913188
3490 0.812452
3491 0.789303
3492 0.846979
3493 0.796061
3494 0.817617
3495 0.79419
3496 0.762221
3497 0.874992
3498 0.773718
3499 0.830431
3500 0.800101
3501 0.804316
3502 0.857027
3503 0.781934
3504 0.811012
3505 0.859981
3506 0.834237
3507 0.754597
3508 0.868448
3509 0.828697
3510 0.786074
3511 0.818962
3512 0.775311
3513 0.858872
3514 0.859589
3515 0.83659
3516 0.787907
3517 0.765061
3518 0.777936
3519 0.857457
3520 0.806798
3521 0.816684
3522 0.840916
3523 0.833407
3524 0.802567
3525 0.76255
3526 0.812673
3527 0.82914
3528 0.80157
3529 0.82529
3530 0.825798
3531 0.834967
3532 0.759984
3533 0.7953
3534 0.848265
3535 0.812952
3536 0.826358
3537 0.765287
3538 0.769523
3539 0.827258
3540 0.805884
3541 0.858126
3542 0.831192
3543 0.770661
3544 0.774018
3545 0.830065
3546 0.811259
3547 0.784622
3548 0.803921
3549 0.796131
3550 0.751044
3551 0.869158
3552 0.842881
3553 0.860535
3554 0.794144
3555 0.82241
3556 0.76707
3557 0.807651
3558 0.76167
3559 0.841167
3560 0.758981
3561 0.81382
3562 0.774772
3563 0.868315
3564 0.799068
3565 0.750652
3566 0.858557
3567 0.832757
3568 0.75878
3569 0.783128
3570 0.812897
3571 0.796822
3572 0.751704
3573 0.790574
3574 0.823209
3575 0.793723
3576 0.790241
3577 0.834949
3578 0.775708
3579 0.810258
3580 0.790075
3581 0.780008
3582 0.767886
3583 0.792622
3584 0.80409
3585 0.796352
3586 0.783576
3587 0.808129
3588 0.776419
3589 0.779851
3590 0.864803
3591 0.807002
3592 0.811004
3593 0.802487
3594 0.778872
3595 0.775794
3596 0.867316
3597 0.893741
3598 0.857306
3599 0.871845
3600 0.858585
3601 0.738981
3602 0.870506
3603 0.825114
3604 0.788962
3605 0.807873
3606 0.842263
3607 0.909478
3608 0.754135
3609 0.760978
3610 0.791642
3611 0.760627
3612 0.795787
3613 0.782
3614 0.792506
3615 0.761444
3616 0.798765
3617 0.794749
3618 0.793052
3619 0.781309
3620 0.760919
3621 0.772166
3622 0.812184
3623 0.792928
3624 0.800442
3625 0.803008
3626 0.779939
3627 0.774614
3628 0.764937
3629 0.7866
3630 0.795265
3631 0.781639
3632 0.80566
3633 0.846464
3634 0.886267
3635 0.854708
3636 0.857426
3637 0.878708
3638 0.854443
3639 0.805043
3640 0.837254
3641 0.80482
3642 0.797978
3643 0.897191
3644 0.792969
3645 0.768928
3646 0.850429
3647 0.826189
3648 0.772356
3649 0.773165
3650 0.806498
3651 0.824309
3652 0.78826
3653 0.7805
3654 0.850332
3655 0.737565
3656 0.794716
3657 0.739961
3658 0.751392
3659 0.860037
3660 0.80026
3661 0.869156
3662 0.858948
3663 0.793307
3664 0.794259
3665 0.807286
3666 0.762837
3667 0.861275
3668 0.790107
3669 0.751597
3670 0.754254
3671 0.774077
3672 0.829473
3673 0.825798
3674 0.805996
3675 0.785857
3676 0.747317
3677 0.791418
3678 0.825255
3679 0.819335
3680 0.83512
3681 0.775023
3682 0.86272
3683 0.853815
3684 0.786617
3685 0.855245
3686 0.802585
3687 0.785455
3688 0.771086
3689 0.787311
3690 0.790642
3691 0.887571
3692 0.804678
3693 0.774499
3694 0.759749
3695 0.752395
3696 0.82221
3697 0.87035
3698 0.873434
3699 0.755581
3700 0.777534
3701 0.814598
3702 0.783487
3703 0.771213
3704 0.773287
3705 0.787029
3706 0.735978
3707 0.756113
3708 0.81372
3709 0.766853
3710 0.83315
3711 0.824182
3712 0.842828
3713 0.862133
3714 0.902411
3715 0.783222
3716 0.778881
3717 0.782484
3718 0.822941
3719 0.784884
3720 0.740952
3721 0.864128
3722 0.843803
3723 0.795336
3724 0.772369
3725 0.896973
3726 0.825324
3727 0.785657
3728 0.731987
3729 0.758652
3730 0.810476
3731 0.843867
3732 0.772515
3733 0.804719
3734 0.80813
3735 0.771088
3736 0.822929
3737 0.904656
3738 0.774552
3739 0.771544
3740 0.788594
3741 0.802034
3742 0.807431
3743 0.852616
3744 0.777668
3745 0.837981
3746 0.86038
3747 0.788622
3748 0.87736
3749 0.835675
3750 0.815352
3751 0.829847
3752 0.855606
3753 0.769213
3754 0.777805
3755 0.799154
3756 0.780419
3757 0.817795
3758 0.769808
3759 0.887112
3760 0.856562
3761 0.796436
3762 0.827631
3763 0.832852
3764 0.861535
3765 0.770617
3766 0.788539
3767 0.74505
3768 0.770406
3769 0.789141
3770 0.786064
3771 0.757835
3772 0.88155
3773 0.939564
3774 0.819327
3775 0.773447
3776 0.758101
3777 0.927451
3778 0.804368
3779 0.816148
3780 0.90602
3781 0.777685
3782 0.825656
3783 0.818219
3784 0.807511
3785 0.821705
3786 0.766639
3787 0.762362
3788 0.76053
3789 0.794082
3790 0.820458
3791 0.804927
3792 0.792703
3793 0.754523
3794 0.823113
3795 0.733401
3796 0.79265
3797 0.905139
3798 0.819573
3799 0.763494
3800 0.769069
3801 0.741163
3802 0.776303
3803 0.904805
3804 0.933778
3805 0.774166
3806 0.78784
3807 0.735254
3808 0.807557
3809 0.802758
3810 0.76168
3811 0.785349
3812 0.829813
3813 0.777353
3814 0.762589
3815 0.753152
3816 0.820266
3817 0.768394
3818 0.75685
3819 0.864826
3820 0.744051
3821 0.757817
3822 0.832051
3823 0.775712
3824 0.791514
3825 0.776961
3826 0.771053
3827 0.769587
3828 0.796412
3829 0.835175
3830 0.780489
3831 0.810248
3832 0.733493
3833 0.774217
3834 0.789818
3835 0.758605
3836 0.768269
3837 0.744015
3838 0.773783
3839 0.796171
3840 0.81416
3841 0.804268
3842 0.740529
3843 0.754692
3844 0.787995
3845 0.741101
3846 0.760326
3847 0.747058
3848 0.769105
3849 0.762168
3850 0.789499
3851 0.714473
3852 0.711462
3853 0.762094
3854 0.790519
3855 0.711877
3856 0.87005
3857 0.856314
3858 0.86389
3859 0.825789
3860 0.76651
3861 0.758854
3862 0.777031
3863 0.815816
3864 0.802088
3865 0.790217
3866 0.779612
3867 0.770304
3868 0.801218
3869 0.809138
3870 0.762106
3871 0.763452
3872 0.890622
3873 0.875562
3874 0.797106
3875 0.813634
3876 0.868432
3877 0.767141
3878 0.805834
3879 0.761972
3880 0.814713
3881 0.790799
3882 0.738256
3883 0.884118
3884 0.764498
3885 0.767471
3886 0.754616
3887 0.864155
3888 0.865132
3889 0.734499
3890 0.771069
3891 0.824408
3892 0.765009
3893 0.762395
3894 0.741605
3895 0.782728
3896 0.751732
3897 0.811615
3898 0.822883
3899 0.868468
3900 0.762591
3901 0.725205
3902 0.752895
3903 0.78278
3904 0.73591
3905 0.81604
3906 0.792118
3907 0.736567
3908 0.736565
3909 0.794786
3910 0.831711
3911 0.782826
3912 0.781895
3913 0.772464
3914 0.744808
3915 0.780113
3916 0.756118
3917 0.903045
3918 0.837656
3919 0.772109
3920 0.804708
3921 0.747112
3922 0.760748
3923 0.777277
3924 0.774757
3925 0.783185
3926 0.807716
3927 0.782978
3928 0.883794
3929 0.780504
3930 0.781904
3931 0.82374
3932 0.737235
3933 0.846319
3934 0.858688
3935 0.735459
3936 0.76291
3937 0.83662
3938 0.79136
3939 0.807651
3940 0.738178
3941 0.779541
3942 0.872695
3943 0.842028
3944 0.779073
3945 0.774148
3946 0.751626
3947 0.753236
3948 0.782084
3949 0.828887
3950 0.793086
3951 0.773197
3952 0.817562
3953 0.803958
3954 0.783974
3955 0.797896
3956 0.80504
3957 0.847666
3958 0.764619
3959 0.792555
3960 0.733066
3961 0.731143
3962 0.814331
3963 0.785746
3964 0.805479
3965 0.78278
3966 0.774806
3967 0.763149
3968 0.770586
3969 0.754886
3970 0.79121
3971 0.796344
3972 0.766062
3973 0.769284
3974 0.818295
3975 0.765872
3976 0.793089
3977 0.767554
3978 0.767969
3979 0.754557
3980 0.818239
3981 0.876054
3982 0.828592
3983 0.775666
3984 0.812143
3985 0.765407
3986 0.808563
3987 0.853824
3988 0.753881
3989 0.751608
3990 0.794996
3991 0.778703
3992 0.811551
3993 0.76231
3994 0.769805
3995 0.835978
3996 0.787106
3997 0.801459
3998 0.743621
3999 0.749828
4000 0.792012
4001 0.770131
4002 0.736782
4003 0.824895
4004 0.803065
4005 0.802512
4006 0.797148
4007 0.738194
4008 0.776891
4009 0.720751
4010 0.77736
4011 0.77457
4012 0.748684
4013 0.807522
4014 0.732393
4015 0.792911
4016 0.751823
4017 0.76506
4018 0.846854
4019 0.776618
4020 0.828084
4021 0.760261
4022 0.745693
4023 0.76584
4024 0.734303
4025 0.874582
4026 0.860749
4027 0.855001
4028 0.816414
4029 0.827824
4030 0.766973
4031 0.949755
4032 0.811416
4033 0.790615
4034 0.766299
4035 0.788797
4036 0.859699
4037 0.740242
4038 0.741709
4039 0.776242
4040 0.81676
4041 0.769484
4042 0.837182
4043 0.783925
4044 0.752488
4045 0.761431
4046 0.778334
4047 0.799381
4048 0.763167
4049 0.769876
4050 0.753186
4051 0.794987
4052 0.807176
4053 0.835093
4054 0.791213
4055 0.735662
4056 0.735773
4057 0.759983
4058 0.786095
4059 0.761884
4060 0.751795
4061 0.783155
4062 0.84774
4063 0.817654
4064 0.820517
4065 0.792058
4066 0.860151
4067 0.816189
4068 0.785532
4069 0.792769
4070 0.773455
4071 0.783216
4072 0.846778
4073 0.758665
4074 0.822117
4075 0.819848
4076 0.751781
4077 0.754492
4078 0.760094
4079 0.773362
4080 0.787091
4081 0.751508
4082 0.796677
4083 0.72392
4084 0.73324
4085 0.760111
4086 0.724353
4087 0.803801
4088 0.7762
4089 0.831986
4090 0.813538
4091 0.837589
4092 0.769035
4093 0.787626
4094 0.779002
4095 0.803062
4096 0.830738
4097 0.767234
4098 0.729254
4099 0.78293
4100 0.815497
4101 0.799781
4102 0.749093
4103 0.770815
4104 0.71761
4105 0.741707
4106 0.813237
4107 0.780556
4108 0.787965
4109 0.798816
4110 0.80582
4111 0.851958
4112 0.748844
4113 0.751001
4114 0.837344
4115 0.745988
4116 0.756641
4117 0.748041
4118 0.773375
4119 0.734136
4120 0.783806
4121 0.756933
4122 0.747842
4123 0.728729
4124 0.753176
4125 0.819481
4126 0.892878
4127 0.79977
4128 0.775936
4129 0.805166
4130 0.78769
4131 0.791724
4132 0.740741
4133 0.771509
4134 0.76519
4135 0.743841
4136 0.781073
4137 0.748458
4138 0.748127
4139 0.8198
4140 0.760558
4141 0.847992
4142 0.831551
4143 0.832774
4144 0.72992
4145 0.77552
4146 0.775298
4147 0.817245
4148 0.754879
4149 0.733301
4150 0.862314
4151 0.856661
4152 0.761394
4153 0.781256
4154 0.826806
4155 0.787424
4156 0.75012
4157 0.72101
4158 0.768135
4159 0.79727
4160 0.81234
4161 0.74754
4162 0.786491
4163 0.78551
4164 0.788958
4165 0.770963
4166 0.877687
4167 0.732845
4168 0.733907
4169 0.801279
4170 0.749959
4171 0.792511
4172 0.799645
4173 0.746531
4174 0.789285
4175 0.803045
4176 0.815428
4177 0.779148
4178 0.782758
4179 0.834981
4180 0.840515
4181 0.809703
4182 0.724124
4183 0.746125
4184 0.816819
4185 0.738295
4186 0.788797
4187 0.729007
4188 0.888392
4189 0.760285
4190 0.773867
4191 0.826659
4192 0.734318
4193 0.814163
4194 0.807113
4195 0.708353
4196 0.763004
4197 0.77893
4198 0.777441
4199 0.732606
4200 0.723813
4201 0.878927
4202 0.835647
4203 0.842164
4204 0.769757
4205 0.811098
4206 0.853819
4207 0.856775
4208 0.836638
4209 0.779156
4210 0.740368
4211 0.801095
4212 0.79849
4213 0.817516
4214 0.759739
4215 0.782346
4216 0.793716
4217 0.746381
4218 0.763454
4219 0.801224
4220 0.744241
4221 0.786424
4222 0.743565
4223 0.797017
4224 0.753725
4225 0.769524
4226 0.809971
4227 0.817116
4228 0.743802
4229 0.747238
4230 0.760351
4231 0.747002
4232 0.890522
4233 0.842877
4234 0.775608
4235 0.753909
4236 0.748312
4237 0.790041
4238 0.78314
4239 0.746182
4240 0.815841
4241 0.779826
4242 0.723291
4243 0.755081
4244 0.802895
4245 0.758305
4246 0.722329
4247 0.787982
4248 0.839427
4249 0.751095
4250 0.769856
4251 0.78007
4252 0.792398
4253 0.781239
4254 0.780684
4255 0.814808
4256 0.744525
4257 0.795365
4258 0.781735
4259 0.76404
4260 0.772435
4261 0.785136
4262 0.742153
4263 0.728526
4264 0.755444
4265 0.760589
4266 0.760513
4267 0.740063
4268 0.770089
4269 0.789048
4270 0.778481
4271 0.734921
4272 0.78974
4273 0.72151
4274 0.732792
4275 0.725157
4276 0.725067
4277 0.739122
4278 0.717438
4279 0.737274
4280 0.712516
4281 0.719876
4282 0.804946
4283 0.728489
4284 0.709133
4285 0.945902
4286 0.717763
4287 0.782863
4288 0.759394
4289 0.777591
4290 0.727441
4291 0.770377
4292 0.807413
4293 0.788212
4294 0.752105
4295 0.748943
4296 0.75117
4297 0.739733
4298 0.773173
4299 0.756846
4300 0.741261
4301 0.879357
4302 0.82172
4303 0.782551
4304 0.826075
4305 0.751042
4306 0.760177
4307 0.753524
4308 0.761426
4309 0.761698
4310 0.760833
4311 0.817453
4312 0.77041
4313 0.78259
4314 0.731777
4315 0.809793
4316 0.879382
4317 0.816597
4318 0.765486
4319 0.779013
4320 0.767223
4321 0.745565
4322 0.753446
4323 0.740448
4324 0.764697
4325 0.738343
4326 0.74587
4327 0.885873
4328 0.720887
4329 0.715088
4330 0.735616
4331 0.734909
4332 0.726574
4333 0.781827
4334 0.740211
4335 0.759125
4336 0.730284
4337 0.758218
4338 0.788414
4339 0.807634
4340 0.761873
4341 0.751813
4342 0.730058
4343 0.747636
4344 0.734169
4345 0.78744
4346 0.815089
4347 0.743245
4348 0.776924
4349 0.747224
4350 0.751247
4351 0.73366
4352 0.753916
4353 0.733832
4354 0.787663
4355 0.757208
4356 0.823545
4357 0.758877
4358 0.79146
4359 0.768091
4360 0.746821
4361 0.785047
4362 0.750266
4363 0.80471
4364 0.739104
4365 0.781369
4366 0.747123
4367 0.795262
4368 0.754874
4369 0.753258
4370 0.810326
4371 0.807635
4372 0.778664
4373 0.745629
4374 0.720837
4375 0.744041
4376 0.753627
4377 0.778113
4378 0.762563
4379 0.758775
4380 0.758827
4381 0.78141
4382 0.790846
4383 0.746815
4384 0.748279
4385 0.779477
4386 0.809344
4387 0.745126
4388 0.797082
4389 0.737462
4390 0.764237
4391 0.774429
4392 0.745048
4393 0.796636
4394 0.749139
4395 0.711122
4396 0.764817
4397 0.779422
4398 0.75284
4399 0.745472
4400 0.806767
4401 0.738841
4402 0.771828
4403 0.766396
4404 0.782713
4405 0.797718
4406 0.762704
4407 0.735354
4408 0.767037
4409 0.848519
4410 0.826201
4411 0.799177
4412 0.775732
4413 0.742139
4414 0.77335
4415 0.735907
4416 0.848342
4417 0.721928
4418 0.758482
4419 0.739905
4420 0.762822
4421 0.769265
4422 0.746877
4423 0.800195
4424 0.785965
4425 0.737575
4426 0.762993
4427 0.707785
4428 0.724719
4429 0.729795
4430 0.743368
4431 0.75819
4432 0.755849
4433 0.77882
4434 0.812951
4435 0.708397
4436 0.719453
4437 0.785863
4438 0.716273
4439 0.7561
4440 0.745219
4441 0.754568
4442 0.761392
4443 0.709813
4444 0.765412
4445 0.725071
4446 0.73384
4447 0.831423
4448 0.719139
4449 0.811948
4450 0.746357
4451 0.769751
4452 0.760065
4453 0.81084
4454 0.808693
4455 0.821936
4456 0.812086
4457 0.836205
4458 0.733449
4459 0.790686
4460 0.797125
4461 0.719487
4462 0.792721
4463 0.727131
4464 0.751223
4465 0.78306
4466 0.727823
4467 0.741017
4468 0.744227
4469 0.822631
4470 0.738946
4471 0.759333
4472 0.767029
4473 0.738492
4474 0.787785
4475 0.757178
4476 0.752675
4477 0.823651
4478 0.715466
4479 0.760318
4480 0.803842
4481 0.801173
4482 0.809666
4483 0.779405
4484 0.719079
4485 0.729002
4486 0.756061
4487 0.750253
4488 0.736239
4489 0.80411
4490 0.775723
4491 0.857847
4492 0.798093
4493 0.735337
4494 0.819451
4495 0.82789
4496 0.756506
4497 0.828991
4498 0.742718
4499 0.746831
4500 0.77688
4501 0.801945
4502 0.71722
4503 0.792387
4504 0.783576
4505 0.715208
4506 0.7337
4507 0.733838
4508 0.801864
4509 0.793923
4510 0.708954
4511 0.748543
4512 0.703585
4513 0.772056
4514 0.707932
4515 0.740335
4516 0.79477
4517 0.784947
4518 0.801977
4519 0.815901
4520 0.772719
4521 0.70703
4522 0.742759
4523 0.774067
4524 0.755965
4525 0.776273
4526 0.786334
4527 0.726857
4528 0.768978
4529 0.838905
4530 0.727778
4531 0.759225
4532 0.812475
4533 0.740813
4534 0.72273
4535 0.77199
4536 0.718619
4537 0.81035
4538 0.721002
4539 0.802393
4540 0.800741
4541 0.750248
4542 0.756772
4543 0.776062
4544 0.732679
4545 0.710198
4546 0.767412
4547 0.787768
4548 0.746964
4549 0.777774
4550 0.752822
4551 0.740131
4552 0.772611
4553 0.761326
4554 0.745101
4555 0.869193
4556 0.744318
4557 0.748899
4558 0.73812
4559 0.772538
4560 0.761673
4561 0.736637
4562 0.744305
4563 0.745246
4564 0.712309
4565 0.779198
4566 0.786048
4567 0.753257
4568 0.742123
4569 0.769649
4570 0.834476
4571 0.805722
4572 0.820367
4573 0.744054
4574 0.728996
4575 0.792053
4576 0.729572
4577 0.777151
4578 0.792219
4579 0.827003
4580 0.815394
4581 0.772646
4582 0.792387
4583 0.822478
4584 0.750393
4585 0.716526
4586 0.728706
4587 0.719181
4588 0.83265
4589 0.720901
4590 0.747477
4591 0.759258
4592 0.756728
4593 0.748072
4594 0.727568
4595 0.823707
4596 0.708015
4597 0.717525
4598 0.766282
4599 0.772124
4600 0.794236
4601 0.727143
4602 0.775292
4603 0.817571
4604 0.745116
4605 0.8067
4606 0.801845
4607 0.808619
4608 0.753622
4609 0.923441
4610 0.763406
4611 0.713006
4612 0.811107
4613 0.741917
4614 0.737191
4615 0.744947
4616 0.741333
4617 0.807861
4618 0.773287
4619 0.818732
4620 0.769118
4621 0.722082
4622 0.764607
4623 0.759989
4624 0.734978
4625 0.751034
4626 0.751989
4627 0.753907
4628 0.714086
4629 0.718965
4630 0.911817
4631 0.769197
4632 0.755386
4633 0.721986
4634 0.837488
4635 0.827636
4636 0.734123
4637 0.837276
4638 0.721449
4639 0.719522
4640 0.726229
4641 0.829909
4642 0.779185
4643 0.724463
4644 0.751158
4645 0.726425
4646 0.730335
4647 0.716764
4648 0.813487
4649 0.699855
4650 0.754607
4651 0.737693
4652 0.736383
4653 0.76361
4654 0.773086
4655 0.828429
4656 0.732162
4657 0.757194
4658 0.727744
4659 0.721655
4660 0.777631
4661 0.913959
4662 0.727195
4663 0.781214
4664 0.731727
4665 0.729931
4666 0.785114
4667 0.736169
4668 0.763905
4669 0.742329
4670 0.735115
4671 0.725367
4672 0.755071
4673 0.76575
4674 0.744066
4675 0.714554
4676 0.794066
4677 0.740922
4678 0.7117
4679 0.753951
4680 0.788931
4681 0.720327
4682 0.699749
4683 0.819916
4684 0.765649
4685 0.750038
4686 0.726373
4687 0.793773
4688 0.731949
4689 0.733456
4690 0.744005
4691 0.738554
4692 0.750239
4693 0.785648
4694 0.701097
4695 0.743569
4696 0.749779
4697 0.705283
4698 0.804308
4699 0.759593
4700 0.74907
4701 0.759595
4702 0.703392
4703 0.726024
4704 0.688732
4705 0.689952
4706 0.715578
4707 0.760947
4708 0.695657
4709 0.675033
4710 0.708278
4711 0.73044
4712 0.685763
4713 0.710974
4714 0.853384
4715 0.801068
4716 0.821893
4717 0.784722
4718 0.711299
4719 0.707331
4720 0.778813
4721 0.774461
4722 0.736728
4723 0.688838
4724 0.754287
4725 0.741176
4726 0.759802
4727 0.719859
4728 0.754728
4729 0.731267
4730 0.822004
4731 0.809562
4732 0.740476
4733 0.816877
4734 0.734568
4735 0.767401
4736 0.729385
4737 0.723252
4738 0.73454
4739 0.757505
4740 0.838348
4741 0.727124
4742 0.735092
4743 0.712399
4744 0.809446
4745 0.809861
4746 0.75183
4747 0.726306
4748 0.740879
4749 0.764957
4750 0.728756
4751 0.732921
4752 0.711032
4753 0.703885
4754 0.748403
4755 0.719212
4756 0.924894
4757 0.716977
4758 0.694595
4759 0.712709
4760 0.710212
4761 0.713069
4762 0.767794
4763 0.702509
4764 0.725671
4765 0.727872
4766 0.782369
4767 0.768397
4768 0.715844
4769 0.753534
4770 0.757703
4771 0.713069
4772 0.749968
4773 0.759878
4774 0.803092
4775 0.804971
4776 0.789104
4777 0.749898
4778 0.7523
4779 0.731866
4780 0.726478
4781 0.756153
4782 0.732924
4783 0.771255
4784 0.76016
4785 0.787804
4786 0.767663
4787 0.733304
4788 0.776319
4789 0.722958
4790 0.766706
4791 0.80197
4792 0.76145
4793 0.731367
4794 0.814721
4795 0.749671
4796 0.753064
4797 0.734033
4798 0.711893
4799 0.787214
4800 0.751791
4801 0.80012
4802 0.739945
4803 0.778709
4804 0.70248
4805 0.773815
4806 0.75205
4807 0.773844
4808 0.772219
4809 0.786877
4810 0.754655
4811 0.708498
4812 0.735083
4813 0.805772
4814 0.75111
4815 0.75096
4816 0.756759
4817 0.766876
4818 0.720524
4819 0.738384
4820 0.75977
4821 0.761776
4822 0.746147
4823 0.727572
4824 0.719231
4825 0.775475
4826 0.740027
4827 0.747754
4828 0.764552
4829 0.710159
4830 0.691834
4831 0.743568
4832 0.748653
4833 0.73735
4834 0.787284
4835 0.71558
4836 0.699337
4837 0.749334
4838 0.832248
4839 0.748593
4840 0.809356
4841 0.734919
4842 0.709426
4843 0.743758
4844 0.707396
4845 0.79535
4846 0.709117
4847 0.723187
4848 0.712779
4849 0.777532
4850 0.756749
4851 0.686594
4852 0.784386
4853 0.740296
4854 0.723144
4855 0.711497
4856 0.75902
4857 0.731132
4858 0.698077
4859 0.746577
4860 0.725438
4861 0.775123
4862 0.718673
4863 0.76894
4864 0.693486
4865 0.715709
4866 0.725713
4867 0.741576
4868 0.726106
4869 0.754199
4870 0.733807
4871 0.741297
4872 0.731874
4873 0.796486
4874 0.721725
4875 0.712987
4876 0.791449
4877 0.744434
4878 0.757455
4879 0.731929
4880 0.735559
4881 0.711541
4882 0.828911
4883 0.804257
4884 0.784584
4885 0.832528
4886 0.752962
4887 0.704999
4888 0.80128
4889 0.751581
4890 0.731627
4891 0.738722
4892 0.758212
4893 0.771408
4894 0.777263
4895 0.696575
4896 0.72328
4897 0.673906
4898 0.764864
4899 0.723544
4900 0.758211
4901 0.737484
4902 0.729025
4903 0.742953
4904 0.762392
4905 0.733924
4906 0.734498
4907 0.70305
4908 0.75642
4909 0.731235
4910 0.758628
4911 0.763643
4912 0.71238
4913 0.706199
4914 0.763523
4915 0.718698
4916 0.72754
4917 0.739444
4918 0.71423
4919 0.754371
4920 0.782636
4921 0.768021
4922 0.71922
4923 0.780654
4924 0.805975
4925 0.737692
4926 0.784566
4927 0.754476
4928 0.746066
4929 0.789511
4930 0.743855
4931 0.714598
4932 0.760717
4933 0.763845
4934 0.714465
4935 0.706565
4936 0.755136
4937 0.770589
4938 0.728142
4939 0.714758
4940 0.751541
4941 0.693051
4942 0.72332
4943 0.706626
4944 0.704472
4945 0.775417
4946 0.720611
4947 0.804364
4948 0.784498
4949 0.733224
4950 0.740362
4951 0.776959
4952 0.743949
4953 0.835742
4954 0.750557
4955 0.71822
4956 0.713807
4957 0.731747
4958 0.792346
4959 0.73186
4960 0.707838
4961 0.745971
4962 0.730336
4963 0.727776
4964 0.74891
4965 0.794651
4966 0.773062
4967 0.708169
4968 0.805039
4969 0.78035
4970 0.719539
4971 0.750996
4972 0.752918
4973 0.718386
4974 0.714549
4975 0.767386
4976 0.714233
4977 0.744176
4978 0.736958
4979 0.727668
4980 0.694384
4981 0.695155
4982 0.760375
4983 0.748413
4984 0.771564
4985 0.703593
4986 0.734194
4987 0.744711
4988 0.778526
4989 0.726243
4990 0.708734
4991 0.756233
4992 0.698381
4993 0.744286
4994 0.759341
4995 0.70559
4996 0.747242
4997 0.716004
4998 0.793615
4999 0.860067
5000 0.794578
