0 4.61645
1 18.7526
2 30.5739
3 12.072
4 9.30827
5 7.01703
6 5.10018
7 5.38798
8 7.31699
9 3.58276
10 3.70473
11 9.24921
12 8.94198
13 14.6842
14 6.70706
15 5.65473
16 5.90152
17 6.68305
18 3.9907
19 4.67375
20 4.06302
21 4.42505
22 4.23408
23 3.91685
24 2.9516
25 2.98203
26 2.81605
27 2.65687
28 2.57952
29 2.53982
30 2.82163
31 2.7691
32 2.49521
33 2.22516
34 2.23369
35 2.23113
36 2.24625
37 2.09398
38 2.01955
39 2.05466
40 2.04339
41 1.99992
42 2.01953
43 2.31404
44 2.11253
45 1.99171
46 1.85818
47 1.90307
48 1.85874
49 1.93983
50 1.87617
51 2.27196
52 2.06473
53 2.13841
54 2.19539
55 1.82832
56 2.01872
57 2.044
58 2.06131
59 1.99327
60 1.8843
61 1.87234
62 2.03202
63 2.31204
64 1.80066
65 1.83482
66 1.79809
67 1.8407
68 1.81169
69 1.74745
70 1.85888
71 1.80309
72 1.85688
73 1.79553
74 1.77821
75 1.8772
76 2.11835
77 1.85839
78 1.81989
79 1.87883
80 1.63746
81 1.70604
82 1.67958
83 1.80771
84 1.92594
85 1.8263
86 1.8155
87 1.67817
88 1.57918
89 1.56271
90 1.81654
91 1.78098
92 1.63763
93 1.78918
94 1.77407
95 1.74855
96 1.6449
97 1.67012
98 1.87283
99 1.90022
100 1.75409
101 1.61577
102 1.56526
103 1.51168
104 1.72002
105 1.58413
106 1.68112
107 1.69116
108 1.46307
109 1.58703
110 1.65575
111 1.66705
112 1.7142
113 1.71139
114 1.46623
115 1.61454
116 1.69808
117 1.90135
118 1.86227
119 1.60155
120 1.48389
121 1.72217
122 1.64639
123 1.87237
124 1.84645
125 1.61978
126 1.61209
127 1.79408
128 1.58629
129 1.63312
130 1.57165
131 1.4139
132 1.63023
133 1.58225
134 1.73169
135 1.48509
136 1.86388
137 1.91026
138 1.68814
139 1.67048
140 1.47294
141 1.53464
142 1.53866
143 1.48738
144 1.57159
145 1.64667
146 1.72592
147 1.57402
148 1.67964
149 1.52425
150 1.53645
151 1.47593
152 1.6603
153 1.66815
154 1.62599
155 1.53175
156 1.45535
157 1.54989
158 1.51414
159 1.41241
160 1.54965
161 1.40306
162 1.62663
163 1.52238
164 1.42317
165 1.48339
166 1.48972
167 1.6304
168 1.68359
169 1.86048
170 1.84156
171 1.57071
172 1.56372
173 1.98613
174 1.5929
175 1.64891
176 1.47858
177 1.49111
178 1.52986
179 1.45024
180 1.5394
181 1.42358
182 1.75853
183 1.45261
184 1.77491
185 1.56001
186 1.55265
187 1.5061
188 1.75164
189 1.54564
190 1.5254
191 1.50667
192 1.45468
193 1.55987
194 1.66833
195 1.54059
196 1.63981
197 1.47026
198 1.35396
199 1.49088
200 1.53538
201 1.41128
202 1.46946
203 1.46721
204 1.54806
205 1.69716
206 1.66435
207 1.47831
208 1.84184
209 1.60786
210 1.50131
211 1.61963
212 1.55539
213 1.59547
214 1.55218
215 1.38994
216 1.50044
217 1.53371
218 1.30174
219 1.38117
220 1.35814
221 1.48151
222 1.4554
223 1.35663
224 1.61524
225 1.50995
226 1.76944
227 1.40152
228 1.53774
229 1.49113
230 1.56848
231 1.49648
232 1.57026
233 1.59755
234 1.31725
235 1.391
236 1.40517
237 1.38847
238 1.47171
239 1.4204
240 1.37728
241 1.38709
242 1.42377
243 1.52908
244 1.29668
245 1.42532
246 1.38048
247 1.2819
248 1.42259
249 1.31009
250 1.54577
251 1.36878
252 1.57671
253 1.46844
254 1.50207
255 1.51622
256 1.38563
257 1.38418
258 1.3386
259 1.37955
260 1.43243
261 1.44225
262 1.47079
263 1.39934
264 1.2641
265 1.37725
266 1.29308
267 1.43034
268 1.73462
269 1.46955
270 1.56473
271 1.35701
272 1.44053
273 1.4857
274 1.34628
275 1.43869
276 1.31125
277 1.43747
278 1.39439
279 1.51108
280 1.35069
281 1.46072
282 1.3163
283 1.49116
284 1.48377
285 1.41714
286 1.31451
287 1.28643
288 1.44532
289 1.45164
290 1.36698
291 1.42825
292 1.47368
293 1.3917
294 1.35148
295 1.45044
296 1.50373
297 1.40261
298 1.34631
299 1.2838
300 1.22323
301 1.35018
302 1.31992
303 1.35008
304 1.42072
305 1.37537
306 1.36193
307 1.32766
308 1.34229
309 1.29471
310 1.25661
311 1.46913
312 1.29961
313 1.39139
314 1.37308
315 1.34055
316 1.4455
317 1.27807
318 1.41288
319 1.39601
320 1.40362
321 1.39587
322 1.58918
323 1.42937
324 1.2439
325 1.34481
326 1.24711
327 1.27212
328 1.32882
329 1.36551
330 1.38549
331 1.52313
332 1.52228
333 1.36874
334 1.20973
335 1.45076
336 1.30452
337 1.2347
338 1.35377
339 1.26881
340 1.37431
341 1.30631
342 1.23367
343 1.60738
344 1.29393
345 1.50111
346 1.21147
347 1.64723
348 1.43735
349 1.33482
350 1.62472
351 1.27825
352 1.31841
353 1.42401
354 1.60413
355 1.28107
356 1.35901
357 1.35137
358 1.33601
359 1.24784
360 1.3191
361 1.29038
362 1.2263
363 1.2776
364 1.29898
365 1.26543
366 1.22633
367 1.39988
368 1.47017
369 1.39898
370 1.26492
371 1.17577
372 1.45288
373 1.35888
374 1.5808
375 1.39998
376 1.36948
377 1.19847
378 1.30676
379 1.35098
380 1.2798
381 1.34867
382 1.30989
383 1.24244
384 1.2154
385 1.21989
386 1.23431
387 1.2638
388 1.16608
389 1.28663
390 1.30575
391 1.17911
392 1.24447
393 1.29378
394 1.20237
395 1.1676
396 1.27209
397 1.22201
398 1.21455
399 1.30239
400 1.26478
401 1.22991
402 1.29286
403 1.26252
404 1.20601
405 1.21555
406 1.27473
407 1.16577
408 1.23287
409 1.15627
410 1.27241
411 1.37218
412 1.21221
413 1.20756
414 1.23732
415 1.08753
416 1.13993
417 1.14524
418 1.16302
419 1.12877
420 1.24426
421 1.09649
422 1.09197
423 1.11291
424 1.46589
425 1.20779
426 1.18913
427 1.42948
428 1.09086
429 1.23583
430 1.24864
431 1.31839
432 1.18657
433 1.18777
434 1.25652
435 1.24728
436 1.10989
437 1.17517
438 1.21632
439 1.18918
440 1.21634
441 1.20404
442 1.2153
443 1.394
444 1.34411
445 1.22339
446 1.33176
447 1.14884
448 1.30627
449 1.23134
450 1.29869
451 1.19838
452 1.25448
453 1.34217
454 1.22537
455 1.23839
456 1.15437
457 1.43141
458 1.49476
459 1.25905
460 1.28238
461 1.23153
462 1.20482
463 1.28416
464 1.19607
465 1.13522
466 1.16118
467 1.14409
468 1.2465
469 1.52112
470 1.34935
471 1.2971
472 1.2728
473 1.30421
474 1.24666
475 1.25164
476 1.12892
477 1.18887
478 1.16744
479 1.16765
480 1.38402
481 1.34588
482 1.30466
483 1.25019
484 1.1672
485 1.18587
486 1.17313
487 1.27026
488 1.36803
489 1.18417
490 1.19821
491 1.28829
492 1.17465
493 1.17537
494 1.19211
495 1.11689
496 1.29971
497 1.20095
498 1.17445
499 1.21477
500 1.215
501 1.32789
502 1.16449
503 1.22731
504 1.33258
505 1.25452
506 1.15572
507 1.15215
508 1.17264
509 1.20358
510 1.17949
511 1.09891
512 1.33741
513 1.18442
514 1.29386
515 1.11765
516 1.14971
517 1.07249
518 1.15343
519 1.15928
520 1.23658
521 1.18371
522 1.17418
523 1.15229
524 1.16365
525 1.1785
526 1.2609
527 1.20755
528 1.25151
529 1.16242
530 1.16827
531 1.12567
532 1.13457
533 1.14289
534 1.12794
535 1.11294
536 1.11508
537 1.06256
538 1.23757
539 1.12816
540 1.17751
541 1.12565
542 1.154
543 1.02765
544 1.13186
545 1.12397
546 1.14898
547 1.28547
548 1.06917
549 1.09235
550 1.14412
551 1.17285
552 1.22181
553 1.20354
554 1.17773
555 1.09129
556 1.12016
557 1.06501
558 1.23694
559 1.11154
560 1.04024
561 1.14222
562 1.14535
563 1.1731
564 1.043
565 1.24983
566 1.1375
567 1.17529
568 1.0709
569 1.11044
570 1.203
571 1.04027
572 1.12644
573 1.10405
574 1.1477
575 1.0637
576 1.21626
577 1.08007
578 1.12131
579 1.1957
580 1.07005
581 1.25853
582 1.14723
583 1.14616
584 1.09052
585 1.04114
586 1.10444
587 1.06948
588 1.1028
589 1.07842
590 1.0838
591 1.14483
592 1.10129
593 1.05641
594 1.02291
595 1.23299
596 1.13187
597 1.2437
598 1.23642
599 1.16671
600 0.989153
601 1.23337
602 1.13683
603 1.01987
604 1.11651
605 1.08296
606 1.12208
607 1.04896
608 1.04073
609 1.0548
610 1.05387
611 1.14497
612 1.17478
613 1.35266
614 1.05641
615 1.1902
616 1.14047
617 1.18523
618 1.1034
619 1.0762
620 1.0041
621 1.08907
622 1.08163
623 1.11646
624 1.14579
625 1.09556
626 0.979623
627 1.14074
628 1.16899
629 1.08815
630 1.03239
631 1.0129
632 1.09342
633 1.03034
634 1.20732
635 1.11446
636 1.06266
637 1.2044
638 1.11682
639 1.08951
640 1.11922
641 1.15922
642 1.14273
643 1.04837
644 0.995466
645 1.07804
646 1.04702
647 0.991905
648 1.03448
649 1.03221
650 1.10224
651 1.02095
652 1.05575
653 1.10212
654 0.949863
655 1.0558
656 0.969319
657 0.951394
658 1.08905
659 1.08124
660 1.06713
661 1.25474
662 1.03123
663 1.02385
664 1.06491
665 0.968563
666 1.13779
667 1.011
668 1.0204
669 1.11017
670 1.06648
671 1.15661
672 1.09686
673 0.944308
674 1.0659
675 1.02054
676 1.01149
677 1.01258
678 1.03689
679 1.1451
680 1.01368
681 1.1868
682 1.17018
683 1.0826
684 1.006
685 1.10309
686 1.00464
687 0.964323
688 1.04246
689 1.02341
690 1.01762
691 1.14822
692 0.986609
693 0.989434
694 0.983599
695 1.02904
696 1.10885
697 1.19674
698 1.0933
699 1.0929
700 1.13633
701 1.0962
702 1.02915
703 0.976628
704 1.00101
705 1.0361
706 1.02029
707 1.04201
708 1.03678
709 0.99489
710 1.08929
711 1.03704
712 1.18057
713 1.05227
714 1.0792
715 0.969208
716 0.937736
717 1.03103
718 0.976028
719 0.969679
720 1.11917
721 1.12618
722 0.991097
723 1.08138
724 1.08218
725 1.20036
726 0.947533
727 0.99397
728 0.957366
729 0.958955
730 1.07608
731 0.991156
732 1.00322
733 0.998953
734 1.04214
735 1.07715
736 1.08186
737 0.968933
738 0.983899
739 0.922968
740 1.13105
741 0.992467
742 1.06578
743 0.976646
744 1.03715
745 1.09249
746 1.00238
747 1.08924
748 1.06741
749 1.07512
750 1.02734
751 1.23496
752 0.987066
753 0.916283
754 0.96828
755 1.02591
756 0.999797
757 1.00133
758 1.09214
759 0.966386
760 1.02379
761 1.064
762 1.07864
763 0.967042
764 1.00808
765 0.995306
766 0.928747
767 0.971905
768 0.941525
769 1.00445
770 0.904332
771 1.03589
772 1.11466
773 1.01831
774 1.0107
775 0.912178
776 1.26429
777 1.02412
778 0.957605
779 1.25322
780 0.929703
781 1.02692
782 1.0776
783 1.10515
784 1.07165
785 0.992246
786 1.02722
787 0.950318
788 0.974434
789 0.993694
790 1.03073
791 1.04811
792 0.991758
793 1.03108
794 0.920786
795 0.990096
796 1.02863
797 1.06374
798 0.972356
799 0.967033
800 0.890824
801 1.02483
802 1.09432
803 1.1346
804 0.998841
805 0.954057
806 0.899272
807 0.974539
808 1.04283
809 1.00398
810 1.0345
811 1.01925
812 0.941792
813 0.900423
814 0.906035
815 0.92162
816 0.924222
817 0.905829
818 1.03622
819 0.965795
820 0.92134
821 0.975522
822 0.91346
823 0.962141
824 0.87317
825 0.904709
826 0.916487
827 0.894075
828 1.00469
829 0.889759
830 0.994396
831 0.924162
832 0.9903
833 0.899548
834 0.920533
835 0.976733
836 0.858248
837 0.919255
838 0.924316
839 0.942004
840 1.03071
841 0.912595
842 0.838982
843 0.930246
844 0.858971
845 0.877144
846 0.888404
847 0.872696
848 0.822762
849 0.924911
850 0.823578
851 0.800513
852 0.886747
853 0.958713
854 0.825955
855 0.914841
856 1.18955
857 0.937832
858 0.965759
859 0.916933
860 0.889181
861 0.927636
862 1.0113
863 1.05074
864 1.01355
865 0.871153
866 0.848214
867 0.875245
868 0.945751
869 0.893132
870 0.919647
871 0.95941
872 0.974799
873 0.944749
874 0.960678
875 0.981104
876 0.819586
877 1.07547
878 0.936336
879 0.971075
880 0.895439
881 0.912068
882 0.94862
883 0.931328
884 0.942394
885 0.926109
886 1.19859
887 1.02523
888 0.910748
889 0.930715
890 0.923045
891 0.949392
892 0.978754
893 0.863733
894 0.901492
895 0.853078
896 0.923377
897 0.87541
898 1.42934
899 1.00924
900 1.04086
901 0.873115
902 1.02763
903 0.884946
904 0.992905
905 0.868835
906 0.86198
907 0.887804
908 1.07298
909 1.0293
910 0.985097
911 0.920967
912 0.911594
913 0.89591
914 0.885499
915 0.885611
916 0.903454
917 0.929231
918 0.884201
919 0.934224
920 0.992471
921 0.880877
922 0.847032
923 0.91999
924 0.848473
925 0.90856
926 0.884893
927 0.924244
928 0.947223
929 0.891818
930 0.914249
931 0.856923
932 0.980105
933 1.06219
934 0.903699
935 0.865673
936 0.932703
937 0.877931
938 0.988302
939 0.879955
940 0.838122
941 0.985617
942 1.01917
943 0.90825
944 0.892891
945 0.837016
946 0.877394
947 0.886077
948 0.90228
949 0.855753
950 0.93401
951 0.841141
952 0.926346
953 0.817943
954 0.903892
955 0.968888
956 0.875713
957 0.911661
958 0.924028
959 0.832077
960 0.805033
961 0.903628
962 0.835649
963 0.840096
964 0.880864
965 0.796864
966 0.814972
967 0.96192
968 0.884345
969 0.917773
970 0.864947
971 0.820294
972 0.817767
973 0.857688
974 0.955508
975 0.906366
976 0.869221
977 0.866028
978 0.812201
979 0.941207
980 0.961878
981 0.924176
982 0.862625
983 0.861431
984 0.808958
985 0.886358
986 0.78989
987 0.884649
988 0.798539
989 0.841595
990 0.838693
991 0.944507
992 0.798443
993 0.845758
994 0.972865
995 0.905915
996 0.841372
997 0.807679
998 0.95095
999 0.836774
1000 0.763223
1001 0.904422
1002 0.884288
1003 0.858093
1004 0.831338
1005 0.924064
1006 0.841216
1007 0.860415
1008 0.805731
1009 0.875693
1010 0.899608
1011 0.827917
1012 0.864698
1013 0.787998
1014 0.822547
1015 0.824521
1016 0.801141
1017 0.815888
1018 0.896249
1019 0.953305
1020 0.825125
1021 0.878557
1022 0.787323
1023 0.808275
1024 0.926836
1025 0.969675
1026 0.964546
1027 0.859588
1028 0.915038
1029 0.761651
1030 0.855215
1031 0.860381
1032 0.830178
1033 0.821738
1034 0.845568
1035 0.929249
1036 0.793617
1037 0.790747
1038 0.840717
1039 0.838998
1040 0.862639
1041 0.883676
1042 1.02557
1043 0.805332
1044 0.890141
1045 0.862345
1046 0.832104
1047 0.852062
1048 0.802637
1049 0.762324
1050 0.884933
1051 0.865479
1052 0.873683
1053 0.931257
1054 0.810403
1055 0.736478
1056 0.87908
1057 0.831265
1058 0.798035
1059 0.845466
1060 0.842006
1061 0.882883
1062 0.888053
1063 0.908817
1064 0.769029
1065 0.905816
1066 0.973071
1067 0.860616
1068 0.805089
1069 0.848702
1070 0.829116
1071 0.814259
1072 0.806878
1073 0.789049
1074 0.819006
1075 0.814777
1076 0.796048
1077 0.731187
1078 0.834417
1079 0.802604
1080 0.767243
1081 0.81658
1082 0.833433
1083 0.726224
1084 0.827149
1085 0.748279
1086 0.726512
1087 0.956491
1088 0.802704
1089 0.965765
1090 0.89642
1091 0.780002
1092 0.898246
1093 0.761903
1094 0.757452
1095 0.849929
1096 0.852334
1097 0.783699
1098 0.791901
1099 0.887659
1100 0.867479
1101 0.766302
1102 0.811864
1103 0.7983
1104 0.729147
1105 0.808314
1106 0.797606
1107 0.811364
1108 0.873299
1109 0.794127
1110 0.944363
1111 0.880778
1112 0.772725
1113 0.903877
1114 0.767796
1115 0.751529
1116 0.757327
1117 0.807575
1118 0.757998
1119 0.90902
1120 0.766556
1121 0.747707
1122 0.798415
1123 0.731505
1124 0.750668
1125 0.988182
1126 0.879176
1127 0.801422
1128 0.860515
1129 0.900828
1130 0.839839
1131 0.78246
1132 0.756544
1133 0.807583
1134 0.781114
1135 0.791165
1136 0.820005
1137 0.794119
1138 0.861459
1139 0.749358
1140 0.893806
1141 0.892723
1142 0.812253
1143 0.75973
1144 0.751677
1145 0.790301
1146 0.800791
1147 0.810022
1148 0.779092
1149 0.860304
1150 0.940311
1151 0.792143
1152 0.839878
1153 0.791164
1154 0.884652
1155 0.776128
1156 0.718482
1157 0.73348
1158 0.811356
1159 0.790732
1160 0.726397
1161 0.848493
1162 0.80449
1163 0.788404
1164 0.793163
1165 0.850583
1166 0.722742
1167 0.735612
1168 0.786382
1169 0.829531
1170 0.837579
1171 0.859406
1172 0.715383
1173 0.831879
1174 0.795251
1175 0.724788
1176 0.861227
1177 0.77615
1178 0.867447
1179 0.862959
1180 0.906937
1181 0.755046
1182 0.711447
1183 0.774556
1184 0.79369
1185 0.81852
1186 0.778992
1187 0.857747
1188 0.779506
1189 0.739327
1190 0.895638
1191 0.763316
1192 0.85365
1193 0.752107
1194 0.782926
1195 0.697257
1196 0.751029
1197 0.736238
1198 0.713011
1199 0.746377
1200 0.898745
1201 0.932017
1202 0.766714
1203 0.708001
1204 0.754729
1205 0.888225
1206 0.836917
1207 0.72486
1208 0.946894
1209 0.753747
1210 0.803172
1211 0.825921
1212 0.904135
1213 0.7301
1214 0.853943
1215 0.795184
1216 0.756404
1217 0.733714
1218 0.878727
1219 0.719222
1220 0.813941
1221 0.7138
1222 0.783546
1223 0.707084
1224 0.781512
1225 0.824047
1226 0.757365
1227 0.737362
1228 0.724661
1229 0.710241
1230 0.760362
1231 0.830781
1232 0.809565
1233 0.781751
1234 0.790619
1235 0.72513
1236 0.79532
1237 0.798834
1238 0.740847
1239 0.708363
1240 0.80618
1241 0.691885
1242 0.772904
1243 0.72822
1244 0.790693
1245 0.706454
1246 0.720256
1247 0.799845
1248 0.717411
1249 0.721295
1250 0.724849
1251 0.769869
1252 0.691394
1253 0.769018
1254 0.691817
1255 0.730611
1256 0.719934
1257 0.790245
1258 0.699312
1259 0.764294
1260 0.727185
1261 0.697431
1262 0.746245
1263 0.707023
1264 0.731103
1265 0.794762
1266 0.749746
1267 0.721843
1268 0.840637
1269 0.785871
1270 0.715886
1271 0.720567
1272 0.689871
1273 0.671569
1274 0.689104
1275 0.682805
1276 0.697969
1277 0.706554
1278 0.690005
1279 0.675099
1280 0.639358
1281 0.759678
1282 0.863826
1283 0.642921
1284 1.10435
1285 0.706445
1286 0.78646
1287 0.748553
1288 0.720635
1289 0.733031
1290 0.724179
1291 0.755741
1292 0.782634
1293 0.739882
1294 0.70758
1295 0.702167
1296 0.661322
1297 0.703078
1298 0.74394
1299 0.700859
1300 0.873334
1301 0.7953
1302 0.757882
1303 0.824862
1304 0.729791
1305 0.694503
1306 0.811657
1307 0.714873
1308 0.795736
1309 0.698953
1310 0.718038
1311 0.849795
1312 0.702403
1313 0.742106
1314 0.734975
1315 0.925773
1316 0.844446
1317 0.753441
1318 0.753023
1319 0.776021
1320 0.710172
1321 0.715472
1322 0.633752
1323 0.720701
1324 0.666645
1325 0.713329
1326 0.884303
1327 0.77728
1328 0.698128
1329 0.656185
1330 0.696373
1331 0.756803
1332 0.727761
1333 0.726431
1334 0.68416
1335 0.675384
1336 0.669343
1337 0.80814
1338 0.757557
1339 0.722995
1340 0.682196
1341 0.675182
1342 0.670307
1343 0.693626
1344 0.681774
1345 0.704209
1346 0.69585
1347 0.735737
1348 0.759534
1349 0.770057
1350 0.676707
1351 0.700731
1352 0.684867
1353 0.686534
1354 0.670099
1355 0.696178
1356 0.725591
1357 0.719762
1358 0.746153
1359 0.724248
1360 0.709607
1361 0.772481
1362 0.829143
1363 0.655477
1364 0.659043
1365 0.725306
1366 0.734646
1367 0.730424
1368 0.687422
1369 0.68191
1370 0.764212
1371 0.747505
1372 0.719058
1373 0.677729
1374 0.690306
1375 0.707664
1376 0.664986
1377 0.818096
1378 0.812256
1379 0.707457
1380 0.771857
1381 0.761563
1382 0.669585
1383 0.700848
1384 0.747139
1385 0.741493
1386 0.752913
1387 0.692626
1388 0.691525
1389 0.682457
1390 0.708238
1391 0.65359
1392 0.719091
1393 0.681138
1394 0.629757
1395 0.684361
1396 0.722843
1397 0.718184
1398 0.709734
1399 0.698156
1400 0.630988
1401 0.628957
1402 0.733742
1403 0.760052
1404 0.718978
1405 0.73863
1406 0.629585
1407 0.672953
1408 0.734357
1409 0.717743
1410 0.825096
1411 0.684778
1412 0.785564
1413 0.643791
1414 0.705608
1415 0.721245
1416 0.672058
1417 0.617281
1418 0.702807
1419 0.66457
1420 0.757013
1421 0.642695
1422 0.698109
1423 0.745059
1424 0.673653
1425 0.68853
1426 0.656444
1427 0.672189
1428 0.648653
1429 0.634395
1430 0.653516
1431 0.688941
1432 0.65826
1433 0.686311
1434 0.715883
1435 0.674601
1436 0.718505
1437 0.602497
1438 0.778443
1439 0.74163
1440 0.714787
1441 0.680177
1442 0.617931
1443 0.684991
1444 0.711497
1445 0.616618
1446 0.722963
1447 0.656639
1448 0.759721
1449 0.655818
1450 0.680025
1451 0.620365
1452 0.64009
1453 0.650281
1454 0.773583
1455 0.82668
1456 0.688676
1457 0.702734
1458 0.640329
1459 0.865506
1460 0.611743
1461 0.714725
1462 0.661562
1463 0.633806
1464 0.76015
1465 0.652898
1466 0.670368
1467 0.658529
1468 0.728932
1469 0.677638
1470 0.765725
1471 0.692554
1472 0.70818
1473 0.677812
1474 0.693369
1475 0.715763
1476 0.67047
1477 0.618312
1478 0.662343
1479 0.725334
1480 0.675285
1481 0.720785
1482 0.70318
1483 0.621607
1484 0.611593
1485 0.724319
1486 0.679559
1487 0.628666
1488 0.653007
1489 0.673392
1490 0.663216
1491 0.786331
1492 0.650318
1493 0.693808
1494 0.743339
1495 0.772686
1496 0.681789
1497 0.68369
1498 0.754068
1499 0.695081
1500 0.730419
1501 0.592424
1502 0.632584
1503 0.681071
1504 0.614571
1505 0.679225
1506 0.647361
1507 0.686591
1508 0.663842
1509 0.624711
1510 0.738066
1511 0.569392
1512 0.637514
1513 0.682474
1514 0.609345
1515 0.723433
1516 0.664664
1517 0.660338
1518 0.681747
1519 0.737738
1520 0.62307
1521 0.614073
1522 0.650512
1523 0.58644
1524 0.675018
1525 0.647129
1526 0.622442
1527 0.645127
1528 0.659873
1529 0.692582
1530 0.600139
1531 0.65467
1532 0.63849
1533 0.602543
1534 0.670754
1535 0.653438
1536 0.713525
1537 0.653406
1538 0.65898
1539 0.718021
1540 0.651183
1541 0.672216
1542 0.733484
1543 0.626705
1544 0.60959
1545 0.626864
1546 0.675959
1547 0.635193
1548 0.620046
1549 0.682357
1550 0.571895
1551 0.650822
1552 0.586585
1553 0.658705
1554 0.790269
1555 0.703088
1556 0.668893
1557 0.604738
1558 0.658754
1559 0.711277
1560 0.61126
1561 0.649903
1562 0.620146
1563 0.626658
1564 0.688758
1565 0.660691
1566 0.610408
1567 0.675015
1568 0.659833
1569 0.757825
1570 0.661457
1571 0.690837
1572 0.624251
1573 0.653611
1574 0.63884
1575 0.670054
1576 0.630576
1577 0.644798
1578 0.63846
1579 0.759967
1580 0.642488
1581 0.706399
1582 0.701575
1583 0.70558
1584 0.585647
1585 0.600685
1586 0.628267
1587 0.614885
1588 0.662061
1589 0.603385
1590 0.639263
1591 0.65898
1592 0.603529
1593 0.600674
1594 0.665865
1595 0.611367
1596 0.611788
1597 0.684862
1598 0.626565
1599 0.628262
1600 0.633684
1601 0.63402
1602 0.645404
1603 0.652757
1604 0.672242
1605 0.604397
1606 0.688784
1607 0.602868
1608 0.854285
1609 0.614123
1610 0.576946
1611 0.592389
1612 0.630437
1613 0.605408
1614 0.642905
1615 0.637548
1616 0.727146
1617 0.686621
1618 0.680462
1619 0.637636
1620 0.639377
1621 0.703266
1622 0.616586
1623 0.558047
1624 0.62441
1625 0.590159
1626 0.648521
1627 0.575895
1628 0.578189
1629 0.832679
1630 0.698733
1631 0.675596
1632 0.553301
1633 0.698905
1634 0.653263
1635 0.602841
1636 0.817058
1637 0.545495
1638 0.617096
1639 0.667849
1640 0.683571
1641 0.685915
1642 0.551433
1643 0.595059
1644 0.626824
1645 0.560512
1646 0.585377
1647 0.700241
1648 0.62661
1649 0.622348
1650 0.624095
1651 0.625754
1652 0.586545
1653 0.618796
1654 0.649374
1655 0.65269
1656 0.57634
1657 0.554979
1658 0.601197
1659 0.61043
1660 0.78191
1661 0.589005
1662 0.700446
1663 0.537548
1664 0.607189
1665 0.676097
1666 0.61903
1667 0.619845
1668 0.603563
1669 0.63302
1670 0.631675
1671 0.570648
1672 0.578609
1673 0.611257
1674 0.558842
1675 0.583478
1676 0.563145
1677 0.568012
1678 0.57999
1679 0.603271
1680 0.653584
1681 0.580906
1682 0.553704
1683 0.58983
1684 0.575939
1685 0.590357
1686 0.636711
1687 0.560757
1688 0.602493
1689 0.628045
1690 0.609635
1691 0.573451
1692 0.661958
1693 0.519851
1694 0.613289
1695 0.54259
1696 0.619617
1697 0.613391
1698 0.609836
1699 0.555572
1700 0.586639
1701 0.531458
1702 0.520739
1703 0.563878
1704 0.522625
1705 0.569477
1706 0.619119
1707 0.521649
1708 0.535014
1709 0.524282
1710 0.583436
1711 0.569811
1712 0.525725
1713 0.798467
1714 0.505038
1715 0.614801
1716 0.608322
1717 0.578337
1718 0.566581
1719 0.582212
1720 0.585011
1721 0.627735
1722 0.574616
1723 0.604972
1724 0.5757
1725 0.576163
1726 0.569112
1727 0.602123
1728 0.561658
1729 0.71735
1730 0.647141
1731 0.564017
1732 0.670284
1733 0.578789
1734 0.570535
1735 0.619756
1736 0.619651
1737 0.648358
1738 0.607171
1739 0.730839
1740 0.580704
1741 0.609714
1742 0.522708
1743 0.708809
1744 0.706095
1745 0.642333
1746 0.580799
1747 0.636218
1748 0.621894
1749 0.584435
1750 0.57678
1751 0.516834
1752 0.570543
1753 0.565915
1754 0.698412
1755 0.911418
1756 0.584755
1757 0.612568
1758 0.520519
1759 0.540818
1760 0.61473
1761 0.706913
1762 0.530311
1763 0.654225
1764 0.563111
1765 0.564832
1766 0.730335
1767 0.606946
1768 0.619317
1769 0.606733
1770 0.524378
1771 0.585809
1772 0.584747
1773 0.558836
1774 0.624811
1775 0.546301
1776 0.595807
1777 0.578376
1778 0.544793
1779 0.563946
1780 0.591927
1781 0.505669
1782 0.616155
1783 0.610688
1784 0.556099
1785 0.660048
1786 0.552536
1787 0.599002
1788 0.531481
1789 0.563153
1790 0.634503
1791 0.618276
1792 0.552161
1793 0.567822
1794 0.582559
1795 0.592525
1796 0.528368
1797 0.569105
1798 0.643497
1799 0.614884
1800 0.56724
1801 0.600675
1802 0.556662
1803 0.491507
1804 0.549813
1805 0.634246
1806 0.560656
1807 0.570771
1808 0.554604
1809 0.602728
1810 0.562648
1811 0.594692
1812 0.612752
1813 0.616797
1814 0.702273
1815 0.58557
1816 0.562955
1817 0.554435
1818 0.546041
1819 0.568707
1820 0.57245
1821 0.54493
1822 0.521168
1823 0.512929
1824 0.575835
1825 0.56413
1826 0.664911
1827 0.542812
1828 0.548009
1829 0.516267
1830 0.538229
1831 0.622575
1832 0.671396
1833 0.720789
1834 0.609979
1835 0.524832
1836 0.525599
1837 0.71041
1838 0.56067
1839 0.603579
1840 0.546022
1841 0.535711
1842 0.525288
1843 0.540421
1844 0.600306
1845 0.538267
1846 0.544361
1847 0.56819
1848 0.55482
1849 0.620519
1850 0.541041
1851 0.568764
1852 0.536814
1853 0.544144
1854 0.517022
1855 0.52568
1856 0.608071
1857 0.5041
1858 0.550493
1859 0.561683
1860 0.529516
1861 0.544676
1862 0.618288
1863 0.520354
1864 0.591318
1865 0.57203
1866 0.518701
1867 0.576445
1868 0.527153
1869 0.620809
1870 0.523288
1871 0.476513
1872 0.513241
1873 0.516231
1874 0.499054
1875 0.636323
1876 0.55625
1877 0.595063
1878 0.56149
1879 0.541572
1880 0.480715
1881 0.572469
1882 0.613494
1883 0.67848
1884 0.723365
1885 0.705422
1886 0.539467
1887 0.65259
1888 0.608218
1889 0.501744
1890 0.569374
1891 0.580094
1892 0.527132
1893 0.576528
1894 0.495845
1895 0.560183
1896 0.515995
1897 0.662599
1898 0.552775
1899 0.617612
1900 0.54019
1901 0.533204
1902 0.556636
1903 0.580289
1904 0.586016
1905 0.522843
1906 0.523581
1907 0.515474
1908 0.547785
1909 0.559689
1910 0.565854
1911 0.567589
1912 0.494369
1913 0.523317
1914 0.528939
1915 0.527121
1916 0.523363
1917 0.503644
1918 0.560805
1919 0.553414
1920 0.600627
1921 0.536712
1922 0.578253
1923 0.624366
1924 0.544176
1925 0.600851
1926 0.556217
1927 0.593177
1928 0.589479
1929 0.523881
1930 0.49186
1931 0.523109
1932 0.568472
1933 0.512437
1934 0.507441
1935 0.570131
1936 0.542463
1937 0.547425
1938 0.581902
1939 0.57393
1940 0.506288
1941 0.52353
1942 0.528683
1943 0.508696
1944 0.653701
1945 0.555975
1946 0.593677
1947 0.557704
1948 0.56887
1949 0.543831
1950 0.540627
1951 0.525397
1952 0.626461
1953 0.539857
1954 0.560574
1955 0.550542
1956 0.52457
1957 0.5948
1958 0.537912
1959 0.488679
1960 0.547004
1961 0.487582
1962 0.509326
1963 0.531612
1964 0.537919
1965 0.583764
1966 0.508234
1967 0.57653
1968 0.541499
1969 0.579763
1970 0.503408
1971 0.591997
1972 0.504959
1973 0.459629
1974 0.50733
1975 0.545617
1976 0.500024
1977 0.559059
1978 0.587319
1979 0.486207
1980 0.529
1981 0.488808
1982 0.539205
1983 0.663794
1984 0.53854
1985 0.573791
1986 0.548709
1987 0.492316
1988 0.542516
1989 0.458752
1990 0.530459
1991 0.571355
1992 0.498446
1993 0.551182
1994 0.501967
1995 0.545242
1996 0.525926
1997 0.539086
1998 0.612507
1999 0.544055
2000 0.501079
2001 0.521042
2002 0.510456
2003 0.610736
2004 0.500691
2005 0.516168
2006 0.569087
2007 0.598768
2008 0.526532
2009 0.557728
2010 0.541159
2011 0.605429
2012 0.516615
2013 0.456118
2014 0.471501
2015 0.466698
2016 0.532644
2017 0.475355
2018 0.537639
2019 0.571243
2020 0.497905
2021 0.563549
2022 0.532627
2023 0.515613
2024 0.474009
2025 0.496146
2026 0.544798
2027 0.493047
2028 0.574488
2029 0.497803
2030 0.514647
2031 0.542878
2032 0.536044
2033 0.523612
2034 0.516884
2035 0.52796
2036 0.573595
2037 0.618798
2038 0.481544
2039 0.441815
2040 0.480122
2041 0.536451
2042 0.504821
2043 0.56354
2044 0.535127
2045 0.543468
2046 0.540481
2047 0.631553
2048 0.6293
2049 0.483112
2050 0.589933
2051 0.503121
2052 0.473635
2053 0.503079
2054 0.509868
2055 0.501864
2056 0.488898
2057 0.543928
2058 0.688193
2059 0.504871
2060 0.543758
2061 0.476404
2062 0.684283
2063 0.599347
2064 0.486695
2065 0.612268
2066 0.498636
2067 0.506258
2068 0.533433
2069 0.573139
2070 0.548494
2071 0.490521
2072 0.493629
2073 0.473808
2074 0.465332
2075 0.492912
2076 0.615894
2077 0.525776
2078 0.518502
2079 0.49312
2080 0.489818
2081 0.546288
2082 0.570325
2083 0.546478
2084 0.484971
2085 0.488763
2086 0.495236
2087 0.533954
2088 0.568376
2089 0.68467
2090 0.505625
2091 0.494461
2092 0.43851
2093 0.456554
2094 0.558915
2095 0.494216
2096 0.530708
2097 0.487088
2098 0.504251
2099 0.485507
2100 0.456628
2101 0.487006
2102 0.475355
2103 0.464917
2104 0.526287
2105 0.503925
2106 0.472896
2107 0.494261
2108 0.501661
2109 0.498971
2110 0.472877
2111 0.500948
2112 0.512398
2113 0.471231
2114 0.502081
2115 0.472761
2116 0.567329
2117 0.478346
2118 0.478471
2119 0.498389
2120 0.45391
2121 0.492424
2122 0.460527
2123 0.548599
2124 0.476662
2125 0.510807
2126 0.523359
2127 0.487199
2128 0.447357
2129 0.505493
2130 0.45998
2131 0.439165
2132 0.44302
2133 0.462236
2134 0.409967
2135 0.475666
2136 0.423102
2137 0.413846
2138 0.444041
2139 0.507207
2140 0.40533
2141 0.454751
2142 0.627791
2143 0.518565
2144 0.570776
2145 0.532882
2146 0.538993
2147 0.503807
2148 0.535005
2149 0.493122
2150 0.494067
2151 0.44922
2152 0.465391
2153 0.506509
2154 0.556211
2155 0.480079
2156 0.50114
2157 0.584565
2158 0.564858
2159 0.502235
2160 0.498887
2161 0.510066
2162 0.43649
2163 0.500339
2164 0.463273
2165 0.521966
2166 0.45874
2167 0.509394
2168 0.569228
2169 0.470388
2170 0.504162
2171 0.446764
2172 0.657973
2173 0.626239
2174 0.4874
2175 0.541102
2176 0.544376
2177 0.501655
2178 0.482714
2179 0.459667
2180 0.516876
2181 0.446779
2182 0.48712
2183 0.490866
2184 0.795887
2185 0.540675
2186 0.540898
2187 0.417647
2188 0.504192
2189 0.492873
2190 0.514026
2191 0.445986
2192 0.475551
2193 0.441744
2194 0.549658
2195 0.57233
2196 0.476571
2197 0.481725
2198 0.486322
2199 0.446406
2200 0.440396
2201 0.47204
2202 0.49132
2203 0.47282
2204 0.489611
2205 0.475877
2206 0.482441
2207 0.476067
2208 0.442836
2209 0.526273
2210 0.448937
2211 0.514253
2212 0.432369
2213 0.502746
2214 0.482887
2215 0.470825
2216 0.534807
2217 0.436351
2218 0.555543
2219 0.537399
2220 0.452123
2221 0.41767
2222 0.499063
2223 0.502458
2224 0.499656
2225 0.441674
2226 0.454866
2227 0.528459
2228 0.538276
2229 0.489949
2230 0.473233
2231 0.460042
2232 0.491996
2233 0.503179
2234 0.532623
2235 0.437908
2236 0.511142
2237 0.491669
2238 0.530754
2239 0.46216
2240 0.530608
2241 0.5379
2242 0.491834
2243 0.518061
2244 0.428176
2245 0.471265
2246 0.472818
2247 0.486579
2248 0.54843
2249 0.448421
2250 0.458529
2251 0.417438
2252 0.44131
2253 0.491726
2254 0.486572
2255 0.505503
2256 0.456789
2257 0.452598
2258 0.413618
2259 0.466138
2260 0.508883
2261 0.484321
2262 0.465544
2263 0.464972
2264 0.433029
2265 0.523129
2266 0.605381
2267 0.494802
2268 0.467611
2269 0.455304
2270 0.439883
2271 0.469376
2272 0.436668
2273 0.509398
2274 0.4129
2275 0.497034
2276 0.499707
2277 0.514739
2278 0.462007
2279 0.453494
2280 0.510301
2281 0.481618
2282 0.421626
2283 0.437593
2284 0.474698
2285 0.45174
2286 0.415962
2287 0.463761
2288 0.503038
2289 0.44485
2290 0.485045
2291 0.546364
2292 0.486854
2293 0.466393
2294 0.418102
2295 0.513227
2296 0.449904
2297 0.501908
2298 0.492204
2299 0.435433
2300 0.488522
2301 0.449374
2302 0.415474
2303 0.506679
2304 0.482053
2305 0.456969
2306 0.43671
2307 0.434849
2308 0.415165
2309 0.427853
2310 0.499567
2311 0.626324
2312 0.540022
2313 0.498778
2314 0.481412
2315 0.409042
2316 0.511214
2317 0.427993
2318 0.441519
2319 0.46027
2320 0.431593
2321 0.507077
2322 0.431604
2323 0.426731
2324 0.460008
2325 0.458986
2326 0.473243
2327 0.430527
2328 0.592323
2329 0.434087
2330 0.483319
2331 0.473965
2332 0.458067
2333 0.484241
2334 0.410861
2335 0.420803
2336 0.462285
2337 0.435773
2338 0.48601
2339 0.455171
2340 0.423217
2341 0.39902
2342 0.487329
2343 0.476573
2344 0.423073
2345 0.450275
2346 0.445496
2347 0.452349
2348 0.490892
2349 0.460966
2350 0.459521
2351 0.484055
2352 0.551257
2353 0.475318
2354 0.469001
2355 0.453071
2356 0.440691
2357 0.509936
2358 0.495224
2359 0.451434
2360 0.480959
2361 0.437653
2362 0.436712
2363 0.402046
2364 0.438668
2365 0.520848
2366 0.439539
2367 0.415723
2368 0.470523
2369 0.420064
2370 0.459266
2371 0.39551
2372 0.418271
2373 0.591556
2374 0.512925
2375 0.542908
2376 0.476881
2377 0.463366
2378 0.522358
2379 0.450157
2380 0.442159
2381 0.501432
2382 0.427922
2383 0.472704
2384 0.472089
2385 0.451227
2386 0.512635
2387 0.444495
2388 0.436467
2389 0.48281
2390 0.41895
2391 0.441485
2392 0.455352
2393 0.456768
2394 0.458791
2395 0.419018
2396 0.504606
2397 0.472729
2398 0.427791
2399 0.544674
2400 0.441272
2401 0.410721
2402 0.384782
2403 0.463529
2404 0.444512
2405 0.515918
2406 0.468107
2407 0.389007
2408 0.43761
2409 0.403073
2410 0.417406
2411 0.519841
2412 0.514433
2413 0.403374
2414 0.463175
2415 0.469366
2416 0.42447
2417 0.40255
2418 0.410061
2419 0.504421
2420 0.421731
2421 0.445586
2422 0.444515
2423 0.417076
2424 0.465657
2425 0.419292
2426 0.510439
2427 0.426423
2428 0.494291
2429 0.431385
2430 0.409432
2431 0.472629
2432 0.449755
2433 0.413873
2434 0.424639
2435 0.48337
2436 0.577416
2437 0.461252
2438 0.446824
2439 0.454367
2440 0.490198
2441 0.4444
2442 0.382835
2443 0.461431
2444 0.413285
2445 0.475555
2446 0.4168
2447 0.496801
2448 0.440857
2449 0.407125
2450 0.427347
2451 0.492584
2452 0.388751
2453 0.450465
2454 0.400856
2455 0.437891
2456 0.446557
2457 0.501561
2458 0.406986
2459 0.517336
2460 0.438734
2461 0.43415
2462 0.46816
2463 0.41557
2464 0.472733
2465 0.496508
2466 0.52684
2467 0.400314
2468 0.381432
2469 0.43088
2470 0.414025
2471 0.447891
2472 0.424695
2473 0.501406
2474 0.463394
2475 0.438597
2476 0.542532
2477 0.438069
2478 0.446367
2479 0.387642
2480 0.403393
2481 0.422139
2482 0.380523
2483 0.437946
2484 0.400495
2485 0.380558
2486 0.508355
2487 0.489045
2488 0.479054
2489 0.371679
2490 0.423957
2491 0.511961
2492 0.449105
2493 0.436974
2494 0.560477
2495 0.426144
2496 0.482252
2497 0.451889
2498 0.449438
2499 0.465567
2500 0.419368
2501 0.511758
2502 0.401963
2503 0.394641
2504 0.505319
2505 0.442397
2506 0.416657
2507 0.425264
2508 0.43158
2509 0.403922
2510 0.472444
2511 0.474535
2512 0.430937
2513 0.407639
2514 0.397298
2515 0.396077
2516 0.464257
2517 0.496347
2518 0.496723
2519 0.40587
2520 0.46958
2521 0.388204
2522 0.450004
2523 0.461014
2524 0.422841
2525 0.437821
2526 0.508146
2527 0.411007
2528 0.409929
2529 0.391529
2530 0.44071
2531 0.395585
2532 0.43906
2533 0.44577
2534 0.390322
2535 0.417936
2536 0.406916
2537 0.409089
2538 0.427284
2539 0.408579
2540 0.38609
2541 0.392143
2542 0.454979
2543 0.452734
2544 0.431732
2545 0.457915
2546 0.421556
2547 0.396597
2548 0.404307
2549 0.398458
2550 0.439779
2551 0.387828
2552 0.416597
2553 0.428488
2554 0.429659
2555 0.428355
2556 0.368122
2557 0.384285
2558 0.404964
2559 0.366912
2560 0.367992
2561 0.370581
2562 0.380569
2563 0.384994
2564 0.373504
2565 0.343522
2566 0.342885
2567 0.412744
2568 0.389091
2569 0.348004
2570 0.477706
2571 0.408005
2572 0.494635
2573 0.478482
2574 0.410243
2575 0.376261
2576 0.430276
2577 0.408931
2578 0.436278
2579 0.45046
2580 0.39113
2581 0.405427
2582 0.385577
2583 0.40646
2584 0.391496
2585 0.406587
2586 0.504601
2587 0.480443
2588 0.433698
2589 0.435679
2590 0.407432
2591 0.409534
2592 0.506697
2593 0.405235
2594 0.460777
2595 0.413426
2596 0.409675
2597 0.456004
2598 0.377649
2599 0.395954
2600 0.413757
2601 0.528381
2602 0.441724
2603 0.406378
2604 0.379475
2605 0.447334
2606 0.418766
2607 0.412747
2608 0.379906
2609 0.427354
2610 0.40437
2611 0.398012
2612 0.563565
2613 0.430833
2614 0.357983
2615 0.369827
2616 0.384591
2617 0.41826
2618 0.456932
2619 0.3786
2620 0.381973
2621 0.356084
2622 0.423458
2623 0.448713
2624 0.478488
2625 0.404288
2626 0.41603
2627 0.376119
2628 0.376903
2629 0.408353
2630 0.360983
2631 0.373436
2632 0.430959
2633 0.434889
2634 0.417091
2635 0.391879
2636 0.364868
2637 0.409343
2638 0.386185
2639 0.430219
2640 0.406748
2641 0.36615
2642 0.441092
2643 0.437858
2644 0.419052
2645 0.429508
2646 0.372546
2647 0.441786
2648 0.461923
2649 0.369039
2650 0.403738
2651 0.410369
2652 0.425196
2653 0.432949
2654 0.359448
2655 0.367902
2656 0.469106
2657 0.466733
2658 0.382937
2659 0.383608
2660 0.391064
2661 0.39651
2662 0.364574
2663 0.410975
2664 0.411424
2665 0.383744
2666 0.391545
2667 0.372033
2668 0.354331
2669 0.412333
2670 0.425386
2671 0.458432
2672 0.406572
2673 0.420046
2674 0.368665
2675 0.410633
2676 0.381996
2677 0.390932
2678 0.394301
2679 0.385685
2680 0.385933
2681 0.367536
2682 0.435002
2683 0.395103
2684 0.426177
2685 0.396536
2686 0.38497
2687 0.36133
2688 0.360698
2689 0.426111
2690 0.404763
2691 0.426188
2692 0.394736
2693 0.368876
2694 0.453534
2695 0.556619
2696 0.428848
2697 0.373653
2698 0.388079
2699 0.369195
2700 0.398159
2701 0.438447
2702 0.381141
2703 0.367911
2704 0.395696
2705 0.379299
2706 0.442238
2707 0.385841
2708 0.37785
2709 0.442745
2710 0.371992
2711 0.38939
2712 0.383722
2713 0.388768
2714 0.407594
2715 0.373886
2716 0.373739
2717 0.412579
2718 0.420682
2719 0.436873
2720 0.453889
2721 0.376911
2722 0.448368
2723 0.339737
2724 0.362849
2725 0.407769
2726 0.381465
2727 0.38977
2728 0.361396
2729 0.420027
2730 0.381795
2731 0.341419
2732 0.456817
2733 0.40336
2734 0.441793
2735 0.395849
2736 0.389057
2737 0.344255
2738 0.348662
2739 0.450499
2740 0.495022
2741 0.48361
2742 0.41896
2743 0.389116
2744 0.346911
2745 0.483501
2746 0.364158
2747 0.410747
2748 0.376595
2749 0.368958
2750 0.440823
2751 0.397903
2752 0.349912
2753 0.384487
2754 0.405762
2755 0.350812
2756 0.480284
2757 0.414065
2758 0.360499
2759 0.375559
2760 0.379552
2761 0.379059
2762 0.395868
2763 0.345507
2764 0.337507
2765 0.389897
2766 0.415933
2767 0.369069
2768 0.396902
2769 0.330702
2770 0.379399
2771 0.387391
2772 0.407174
2773 0.371134
2774 0.363921
2775 0.356608
2776 0.379715
2777 0.469565
2778 0.402135
2779 0.40116
2780 0.465524
2781 0.451663
2782 0.372073
2783 0.404968
2784 0.367006
2785 0.432792
2786 0.433549
2787 0.389107
2788 0.411875
2789 0.398437
2790 0.336907
2791 0.350978
2792 0.33334
2793 0.447164
2794 0.466632
2795 0.370861
2796 0.445951
2797 0.348375
2798 0.358945
2799 0.432911
2800 0.341872
2801 0.466672
2802 0.39952
2803 0.384255
2804 0.407552
2805 0.40021
2806 0.380637
2807 0.412361
2808 0.385027
2809 0.353759
2810 0.399674
2811 0.43559
2812 0.355449
2813 0.369423
2814 0.437794
2815 0.388605
2816 0.35317
2817 0.421944
2818 0.351906
2819 0.324223
2820 0.373065
2821 0.379923
2822 0.396238
2823 0.420889
2824 0.373705
2825 0.507866
2826 0.404244
2827 0.37558
2828 0.439432
2829 0.370505
2830 0.35998
2831 0.342181
2832 0.402896
2833 0.354831
2834 0.452228
2835 0.415638
2836 0.338451
2837 0.395904
2838 0.325406
2839 0.409262
2840 0.496421
2841 0.401106
2842 0.37199
2843 0.364569
2844 0.429828
2845 0.431589
2846 0.355396
2847 0.376442
2848 0.403273
2849 0.357851
2850 0.348155
2851 0.36847
2852 0.353244
2853 0.396606
2854 0.422148
2855 0.426708
2856 0.381508
2857 0.4399
2858 0.356349
2859 0.355763
2860 0.445634
2861 0.378602
2862 0.363321
2863 0.339786
2864 0.445051
2865 0.515482
2866 0.345437
2867 0.402822
2868 0.426295
2869 0.428386
2870 0.416193
2871 0.348531
2872 0.373804
2873 0.366318
2874 0.367189
2875 0.317197
2876 0.409409
2877 0.36691
2878 0.388018
2879 0.33371
2880 0.427681
2881 0.323766
2882 0.331869
2883 0.390612
2884 0.371334
2885 0.404412
2886 0.35899
2887 0.34675
2888 0.428114
2889 0.391172
2890 0.385467
2891 0.390227
2892 0.365467
2893 0.435789
2894 0.55815
2895 0.450176
2896 0.392815
2897 0.330644
2898 0.387018
2899 0.36726
2900 0.390041
2901 0.340619
2902 0.450871
2903 0.395313
2904 0.46052
2905 0.375742
2906 0.362744
2907 0.431855
2908 0.383637
2909 0.315004
2910 0.383331
2911 0.344526
2912 0.333501
2913 0.356298
2914 0.324302
2915 0.538688
2916 0.425216
2917 0.404299
2918 0.331596
2919 0.433408
2920 0.441114
2921 0.383994
2922 0.500945
2923 0.357958
2924 0.351791
2925 0.402369
2926 0.38418
2927 0.426355
2928 0.360673
2929 0.386842
2930 0.350252
2931 0.334418
2932 0.358728
2933 0.476841
2934 0.3568
2935 0.419746
2936 0.380638
2937 0.322818
2938 0.339685
2939 0.347625
2940 0.397272
2941 0.403951
2942 0.416156
2943 0.349025
2944 0.367987
2945 0.375015
2946 0.516118
2947 0.337719
2948 0.410326
2949 0.343603
2950 0.348073
2951 0.370582
2952 0.362894
2953 0.366736
2954 0.323478
2955 0.350535
2956 0.322078
2957 0.36143
2958 0.365318
2959 0.343977
2960 0.322052
2961 0.378867
2962 0.335459
2963 0.332353
2964 0.329992
2965 0.372334
2966 0.387853
2967 0.316326
2968 0.366429
2969 0.374743
2970 0.331705
2971 0.351422
2972 0.353322
2973 0.394207
2974 0.368142
2975 0.380343
2976 0.410586
2977 0.339096
2978 0.393044
2979 0.331468
2980 0.440561
2981 0.342398
2982 0.381659
2983 0.403082
2984 0.384197
2985 0.334537
2986 0.336456
2987 0.303381
2988 0.322769
2989 0.311643
2990 0.315123
2991 0.336296
2992 0.355374
2993 0.311236
2994 0.292084
2995 0.323261
2996 0.329879
2997 0.365738
2998 0.302361
2999 0.460321
3000 0.305151
3001 0.406898
3002 0.35615
3003 0.368224
3004 0.32999
3005 0.366754
3006 0.338533
3007 0.37268
3008 0.307881
3009 0.353749
3010 0.329704
3011 0.352644
3012 0.38816
3013 0.378717
3014 0.338124
3015 0.401104
3016 0.343982
3017 0.305266
3018 0.472011
3019 0.311346
3020 0.359365
3021 0.41843
3022 0.361317
3023 0.423537
3024 0.356395
3025 0.441127
3026 0.396427
3027 0.368417
3028 0.321126
3029 0.462225
3030 0.491237
3031 0.383797
3032 0.350648
3033 0.342648
3034 0.362251
3035 0.360328
3036 0.364309
3037 0.322814
3038 0.329887
3039 0.325324
3040 0.423814
3041 0.608229
3042 0.35739
3043 0.342635
3044 0.310864
3045 0.344928
3046 0.320619
3047 0.413413
3048 0.361285
3049 0.35614
3050 0.318337
3051 0.36667
3052 0.389644
3053 0.352123
3054 0.368542
3055 0.359295
3056 0.334142
3057 0.313892
3058 0.338351
3059 0.335385
3060 0.41091
3061 0.372491
3062 0.342265
3063 0.362116
3064 0.35469
3065 0.317416
3066 0.364581
3067 0.33093
3068 0.347261
3069 0.33824
3070 0.318152
3071 0.357276
3072 0.370375
3073 0.364371
3074 0.33406
3075 0.327879
3076 0.375726
3077 0.372924
3078 0.321715
3079 0.351516
3080 0.321398
3081 0.401431
3082 0.39845
3083 0.361457
3084 0.416987
3085 0.44303
3086 0.373143
3087 0.365001
3088 0.345606
3089 0.371543
3090 0.325909
3091 0.342553
3092 0.370509
3093 0.35173
3094 0.372283
3095 0.355611
3096 0.335053
3097 0.320889
3098 0.395702
3099 0.324499
3100 0.534018
3101 0.306611
3102 0.336045
3103 0.358567
3104 0.326974
3105 0.354364
3106 0.342964
3107 0.369084
3108 0.321292
3109 0.300308
3110 0.332457
3111 0.336843
3112 0.356442
3113 0.358405
3114 0.333588
3115 0.318932
3116 0.330972
3117 0.332184
3118 0.359263
3119 0.399168
3120 0.349925
3121 0.316293
3122 0.328538
3123 0.442442
3124 0.410286
3125 0.345036
3126 0.334916
3127 0.337351
3128 0.338094
3129 0.322033
3130 0.38067
3131 0.303309
3132 0.334243
3133 0.324559
3134 0.322161
3135 0.38274
3136 0.318154
3137 0.380395
3138 0.360671
3139 0.327017
3140 0.348401
3141 0.319786
3142 0.327817
3143 0.307694
3144 0.309608
3145 0.330262
3146 0.35393
3147 0.313801
3148 0.410461
3149 0.312398
3150 0.34952
3151 0.355135
3152 0.322821
3153 0.341604
3154 0.378981
3155 0.36569
3156 0.334456
3157 0.30433
3158 0.378288
3159 0.312972
3160 0.322112
3161 0.434622
3162 0.354969
3163 0.403842
3164 0.323408
3165 0.341753
3166 0.328811
3167 0.38527
3168 0.423568
3169 0.500732
3170 0.423749
3171 0.344188
3172 0.301307
3173 0.383559
3174 0.364918
3175 0.305047
3176 0.376958
3177 0.327199
3178 0.31883
3179 0.358127
3180 0.29798
3181 0.319643
3182 0.323198
3183 0.391301
3184 0.321928
3185 0.417676
3186 0.358001
3187 0.318363
3188 0.344702
3189 0.344372
3190 0.35332
3191 0.3462
3192 0.327382
3193 0.331091
3194 0.377412
3195 0.333294
3196 0.357214
3197 0.328723
3198 0.323198
3199 0.305083
3200 0.336029
3201 0.324005
3202 0.323933
3203 0.340289
3204 0.394937
3205 0.319088
3206 0.369098
3207 0.297379
3208 0.380548
3209 0.384221
3210 0.401778
3211 0.346709
3212 0.330677
3213 0.330194
3214 0.357686
3215 0.34507
3216 0.353724
3217 0.317286
3218 0.315151
3219 0.287343
3220 0.288971
3221 0.3457
3222 0.377946
3223 0.32539
3224 0.346658
3225 0.339548
3226 0.2961
3227 0.321966
3228 0.312359
3229 0.279387
3230 0.412002
3231 0.390433
3232 0.44417
3233 0.337683
3234 0.332394
3235 0.324953
3236 0.350546
3237 0.314671
3238 0.350421
3239 0.296686
3240 0.387937
3241 0.357876
3242 0.315482
3243 0.385322
3244 0.350798
3245 0.291385
3246 0.350272
3247 0.320639
3248 0.34159
3249 0.320044
3250 0.319195
3251 0.431508
3252 0.311716
3253 0.371233
3254 0.344719
3255 0.329241
3256 0.344895
3257 0.395964
3258 0.35149
3259 0.318505
3260 0.307472
3261 0.382606
3262 0.359313
3263 0.338316
3264 0.353222
3265 0.322868
3266 0.32031
3267 0.296861
3268 0.37416
3269 0.436156
3270 0.320499
3271 0.403883
3272 0.34249
3273 0.299951
3274 0.309026
3275 0.300336
3276 0.330945
3277 0.359607
3278 0.341381
3279 0.352055
3280 0.320537
3281 0.325169
3282 0.317983
3283 0.364932
3284 0.419502
3285 0.335099
3286 0.420621
3287 0.354599
3288 0.286109
3289 0.37029
3290 0.306576
3291 0.313149
3292 0.390872
3293 0.411748
3294 0.328579
3295 0.377628
3296 0.366649
3297 0.402625
3298 0.377995
3299 0.334956
3300 0.297225
3301 0.346855
3302 0.350376
3303 0.322027
3304 0.322329
3305 0.32507
3306 0.351589
3307 0.355346
3308 0.356332
3309 0.35715
3310 0.300509
3311 0.292022
3312 0.343877
3313 0.322524
3314 0.331552
3315 0.314577
3316 0.32497
3317 0.304771
3318 0.297713
3319 0.333409
3320 0.350916
3321 0.31772
3322 0.328339
3323 0.434792
3324 0.371878
3325 0.296043
3326 0.309347
3327 0.317056
3328 0.363488
3329 0.370518
3330 0.303457
3331 0.347292
3332 0.304003
3333 0.422463
3334 0.377566
3335 0.291786
3336 0.371234
3337 0.341847
3338 0.299234
3339 0.306702
3340 0.290297
3341 0.351383
3342 0.283192
3343 0.301029
3344 0.468632
3345 0.309999
3346 0.350786
3347 0.30199
3348 0.384814
3349 0.353801
3350 0.31025
3351 0.411487
3352 0.307392
3353 0.286489
3354 0.383894
3355 0.342093
3356 0.333531
3357 0.360863
3358 0.304464
3359 0.287066
3360 0.303724
3361 0.304297
3362 0.410239
3363 0.311043
3364 0.296155
3365 0.322963
3366 0.299249
3367 0.308732
3368 0.3343
3369 0.386681
3370 0.32208
3371 0.29061
3372 0.275979
3373 0.315012
3374 0.3437
3375 0.403604
3376 0.310061
3377 0.409141
3378 0.330748
3379 0.305769
3380 0.346784
3381 0.343756
3382 0.306606
3383 0.328944
3384 0.277431
3385 0.294413
3386 0.309945
3387 0.301088
3388 0.305658
3389 0.300538
3390 0.340057
3391 0.332333
3392 0.282845
3393 0.315399
3394 0.315252
3395 0.317166
3396 0.27875
3397 0.316184
3398 0.307779
3399 0.297703
3400 0.303438
3401 0.309525
3402 0.34056
3403 0.293326
3404 0.289135
3405 0.287276
3406 0.296222
3407 0.348798
3408 0.280448
3409 0.334624
3410 0.309468
3411 0.286675
3412 0.346668
3413 0.292824
3414 0.30174
3415 0.317718
3416 0.273908
3417 0.291239
3418 0.317399
3419 0.335196
3420 0.258959
3421 0.281332
3422 0.26679
3423 0.281181
3424 0.268125
3425 0.318522
3426 0.260838
3427 0.2765
3428 0.420478
3429 0.337076
3430 0.346076
3431 0.30077
3432 0.322832
3433 0.32062
3434 0.338332
3435 0.349916
3436 0.339613
3437 0.298239
3438 0.26582
3439 0.31669
3440 0.339791
3441 0.272071
3442 0.310525
3443 0.351945
3444 0.390091
3445 0.360418
3446 0.317049
3447 0.353814
3448 0.279746
3449 0.320474
3450 0.320501
3451 0.291523
3452 0.312206
3453 0.311824
3454 0.342066
3455 0.273965
3456 0.319844
3457 0.270165
3458 0.460639
3459 0.362232
3460 0.301304
3461 0.325239
3462 0.308921
3463 0.319773
3464 0.320592
3465 0.302787
3466 0.312308
3467 0.276594
3468 0.284584
3469 0.33923
3470 0.447308
3471 0.26798
3472 0.313465
3473 0.258741
3474 0.32669
3475 0.362532
3476 0.347713
3477 0.273466
3478 0.286673
3479 0.338622
3480 0.322554
3481 0.308275
3482 0.288486
3483 0.309478
3484 0.338422
3485 0.265615
3486 0.29759
3487 0.310857
3488 0.34629
3489 0.279383
3490 0.306166
3491 0.309206
3492 0.352998
3493 0.26346
3494 0.322368
3495 0.295779
3496 0.309852
3497 0.301326
3498 0.274559
3499 0.377606
3500 0.315146
3501 0.264787
3502 0.319134
3503 0.280668
3504 0.30695
3505 0.37448
3506 0.29127
3507 0.271716
3508 0.296287
3509 0.339473
3510 0.311114
3511 0.290421
3512 0.285194
3513 0.325872
3514 0.395885
3515 0.347386
3516 0.297447
3517 0.320593
3518 0.299481
3519 0.290351
3520 0.321738
3521 0.310939
3522 0.316052
3523 0.319009
3524 0.343287
3525 0.26498
3526 0.295779
3527 0.31727
3528 0.346286
3529 0.329706
3530 0.28882
3531 0.269348
3532 0.309362
3533 0.337647
3534 0.315491
3535 0.275697
3536 0.309672
3537 0.288853
3538 0.291507
3539 0.317895
3540 0.314595
3541 0.341114
3542 0.297834
3543 0.307861
3544 0.271164
3545 0.281098
3546 0.312902
3547 0.289471
3548 0.351995
3549 0.315971
3550 0.290419
3551 0.312918
3552 0.449394
3553 0.323354
3554 0.281389
3555 0.310625
3556 0.293873
3557 0.293444
3558 0.272498
3559 0.361583
3560 0.273372
3561 0.304179
3562 0.282409
3563 0.356105
3564 0.30645
3565 0.252419
3566 0.314141
3567 0.288479
3568 0.294822
3569 0.272491
3570 0.306768
3571 0.27432
3572 0.262669
3573 0.31199
3574 0.369121
3575 0.308406
3576 0.30375
3577 0.372656
3578 0.287858
3579 0.259165
3580 0.266713
3581 0.262972
3582 0.292484
3583 0.297985
3584 0.330342
3585 0.301575
3586 0.30372
3587 0.296772
3588 0.288999
3589 0.301931
3590 0.363641
3591 0.294949
3592 0.306787
3593 0.28899
3594 0.300842
3595 0.273613
3596 0.320198
3597 0.446851
3598 0.356055
3599 0.334409
3600 0.306724
3601 0.280523
3602 0.32535
3603 0.295313
3604 0.286858
3605 0.331448
3606 0.291774
3607 0.328124
3608 0.299864
3609 0.264357
3610 0.297675
3611 0.287785
3612 0.291855
3613 0.301957
3614 0.40298
3615 0.29831
3616 0.293172
3617 0.265335
3618 0.285552
3619 0.351101
3620 0.306867
3621 0.24626
3622 0.320934
3623 0.27698
3624 0.32251
3625 0.311797
3626 0.259743
3627 0.263709
3628 0.290345
3629 0.272247
3630 0.297244
3631 0.277169
3632 0.309924
3633 0.271689
3634 0.34701
3635 0.348597
3636 0.304639
3637 0.30609
3638 0.406308
3639 0.29633
3640 0.317495
3641 0.272039
3642 0.30359
3643 0.342411
3644 0.301155
3645 0.321534
3646 0.287469
3647 0.273576
3648 0.260521
3649 0.291175
3650 0.270181
3651 0.301835
3652 0.303462
3653 0.279639
3654 0.299365
3655 0.241574
3656 0.345588
3657 0.250986
3658 0.258418
3659 0.367883
3660 0.320524
3661 0.325752
3662 0.33973
3663 0.282135
3664 0.360976
3665 0.284607
3666 0.284454
3667 0.361841
3668 0.332492
3669 0.276681
3670 0.27068
3671 0.28873
3672 0.325118
3673 0.263829
3674 0.257225
3675 0.301269
3676 0.270848
3677 0.289562
3678 0.302324
3679 0.329138
3680 0.33946
3681 0.299063
3682 0.347025
3683 0.317701
3684 0.269224
3685 0.306266
3686 0.350739
3687 0.256423
3688 0.279107
3689 0.288167
3690 0.288978
3691 0.306165
3692 0.331865
3693 0.296175
3694 0.286226
3695 0.256093
3696 0.291439
3697 0.348222
3698 0.356289
3699 0.298307
3700 0.286149
3701 0.372325
3702 0.304371
3703 0.310129
3704 0.315974
3705 0.331576
3706 0.292192
3707 0.308662
3708 0.277667
3709 0.265885
3710 0.308613
3711 0.282642
3712 0.338183
3713 0.30846
3714 0.361897
3715 0.279077
3716 0.284904
3717 0.310593
3718 0.317375
3719 0.283678
3720 0.303319
3721 0.32984
3722 0.430198
3723 0.29683
3724 0.299828
3725 0.329782
3726 0.328925
3727 0.273598
3728 0.266382
3729 0.317454
3730 0.28465
3731 0.347777
3732 0.255711
3733 0.291489
3734 0.294348
3735 0.259959
3736 0.29266
3737 0.326814
3738 0.261409
3739 0.272879
3740 0.27414
3741 0.284206
3742 0.314923
3743 0.327609
3744 0.268722
3745 0.279815
3746 0.308327
3747 0.282424
3748 0.320447
3749 0.307
3750 0.326002
3751 0.301829
3752 0.3895
3753 0.268956
3754 0.294708
3755 0.312822
3756 0.259009
3757 0.311046
3758 0.270208
3759 0.341213
3760 0.309732
3761 0.321454
3762 0.320635
3763 0.335982
3764 0.348456
3765 0.295861
3766 0.254834
3767 0.286526
3768 0.312413
3769 0.291203
3770 0.31979
3771 0.263275
3772 0.351184
3773 0.378743
3774 0.329324
3775 0.282066
3776 0.253162
3777 0.366471
3778 0.291243
3779 0.27283
3780 0.4779
3781 0.244264
3782 0.355099
3783 0.329224
3784 0.332333
3785 0.33888
3786 0.267356
3787 0.281123
3788 0.301843
3789 0.248563
3790 0.354096
3791 0.322293
3792 0.284523
3793 0.272637
3794 0.286612
3795 0.269379
3796 0.317286
3797 0.327727
3798 0.326757
3799 0.248977
3800 0.274751
3801 0.268836
3802 0.302302
3803 0.356228
3804 0.347133
3805 0.289315
3806 0.32977
3807 0.270854
3808 0.271857
3809 0.305026
3810 0.258047
3811 0.273908
3812 0.293407
3813 0.298906
3814 0.268089
3815 0.268566
3816 0.299112
3817 0.296286
3818 0.268531
3819 0.334793
3820 0.265097
3821 0.260015
3822 0.322073
3823 0.255481
3824 0.289274
3825 0.264359
3826 0.264865
3827 0.286048
3828 0.259744
3829 0.277196
3830 0.278991
3831 0.308759
3832 0.272608
3833 0.281147
3834 0.253883
3835 0.270015
3836 0.28992
3837 0.269363
3838 0.315531
3839 0.301088
3840 0.267443
3841 0.307607
3842 0.271988
3843 0.279038
3844 0.268158
3845 0.241914
3846 0.263236
3847 0.230767
3848 0.2614
3849 0.240519
3850 0.256557
3851 0.250805
3852 0.225031
3853 0.281432
3854 0.29633
3855 0.269695
3856 0.344023
3857 0.295662
3858 0.349878
3859 0.282426
3860 0.26646
3861 0.272419
3862 0.255247
3863 0.328498
3864 0.303317
3865 0.292592
3866 0.274163
3867 0.243574
3868 0.254062
3869 0.274841
3870 0.25399
3871 0.259828
3872 0.367616
3873 0.302178
3874 0.294011
3875 0.359061
3876 0.302055
3877 0.26821
3878 0.32439
3879 0.257411
3880 0.366118
3881 0.267655
3882 0.257956
3883 0.350596
3884 0.278119
3885 0.348412
3886 0.260444
3887 0.354625
3888 0.340542
3889 0.294608
3890 0.269373
3891 0.346072
3892 0.313127
3893 0.260907
3894 0.254116
3895 0.263968
3896 0.244214
3897 0.303717
3898 0.311031
3899 0.285735
3900 0.255478
3901 0.265757
3902 0.244229
3903 0.280739
3904 0.245253
3905 0.32937
3906 0.282207
3907 0.245512
3908 0.257917
3909 0.290784
3910 0.30795
3911 0.283992
3912 0.292754
3913 0.294353
3914 0.270647
3915 0.301114
3916 0.262753
3917 0.266965
3918 0.249403
3919 0.306822
3920 0.290507
3921 0.268704
3922 0.278683
3923 0.269946
3924 0.268457
3925 0.243169
3926 0.278251
3927 0.291336
3928 0.303169
3929 0.274033
3930 0.255261
3931 0.292825
3932 0.23765
3933 0.29804
3934 0.312586
3935 0.250059
3936 0.243079
3937 0.283755
3938 0.278831
3939 0.290061
3940 0.233086
3941 0.242223
3942 0.297436
3943 0.298722
3944 0.266931
3945 0.257932
3946 0.273344
3947 0.321303
3948 0.261757
3949 0.306961
3950 0.295909
3951 0.301088
3952 0.306955
3953 0.275372
3954 0.248174
3955 0.295912
3956 0.303293
3957 0.337792
3958 0.272266
3959 0.276338
3960 0.250557
3961 0.236665
3962 0.284523
3963 0.272552
3964 0.247444
3965 0.22729
3966 0.247919
3967 0.293334
3968 0.282673
3969 0.269083
3970 0.308368
3971 0.27647
3972 0.23786
3973 0.243972
3974 0.26438
3975 0.265545
3976 0.299507
3977 0.341869
3978 0.299533
3979 0.252992
3980 0.314522
3981 0.375623
3982 0.321495
3983 0.259751
3984 0.265577
3985 0.278562
3986 0.280551
3987 0.315761
3988 0.249216
3989 0.229973
3990 0.319154
3991 0.250359
3992 0.287768
3993 0.289494
3994 0.267313
3995 0.301038
3996 0.288636
3997 0.273569
3998 0.219508
3999 0.272329
4000 0.291903
4001 0.258497
4002 0.233592
4003 0.353649
4004 0.292155
4005 0.284414
4006 0.287675
4007 0.255709
4008 0.296691
4009 0.247445
4010 0.270509
4011 0.293384
4012 0.286224
4013 0.251134
4014 0.242933
4015 0.295448
4016 0.273669
4017 0.25314
4018 0.302699
4019 0.294681
4020 0.283354
4021 0.269341
4022 0.220771
4023 0.22006
4024 0.257636
4025 0.344603
4026 0.372357
4027 0.344556
4028 0.304962
4029 0.270796
4030 0.240515
4031 0.306859
4032 0.309754
4033 0.307738
4034 0.274327
4035 0.245042
4036 0.3476
4037 0.247975
4038 0.25731
4039 0.259261
4040 0.273744
4041 0.238408
4042 0.333852
4043 0.23835
4044 0.236983
4045 0.317816
4046 0.282393
4047 0.308721
4048 0.308763
4049 0.25259
4050 0.264405
4051 0.280064
4052 0.311782
4053 0.281781
4054 0.276869
4055 0.260012
4056 0.264579
4057 0.268512
4058 0.275814
4059 0.257165
4060 0.262854
4061 0.274577
4062 0.324748
4063 0.278009
4064 0.29583
4065 0.264283
4066 0.356568
4067 0.314768
4068 0.270311
4069 0.247811
4070 0.310061
4071 0.257009
4072 0.283137
4073 0.266651
4074 0.25582
4075 0.264878
4076 0.238766
4077 0.238487
4078 0.25889
4079 0.282459
4080 0.295279
4081 0.271567
4082 0.255903
4083 0.235655
4084 0.245912
4085 0.246445
4086 0.241733
4087 0.314785
4088 0.297928
4089 0.279986
4090 0.292652
4091 0.281195
4092 0.246245
4093 0.2658
4094 0.298806
4095 0.2329
4096 0.27064
4097 0.284427
4098 0.218839
4099 0.282999
4100 0.248734
4101 0.310212
4102 0.236617
4103 0.321072
4104 0.237158
4105 0.251325
4106 0.255562
4107 0.275934
4108 0.257793
4109 0.26483
4110 0.267416
4111 0.30693
4112 0.270856
4113 0.240582
4114 0.330798
4115 0.254457
4116 0.254488
4117 0.265532
4118 0.238678
4119 0.23994
4120 0.296395
4121 0.277743
4122 0.243163
4123 0.24432
4124 0.228895
4125 0.248811
4126 0.37679
4127 0.276865
4128 0.272411
4129 0.273373
4130 0.257042
4131 0.283352
4132 0.247347
4133 0.267565
4134 0.263136
4135 0.251063
4136 0.26132
4137 0.274836
4138 0.233831
4139 0.318623
4140 0.257567
4141 0.32403
4142 0.294619
4143 0.284528
4144 0.247574
4145 0.299031
4146 0.296069
4147 0.251897
4148 0.219512
4149 0.251852
4150 0.35406
4151 0.368001
4152 0.267686
4153 0.2853
4154 0.307363
4155 0.292689
4156 0.275622
4157 0.241724
4158 0.2424
4159 0.292703
4160 0.272979
4161 0.23644
4162 0.28714
4163 0.2328
4164 0.281361
4165 0.261402
4166 0.294516
4167 0.217711
4168 0.267139
4169 0.254069
4170 0.263166
4171 0.293898
4172 0.305596
4173 0.254047
4174 0.292855
4175 0.260385
4176 0.277097
4177 0.257268
4178 0.279538
4179 0.298209
4180 0.340153
4181 0.2973
4182 0.21907
4183 0.212629
4184 0.271847
4185 0.257957
4186 0.277724
4187 0.244648
4188 0.376701
4189 0.261881
4190 0.274638
4191 0.288947
4192 0.266505
4193 0.286059
4194 0.255826
4195 0.229594
4196 0.233628
4197 0.226543
4198 0.261782
4199 0.223676
4200 0.238997
4201 0.340708
4202 0.308656
4203 0.330883
4204 0.224433
4205 0.315689
4206 0.285939
4207 0.266968
4208 0.307484
4209 0.258786
4210 0.237087
4211 0.249095
4212 0.311764
4213 0.280223
4214 0.225954
4215 0.253826
4216 0.296301
4217 0.225202
4218 0.23245
4219 0.382024
4220 0.247673
4221 0.287854
4222 0.218159
4223 0.287905
4224 0.24679
4225 0.260377
4226 0.280725
4227 0.280395
4228 0.222602
4229 0.226652
4230 0.256486
4231 0.239566
4232 0.319684
4233 0.296878
4234 0.291348
4235 0.240021
4236 0.248382
4237 0.269253
4238 0.327382
4239 0.25156
4240 0.237983
4241 0.26337
4242 0.242931
4243 0.254827
4244 0.217699
4245 0.25216
4246 0.210678
4247 0.282704
4248 0.259181
4249 0.234994
4250 0.270724
4251 0.285363
4252 0.245495
4253 0.253678
4254 0.230625
4255 0.243179
4256 0.230129
4257 0.23163
4258 0.26122
4259 0.245715
4260 0.248441
4261 0.238621
4262 0.267112
4263 0.234221
4264 0.228778
4265 0.270792
4266 0.31701
4267 0.229732
4268 0.290206
4269 0.277922
4270 0.26563
4271 0.228525
4272 0.242812
4273 0.224064
4274 0.26241
4275 0.248533
4276 0.23961
4277 0.213751
4278 0.22499
4279 0.231595
4280 0.200554
4281 0.236697
4282 0.251347
4283 0.216759
4284 0.217623
4285 0.366932
4286 0.218054
4287 0.332447
4288 0.274725
4289 0.258084
4290 0.250696
4291 0.274781
4292 0.260429
4293 0.285434
4294 0.245486
4295 0.227717
4296 0.275361
4297 0.204213
4298 0.278284
4299 0.216246
4300 0.232869
4301 0.369217
4302 0.308968
4303 0.233972
4304 0.329742
4305 0.227863
4306 0.219697
4307 0.261394
4308 0.260582
4309 0.282947
4310 0.249419
4311 0.305391
4312 0.247059
4313 0.259712
4314 0.208317
4315 0.265328
4316 0.330846
4317 0.316678
4318 0.267012
4319 0.257219
4320 0.231009
4321 0.261475
4322 0.2417
4323 0.231201
4324 0.228839
4325 0.235529
4326 0.289024
4327 0.44841
4328 0.250449
4329 0.237093
4330 0.223973
4331 0.220354
4332 0.22526
4333 0.300518
4334 0.243449
4335 0.236476
4336 0.231651
4337 0.264378
4338 0.2421
4339 0.266497
4340 0.269567
4341 0.226928
4342 0.215908
4343 0.241935
4344 0.250326
4345 0.243389
4346 0.243119
4347 0.227994
4348 0.254833
4349 0.228045
4350 0.258111
4351 0.210097
4352 0.229903
4353 0.225143
4354 0.250185
4355 0.233386
4356 0.239936
4357 0.264478
4358 0.255123
4359 0.280549
4360 0.244181
4361 0.24379
4362 0.23705
4363 0.280735
4364 0.203663
4365 0.245171
4366 0.226943
4367 0.247015
4368 0.319042
4369 0.235429
4370 0.262229
4371 0.262914
4372 0.252758
4373 0.25792
4374 0.254213
4375 0.243135
4376 0.250791
4377 0.272656
4378 0.276748
4379 0.308675
4380 0.278408
4381 0.231747
4382 0.251176
4383 0.255892
4384 0.287017
4385 0.285035
4386 0.291483
4387 0.260258
4388 0.231174
4389 0.217622
4390 0.217552
4391 0.273362
4392 0.240058
4393 0.217254
4394 0.23922
4395 0.209366
4396 0.253243
4397 0.274515
4398 0.237617
4399 0.224759
4400 0.23293
4401 0.215925
4402 0.223494
4403 0.259652
4404 0.260504
4405 0.274969
4406 0.275761
4407 0.24145
4408 0.210909
4409 0.299562
4410 0.292776
4411 0.230519
4412 0.240925
4413 0.205787
4414 0.270601
4415 0.245364
4416 0.276397
4417 0.243994
4418 0.262903
4419 0.221789
4420 0.234045
4421 0.271702
4422 0.235775
4423 0.253606
4424 0.261287
4425 0.212772
4426 0.217159
4427 0.219877
4428 0.234896
4429 0.250958
4430 0.210021
4431 0.226448
4432 0.235215
4433 0.26647
4434 0.286193
4435 0.244522
4436 0.23169
4437 0.236492
4438 0.218699
4439 0.205515
4440 0.256132
4441 0.304119
4442 0.25593
4443 0.232037
4444 0.272312
4445 0.212266
4446 0.245622
4447 0.32908
4448 0.271131
4449 0.212147
4450 0.223223
4451 0.237392
4452 0.225254
4453 0.245405
4454 0.358183
4455 0.33394
4456 0.277728
4457 0.27267
4458 0.243661
4459 0.221804
4460 0.319205
4461 0.250663
4462 0.263693
4463 0.220313
4464 0.283169
4465 0.340697
4466 0.229925
4467 0.246594
4468 0.216341
4469 0.262908
4470 0.216643
4471 0.285407
4472 0.230989
4473 0.211556
4474 0.234452
4475 0.263869
4476 0.256086
4477 0.249086
4478 0.22342
4479 0.250958
4480 0.228553
4481 0.253391
4482 0.248552
4483 0.248306
4484 0.195926
4485 0.228889
4486 0.227049
4487 0.249584
4488 0.239892
4489 0.23642
4490 0.222175
4491 0.255718
4492 0.257426
4493 0.217564
4494 0.255897
4495 0.314266
4496 0.2239
4497 0.235079
4498 0.251901
4499 0.220344
4500 0.286006
4501 0.269841
4502 0.239551
4503 0.261517
4504 0.274895
4505 0.20352
4506 0.236158
4507 0.221861
4508 0.258656
4509 0.227744
4510 0.22629
4511 0.22515
4512 0.204464
4513 0.227019
4514 0.21376
4515 0.230172
4516 0.312611
4517 0.362947
4518 0.3152
4519 0.294766
4520 0.294701
4521 0.242889
4522 0.231443
4523 0.214822
4524 0.279111
4525 0.250096
4526 0.297813
4527 0.238466
4528 0.245424
4529 0.307606
4530 0.252157
4531 0.225248
4532 0.234172
4533 0.225265
4534 0.237274
4535 0.237381
4536 0.247023
4537 0.246112
4538 0.219693
4539 0.285671
4540 0.26308
4541 0.247683
4542 0.233602
4543 0.286081
4544 0.255498
4545 0.216259
4546 0.23418
4547 0.316479
4548 0.317117
4549 0.252924
4550 0.229868
4551 0.221947
4552 0.203806
4553 0.214728
4554 0.26086
4555 0.325084
4556 0.226666
4557 0.249845
4558 0.262641
4559 0.260638
4560 0.238245
4561 0.219711
4562 0.250272
4563 0.251002
4564 0.213484
4565 0.254757
4566 0.257746
4567 0.228635
4568 0.210759
4569 0.250012
4570 0.289045
4571 0.263089
4572 0.256297
4573 0.208455
4574 0.218064
4575 0.250614
4576 0.226765
4577 0.2218
4578 0.24717
4579 0.265715
4580 0.265639
4581 0.21405
4582 0.285933
4583 0.227922
4584 0.252562
4585 0.24631
4586 0.188638
4587 0.231149
4588 0.28237
4589 0.210063
4590 0.243691
4591 0.243379
4592 0.250231
4593 0.234985
4594 0.225274
4595 0.249925
4596 0.223491
4597 0.219585
4598 0.22488
4599 0.227695
4600 0.265522
4601 0.225581
4602 0.261093
4603 0.284345
4604 0.240083
4605 0.211625
4606 0.242304
4607 0.251168
4608 0.206799
4609 0.320582
4610 0.224866
4611 0.216289
4612 0.221432
4613 0.24833
4614 0.221842
4615 0.295932
4616 0.265668
4617 0.307121
4618 0.221038
4619 0.301327
4620 0.309827
4621 0.248168
4622 0.263081
4623 0.274135
4624 0.241494
4625 0.24681
4626 0.209061
4627 0.229589
4628 0.212649
4629 0.210162
4630 0.336781
4631 0.287987
4632 0.24625
4633 0.184973
4634 0.266648
4635 0.241905
4636 0.235568
4637 0.319445
4638 0.238338
4639 0.212353
4640 0.274963
4641 0.31223
4642 0.26658
4643 0.223761
4644 0.256231
4645 0.223903
4646 0.210845
4647 0.220181
4648 0.300697
4649 0.251508
4650 0.205812
4651 0.237081
4652 0.238004
4653 0.224587
4654 0.222607
4655 0.314514
4656 0.248874
4657 0.220414
4658 0.20866
4659 0.258667
4660 0.245755
4661 0.327759
4662 0.205514
4663 0.299253
4664 0.21631
4665 0.216739
4666 0.28433
4667 0.212134
4668 0.262486
4669 0.228895
4670 0.224162
4671 0.222098
4672 0.231019
4673 0.223924
4674 0.225733
4675 0.203204
4676 0.292051
4677 0.249796
4678 0.221877
4679 0.228046
4680 0.296332
4681 0.224422
4682 0.208558
4683 0.241168
4684 0.214271
4685 0.226929
4686 0.2342
4687 0.244426
4688 0.264334
4689 0.259897
4690 0.265543
4691 0.212839
4692 0.189563
4693 0.234002
4694 0.204181
4695 0.273219
4696 0.267726
4697 0.190824
4698 0.284292
4699 0.210015
4700 0.197167
4701 0.261524
4702 0.211479
4703 0.179907
4704 0.202368
4705 0.191451
4706 0.233009
4707 0.214781
4708 0.207479
4709 0.208747
4710 0.195969
4711 0.252117
4712 0.196625
4713 0.219469
4714 0.317735
4715 0.30655
4716 0.248633
4717 0.244307
4718 0.231196
4719 0.252611
4720 0.225914
4721 0.233262
4722 0.276039
4723 0.209501
4724 0.200319
4725 0.243752
4726 0.266431
4727 0.242192
4728 0.266154
4729 0.231069
4730 0.349538
4731 0.255201
4732 0.228875
4733 0.279897
4734 0.197046
4735 0.212969
4736 0.210034
4737 0.220477
4738 0.249276
4739 0.250687
4740 0.312016
4741 0.215485
4742 0.260151
4743 0.209648
4744 0.292838
4745 0.263697
4746 0.242222
4747 0.235164
4748 0.252514
4749 0.250283
4750 0.265392
4751 0.218184
4752 0.203939
4753 0.197285
4754 0.236364
4755 0.246765
4756 0.358588
4757 0.213632
4758 0.28558
4759 0.207283
4760 0.260688
4761 0.218601
4762 0.269937
4763 0.205891
4764 0.23836
4765 0.184863
4766 0.24474
4767 0.253612
4768 0.215947
4769 0.222244
4770 0.229419
4771 0.194907
4772 0.219311
4773 0.220189
4774 0.225548
4775 0.214436
4776 0.216896
4777 0.214443
4778 0.229553
4779 0.207162
4780 0.240476
4781 0.240727
4782 0.205221
4783 0.222571
4784 0.201906
4785 0.249539
4786 0.232776
4787 0.209238
4788 0.237863
4789 0.217848
4790 0.241795
4791 0.241781
4792 0.227329
4793 0.193506
4794 0.260436
4795 0.213286
4796 0.255339
4797 0.232541
4798 0.203682
4799 0.28747
4800 0.237153
4801 0.261367
4802 0.268968
4803 0.214432
4804 0.248084
4805 0.214967
4806 0.230507
4807 0.238374
4808 0.224381
4809 0.238936
4810 0.240673
4811 0.212718
4812 0.217232
4813 0.259211
4814 0.234602
4815 0.267701
4816 0.205076
4817 0.205438
4818 0.190483
4819 0.224966
4820 0.262459
4821 0.21507
4822 0.212954
4823 0.207708
4824 0.207405
4825 0.262277
4826 0.247295
4827 0.255895
4828 0.216812
4829 0.203192
4830 0.20666
4831 0.211607
4832 0.219672
4833 0.235522
4834 0.25463
4835 0.277445
4836 0.208429
4837 0.207619
4838 0.331333
4839 0.252087
4840 0.238349
4841 0.207629
4842 0.21086
4843 0.222354
4844 0.218535
4845 0.239736
4846 0.213627
4847 0.21409
4848 0.234241
4849 0.257397
4850 0.20465
4851 0.242476
4852 0.236583
4853 0.220958
4854 0.213017
4855 0.206669
4856 0.213415
4857 0.221278
4858 0.201046
4859 0.20839
4860 0.247747
4861 0.232809
4862 0.199909
4863 0.32267
4864 0.225324
4865 0.208534
4866 0.22375
4867 0.19677
4868 0.21469
4869 0.191634
4870 0.253344
4871 0.20414
4872 0.193486
4873 0.205474
4874 0.214978
4875 0.19143
4876 0.25106
4877 0.259511
4878 0.223265
4879 0.21827
4880 0.198352
4881 0.240359
4882 0.24846
4883 0.29808
4884 0.344243
4885 0.257479
4886 0.238379
4887 0.223969
4888 0.233624
4889 0.235346
4890 0.185863
4891 0.235931
4892 0.256362
4893 0.2148
4894 0.284746
4895 0.209177
4896 0.213955
4897 0.229721
4898 0.219614
4899 0.221003
4900 0.269521
4901 0.203318
4902 0.230127
4903 0.197867
4904 0.252346
4905 0.210458
4906 0.210559
4907 0.20229
4908 0.199589
4909 0.212
4910 0.28248
4911 0.269299
4912 0.212776
4913 0.211436
4914 0.222504
4915 0.228135
4916 0.225656
4917 0.234497
4918 0.209572
4919 0.250596
4920 0.245307
4921 0.231458
4922 0.210102
4923 0.259246
4924 0.254195
4925 0.27007
4926 0.201004
4927 0.200938
4928 0.24516
4929 0.249926
4930 0.235998
4931 0.208372
4932 0.210616
4933 0.231801
4934 0.2293
4935 0.210695
4936 0.221438
4937 0.226351
4938 0.19387
4939 0.226037
4940 0.254939
4941 0.187321
4942 0.205
4943 0.206449
4944 0.18777
4945 0.273079
4946 0.241417
4947 0.257204
4948 0.262476
4949 0.21758
4950 0.226605
4951 0.254689
4952 0.194702
4953 0.298985
4954 0.242696
4955 0.227992
4956 0.202066
4957 0.230416
4958 0.255768
4959 0.195729
4960 0.209921
4961 0.249958
4962 0.20936
4963 0.250852
4964 0.198736
4965 0.267969
4966 0.249879
4967 0.184277
4968 0.244368
4969 0.259933
4970 0.217328
4971 0.26421
4972 0.26023
4973 0.188804
4974 0.199841
4975 0.235925
4976 0.223444
4977 0.235512
4978 0.2729
4979 0.204153
4980 0.199416
4981 0.213107
4982 0.225745
4983 0.325051
4984 0.260465
4985 0.239718
4986 0.265199
4987 0.272067
4988 0.199494
4989 0.224695
4990 0.236647
4991 0.275208
4992 0.20691
4993 0.214231
4994 0.207361
4995 0.203776
4996 0.242148
4997 0.224583
4998 0.259405
4999 0.250321
5000 0.21994
