0 4.5025
1 24.5844
2 9.08994
3 7.53438
4 7.12239
5 3.71323
6 3.06011
7 2.68301
8 2.36244
9 2.24104
10 2.21024
11 3.02999
12 2.42844
13 2.59483
14 2.42176
15 2.01221
16 1.87308
17 2.07844
18 1.80895
19 1.79191
20 2.0312
21 2.16217
22 2.20178
23 1.93637
24 1.91511
25 2.06341
26 1.82977
27 1.81171
28 2.01072
29 2.06426
30 1.81351
31 1.5673
32 1.59177
33 1.6991
34 1.66285
35 1.58179
36 1.42938
37 1.53457
38 1.39151
39 1.43306
40 1.44025
41 1.54305
42 1.56562
43 1.35768
44 1.46678
45 1.35989
46 1.32951
47 1.30668
48 1.40691
49 1.4015
50 1.35074
51 1.63882
52 1.63356
53 1.44324
54 1.45304
55 1.54651
56 1.51963
57 1.38749
58 1.50951
59 1.64852
60 1.41706
61 1.29883
62 1.54004
63 1.54981
64 1.24457
65 1.37339
66 1.34277
67 1.38141
68 1.47836
69 1.34587
70 1.4914
71 1.48897
72 1.57736
73 1.66482
74 1.70021
75 1.52675
76 1.65613
77 1.40593
78 1.36039
79 1.36995
80 1.31194
81 1.29457
82 1.30218
83 1.31779
84 1.4539
85 1.40966
86 1.41806
87 1.20004
88 1.30645
89 1.31852
90 1.34032
91 1.30541
92 1.35359
93 1.36785
94 1.3558
95 1.23166
96 1.19127
97 1.34627
98 1.37114
99 1.40912
100 1.36989
101 1.19687
102 1.16946
103 1.17093
104 1.35417
105 1.28416
106 1.37617
107 1.34759
108 1.20288
109 1.13428
110 1.25986
111 1.40361
112 1.36848
113 1.37601
114 1.09369
115 1.16201
116 1.20674
117 1.39818
118 1.5607
119 1.34172
120 1.19071
121 1.26572
122 1.46608
123 1.6288
124 1.33929
125 1.24131
126 1.22415
127 1.23716
128 1.1996
129 1.24558
130 1.17938
131 1.05405
132 1.13167
133 1.24811
134 1.3086
135 1.0976
136 1.39787
137 1.33208
138 1.41172
139 1.25801
140 1.11283
141 1.25392
142 1.08309
143 1.12246
144 1.1457
145 1.2435
146 1.24831
147 1.1994
148 1.37385
149 1.19083
150 1.29598
151 1.1554
152 1.31862
153 1.26784
154 1.26566
155 1.17747
156 1.11683
157 1.18275
158 1.19198
159 1.05107
160 1.16783
161 1.13548
162 1.23646
163 1.17867
164 1.11613
165 1.14701
166 1.122
167 1.23671
168 1.28411
169 1.49978
170 1.72774
171 1.29313
172 1.59694
173 1.70015
174 1.45678
175 1.24422
176 1.10101
177 1.15925
178 1.23159
179 1.15591
180 1.19379
181 1.17785
182 1.25007
183 1.09903
184 1.304
185 1.12655
186 1.15833
187 1.12466
188 1.35591
189 1.27283
190 1.22078
191 1.18112
192 1.0646
193 1.25271
194 1.33676
195 1.25052
196 1.18504
197 1.08333
198 1.07215
199 1.13271
200 1.21322
201 1.10097
202 1.16696
203 1.15984
204 1.24049
205 1.30377
206 1.25024
207 1.07826
208 1.33533
209 1.15353
210 1.13103
211 1.13688
212 1.16191
213 1.18812
214 1.2651
215 1.00575
216 1.14963
217 1.17773
218 1.06616
219 1.06032
220 1.04257
221 1.18915
222 1.1087
223 1.07227
224 1.22847
225 1.05242
226 1.34931
227 1.16951
228 1.03622
229 1.13816
230 1.10559
231 1.17794
232 1.1946
233 1.26025
234 1.09239
235 1.17703
236 1.087
237 1.05561
238 1.16864
239 1.10732
240 1.04269
241 1.03075
242 1.09461
243 1.16779
244 1.04167
245 1.17669
246 1.04778
247 1.01847
248 1.11326
249 1.04244
250 1.15419
251 1.08607
252 1.38109
253 1.21994
254 1.1691
255 1.31601
256 1.10038
257 1.12488
258 1.02653
259 1.03134
260 1.08089
261 1.10246
262 1.12419
263 1.08333
264 0.959822
265 1.05474
266 0.972328
267 1.08377
268 1.30732
269 1.04846
270 1.10496
271 1.05015
272 1.09746
273 1.08455
274 1.10463
275 0.991791
276 1.03758
277 1.06654
278 1.11595
279 1.09207
280 1.0262
281 1.11481
282 1.04323
283 1.13261
284 1.17639
285 1.19099
286 1.04118
287 1.05577
288 1.07189
289 1.14716
290 1.0468
291 1.17441
292 1.25607
293 1.04258
294 1.09303
295 1.12275
296 1.19325
297 1.04307
298 1.0387
299 0.9106
300 0.987791
301 1.01094
302 1.07751
303 1.03913
304 1.01852
305 1.17827
306 1.10253
307 1.15335
308 1.13484
309 1.0178
310 1.00861
311 1.17312
312 1.07289
313 1.12013
314 1.01095
315 1.07014
316 1.09985
317 1.0477
318 1.09929
319 1.21526
320 1.10867
321 1.18229
322 1.20379
323 1.12561
324 0.979413
325 1.01956
326 0.951285
327 1.05332
328 1.08881
329 1.08325
330 1.15792
331 1.08123
332 1.07031
333 1.05221
334 0.97919
335 1.12678
336 1.07174
337 0.925866
338 1.08742
339 1.05037
340 1.03454
341 0.991325
342 0.991616
343 1.33171
344 1.088
345 1.11753
346 0.918551
347 1.18156
348 1.14568
349 1.03828
350 1.17281
351 0.996428
352 0.982979
353 1.11578
354 1.37769
355 1.13966
356 1.06523
357 1.10562
358 1.00603
359 0.921078
360 0.992407
361 1.0685
362 1.00511
363 0.982478
364 0.986416
365 1.08185
366 0.980945
367 1.0947
368 1.06905
369 1.02706
370 0.975923
371 0.972806
372 1.12927
373 1.04167
374 1.21757
375 0.970987
376 1.04178
377 0.910395
378 1.00761
379 1.06775
380 0.979603
381 0.983322
382 1.11151
383 0.966828
384 0.956182
385 1.00837
386 0.972241
387 0.942566
388 0.965964
389 1.10362
390 1.03088
391 0.997261
392 1.02585
393 1.046
394 0.992062
395 0.905268
396 1.03938
397 0.999661
398 0.975367
399 0.9426
400 1.03575
401 1.00852
402 0.950429
403 1.04925
404 0.999063
405 0.957761
406 1.01469
407 0.908105
408 0.932224
409 0.92505
410 0.96172
411 1.17139
412 1.02034
413 0.941999
414 0.962471
415 0.854106
416 0.868421
417 0.954174
418 0.93254
419 0.966599
420 1.01546
421 0.852219
422 0.849647
423 0.9
424 1.04682
425 0.885922
426 0.880088
427 1.21468
428 0.854269
429 1.11673
430 1.05082
431 1.07164
432 0.962717
433 0.969584
434 1.0269
435 1.03025
436 0.869215
437 0.939357
438 0.966839
439 0.932244
440 0.97985
441 0.940853
442 0.929941
443 1.05598
444 1.04142
445 0.926776
446 1.06903
447 0.935945
448 1.00548
449 1.00163
450 0.968492
451 0.941449
452 0.953847
453 1.08501
454 0.983793
455 1.05192
456 0.872729
457 1.20243
458 1.162
459 1.05449
460 0.926134
461 0.932674
462 1.01399
463 0.956738
464 1.01988
465 0.945756
466 0.915325
467 0.944121
468 1.02712
469 1.1821
470 1.00964
471 0.91345
472 0.87285
473 0.987525
474 0.91529
475 1.01539
476 0.902095
477 0.930515
478 0.924274
479 0.938077
480 1.05013
481 1.02869
482 0.96694
483 0.929109
484 0.859493
485 0.937554
486 0.956021
487 1.10416
488 1.36778
489 1.19744
490 0.986585
491 1.03215
492 0.935027
493 0.920744
494 0.932733
495 0.936637
496 1.04409
497 0.946719
498 1.01374
499 0.978918
500 0.98736
501 1.03922
502 0.883113
503 0.910507
504 1.06867
505 1.22794
506 0.918319
507 0.950136
508 0.937881
509 0.975025
510 0.945953
511 0.905161
512 1.00385
513 0.958302
514 1.10889
515 0.917194
516 0.904322
517 0.849924
518 0.950028
519 0.962332
520 0.969906
521 0.962383
522 0.976982
523 0.958147
524 0.896468
525 0.886101
526 0.958734
527 0.936446
528 0.960284
529 0.994644
530 0.927168
531 0.92291
532 0.91057
533 0.877305
534 0.933616
535 0.889742
536 0.866993
537 0.841585
538 0.920909
539 0.945431
540 0.982803
541 0.908431
542 0.921906
543 0.846971
544 0.950839
545 0.92475
546 0.967292
547 0.967115
548 0.868448
549 0.84446
550 0.942771
551 1.05639
552 0.923792
553 0.997639
554 0.971111
555 0.872968
556 0.863699
557 0.867963
558 0.963022
559 0.837313
560 0.869916
561 0.91454
562 0.982122
563 0.947253
564 0.831192
565 1.07318
566 1.04203
567 0.918801
568 0.870746
569 0.906426
570 0.959379
571 0.826289
572 0.895096
573 0.916541
574 0.912866
575 0.927081
576 0.986775
577 0.923061
578 0.880966
579 0.928123
580 0.855402
581 0.897127
582 0.887285
583 0.967371
584 0.871595
585 0.828592
586 0.918419
587 0.884279
588 0.876592
589 0.896419
590 0.884602
591 1.00564
592 0.890303
593 0.844698
594 0.870101
595 0.951548
596 1.02057
597 0.969137
598 0.970768
599 0.984764
600 0.864628
601 1.02678
602 0.943339
603 0.860183
604 0.973872
605 0.862483
606 0.866751
607 0.870509
608 0.834906
609 0.888755
610 0.889657
611 1.02107
612 0.903322
613 0.983125
614 0.871411
615 0.827584
616 0.891754
617 0.943386
618 0.938901
619 0.8861
620 0.886547
621 0.931812
622 0.92183
623 0.885301
624 0.916636
625 0.884092
626 0.841894
627 0.870405
628 0.859773
629 0.8846
630 0.821382
631 0.857377
632 0.927691
633 0.882099
634 0.96831
635 0.871099
636 0.896878
637 1.05404
638 0.920197
639 0.990147
640 0.926683
641 0.913797
642 0.962909
643 0.87149
644 0.91003
645 0.85439
646 0.885502
647 0.816283
648 0.825155
649 0.855612
650 0.938234
651 0.889304
652 0.83123
653 0.936703
654 0.831639
655 0.875282
656 0.826751
657 0.78435
658 0.924044
659 0.878055
660 0.96782
661 0.953504
662 0.874137
663 0.884589
664 0.904787
665 0.826128
666 0.992534
667 0.878004
668 0.907669
669 0.855501
670 0.855714
671 0.947613
672 0.893572
673 0.799795
674 0.91379
675 0.815907
676 0.857249
677 0.86789
678 0.834141
679 0.927892
680 0.81547
681 1.00119
682 1.01007
683 0.833353
684 0.90659
685 0.921897
686 0.908939
687 0.820016
688 0.826457
689 0.885252
690 0.850881
691 0.875694
692 0.832711
693 0.831699
694 0.789292
695 0.848768
696 0.888502
697 0.938296
698 0.841181
699 0.846031
700 0.892945
701 0.881552
702 0.878813
703 0.792441
704 0.8013
705 0.887947
706 0.861652
707 0.851444
708 0.836082
709 0.905427
710 0.890504
711 0.798395
712 0.940895
713 0.977771
714 0.831692
715 0.844317
716 0.837137
717 0.909659
718 0.839084
719 0.756944
720 0.917551
721 1.03175
722 0.899806
723 0.902634
724 0.844081
725 0.999442
726 0.838551
727 0.818864
728 0.796024
729 0.798245
730 0.882113
731 0.803097
732 0.87939
733 0.860273
734 0.881064
735 0.839557
736 0.919008
737 0.84784
738 0.807379
739 0.819061
740 0.953021
741 0.837681
742 0.898717
743 0.812544
744 0.877425
745 0.943327
746 0.872479
747 0.93907
748 0.841579
749 0.913811
750 0.875975
751 0.967784
752 0.840245
753 0.794222
754 0.834857
755 0.819309
756 0.814748
757 0.816982
758 0.952182
759 0.875165
760 0.888692
761 0.901371
762 0.914261
763 0.826696
764 0.896196
765 0.823118
766 0.802488
767 0.841667
768 0.856359
769 0.878615
770 0.81083
771 0.911565
772 0.955931
773 0.843392
774 0.891687
775 0.762944
776 1.00408
777 0.839432
778 0.779308
779 1.03869
780 0.810892
781 0.787218
782 0.896846
783 1.01894
784 0.917976
785 0.824754
786 0.818532
787 0.782296
788 0.784425
789 0.793285
790 0.83486
791 0.8048
792 0.808672
793 0.800018
794 0.758982
795 0.868626
796 0.81613
797 0.956901
798 0.868413
799 0.793809
800 0.773284
801 0.932576
802 0.912987
803 0.955157
804 0.802064
805 0.814651
806 0.758606
807 0.858183
808 0.86057
809 0.8182
810 0.830081
811 0.812962
812 0.787152
813 0.838366
814 0.776707
815 0.800176
816 0.787083
817 0.735102
818 0.900391
819 0.761531
820 0.797359
821 0.809698
822 0.800346
823 0.832609
824 0.737978
825 0.867459
826 0.836869
827 0.851773
828 0.835195
829 0.802672
830 0.81773
831 0.760522
832 0.790918
833 0.745849
834 0.767368
835 0.781332
836 0.76316
837 0.807323
838 0.798453
839 0.762522
840 0.885917
841 0.769846
842 0.728738
843 0.814298
844 0.741284
845 0.73514
846 0.734358
847 0.802861
848 0.714362
849 0.81242
850 0.690114
851 0.694813
852 0.780526
853 0.787571
854 0.730817
855 0.751019
856 0.959076
857 0.92164
858 0.858881
859 0.778844
860 0.771321
861 0.768548
862 0.836602
863 0.853619
864 0.786039
865 0.732951
866 0.745066
867 0.764355
868 0.834153
869 0.741447
870 0.866583
871 0.84286
872 0.871908
873 0.808686
874 0.796573
875 0.844092
876 0.751047
877 0.846765
878 0.758875
879 0.835428
880 0.812046
881 0.78586
882 0.885522
883 0.762655
884 0.858318
885 0.730881
886 0.956635
887 0.92522
888 0.741188
889 0.819588
890 0.81856
891 0.806685
892 0.803806
893 0.765507
894 0.751524
895 0.717414
896 0.779532
897 0.743077
898 1.15567
899 1.20864
900 0.856651
901 0.797505
902 0.849866
903 0.790899
904 0.800711
905 0.840583
906 0.738738
907 0.714944
908 0.866741
909 0.833816
910 0.815241
911 0.80034
912 0.784985
913 0.696032
914 0.776421
915 0.786877
916 0.761939
917 0.82278
918 0.781259
919 0.783298
920 0.790027
921 0.779742
922 0.730622
923 0.781635
924 0.726296
925 0.813754
926 0.724457
927 0.816622
928 0.785277
929 0.846859
930 0.845129
931 0.776462
932 0.795798
933 0.85004
934 0.746919
935 0.707352
936 0.878505
937 0.784722
938 0.757511
939 0.722595
940 0.73853
941 0.867307
942 0.881236
943 0.768455
944 0.771703
945 0.709737
946 0.759092
947 0.757467
948 0.784111
949 0.78335
950 0.79845
951 0.740749
952 0.765879
953 0.682918
954 0.758684
955 0.835981
956 0.832087
957 0.768718
958 0.834889
959 0.723866
960 0.775429
961 0.756747
962 0.78088
963 0.778348
964 0.767525
965 0.73131
966 0.717677
967 0.815107
968 0.779189
969 0.786483
970 0.773677
971 0.755314
972 0.693734
973 0.766519
974 0.81049
975 0.835899
976 0.755332
977 0.75379
978 0.705913
979 0.830118
980 0.85376
981 0.826864
982 0.783104
983 0.742928
984 0.705504
985 0.765612
986 0.739558
987 0.741104
988 0.68865
989 0.715001
990 0.757154
991 0.860649
992 0.741039
993 0.709241
994 0.79458
995 0.798924
996 0.745135
997 0.758473
998 0.792776
999 0.723202
1000 0.676939
1001 0.791403
1002 0.792426
1003 0.785224
1004 0.737773
1005 0.764115
1006 0.748896
1007 0.791045
1008 0.695175
1009 0.719205
1010 0.783914
1011 0.686698
1012 0.7741
1013 0.685207
1014 0.7208
1015 0.717571
1016 0.704525
1017 0.750886
1018 0.78434
1019 0.884288
1020 0.708109
1021 0.719788
1022 0.695687
1023 0.693346
1024 0.783504
1025 0.887151
1026 0.821361
1027 0.755709
1028 0.803133
1029 0.719684
1030 0.873442
1031 0.778034
1032 0.697931
1033 0.784813
1034 0.745301
1035 0.787577
1036 0.668556
1037 0.700218
1038 0.697737
1039 0.746324
1040 0.739429
1041 0.746364
1042 0.819209
1043 0.693804
1044 0.738445
1045 0.823896
1046 0.804841
1047 0.763302
1048 0.73494
1049 0.706763
1050 0.772389
1051 0.742229
1052 0.721273
1053 0.758419
1054 0.730783
1055 0.659558
1056 0.769392
1057 0.735084
1058 0.723362
1059 0.694595
1060 0.728061
1061 0.761574
1062 0.78925
1063 0.736941
1064 0.707633
1065 0.758642
1066 0.81323
1067 0.790111
1068 0.779036
1069 0.752666
1070 0.739664
1071 0.805955
1072 0.714774
1073 0.684432
1074 0.777416
1075 0.740135
1076 0.660379
1077 0.678636
1078 0.695111
1079 0.719943
1080 0.719633
1081 0.72605
1082 0.741163
1083 0.644181
1084 0.737515
1085 0.661962
1086 0.652949
1087 0.779516
1088 0.757648
1089 0.776288
1090 0.745199
1091 0.735013
1092 0.746295
1093 0.689208
1094 0.702046
1095 0.754253
1096 0.736108
1097 0.71404
1098 0.713348
1099 0.69015
1100 0.791877
1101 0.723617
1102 0.725572
1103 0.690301
1104 0.690844
1105 0.745952
1106 0.715815
1107 0.730063
1108 0.765682
1109 0.725042
1110 0.831809
1111 0.793909
1112 0.695198
1113 0.830052
1114 0.691044
1115 0.688174
1116 0.670235
1117 0.694179
1118 0.732633
1119 0.731348
1120 0.734454
1121 0.64831
1122 0.676726
1123 0.658941
1124 0.677813
1125 0.85334
1126 0.766394
1127 0.678969
1128 0.715398
1129 0.702214
1130 0.755272
1131 0.716036
1132 0.672887
1133 0.737624
1134 0.671885
1135 0.711535
1136 0.703355
1137 0.709399
1138 0.718646
1139 0.721791
1140 0.767982
1141 0.792371
1142 0.742303
1143 0.680219
1144 0.70947
1145 0.681179
1146 0.764182
1147 0.7017
1148 0.67083
1149 0.761166
1150 0.845118
1151 0.683152
1152 0.708008
1153 0.729519
1154 0.773094
1155 0.7076
1156 0.642523
1157 0.705361
1158 0.692951
1159 0.704017
1160 0.662239
1161 0.757946
1162 0.645598
1163 0.692892
1164 0.677273
1165 0.751579
1166 0.654466
1167 0.670169
1168 0.701048
1169 0.692804
1170 0.715426
1171 0.727786
1172 0.650775
1173 0.759617
1174 0.729175
1175 0.690525
1176 0.815198
1177 0.709303
1178 0.743441
1179 0.75561
1180 0.82997
1181 0.642391
1182 0.662592
1183 0.740246
1184 0.672642
1185 0.714437
1186 0.659729
1187 0.831942
1188 0.719657
1189 0.730486
1190 0.820019
1191 0.695066
1192 0.715212
1193 0.695543
1194 0.671911
1195 0.659606
1196 0.661727
1197 0.71892
1198 0.631028
1199 0.629809
1200 0.719264
1201 0.813259
1202 0.745055
1203 0.635993
1204 0.669417
1205 0.738585
1206 0.769387
1207 0.655498
1208 0.817699
1209 0.686138
1210 0.745309
1211 0.724277
1212 0.744094
1213 0.663843
1214 0.705082
1215 0.672594
1216 0.66983
1217 0.629126
1218 0.74716
1219 0.665399
1220 0.686958
1221 0.650257
1222 0.730064
1223 0.663736
1224 0.709591
1225 0.767485
1226 0.701263
1227 0.667683
1228 0.649018
1229 0.658629
1230 0.73157
1231 0.813087
1232 0.758858
1233 0.701321
1234 0.696809
1235 0.650333
1236 0.816536
1237 0.719914
1238 0.669573
1239 0.679158
1240 0.717813
1241 0.652291
1242 0.668483
1243 0.618188
1244 0.706856
1245 0.636027
1246 0.683551
1247 0.745537
1248 0.642629
1249 0.672765
1250 0.695836
1251 0.721161
1252 0.645538
1253 0.644034
1254 0.648558
1255 0.673154
1256 0.662951
1257 0.730221
1258 0.688866
1259 0.716191
1260 0.65626
1261 0.64264
1262 0.670707
1263 0.63044
1264 0.615448
1265 0.667903
1266 0.665706
1267 0.694404
1268 0.680588
1269 0.734003
1270 0.636112
1271 0.665718
1272 0.62998
1273 0.605073
1274 0.604263
1275 0.597678
1276 0.665738
1277 0.648539
1278 0.633286
1279 0.588582
1280 0.603806
1281 0.648791
1282 0.635441
1283 0.575111
1284 0.812301
1285 0.618743
1286 0.74636
1287 0.686763
1288 0.69216
1289 0.629646
1290 0.645757
1291 0.675438
1292 0.723061
1293 0.660808
1294 0.662761
1295 0.635364
1296 0.638843
1297 0.649505
1298 0.664948
1299 0.64441
1300 0.72144
1301 0.724541
1302 0.689729
1303 0.684846
1304 0.678161
1305 0.627524
1306 0.72566
1307 0.609214
1308 0.721389
1309 0.672647
1310 0.662282
1311 0.787895
1312 0.671286
1313 0.670572
1314 0.684085
1315 0.805258
1316 0.790627
1317 0.660284
1318 0.634145
1319 0.654403
1320 0.68716
1321 0.674215
1322 0.638246
1323 0.657205
1324 0.628968
1325 0.730255
1326 0.692297
1327 0.674882
1328 0.594933
1329 0.609732
1330 0.622432
1331 0.660852
1332 0.658547
1333 0.638112
1334 0.644451
1335 0.608301
1336 0.622533
1337 0.703683
1338 0.700471
1339 0.650248
1340 0.665218
1341 0.632796
1342 0.639972
1343 0.629347
1344 0.635325
1345 0.687667
1346 0.656132
1347 0.706517
1348 0.65463
1349 0.658805
1350 0.600795
1351 0.654736
1352 0.668975
1353 0.67962
1354 0.646535
1355 0.634827
1356 0.702655
1357 0.632533
1358 0.707859
1359 0.699431
1360 0.663581
1361 0.694589
1362 0.749285
1363 0.632971
1364 0.622172
1365 0.722772
1366 0.645027
1367 0.647023
1368 0.659882
1369 0.634302
1370 0.674049
1371 0.643031
1372 0.67035
1373 0.608412
1374 0.624018
1375 0.653771
1376 0.654017
1377 0.653307
1378 0.684831
1379 0.667101
1380 0.633803
1381 0.619696
1382 0.600159
1383 0.654428
1384 0.638278
1385 0.761443
1386 0.660704
1387 0.660684
1388 0.64059
1389 0.604498
1390 0.683751
1391 0.642086
1392 0.684864
1393 0.613526
1394 0.60038
1395 0.626541
1396 0.661248
1397 0.674957
1398 0.715108
1399 0.699795
1400 0.586606
1401 0.581939
1402 0.639018
1403 0.652654
1404 0.633932
1405 0.644979
1406 0.580914
1407 0.625706
1408 0.742997
1409 0.662403
1410 0.65736
1411 0.660613
1412 0.632742
1413 0.597353
1414 0.592244
1415 0.708723
1416 0.608812
1417 0.566504
1418 0.658339
1419 0.643234
1420 0.655518
1421 0.63543
1422 0.678538
1423 0.751773
1424 0.641686
1425 0.632436
1426 0.570104
1427 0.63269
1428 0.620109
1429 0.635882
1430 0.606785
1431 0.635689
1432 0.657599
1433 0.645484
1434 0.634088
1435 0.602411
1436 0.660287
1437 0.572645
1438 0.663008
1439 0.627353
1440 0.615327
1441 0.64298
1442 0.559608
1443 0.632716
1444 0.611713
1445 0.567128
1446 0.687406
1447 0.599395
1448 0.679367
1449 0.604524
1450 0.606627
1451 0.574964
1452 0.613033
1453 0.689511
1454 0.726305
1455 0.658293
1456 0.664338
1457 0.618821
1458 0.611606
1459 0.713861
1460 0.600763
1461 0.646666
1462 0.640514
1463 0.615522
1464 0.739107
1465 0.614308
1466 0.621763
1467 0.580581
1468 0.645562
1469 0.61542
1470 0.642342
1471 0.622153
1472 0.60524
1473 0.627622
1474 0.634753
1475 0.655375
1476 0.630341
1477 0.573992
1478 0.630225
1479 0.649466
1480 0.642498
1481 0.627832
1482 0.63449
1483 0.568464
1484 0.571258
1485 0.602059
1486 0.618847
1487 0.593513
1488 0.618416
1489 0.596357
1490 0.694137
1491 0.639824
1492 0.654741
1493 0.635147
1494 0.64834
1495 0.661181
1496 0.614928
1497 0.628142
1498 0.597947
1499 0.63586
1500 0.673055
1501 0.600481
1502 0.609835
1503 0.641898
1504 0.566992
1505 0.560794
1506 0.582655
1507 0.609029
1508 0.625437
1509 0.581328
1510 0.732622
1511 0.600099
1512 0.565613
1513 0.615694
1514 0.575988
1515 0.656905
1516 0.59455
1517 0.643906
1518 0.668439
1519 0.692111
1520 0.620398
1521 0.635715
1522 0.592473
1523 0.602595
1524 0.67156
1525 0.608928
1526 0.581071
1527 0.6277
1528 0.658471
1529 0.666509
1530 0.557891
1531 0.660981
1532 0.593798
1533 0.587271
1534 0.578925
1535 0.587582
1536 0.616124
1537 0.583827
1538 0.636783
1539 0.725057
1540 0.654447
1541 0.62703
1542 0.633507
1543 0.568327
1544 0.56413
1545 0.582411
1546 0.628301
1547 0.620624
1548 0.611983
1549 0.620319
1550 0.550087
1551 0.574957
1552 0.573388
1553 0.61764
1554 0.721221
1555 0.652876
1556 0.644933
1557 0.59376
1558 0.610249
1559 0.638239
1560 0.573233
1561 0.57692
1562 0.585256
1563 0.586251
1564 0.583292
1565 0.60294
1566 0.585176
1567 0.669574
1568 0.607898
1569 0.657134
1570 0.614035
1571 0.630758
1572 0.650843
1573 0.612133
1574 0.592983
1575 0.636911
1576 0.581557
1577 0.62198
1578 0.607607
1579 0.684582
1580 0.590219
1581 0.601741
1582 0.625605
1583 0.639301
1584 0.562472
1585 0.540899
1586 0.604077
1587 0.609772
1588 0.611394
1589 0.623987
1590 0.589268
1591 0.627967
1592 0.592236
1593 0.636862
1594 0.618432
1595 0.544229
1596 0.57389
1597 0.618766
1598 0.589811
1599 0.618986
1600 0.610139
1601 0.583429
1602 0.663542
1603 0.64125
1604 0.638366
1605 0.662761
1606 0.630091
1607 0.631492
1608 0.709803
1609 0.603307
1610 0.547761
1611 0.565828
1612 0.605861
1613 0.581074
1614 0.613808
1615 0.571404
1616 0.675627
1617 0.607211
1618 0.606418
1619 0.588429
1620 0.558728
1621 0.650581
1622 0.592259
1623 0.528676
1624 0.550919
1625 0.568286
1626 0.582673
1627 0.59111
1628 0.531332
1629 0.736343
1630 0.637212
1631 0.659399
1632 0.542778
1633 0.613953
1634 0.650208
1635 0.58474
1636 0.773086
1637 0.60819
1638 0.565046
1639 0.604662
1640 0.690597
1641 0.594267
1642 0.557507
1643 0.56038
1644 0.582404
1645 0.550814
1646 0.594388
1647 0.648422
1648 0.556798
1649 0.563111
1650 0.586493
1651 0.578922
1652 0.590299
1653 0.632681
1654 0.586677
1655 0.602756
1656 0.57582
1657 0.529189
1658 0.618715
1659 0.608701
1660 0.756227
1661 0.569944
1662 0.625432
1663 0.539466
1664 0.586673
1665 0.592249
1666 0.598071
1667 0.612486
1668 0.57695
1669 0.567017
1670 0.569043
1671 0.600305
1672 0.553229
1673 0.560384
1674 0.542024
1675 0.59741
1676 0.563073
1677 0.539637
1678 0.568954
1679 0.58237
1680 0.600994
1681 0.550629
1682 0.573173
1683 0.592092
1684 0.562165
1685 0.583307
1686 0.637168
1687 0.563196
1688 0.581706
1689 0.562219
1690 0.564048
1691 0.542309
1692 0.568894
1693 0.521399
1694 0.599946
1695 0.570092
1696 0.550369
1697 0.585136
1698 0.576025
1699 0.516307
1700 0.584879
1701 0.508659
1702 0.522246
1703 0.533993
1704 0.50896
1705 0.559933
1706 0.556189
1707 0.497597
1708 0.505643
1709 0.512524
1710 0.540902
1711 0.523574
1712 0.51945
1713 0.678608
1714 0.541672
1715 0.675053
1716 0.587327
1717 0.58143
1718 0.567575
1719 0.559931
1720 0.592584
1721 0.592388
1722 0.539248
1723 0.559102
1724 0.56152
1725 0.547705
1726 0.544389
1727 0.578253
1728 0.533715
1729 0.676093
1730 0.577536
1731 0.55236
1732 0.653098
1733 0.56044
1734 0.554787
1735 0.583528
1736 0.560088
1737 0.637068
1738 0.561665
1739 0.661943
1740 0.575468
1741 0.583042
1742 0.52969
1743 0.65269
1744 0.627153
1745 0.560712
1746 0.552672
1747 0.569106
1748 0.565599
1749 0.581348
1750 0.538488
1751 0.529602
1752 0.554101
1753 0.552012
1754 0.585104
1755 0.707888
1756 0.547773
1757 0.563133
1758 0.530698
1759 0.576394
1760 0.530433
1761 0.660492
1762 0.528931
1763 0.544703
1764 0.525494
1765 0.563471
1766 0.642856
1767 0.581864
1768 0.571473
1769 0.583259
1770 0.537028
1771 0.592155
1772 0.545525
1773 0.561171
1774 0.614884
1775 0.547153
1776 0.534854
1777 0.545039
1778 0.562123
1779 0.533849
1780 0.538742
1781 0.569852
1782 0.559303
1783 0.601655
1784 0.56245
1785 0.54106
1786 0.614795
1787 0.573002
1788 0.541579
1789 0.589541
1790 0.567417
1791 0.580977
1792 0.536229
1793 0.624039
1794 0.552194
1795 0.580007
1796 0.553914
1797 0.520223
1798 0.600309
1799 0.551454
1800 0.565377
1801 0.528614
1802 0.524319
1803 0.504436
1804 0.574219
1805 0.552056
1806 0.557451
1807 0.52617
1808 0.574882
1809 0.56115
1810 0.538205
1811 0.529176
1812 0.581021
1813 0.564984
1814 0.683499
1815 0.551927
1816 0.555544
1817 0.526575
1818 0.529336
1819 0.585423
1820 0.543393
1821 0.539659
1822 0.522944
1823 0.502486
1824 0.543526
1825 0.539182
1826 0.598772
1827 0.517318
1828 0.557961
1829 0.506619
1830 0.551426
1831 0.555194
1832 0.584874
1833 0.582653
1834 0.526973
1835 0.531121
1836 0.529962
1837 0.678364
1838 0.568379
1839 0.545247
1840 0.584516
1841 0.515787
1842 0.529561
1843 0.539999
1844 0.626438
1845 0.508855
1846 0.527635
1847 0.53768
1848 0.547161
1849 0.591058
1850 0.524149
1851 0.606156
1852 0.548056
1853 0.530449
1854 0.513317
1855 0.521129
1856 0.566685
1857 0.504683
1858 0.520065
1859 0.536852
1860 0.565336
1861 0.549245
1862 0.582158
1863 0.551095
1864 0.500731
1865 0.546678
1866 0.504817
1867 0.545271
1868 0.50388
1869 0.561387
1870 0.515792
1871 0.50792
1872 0.5441
1873 0.514255
1874 0.489715
1875 0.618819
1876 0.52318
1877 0.605758
1878 0.53174
1879 0.493189
1880 0.488978
1881 0.584314
1882 0.61401
1883 0.651453
1884 0.596684
1885 0.588068
1886 0.480287
1887 0.538302
1888 0.5756
1889 0.509501
1890 0.561332
1891 0.525559
1892 0.513289
1893 0.589772
1894 0.486069
1895 0.505119
1896 0.492398
1897 0.518421
1898 0.504036
1899 0.599889
1900 0.476444
1901 0.513612
1902 0.528271
1903 0.562255
1904 0.584278
1905 0.546203
1906 0.497133
1907 0.562641
1908 0.491806
1909 0.527316
1910 0.554372
1911 0.553072
1912 0.490514
1913 0.521142
1914 0.538232
1915 0.503769
1916 0.502272
1917 0.527234
1918 0.54184
1919 0.568867
1920 0.572238
1921 0.50923
1922 0.578977
1923 0.614477
1924 0.546527
1925 0.565187
1926 0.533778
1927 0.548564
1928 0.560863
1929 0.550292
1930 0.514498
1931 0.507686
1932 0.559225
1933 0.483996
1934 0.495059
1935 0.486184
1936 0.574428
1937 0.547113
1938 0.484866
1939 0.5133
1940 0.497701
1941 0.541693
1942 0.495453
1943 0.486574
1944 0.589619
1945 0.564474
1946 0.59425
1947 0.560066
1948 0.583526
1949 0.541924
1950 0.56047
1951 0.481517
1952 0.576942
1953 0.52782
1954 0.550698
1955 0.527938
1956 0.530898
1957 0.583746
1958 0.531027
1959 0.475982
1960 0.563458
1961 0.496491
1962 0.541452
1963 0.521152
1964 0.538911
1965 0.580957
1966 0.504001
1967 0.571115
1968 0.527662
1969 0.554248
1970 0.52292
1971 0.6222
1972 0.507223
1973 0.49146
1974 0.501963
1975 0.538749
1976 0.519735
1977 0.522643
1978 0.574867
1979 0.506192
1980 0.492721
1981 0.513187
1982 0.524232
1983 0.618352
1984 0.523291
1985 0.515976
1986 0.545826
1987 0.507115
1988 0.514073
1989 0.51149
1990 0.480482
1991 0.539973
1992 0.523333
1993 0.507101
1994 0.523314
1995 0.524108
1996 0.528567
1997 0.54048
1998 0.541736
1999 0.520147
2000 0.541351
2001 0.536845
2002 0.478501
2003 0.560942
2004 0.488644
2005 0.509226
2006 0.525407
2007 0.618496
2008 0.536642
2009 0.592199
2010 0.524042
2011 0.551504
2012 0.521782
2013 0.519227
2014 0.463037
2015 0.524401
2016 0.567679
2017 0.493937
2018 0.539628
2019 0.517165
2020 0.513557
2021 0.508355
2022 0.519425
2023 0.541395
2024 0.485642
2025 0.527906
2026 0.514339
2027 0.528732
2028 0.533921
2029 0.503297
2030 0.549569
2031 0.581654
2032 0.506547
2033 0.549297
2034 0.603771
2035 0.574818
2036 0.558063
2037 0.586228
2038 0.544936
2039 0.485542
2040 0.538048
2041 0.51123
2042 0.496863
2043 0.499465
2044 0.551466
2045 0.494547
2046 0.516161
2047 0.548393
2048 0.615851
2049 0.487305
2050 0.551271
2051 0.5105
2052 0.493177
2053 0.502283
2054 0.521632
2055 0.525974
2056 0.483252
2057 0.514631
2058 0.60252
2059 0.514374
2060 0.535065
2061 0.479737
2062 0.628708
2063 0.504406
2064 0.470052
2065 0.713589
2066 0.50054
2067 0.506111
2068 0.560808
2069 0.630772
2070 0.639344
2071 0.470561
2072 0.484664
2073 0.472079
2074 0.48096
2075 0.494038
2076 0.528822
2077 0.514268
2078 0.493408
2079 0.519317
2080 0.489726
2081 0.564115
2082 0.50632
2083 0.546925
2084 0.498235
2085 0.495995
2086 0.470566
2087 0.516201
2088 0.566203
2089 0.621711
2090 0.513735
2091 0.490952
2092 0.484306
2093 0.50261
2094 0.541878
2095 0.520004
2096 0.536799
2097 0.491705
2098 0.459072
2099 0.495547
2100 0.465505
2101 0.550015
2102 0.484164
2103 0.463678
2104 0.540764
2105 0.476027
2106 0.481386
2107 0.504583
2108 0.484762
2109 0.528836
2110 0.468161
2111 0.527216
2112 0.513505
2113 0.476711
2114 0.515017
2115 0.474892
2116 0.4904
2117 0.502482
2118 0.550201
2119 0.45559
2120 0.465019
2121 0.481217
2122 0.447923
2123 0.516696
2124 0.501643
2125 0.487607
2126 0.5232
2127 0.470977
2128 0.457576
2129 0.492951
2130 0.479922
2131 0.440471
2132 0.449593
2133 0.504137
2134 0.444028
2135 0.498065
2136 0.43432
2137 0.425789
2138 0.450141
2139 0.522833
2140 0.455114
2141 0.473829
2142 0.664731
2143 0.527927
2144 0.558546
2145 0.519868
2146 0.494232
2147 0.472632
2148 0.534617
2149 0.525002
2150 0.529911
2151 0.460644
2152 0.481742
2153 0.50842
2154 0.526594
2155 0.446388
2156 0.495441
2157 0.486275
2158 0.567553
2159 0.53113
2160 0.495136
2161 0.533961
2162 0.462564
2163 0.52826
2164 0.470955
2165 0.493934
2166 0.477088
2167 0.49824
2168 0.555975
2169 0.493588
2170 0.505554
2171 0.485476
2172 0.668055
2173 0.532963
2174 0.475191
2175 0.504552
2176 0.5241
2177 0.491554
2178 0.499881
2179 0.476067
2180 0.453963
2181 0.468923
2182 0.527621
2183 0.492652
2184 0.71013
2185 0.506082
2186 0.457162
2187 0.442962
2188 0.527895
2189 0.503931
2190 0.486314
2191 0.462637
2192 0.435228
2193 0.460685
2194 0.525069
2195 0.514964
2196 0.502496
2197 0.518763
2198 0.457346
2199 0.486888
2200 0.507009
2201 0.489972
2202 0.54421
2203 0.565863
2204 0.523637
2205 0.463441
2206 0.488163
2207 0.493856
2208 0.475577
2209 0.527998
2210 0.436744
2211 0.499952
2212 0.479342
2213 0.520238
2214 0.469944
2215 0.512657
2216 0.508952
2217 0.4485
2218 0.498518
2219 0.495321
2220 0.45439
2221 0.43846
2222 0.515724
2223 0.498663
2224 0.494759
2225 0.47455
2226 0.475497
2227 0.503216
2228 0.526786
2229 0.460198
2230 0.481778
2231 0.44012
2232 0.454472
2233 0.491614
2234 0.492922
2235 0.467582
2236 0.467385
2237 0.46896
2238 0.518537
2239 0.446542
2240 0.503092
2241 0.496458
2242 0.537115
2243 0.499841
2244 0.467637
2245 0.47459
2246 0.452033
2247 0.494158
2248 0.484035
2249 0.470576
2250 0.473365
2251 0.434265
2252 0.437053
2253 0.511793
2254 0.482957
2255 0.490968
2256 0.540936
2257 0.45144
2258 0.449505
2259 0.455064
2260 0.511027
2261 0.467058
2262 0.496213
2263 0.485407
2264 0.44462
2265 0.512777
2266 0.531547
2267 0.469901
2268 0.487898
2269 0.443146
2270 0.430775
2271 0.461161
2272 0.424985
2273 0.509787
2274 0.441889
2275 0.434135
2276 0.438437
2277 0.499838
2278 0.463182
2279 0.430223
2280 0.497558
2281 0.480729
2282 0.448168
2283 0.451319
2284 0.463288
2285 0.443241
2286 0.418366
2287 0.519252
2288 0.481352
2289 0.501199
2290 0.493624
2291 0.513745
2292 0.467411
2293 0.453091
2294 0.471374
2295 0.453501
2296 0.527086
2297 0.457176
2298 0.464692
2299 0.479055
2300 0.465856
2301 0.441732
2302 0.450263
2303 0.526255
2304 0.538111
2305 0.538841
2306 0.434802
2307 0.462628
2308 0.436208
2309 0.438922
2310 0.512251
2311 0.592031
2312 0.504655
2313 0.50987
2314 0.515911
2315 0.465557
2316 0.533253
2317 0.49229
2318 0.433848
2319 0.468007
2320 0.451393
2321 0.540738
2322 0.446765
2323 0.452195
2324 0.466955
2325 0.44914
2326 0.539982
2327 0.446995
2328 0.538457
2329 0.451448
2330 0.46543
2331 0.491268
2332 0.479319
2333 0.500342
2334 0.454062
2335 0.434944
2336 0.535488
2337 0.484181
2338 0.458416
2339 0.505788
2340 0.431693
2341 0.42009
2342 0.485351
2343 0.468313
2344 0.461475
2345 0.421283
2346 0.454327
2347 0.471642
2348 0.53173
2349 0.472518
2350 0.473086
2351 0.529131
2352 0.567686
2353 0.507383
2354 0.555717
2355 0.444198
2356 0.457799
2357 0.486672
2358 0.489037
2359 0.46604
2360 0.480236
2361 0.480965
2362 0.466771
2363 0.446137
2364 0.460549
2365 0.49071
2366 0.479187
2367 0.434434
2368 0.461117
2369 0.425071
2370 0.466071
2371 0.446672
2372 0.417161
2373 0.476246
2374 0.457073
2375 0.493435
2376 0.497414
2377 0.452129
2378 0.5405
2379 0.481439
2380 0.449415
2381 0.538727
2382 0.479763
2383 0.436382
2384 0.486259
2385 0.459295
2386 0.505573
2387 0.469614
2388 0.448451
2389 0.427785
2390 0.425319
2391 0.447955
2392 0.467359
2393 0.472555
2394 0.498845
2395 0.443992
2396 0.52477
2397 0.46867
2398 0.419647
2399 0.535449
2400 0.448999
2401 0.418361
2402 0.411443
2403 0.428447
2404 0.470156
2405 0.483294
2406 0.457811
2407 0.416735
2408 0.436942
2409 0.418352
2410 0.447967
2411 0.493746
2412 0.480562
2413 0.417224
2414 0.510382
2415 0.476861
2416 0.409663
2417 0.456435
2418 0.45046
2419 0.475909
2420 0.415112
2421 0.444019
2422 0.437866
2423 0.454257
2424 0.518497
2425 0.435043
2426 0.466516
2427 0.496372
2428 0.532288
2429 0.411751
2430 0.438566
2431 0.487181
2432 0.453805
2433 0.4656
2434 0.411931
2435 0.492366
2436 0.545683
2437 0.429317
2438 0.425843
2439 0.479132
2440 0.440075
2441 0.443617
2442 0.41883
2443 0.456351
2444 0.427683
2445 0.488208
2446 0.433187
2447 0.480438
2448 0.417367
2449 0.418423
2450 0.450537
2451 0.537832
2452 0.429628
2453 0.427482
2454 0.456002
2455 0.418512
2456 0.4305
2457 0.502353
2458 0.422916
2459 0.461742
2460 0.489808
2461 0.462591
2462 0.484285
2463 0.460732
2464 0.457273
2465 0.510838
2466 0.557611
2467 0.432389
2468 0.408483
2469 0.479141
2470 0.434105
2471 0.484345
2472 0.49656
2473 0.536713
2474 0.455162
2475 0.454882
2476 0.512096
2477 0.462189
2478 0.498419
2479 0.422121
2480 0.426173
2481 0.444237
2482 0.453418
2483 0.448808
2484 0.460461
2485 0.399087
2486 0.51501
2487 0.521418
2488 0.494481
2489 0.421131
2490 0.426148
2491 0.523764
2492 0.478913
2493 0.409493
2494 0.586227
2495 0.422269
2496 0.5
2497 0.513475
2498 0.47275
2499 0.442602
2500 0.428681
2501 0.433463
2502 0.438274
2503 0.405294
2504 0.441869
2505 0.463393
2506 0.44747
2507 0.431641
2508 0.417397
2509 0.398793
2510 0.479225
2511 0.46185
2512 0.461799
2513 0.412584
2514 0.417345
2515 0.45503
2516 0.462444
2517 0.494498
2518 0.510724
2519 0.447003
2520 0.49258
2521 0.432518
2522 0.474325
2523 0.486663
2524 0.417891
2525 0.427871
2526 0.443814
2527 0.408465
2528 0.424241
2529 0.432142
2530 0.431233
2531 0.410359
2532 0.430406
2533 0.462398
2534 0.404154
2535 0.439095
2536 0.488047
2537 0.42518
2538 0.442633
2539 0.426231
2540 0.44391
2541 0.409023
2542 0.405429
2543 0.479163
2544 0.465721
2545 0.438417
2546 0.473877
2547 0.457348
2548 0.43968
2549 0.418194
2550 0.427312
2551 0.410089
2552 0.445488
2553 0.41261
2554 0.436848
2555 0.441897
2556 0.439693
2557 0.421733
2558 0.402658
2559 0.415336
2560 0.408209
2561 0.390476
2562 0.403589
2563 0.408013
2564 0.399433
2565 0.397758
2566 0.381334
2567 0.418913
2568 0.442449
2569 0.378548
2570 0.543675
2571 0.415096
2572 0.442445
2573 0.430426
2574 0.446042
2575 0.408483
2576 0.410757
2577 0.448553
2578 0.451513
2579 0.425533
2580 0.4329
2581 0.413708
2582 0.426425
2583 0.43808
2584 0.411971
2585 0.426779
2586 0.498324
2587 0.470185
2588 0.474722
2589 0.485074
2590 0.461427
2591 0.46254
2592 0.433857
2593 0.446527
2594 0.498697
2595 0.425382
2596 0.410555
2597 0.543263
2598 0.440605
2599 0.415623
2600 0.453874
2601 0.495922
2602 0.5257
2603 0.408848
2604 0.460078
2605 0.484247
2606 0.462407
2607 0.436612
2608 0.431628
2609 0.410565
2610 0.408988
2611 0.432595
2612 0.502822
2613 0.448637
2614 0.390302
2615 0.37404
2616 0.399569
2617 0.423909
2618 0.481379
2619 0.43895
2620 0.425404
2621 0.385014
2622 0.408285
2623 0.438791
2624 0.505928
2625 0.440896
2626 0.403516
2627 0.402142
2628 0.393499
2629 0.416573
2630 0.389615
2631 0.421824
2632 0.405345
2633 0.416636
2634 0.4329
2635 0.414341
2636 0.410203
2637 0.416759
2638 0.418993
2639 0.424237
2640 0.413086
2641 0.407416
2642 0.432466
2643 0.421799
2644 0.429246
2645 0.412182
2646 0.419952
2647 0.435921
2648 0.414868
2649 0.403126
2650 0.388726
2651 0.437704
2652 0.428066
2653 0.446916
2654 0.390388
2655 0.401464
2656 0.436814
2657 0.432806
2658 0.451102
2659 0.401304
2660 0.403685
2661 0.409617
2662 0.424035
2663 0.410443
2664 0.423128
2665 0.432683
2666 0.461895
2667 0.416527
2668 0.373601
2669 0.397012
2670 0.417629
2671 0.50888
2672 0.447473
2673 0.450856
2674 0.430829
2675 0.39593
2676 0.415909
2677 0.409342
2678 0.441864
2679 0.406113
2680 0.40281
2681 0.412372
2682 0.448104
2683 0.437051
2684 0.431517
2685 0.420977
2686 0.401627
2687 0.384213
2688 0.428681
2689 0.434937
2690 0.423508
2691 0.397176
2692 0.426332
2693 0.409903
2694 0.465711
2695 0.466562
2696 0.449858
2697 0.408464
2698 0.406937
2699 0.38221
2700 0.396368
2701 0.442871
2702 0.402877
2703 0.37775
2704 0.431628
2705 0.427446
2706 0.488609
2707 0.434239
2708 0.436094
2709 0.444668
2710 0.408345
2711 0.440272
2712 0.381216
2713 0.432538
2714 0.378221
2715 0.422957
2716 0.411626
2717 0.458447
2718 0.448383
2719 0.462323
2720 0.451479
2721 0.385408
2722 0.416086
2723 0.405987
2724 0.389586
2725 0.397628
2726 0.398755
2727 0.438781
2728 0.393852
2729 0.414548
2730 0.424219
2731 0.366012
2732 0.455324
2733 0.410808
2734 0.427436
2735 0.403106
2736 0.376187
2737 0.402342
2738 0.414946
2739 0.44054
2740 0.46598
2741 0.460166
2742 0.467704
2743 0.424722
2744 0.390192
2745 0.458193
2746 0.384705
2747 0.403275
2748 0.41124
2749 0.425435
2750 0.459866
2751 0.389514
2752 0.407964
2753 0.393286
2754 0.44163
2755 0.396105
2756 0.441067
2757 0.459971
2758 0.390787
2759 0.388455
2760 0.436421
2761 0.44494
2762 0.426177
2763 0.382026
2764 0.413102
2765 0.433898
2766 0.409072
2767 0.430764
2768 0.391084
2769 0.38127
2770 0.373689
2771 0.395242
2772 0.410021
2773 0.410194
2774 0.415615
2775 0.400998
2776 0.43867
2777 0.431428
2778 0.399851
2779 0.426289
2780 0.435328
2781 0.431761
2782 0.410121
2783 0.409704
2784 0.3744
2785 0.444474
2786 0.422059
2787 0.380781
2788 0.413079
2789 0.418382
2790 0.388698
2791 0.37754
2792 0.382296
2793 0.393636
2794 0.403985
2795 0.39969
2796 0.427399
2797 0.395097
2798 0.400463
2799 0.393297
2800 0.369353
2801 0.449479
2802 0.420821
2803 0.415992
2804 0.404333
2805 0.454141
2806 0.412526
2807 0.446091
2808 0.424798
2809 0.394042
2810 0.447287
2811 0.423873
2812 0.393155
2813 0.38398
2814 0.376184
2815 0.501886
2816 0.387655
2817 0.423689
2818 0.403807
2819 0.382212
2820 0.41434
2821 0.382572
2822 0.396004
2823 0.414236
2824 0.400503
2825 0.469408
2826 0.424382
2827 0.433894
2828 0.487863
2829 0.402532
2830 0.363637
2831 0.388606
2832 0.441924
2833 0.399151
2834 0.430931
2835 0.406542
2836 0.379281
2837 0.364731
2838 0.364893
2839 0.416398
2840 0.451812
2841 0.430349
2842 0.405102
2843 0.395889
2844 0.388207
2845 0.402943
2846 0.39852
2847 0.397258
2848 0.426721
2849 0.360219
2850 0.427047
2851 0.419843
2852 0.388097
2853 0.411618
2854 0.386134
2855 0.450351
2856 0.403093
2857 0.423982
2858 0.404727
2859 0.42167
2860 0.463101
2861 0.430157
2862 0.383193
2863 0.397431
2864 0.427721
2865 0.488353
2866 0.382137
2867 0.4156
2868 0.421212
2869 0.444392
2870 0.410339
2871 0.361037
2872 0.402669
2873 0.395672
2874 0.456852
2875 0.3935
2876 0.448558
2877 0.378249
2878 0.411311
2879 0.443933
2880 0.446408
2881 0.375022
2882 0.388093
2883 0.426453
2884 0.38586
2885 0.407893
2886 0.425019
2887 0.401531
2888 0.445667
2889 0.432063
2890 0.427316
2891 0.423932
2892 0.415472
2893 0.430781
2894 0.484942
2895 0.406908
2896 0.377905
2897 0.369129
2898 0.393216
2899 0.400972
2900 0.408749
2901 0.382377
2902 0.503148
2903 0.438601
2904 0.436872
2905 0.420683
2906 0.406396
2907 0.396097
2908 0.433235
2909 0.377392
2910 0.38202
2911 0.393095
2912 0.395411
2913 0.38702
2914 0.385069
2915 0.482162
2916 0.386642
2917 0.421848
2918 0.362119
2919 0.42102
2920 0.440014
2921 0.408239
2922 0.468491
2923 0.380748
2924 0.37355
2925 0.411438
2926 0.41532
2927 0.404845
2928 0.369671
2929 0.404132
2930 0.391968
2931 0.364524
2932 0.401056
2933 0.445257
2934 0.422382
2935 0.402795
2936 0.381396
2937 0.363703
2938 0.406267
2939 0.426348
2940 0.403361
2941 0.400965
2942 0.386243
2943 0.369319
2944 0.398139
2945 0.407631
2946 0.453526
2947 0.410543
2948 0.419871
2949 0.402315
2950 0.380903
2951 0.389464
2952 0.437683
2953 0.406693
2954 0.364677
2955 0.429831
2956 0.390909
2957 0.380876
2958 0.402504
2959 0.367369
2960 0.344502
2961 0.437529
2962 0.38295
2963 0.387275
2964 0.412653
2965 0.431106
2966 0.408729
2967 0.374305
2968 0.378863
2969 0.410809
2970 0.372236
2971 0.416651
2972 0.427899
2973 0.419922
2974 0.407049
2975 0.402315
2976 0.360977
2977 0.367324
2978 0.363542
2979 0.355094
2980 0.399835
2981 0.365066
2982 0.410223
2983 0.398499
2984 0.401903
2985 0.379207
2986 0.40158
2987 0.340464
2988 0.34748
2989 0.351728
2990 0.368855
2991 0.386105
2992 0.381801
2993 0.337024
2994 0.333947
2995 0.355012
2996 0.415768
2997 0.392954
2998 0.351992
2999 0.515294
3000 0.335295
3001 0.441188
3002 0.403823
3003 0.432305
3004 0.351013
3005 0.383898
3006 0.411472
3007 0.435265
3008 0.39881
3009 0.388797
3010 0.385912
3011 0.4228
3012 0.347072
3013 0.372722
3014 0.369602
3015 0.493222
3016 0.406945
3017 0.406803
3018 0.457053
3019 0.378427
3020 0.413646
3021 0.419142
3022 0.375984
3023 0.411211
3024 0.379241
3025 0.454172
3026 0.392381
3027 0.378245
3028 0.3892
3029 0.413217
3030 0.430277
3031 0.390987
3032 0.396901
3033 0.346306
3034 0.391845
3035 0.38366
3036 0.409704
3037 0.353599
3038 0.39128
3039 0.362098
3040 0.375087
3041 0.544172
3042 0.481726
3043 0.385209
3044 0.340214
3045 0.387943
3046 0.374895
3047 0.42145
3048 0.344272
3049 0.37577
3050 0.38912
3051 0.37322
3052 0.439422
3053 0.408491
3054 0.393492
3055 0.414241
3056 0.377848
3057 0.387052
3058 0.406953
3059 0.379736
3060 0.409552
3061 0.367422
3062 0.400126
3063 0.364634
3064 0.386595
3065 0.356476
3066 0.39451
3067 0.413579
3068 0.388641
3069 0.384415
3070 0.394191
3071 0.361458
3072 0.384437
3073 0.380035
3074 0.369573
3075 0.373617
3076 0.368824
3077 0.408284
3078 0.363054
3079 0.398084
3080 0.358738
3081 0.382034
3082 0.367828
3083 0.371449
3084 0.376644
3085 0.409415
3086 0.413716
3087 0.361873
3088 0.368063
3089 0.359282
3090 0.349637
3091 0.366632
3092 0.403852
3093 0.368304
3094 0.382058
3095 0.349746
3096 0.368389
3097 0.36567
3098 0.355556
3099 0.373248
3100 0.455372
3101 0.371497
3102 0.351932
3103 0.366671
3104 0.363334
3105 0.388721
3106 0.35089
3107 0.361683
3108 0.351804
3109 0.350455
3110 0.404608
3111 0.36779
3112 0.393045
3113 0.388128
3114 0.412134
3115 0.380839
3116 0.365583
3117 0.374114
3118 0.384377
3119 0.411816
3120 0.380563
3121 0.330427
3122 0.386615
3123 0.408195
3124 0.407628
3125 0.357944
3126 0.392731
3127 0.338743
3128 0.348653
3129 0.353823
3130 0.416629
3131 0.344336
3132 0.368192
3133 0.381453
3134 0.399417
3135 0.417842
3136 0.37297
3137 0.390973
3138 0.405591
3139 0.375429
3140 0.364057
3141 0.339435
3142 0.415792
3143 0.347731
3144 0.386248
3145 0.337407
3146 0.421415
3147 0.350046
3148 0.394238
3149 0.383485
3150 0.385743
3151 0.385529
3152 0.35226
3153 0.347264
3154 0.364051
3155 0.362515
3156 0.361048
3157 0.326582
3158 0.358402
3159 0.364718
3160 0.35572
3161 0.466438
3162 0.37829
3163 0.414021
3164 0.3484
3165 0.359519
3166 0.371996
3167 0.40604
3168 0.42346
3169 0.428708
3170 0.42613
3171 0.406888
3172 0.336305
3173 0.375772
3174 0.382055
3175 0.331508
3176 0.394238
3177 0.391545
3178 0.371878
3179 0.417516
3180 0.34489
3181 0.3508
3182 0.338609
3183 0.356001
3184 0.352684
3185 0.373242
3186 0.3798
3187 0.384802
3188 0.358096
3189 0.405262
3190 0.394709
3191 0.377299
3192 0.353349
3193 0.387721
3194 0.362443
3195 0.41102
3196 0.352116
3197 0.372037
3198 0.344553
3199 0.337861
3200 0.381506
3201 0.36317
3202 0.353395
3203 0.370796
3204 0.372085
3205 0.403763
3206 0.393164
3207 0.37519
3208 0.406892
3209 0.415841
3210 0.367426
3211 0.375518
3212 0.428081
3213 0.381422
3214 0.399795
3215 0.403302
3216 0.370819
3217 0.332485
3218 0.382817
3219 0.340289
3220 0.364875
3221 0.35663
3222 0.359606
3223 0.353815
3224 0.357645
3225 0.348863
3226 0.33914
3227 0.348477
3228 0.331376
3229 0.334526
3230 0.414197
3231 0.36542
3232 0.436369
3233 0.362648
3234 0.406898
3235 0.362857
3236 0.372989
3237 0.389682
3238 0.424284
3239 0.349117
3240 0.405801
3241 0.385894
3242 0.358219
3243 0.405505
3244 0.339128
3245 0.338872
3246 0.364527
3247 0.361661
3248 0.364367
3249 0.350456
3250 0.3532
3251 0.383115
3252 0.365413
3253 0.370301
3254 0.389737
3255 0.359274
3256 0.381642
3257 0.418611
3258 0.358807
3259 0.341783
3260 0.359523
3261 0.417861
3262 0.361155
3263 0.369517
3264 0.365325
3265 0.329061
3266 0.332988
3267 0.338484
3268 0.377401
3269 0.482115
3270 0.357326
3271 0.362361
3272 0.371613
3273 0.370699
3274 0.356087
3275 0.338899
3276 0.354485
3277 0.371446
3278 0.345831
3279 0.352554
3280 0.354454
3281 0.362185
3282 0.34531
3283 0.375628
3284 0.424421
3285 0.358556
3286 0.392805
3287 0.35758
3288 0.327823
3289 0.403106
3290 0.344606
3291 0.337044
3292 0.367304
3293 0.389538
3294 0.358249
3295 0.374375
3296 0.362216
3297 0.354521
3298 0.369921
3299 0.337948
3300 0.323025
3301 0.347064
3302 0.379182
3303 0.336424
3304 0.356696
3305 0.35271
3306 0.363055
3307 0.33851
3308 0.35831
3309 0.362914
3310 0.324664
3311 0.329496
3312 0.373476
3313 0.364388
3314 0.41724
3315 0.349316
3316 0.357488
3317 0.383774
3318 0.365338
3319 0.347483
3320 0.366775
3321 0.408981
3322 0.347118
3323 0.434926
3324 0.379559
3325 0.33501
3326 0.358732
3327 0.339498
3328 0.346967
3329 0.363131
3330 0.344591
3331 0.406073
3332 0.352707
3333 0.365489
3334 0.398966
3335 0.344145
3336 0.358589
3337 0.348578
3338 0.327902
3339 0.364944
3340 0.335515
3341 0.360435
3342 0.345942
3343 0.363048
3344 0.430241
3345 0.367389
3346 0.37755
3347 0.32926
3348 0.412121
3349 0.410993
3350 0.323319
3351 0.444946
3352 0.316687
3353 0.364641
3354 0.364841
3355 0.386975
3356 0.377833
3357 0.336323
3358 0.349154
3359 0.320522
3360 0.344587
3361 0.332302
3362 0.411453
3363 0.339246
3364 0.349629
3365 0.346355
3366 0.336946
3367 0.372532
3368 0.363326
3369 0.375736
3370 0.352116
3371 0.33835
3372 0.329299
3373 0.360014
3374 0.344566
3375 0.409695
3376 0.325096
3377 0.374746
3378 0.354262
3379 0.350366
3380 0.374113
3381 0.33887
3382 0.352068
3383 0.324737
3384 0.326703
3385 0.319607
3386 0.333918
3387 0.361741
3388 0.344409
3389 0.336266
3390 0.37399
3391 0.332864
3392 0.350029
3393 0.351403
3394 0.387484
3395 0.358768
3396 0.342296
3397 0.365555
3398 0.363257
3399 0.349675
3400 0.349011
3401 0.385075
3402 0.376614
3403 0.329489
3404 0.387303
3405 0.329806
3406 0.331512
3407 0.33521
3408 0.332923
3409 0.343391
3410 0.355867
3411 0.348967
3412 0.385972
3413 0.328838
3414 0.309028
3415 0.374341
3416 0.326955
3417 0.315671
3418 0.326392
3419 0.341773
3420 0.317154
3421 0.319671
3422 0.322494
3423 0.307053
3424 0.327358
3425 0.377496
3426 0.319595
3427 0.330971
3428 0.426221
3429 0.465102
3430 0.365983
3431 0.358387
3432 0.344565
3433 0.329362
3434 0.352608
3435 0.3435
3436 0.340455
3437 0.32135
3438 0.344558
3439 0.355301
3440 0.332691
3441 0.31327
3442 0.357247
3443 0.34498
3444 0.380204
3445 0.3736
3446 0.346142
3447 0.399773
3448 0.338801
3449 0.352543
3450 0.361993
3451 0.332921
3452 0.360842
3453 0.333095
3454 0.393958
3455 0.34196
3456 0.367653
3457 0.313866
3458 0.423953
3459 0.412539
3460 0.347666
3461 0.387833
3462 0.369948
3463 0.384611
3464 0.35223
3465 0.314937
3466 0.3378
3467 0.30082
3468 0.331682
3469 0.334181
3470 0.485063
3471 0.330761
3472 0.314284
3473 0.311657
3474 0.355467
3475 0.329727
3476 0.366093
3477 0.303654
3478 0.324793
3479 0.329817
3480 0.337538
3481 0.409196
3482 0.334597
3483 0.375285
3484 0.348214
3485 0.337937
3486 0.339471
3487 0.336146
3488 0.360798
3489 0.37484
3490 0.34573
3491 0.366547
3492 0.357439
3493 0.347234
3494 0.365541
3495 0.360369
3496 0.359583
3497 0.336745
3498 0.354515
3499 0.37832
3500 0.331632
3501 0.347439
3502 0.381716
3503 0.323768
3504 0.338339
3505 0.364075
3506 0.353497
3507 0.330262
3508 0.368636
3509 0.326288
3510 0.354602
3511 0.319703
3512 0.325962
3513 0.352685
3514 0.355976
3515 0.36987
3516 0.31619
3517 0.332214
3518 0.301921
3519 0.34832
3520 0.360425
3521 0.337497
3522 0.322728
3523 0.34741
3524 0.350972
3525 0.332073
3526 0.333719
3527 0.378295
3528 0.360567
3529 0.394216
3530 0.326284
3531 0.347158
3532 0.329907
3533 0.351119
3534 0.32572
3535 0.342267
3536 0.350675
3537 0.313837
3538 0.303453
3539 0.328148
3540 0.346174
3541 0.395617
3542 0.371313
3543 0.338909
3544 0.30242
3545 0.344557
3546 0.344548
3547 0.321358
3548 0.369773
3549 0.330339
3550 0.296808
3551 0.337604
3552 0.345499
3553 0.333159
3554 0.371635
3555 0.332983
3556 0.305966
3557 0.316531
3558 0.312199
3559 0.380732
3560 0.299369
3561 0.324283
3562 0.327941
3563 0.362077
3564 0.341396
3565 0.314597
3566 0.377626
3567 0.327837
3568 0.322729
3569 0.32574
3570 0.336497
3571 0.313184
3572 0.303067
3573 0.331119
3574 0.373229
3575 0.305547
3576 0.324815
3577 0.366023
3578 0.318606
3579 0.32496
3580 0.32108
3581 0.325245
3582 0.312939
3583 0.334712
3584 0.332676
3585 0.309525
3586 0.329228
3587 0.319085
3588 0.324649
3589 0.332251
3590 0.391984
3591 0.381454
3592 0.345911
3593 0.307781
3594 0.335362
3595 0.315459
3596 0.353738
3597 0.409576
3598 0.35712
3599 0.369837
3600 0.340444
3601 0.304522
3602 0.349516
3603 0.326484
3604 0.317648
3605 0.357709
3606 0.339742
3607 0.384283
3608 0.322934
3609 0.314364
3610 0.32455
3611 0.308485
3612 0.347365
3613 0.348992
3614 0.381054
3615 0.329769
3616 0.34398
3617 0.323206
3618 0.363231
3619 0.344541
3620 0.315476
3621 0.315114
3622 0.359604
3623 0.356266
3624 0.344069
3625 0.366296
3626 0.304457
3627 0.34108
3628 0.381006
3629 0.330143
3630 0.379226
3631 0.32203
3632 0.319507
3633 0.337939
3634 0.363796
3635 0.355307
3636 0.318244
3637 0.388393
3638 0.401848
3639 0.350607
3640 0.375394
3641 0.324564
3642 0.340985
3643 0.378005
3644 0.343131
3645 0.362444
3646 0.329243
3647 0.331025
3648 0.303922
3649 0.300128
3650 0.343048
3651 0.356672
3652 0.3282
3653 0.328109
3654 0.306824
3655 0.295165
3656 0.329633
3657 0.29564
3658 0.297472
3659 0.407345
3660 0.307454
3661 0.349139
3662 0.361986
3663 0.29773
3664 0.337945
3665 0.350043
3666 0.288898
3667 0.374084
3668 0.324234
3669 0.322977
3670 0.349863
3671 0.313387
3672 0.39919
3673 0.32434
3674 0.319876
3675 0.340072
3676 0.321366
3677 0.356521
3678 0.331788
3679 0.339901
3680 0.372971
3681 0.324277
3682 0.341535
3683 0.318493
3684 0.326428
3685 0.374291
3686 0.370802
3687 0.32191
3688 0.30789
3689 0.306917
3690 0.35341
3691 0.348852
3692 0.357925
3693 0.308561
3694 0.294739
3695 0.303111
3696 0.320735
3697 0.361601
3698 0.359896
3699 0.320514
3700 0.326919
3701 0.349919
3702 0.337066
3703 0.310275
3704 0.318192
3705 0.329611
3706 0.314496
3707 0.335567
3708 0.34499
3709 0.31941
3710 0.325849
3711 0.331399
3712 0.372341
3713 0.356058
3714 0.385157
3715 0.333108
3716 0.324835
3717 0.320138
3718 0.339021
3719 0.310361
3720 0.295258
3721 0.375769
3722 0.412428
3723 0.306122
3724 0.312214
3725 0.347942
3726 0.348211
3727 0.325496
3728 0.303133
3729 0.314565
3730 0.364115
3731 0.331247
3732 0.31171
3733 0.362169
3734 0.337482
3735 0.312722
3736 0.340789
3737 0.365737
3738 0.307265
3739 0.295026
3740 0.321091
3741 0.324296
3742 0.32002
3743 0.344797
3744 0.364025
3745 0.363224
3746 0.324877
3747 0.296987
3748 0.345689
3749 0.299681
3750 0.338769
3751 0.380218
3752 0.354946
3753 0.310764
3754 0.308127
3755 0.31941
3756 0.323861
3757 0.375963
3758 0.315296
3759 0.393188
3760 0.355572
3761 0.335124
3762 0.367721
3763 0.360702
3764 0.367262
3765 0.348963
3766 0.31237
3767 0.307928
3768 0.338719
3769 0.347827
3770 0.335747
3771 0.311385
3772 0.336023
3773 0.347118
3774 0.336605
3775 0.318038
3776 0.290851
3777 0.405666
3778 0.329476
3779 0.33767
3780 0.404425
3781 0.313547
3782 0.352137
3783 0.337967
3784 0.339557
3785 0.318333
3786 0.319449
3787 0.323067
3788 0.305511
3789 0.323086
3790 0.329835
3791 0.334862
3792 0.330674
3793 0.321106
3794 0.325295
3795 0.330541
3796 0.348961
3797 0.350567
3798 0.336911
3799 0.289406
3800 0.292332
3801 0.315533
3802 0.351281
3803 0.355513
3804 0.443343
3805 0.347427
3806 0.32252
3807 0.300457
3808 0.334937
3809 0.375396
3810 0.339681
3811 0.294557
3812 0.315571
3813 0.310919
3814 0.297153
3815 0.328831
3816 0.317143
3817 0.322748
3818 0.277437
3819 0.336206
3820 0.295753
3821 0.33177
3822 0.340495
3823 0.291454
3824 0.337647
3825 0.325038
3826 0.293606
3827 0.28582
3828 0.320389
3829 0.348591
3830 0.29517
3831 0.317505
3832 0.316703
3833 0.288781
3834 0.291487
3835 0.319149
3836 0.313243
3837 0.274508
3838 0.321505
3839 0.321134
3840 0.317484
3841 0.310167
3842 0.312029
3843 0.323234
3844 0.29618
3845 0.296214
3846 0.298295
3847 0.321792
3848 0.326625
3849 0.296578
3850 0.299211
3851 0.28928
3852 0.291521
3853 0.285774
3854 0.321386
3855 0.291574
3856 0.34889
3857 0.33035
3858 0.422735
3859 0.346953
3860 0.308095
3861 0.309656
3862 0.286402
3863 0.306908
3864 0.345373
3865 0.333434
3866 0.307776
3867 0.298612
3868 0.286263
3869 0.30594
3870 0.292105
3871 0.296441
3872 0.3905
3873 0.357242
3874 0.339626
3875 0.337714
3876 0.320996
3877 0.305806
3878 0.342927
3879 0.311015
3880 0.305591
3881 0.321292
3882 0.296074
3883 0.378119
3884 0.288376
3885 0.305359
3886 0.282781
3887 0.416425
3888 0.352271
3889 0.274398
3890 0.318659
3891 0.330979
3892 0.302314
3893 0.308202
3894 0.294318
3895 0.320644
3896 0.299651
3897 0.307967
3898 0.349564
3899 0.336562
3900 0.2944
3901 0.348205
3902 0.283555
3903 0.311639
3904 0.300328
3905 0.374103
3906 0.327499
3907 0.288273
3908 0.293406
3909 0.317788
3910 0.306345
3911 0.302773
3912 0.301092
3913 0.308038
3914 0.302456
3915 0.322729
3916 0.336026
3917 0.312146
3918 0.316678
3919 0.346363
3920 0.333255
3921 0.29175
3922 0.30399
3923 0.296846
3924 0.294509
3925 0.295949
3926 0.342024
3927 0.309689
3928 0.321122
3929 0.31115
3930 0.316605
3931 0.321499
3932 0.289855
3933 0.349261
3934 0.330434
3935 0.291826
3936 0.296285
3937 0.29448
3938 0.31584
3939 0.297847
3940 0.307549
3941 0.298153
3942 0.33596
3943 0.30976
3944 0.312661
3945 0.290076
3946 0.273973
3947 0.315496
3948 0.317445
3949 0.338817
3950 0.304685
3951 0.323649
3952 0.315765
3953 0.311156
3954 0.281175
3955 0.307463
3956 0.318076
3957 0.34252
3958 0.288312
3959 0.32454
3960 0.28293
3961 0.294078
3962 0.30175
3963 0.283346
3964 0.284438
3965 0.29705
3966 0.289209
3967 0.297261
3968 0.314844
3969 0.307796
3970 0.317237
3971 0.320577
3972 0.307114
3973 0.283886
3974 0.330676
3975 0.340245
3976 0.329998
3977 0.336896
3978 0.29506
3979 0.283703
3980 0.294784
3981 0.339552
3982 0.297869
3983 0.298889
3984 0.289055
3985 0.281018
3986 0.310605
3987 0.321908
3988 0.324645
3989 0.28319
3990 0.30823
3991 0.290554
3992 0.332223
3993 0.320962
3994 0.288265
3995 0.331915
3996 0.327439
3997 0.291812
3998 0.285503
3999 0.321158
4000 0.292724
4001 0.298419
4002 0.296827
4003 0.360516
4004 0.299642
4005 0.311062
4006 0.319658
4007 0.287448
4008 0.335536
4009 0.272902
4010 0.321253
4011 0.305971
4012 0.322832
4013 0.284561
4014 0.28347
4015 0.337045
4016 0.289981
4017 0.272911
4018 0.368175
4019 0.304724
4020 0.313167
4021 0.28956
4022 0.308601
4023 0.288773
4024 0.291139
4025 0.379926
4026 0.362249
4027 0.358497
4028 0.337367
4029 0.313599
4030 0.281002
4031 0.347888
4032 0.312532
4033 0.30243
4034 0.313337
4035 0.321215
4036 0.351997
4037 0.302318
4038 0.278225
4039 0.304363
4040 0.311665
4041 0.299166
4042 0.32894
4043 0.27033
4044 0.299089
4045 0.336787
4046 0.3223
4047 0.318255
4048 0.310131
4049 0.302319
4050 0.294601
4051 0.295361
4052 0.286458
4053 0.308012
4054 0.315927
4055 0.260763
4056 0.282806
4057 0.27882
4058 0.288694
4059 0.277076
4060 0.300882
4061 0.284271
4062 0.338601
4063 0.313067
4064 0.337412
4065 0.308073
4066 0.32786
4067 0.339894
4068 0.294123
4069 0.320055
4070 0.294275
4071 0.303106
4072 0.357862
4073 0.288972
4074 0.321713
4075 0.294365
4076 0.269155
4077 0.303918
4078 0.297899
4079 0.316353
4080 0.327576
4081 0.280726
4082 0.296601
4083 0.285207
4084 0.286751
4085 0.271833
4086 0.276437
4087 0.331705
4088 0.348381
4089 0.330353
4090 0.318589
4091 0.309876
4092 0.288242
4093 0.300718
4094 0.338359
4095 0.27464
4096 0.322918
4097 0.307916
4098 0.271828
4099 0.295862
4100 0.333387
4101 0.31268
4102 0.283719
4103 0.349572
4104 0.308219
4105 0.313724
4106 0.305056
4107 0.298538
4108 0.295758
4109 0.328115
4110 0.304462
4111 0.407373
4112 0.32765
4113 0.301906
4114 0.367954
4115 0.303427
4116 0.291505
4117 0.306648
4118 0.307427
4119 0.277142
4120 0.324529
4121 0.29328
4122 0.278101
4123 0.276775
4124 0.297774
4125 0.300888
4126 0.355172
4127 0.304638
4128 0.311157
4129 0.309271
4130 0.317681
4131 0.300623
4132 0.299822
4133 0.289787
4134 0.287254
4135 0.281649
4136 0.306977
4137 0.288871
4138 0.270773
4139 0.325065
4140 0.280004
4141 0.3312
4142 0.31046
4143 0.347835
4144 0.287268
4145 0.311588
4146 0.358178
4147 0.283251
4148 0.272348
4149 0.270944
4150 0.29703
4151 0.347058
4152 0.287644
4153 0.330296
4154 0.346983
4155 0.301551
4156 0.278829
4157 0.277346
4158 0.323258
4159 0.288865
4160 0.311943
4161 0.284877
4162 0.301041
4163 0.304496
4164 0.284394
4165 0.310607
4166 0.31897
4167 0.280603
4168 0.271122
4169 0.32383
4170 0.29321
4171 0.343451
4172 0.295368
4173 0.307435
4174 0.344066
4175 0.311428
4176 0.305704
4177 0.311413
4178 0.30064
4179 0.305488
4180 0.331677
4181 0.293882
4182 0.262293
4183 0.26853
4184 0.302431
4185 0.286756
4186 0.266157
4187 0.281428
4188 0.388572
4189 0.295031
4190 0.331211
4191 0.355173
4192 0.325415
4193 0.306216
4194 0.306205
4195 0.268972
4196 0.295666
4197 0.292071
4198 0.300148
4199 0.314758
4200 0.260179
4201 0.319928
4202 0.300702
4203 0.314446
4204 0.264169
4205 0.294684
4206 0.345139
4207 0.314422
4208 0.342586
4209 0.313454
4210 0.268079
4211 0.327191
4212 0.345384
4213 0.349224
4214 0.282027
4215 0.303509
4216 0.31052
4217 0.275982
4218 0.277606
4219 0.401411
4220 0.289578
4221 0.322133
4222 0.290408
4223 0.300936
4224 0.297408
4225 0.295345
4226 0.331301
4227 0.296924
4228 0.279446
4229 0.289753
4230 0.316283
4231 0.281994
4232 0.333803
4233 0.338275
4234 0.305862
4235 0.276356
4236 0.28414
4237 0.306186
4238 0.288403
4239 0.291414
4240 0.295929
4241 0.314675
4242 0.264785
4243 0.28637
4244 0.301513
4245 0.291649
4246 0.278991
4247 0.312191
4248 0.293932
4249 0.272728
4250 0.295335
4251 0.315327
4252 0.29059
4253 0.285594
4254 0.291897
4255 0.299584
4256 0.273187
4257 0.264524
4258 0.305751
4259 0.308533
4260 0.286133
4261 0.302422
4262 0.287422
4263 0.290237
4264 0.292265
4265 0.269504
4266 0.289992
4267 0.276115
4268 0.286841
4269 0.319872
4270 0.298173
4271 0.254217
4272 0.311476
4273 0.262271
4274 0.288419
4275 0.286841
4276 0.265618
4277 0.27265
4278 0.28437
4279 0.291375
4280 0.26992
4281 0.272074
4282 0.302749
4283 0.299161
4284 0.269379
4285 0.367588
4286 0.278249
4287 0.322308
4288 0.287911
4289 0.269418
4290 0.266424
4291 0.267448
4292 0.294851
4293 0.292096
4294 0.295668
4295 0.284912
4296 0.26843
4297 0.279094
4298 0.274012
4299 0.274796
4300 0.252024
4301 0.378995
4302 0.296748
4303 0.301683
4304 0.337936
4305 0.263891
4306 0.283892
4307 0.288428
4308 0.295515
4309 0.336024
4310 0.313264
4311 0.361009
4312 0.30337
4313 0.302411
4314 0.265866
4315 0.313966
4316 0.332749
4317 0.319017
4318 0.278048
4319 0.281477
4320 0.296238
4321 0.283996
4322 0.273943
4323 0.266741
4324 0.254748
4325 0.284954
4326 0.33969
4327 0.402634
4328 0.285758
4329 0.27948
4330 0.252826
4331 0.294616
4332 0.284409
4333 0.288563
4334 0.26455
4335 0.286961
4336 0.271119
4337 0.286225
4338 0.312757
4339 0.33049
4340 0.298631
4341 0.299132
4342 0.274982
4343 0.285646
4344 0.296101
4345 0.276946
4346 0.284417
4347 0.287693
4348 0.298337
4349 0.298931
4350 0.289742
4351 0.279887
4352 0.29014
4353 0.285632
4354 0.277789
4355 0.283516
4356 0.340127
4357 0.31777
4358 0.30728
4359 0.318284
4360 0.288481
4361 0.309249
4362 0.29436
4363 0.312221
4364 0.252367
4365 0.304342
4366 0.284561
4367 0.308936
4368 0.302558
4369 0.262807
4370 0.28166
4371 0.280295
4372 0.30525
4373 0.289097
4374 0.259957
4375 0.277059
4376 0.277873
4377 0.281495
4378 0.267319
4379 0.303246
4380 0.309793
4381 0.305446
4382 0.274494
4383 0.276479
4384 0.302172
4385 0.347802
4386 0.357921
4387 0.297535
4388 0.291774
4389 0.273035
4390 0.259067
4391 0.294344
4392 0.264087
4393 0.275486
4394 0.261157
4395 0.251274
4396 0.305274
4397 0.290355
4398 0.281737
4399 0.308759
4400 0.294846
4401 0.292227
4402 0.266772
4403 0.311881
4404 0.293584
4405 0.296593
4406 0.286784
4407 0.246344
4408 0.265722
4409 0.337949
4410 0.297302
4411 0.309491
4412 0.308639
4413 0.270172
4414 0.256911
4415 0.293046
4416 0.327599
4417 0.280296
4418 0.269606
4419 0.256746
4420 0.308973
4421 0.305672
4422 0.258373
4423 0.302313
4424 0.320648
4425 0.318926
4426 0.262222
4427 0.274408
4428 0.295838
4429 0.255341
4430 0.308424
4431 0.267425
4432 0.298401
4433 0.277705
4434 0.310712
4435 0.287417
4436 0.321291
4437 0.266082
4438 0.276917
4439 0.264058
4440 0.288499
4441 0.269189
4442 0.282568
4443 0.277522
4444 0.271532
4445 0.280226
4446 0.246482
4447 0.30091
4448 0.293042
4449 0.30519
4450 0.295925
4451 0.263631
4452 0.25337
4453 0.315387
4454 0.31382
4455 0.353218
4456 0.292011
4457 0.287819
4458 0.261052
4459 0.303993
4460 0.27363
4461 0.253781
4462 0.271249
4463 0.266311
4464 0.28632
4465 0.310435
4466 0.241308
4467 0.283623
4468 0.260474
4469 0.297393
4470 0.285023
4471 0.316299
4472 0.2593
4473 0.247082
4474 0.276227
4475 0.266848
4476 0.264853
4477 0.307606
4478 0.286122
4479 0.293434
4480 0.305599
4481 0.289803
4482 0.265368
4483 0.269701
4484 0.256218
4485 0.260891
4486 0.29934
4487 0.286701
4488 0.294932
4489 0.285721
4490 0.259947
4491 0.315025
4492 0.279435
4493 0.294049
4494 0.298355
4495 0.341533
4496 0.322422
4497 0.302972
4498 0.278372
4499 0.259214
4500 0.304255
4501 0.303484
4502 0.283785
4503 0.285322
4504 0.29097
4505 0.259627
4506 0.273485
4507 0.262431
4508 0.311319
4509 0.281524
4510 0.284512
4511 0.292896
4512 0.262848
4513 0.261824
4514 0.28736
4515 0.25811
4516 0.332556
4517 0.296761
4518 0.314713
4519 0.290821
4520 0.285753
4521 0.277186
4522 0.29838
4523 0.31936
4524 0.27607
4525 0.301522
4526 0.267025
4527 0.270662
4528 0.293039
4529 0.354688
4530 0.247507
4531 0.246938
4532 0.27634
4533 0.266114
4534 0.268801
4535 0.280609
4536 0.266028
4537 0.307897
4538 0.25966
4539 0.338265
4540 0.340621
4541 0.290517
4542 0.287412
4543 0.325238
4544 0.266053
4545 0.257273
4546 0.275487
4547 0.345607
4548 0.278876
4549 0.269168
4550 0.286953
4551 0.246288
4552 0.268503
4553 0.263562
4554 0.295752
4555 0.361426
4556 0.267173
4557 0.298437
4558 0.279197
4559 0.294517
4560 0.267872
4561 0.258001
4562 0.259229
4563 0.271414
4564 0.266506
4565 0.266558
4566 0.246522
4567 0.285121
4568 0.274649
4569 0.256652
4570 0.333385
4571 0.261091
4572 0.320823
4573 0.275442
4574 0.267398
4575 0.316636
4576 0.245964
4577 0.278395
4578 0.272144
4579 0.336218
4580 0.270097
4581 0.271503
4582 0.301166
4583 0.299648
4584 0.29985
4585 0.279181
4586 0.23907
4587 0.265325
4588 0.315899
4589 0.236499
4590 0.285233
4591 0.304334
4592 0.273642
4593 0.257024
4594 0.266006
4595 0.294052
4596 0.264885
4597 0.27764
4598 0.280062
4599 0.266758
4600 0.292585
4601 0.267423
4602 0.258161
4603 0.303632
4604 0.314582
4605 0.268265
4606 0.289807
4607 0.29096
4608 0.254885
4609 0.36545
4610 0.278356
4611 0.247511
4612 0.286007
4613 0.252194
4614 0.251294
4615 0.293412
4616 0.270927
4617 0.289263
4618 0.280833
4619 0.319287
4620 0.303153
4621 0.267906
4622 0.256999
4623 0.250946
4624 0.253771
4625 0.297175
4626 0.261563
4627 0.260104
4628 0.244556
4629 0.281534
4630 0.343886
4631 0.296493
4632 0.29132
4633 0.239928
4634 0.266629
4635 0.289322
4636 0.254823
4637 0.288874
4638 0.265796
4639 0.248039
4640 0.287396
4641 0.298687
4642 0.313566
4643 0.272218
4644 0.281901
4645 0.261025
4646 0.24541
4647 0.256116
4648 0.305574
4649 0.257763
4650 0.273489
4651 0.259721
4652 0.274396
4653 0.310691
4654 0.309536
4655 0.312085
4656 0.274844
4657 0.262656
4658 0.265131
4659 0.295943
4660 0.335858
4661 0.324868
4662 0.266922
4663 0.302695
4664 0.257596
4665 0.260618
4666 0.285905
4667 0.285268
4668 0.293605
4669 0.301615
4670 0.256623
4671 0.285208
4672 0.259481
4673 0.246301
4674 0.273699
4675 0.230963
4676 0.291011
4677 0.249909
4678 0.26679
4679 0.269192
4680 0.286483
4681 0.267734
4682 0.25557
4683 0.27888
4684 0.256471
4685 0.260303
4686 0.254217
4687 0.304999
4688 0.266642
4689 0.252099
4690 0.253581
4691 0.254448
4692 0.26309
4693 0.258802
4694 0.240525
4695 0.265173
4696 0.282557
4697 0.240386
4698 0.294255
4699 0.256263
4700 0.290219
4701 0.274573
4702 0.258117
4703 0.254223
4704 0.274086
4705 0.248976
4706 0.253163
4707 0.266809
4708 0.24792
4709 0.23972
4710 0.249128
4711 0.301909
4712 0.256041
4713 0.259496
4714 0.359044
4715 0.355005
4716 0.299978
4717 0.261112
4718 0.240998
4719 0.265346
4720 0.261121
4721 0.296743
4722 0.276248
4723 0.271301
4724 0.252823
4725 0.27692
4726 0.250424
4727 0.259331
4728 0.26382
4729 0.252658
4730 0.308462
4731 0.283636
4732 0.262603
4733 0.307526
4734 0.266516
4735 0.308069
4736 0.281684
4737 0.266056
4738 0.256537
4739 0.266439
4740 0.326474
4741 0.275806
4742 0.250297
4743 0.251443
4744 0.29532
4745 0.311662
4746 0.311308
4747 0.270302
4748 0.265976
4749 0.292519
4750 0.27681
4751 0.25168
4752 0.246712
4753 0.228583
4754 0.249454
4755 0.291087
4756 0.422788
4757 0.286716
4758 0.289824
4759 0.246811
4760 0.287944
4761 0.284457
4762 0.303934
4763 0.257279
4764 0.253722
4765 0.258587
4766 0.247151
4767 0.304452
4768 0.252607
4769 0.26139
4770 0.246367
4771 0.238795
4772 0.267811
4773 0.266642
4774 0.284822
4775 0.285849
4776 0.291921
4777 0.311229
4778 0.293526
4779 0.266426
4780 0.267468
4781 0.263912
4782 0.273716
4783 0.292791
4784 0.268537
4785 0.257501
4786 0.251416
4787 0.270682
4788 0.309685
4789 0.248153
4790 0.268886
4791 0.281886
4792 0.246162
4793 0.23449
4794 0.273771
4795 0.252869
4796 0.253656
4797 0.258484
4798 0.232566
4799 0.293589
4800 0.257756
4801 0.271736
4802 0.235894
4803 0.263611
4804 0.260478
4805 0.267533
4806 0.284737
4807 0.272694
4808 0.260807
4809 0.250069
4810 0.254426
4811 0.234966
4812 0.271244
4813 0.295218
4814 0.272738
4815 0.338041
4816 0.239544
4817 0.273734
4818 0.222794
4819 0.242927
4820 0.270234
4821 0.240045
4822 0.262466
4823 0.233153
4824 0.231774
4825 0.276844
4826 0.248606
4827 0.304
4828 0.254903
4829 0.247664
4830 0.230028
4831 0.308013
4832 0.266407
4833 0.263508
4834 0.276521
4835 0.260902
4836 0.27111
4837 0.260396
4838 0.347844
4839 0.288007
4840 0.253508
4841 0.276619
4842 0.241278
4843 0.265679
4844 0.265215
4845 0.270845
4846 0.234657
4847 0.268342
4848 0.237755
4849 0.296124
4850 0.254013
4851 0.227856
4852 0.284269
4853 0.274055
4854 0.245837
4855 0.24637
4856 0.243884
4857 0.258776
4858 0.226501
4859 0.316931
4860 0.250867
4861 0.269818
4862 0.244757
4863 0.287264
4864 0.252962
4865 0.256466
4866 0.272969
4867 0.252463
4868 0.253967
4869 0.24541
4870 0.266619
4871 0.279105
4872 0.260056
4873 0.277848
4874 0.253425
4875 0.258599
4876 0.325462
4877 0.263479
4878 0.270916
4879 0.27867
4880 0.243178
4881 0.259548
4882 0.266727
4883 0.339012
4884 0.301324
4885 0.300289
4886 0.256607
4887 0.238434
4888 0.272143
4889 0.283185
4890 0.266187
4891 0.252551
4892 0.254207
4893 0.268046
4894 0.300489
4895 0.237311
4896 0.279965
4897 0.230805
4898 0.262406
4899 0.248205
4900 0.288877
4901 0.27005
4902 0.282849
4903 0.278016
4904 0.268264
4905 0.280011
4906 0.236236
4907 0.235597
4908 0.278648
4909 0.257848
4910 0.265058
4911 0.252859
4912 0.245644
4913 0.221729
4914 0.260412
4915 0.26868
4916 0.270416
4917 0.252324
4918 0.25071
4919 0.26362
4920 0.277131
4921 0.249942
4922 0.255731
4923 0.268153
4924 0.30166
4925 0.290359
4926 0.287013
4927 0.257122
4928 0.258499
4929 0.319731
4930 0.264573
4931 0.245717
4932 0.264535
4933 0.256897
4934 0.251896
4935 0.251812
4936 0.275646
4937 0.276617
4938 0.246081
4939 0.249073
4940 0.239653
4941 0.247879
4942 0.253127
4943 0.236778
4944 0.232688
4945 0.310361
4946 0.287287
4947 0.301506
4948 0.254639
4949 0.265936
4950 0.236885
4951 0.282768
4952 0.249751
4953 0.303354
4954 0.286813
4955 0.241183
4956 0.241524
4957 0.261526
4958 0.321889
4959 0.238032
4960 0.251708
4961 0.227799
4962 0.219632
4963 0.23855
4964 0.249622
4965 0.260004
4966 0.284261
4967 0.248049
4968 0.276531
4969 0.2744
4970 0.233334
4971 0.272557
4972 0.305319
4973 0.247837
4974 0.239174
4975 0.26736
4976 0.271243
4977 0.2796
4978 0.253978
4979 0.238836
4980 0.235123
4981 0.264175
4982 0.238843
4983 0.313464
4984 0.314352
4985 0.277819
4986 0.256581
4987 0.262576
4988 0.249197
4989 0.247575
4990 0.233357
4991 0.253716
4992 0.232775
4993 0.255441
4994 0.257044
4995 0.246926
4996 0.239324
4997 0.238966
4998 0.281754
4999 0.288651
5000 0.256377
