0 4.72106
1 21.9626
2 5.87536
3 4.31059
4 5.49199
5 3.95693
6 3.71819
7 4.06468
8 3.34269
9 3.6143
10 2.63205
11 2.18895
12 1.84171
13 1.87015
14 1.9692
15 1.81146
16 1.83899
17 2.00964
18 1.69346
19 1.72472
20 1.81553
21 1.87591
22 2.00722
23 2.03036
24 1.65728
25 2.09407
26 1.71783
27 1.57298
28 1.919
29 1.80593
30 1.7891
31 1.37936
32 1.59416
33 1.5559
34 1.63226
35 1.42565
36 1.37824
37 1.51366
38 1.36733
39 1.41028
40 1.37414
41 1.43401
42 1.47366
43 1.29214
44 1.56474
45 1.29061
46 1.27047
47 1.37672
48 1.35273
49 1.31712
50 1.33965
51 1.5472
52 1.46271
53 1.3644
54 1.44102
55 1.74722
56 1.58202
57 1.5013
58 1.40861
59 1.43938
60 1.29517
61 1.3095
62 1.54257
63 1.55657
64 1.24573
65 1.28191
66 1.28372
67 1.36862
68 1.38619
69 1.30782
70 1.42664
71 1.43551
72 1.54511
73 1.53062
74 1.5976
75 1.47581
76 1.68527
77 1.41807
78 1.2206
79 1.30249
80 1.2266
81 1.23111
82 1.33785
83 1.30834
84 1.30633
85 1.30087
86 1.4164
87 1.20754
88 1.2287
89 1.23965
90 1.26879
91 1.3622
92 1.2826
93 1.26307
94 1.36501
95 1.27946
96 1.18706
97 1.2455
98 1.37198
99 1.35159
100 1.39161
101 1.20023
102 1.22006
103 1.16742
104 1.24152
105 1.19272
106 1.27789
107 1.23878
108 1.10337
109 1.25749
110 1.20806
111 1.29069
112 1.29604
113 1.41161
114 1.24576
115 1.17209
116 1.16281
117 1.49794
118 1.83426
119 1.43153
120 1.17551
121 1.22703
122 1.30133
123 1.31233
124 1.33952
125 1.2618
126 1.14711
127 1.18279
128 1.21652
129 1.27543
130 1.1769
131 1.05772
132 1.19499
133 1.25386
134 1.28758
135 1.08442
136 1.34582
137 1.45509
138 1.38677
139 1.16249
140 1.04703
141 1.16424
142 1.10155
143 1.1197
144 1.07112
145 1.21075
146 1.2587
147 1.22718
148 1.30543
149 1.09753
150 1.20423
151 1.05712
152 1.26816
153 1.32442
154 1.26642
155 1.10783
156 1.10226
157 1.27117
158 1.21027
159 1.03713
160 1.16091
161 1.1091
162 1.22012
163 1.25219
164 1.12178
165 1.1886
166 1.12863
167 1.20744
168 1.23549
169 1.4843
170 1.65127
171 1.33714
172 1.54852
173 1.73082
174 1.21692
175 1.2469
176 1.13287
177 1.13023
178 1.15606
179 1.09857
180 1.12938
181 1.09852
182 1.2585
183 1.07736
184 1.2396
185 1.12146
186 1.08665
187 1.14687
188 1.23154
189 1.23019
190 1.17468
191 1.09065
192 1.07011
193 1.19324
194 1.28902
195 1.18532
196 1.22529
197 1.10091
198 1.06004
199 1.09833
200 1.20701
201 1.11795
202 1.20579
203 1.15353
204 1.2472
205 1.22732
206 1.22825
207 1.07925
208 1.40067
209 1.0839
210 1.10046
211 1.15261
212 1.12877
213 1.17908
214 1.31045
215 1.0198
216 1.0478
217 1.16738
218 1.06761
219 1.0387
220 0.990631
221 1.14104
222 1.0886
223 1.02308
224 1.13668
225 0.990347
226 1.1567
227 1.03395
228 0.99333
229 1.09996
230 1.11396
231 1.12848
232 1.21286
233 1.24311
234 0.991984
235 1.09002
236 1.10828
237 1.09496
238 1.11954
239 1.1658
240 1.02098
241 1.03936
242 1.06403
243 1.09311
244 1.00333
245 1.09373
246 1.04082
247 0.968611
248 1.10488
249 1.06046
250 1.13191
251 1.02081
252 1.30553
253 1.19603
254 1.23223
255 1.20396
256 1.06739
257 1.11557
258 1.03115
259 0.998107
260 1.07772
261 1.04417
262 1.13505
263 1.1074
264 0.952305
265 0.965958
266 0.939101
267 1.02938
268 1.30849
269 1.17072
270 1.10288
271 1.13739
272 1.13345
273 1.04135
274 1.0747
275 1.05891
276 0.976283
277 1.05813
278 1.05018
279 1.08626
280 1.06804
281 1.10801
282 1.01708
283 1.14009
284 1.06941
285 1.07719
286 0.938399
287 1.03909
288 1.05738
289 1.08881
290 1.04253
291 1.1058
292 1.1887
293 1.02202
294 1.0582
295 1.14547
296 1.17087
297 0.983811
298 1.02799
299 0.938216
300 0.932015
301 1.03798
302 1.06563
303 1.08581
304 1.10836
305 1.05432
306 1.01246
307 1.07384
308 1.05341
309 0.915879
310 1.00647
311 1.09387
312 0.991243
313 1.08931
314 1.03778
315 1.05584
316 1.06813
317 1.08619
318 1.03346
319 1.05842
320 1.10306
321 1.1224
322 1.33697
323 1.32892
324 0.976882
325 0.976744
326 0.995795
327 1.03514
328 1.00942
329 1.05128
330 1.09138
331 1.05716
332 1.05469
333 1.0958
334 1.00237
335 1.19714
336 1.1042
337 0.939914
338 1.09971
339 0.956393
340 0.983919
341 1.02928
342 0.935787
343 1.32784
344 1.11831
345 1.06984
346 0.905527
347 1.27138
348 1.09923
349 1.0187
350 1.14211
351 1.01127
352 1.00533
353 1.10383
354 1.30513
355 1.02894
356 1.07475
357 0.971383
358 0.963856
359 0.905507
360 0.952645
361 1.09494
362 0.926815
363 0.971144
364 0.992263
365 1.01874
366 0.990383
367 1.04397
368 1.03919
369 0.986455
370 1.00433
371 0.950661
372 1.03762
373 1.04603
374 1.29634
375 0.973791
376 1.04841
377 0.892217
378 0.98495
379 1.05672
380 0.980399
381 1.0025
382 1.07155
383 0.982538
384 0.971939
385 0.943526
386 0.959228
387 0.968576
388 0.939103
389 1.05001
390 0.967511
391 0.965293
392 0.989026
393 0.971892
394 0.997467
395 0.908746
396 1.02986
397 1.02523
398 0.955325
399 0.984882
400 1.02646
401 0.924991
402 0.928891
403 0.976799
404 0.976086
405 0.928443
406 0.984973
407 0.885755
408 0.942389
409 1.00553
410 0.925136
411 1.1241
412 0.899953
413 0.90438
414 0.986004
415 0.874791
416 0.84761
417 0.936939
418 0.913366
419 0.881436
420 0.963305
421 0.860811
422 0.825522
423 0.924396
424 1.38251
425 1.55975
426 1.07318
427 1.25293
428 0.880373
429 1.12299
430 0.923638
431 1.07943
432 0.951186
433 0.933179
434 0.978865
435 1.0317
436 0.904109
437 0.997594
438 0.999495
439 0.921361
440 0.990446
441 0.965751
442 0.956981
443 1.09604
444 1.01178
445 0.922867
446 1.05682
447 0.940486
448 0.938843
449 0.994913
450 0.955415
451 0.941831
452 0.989374
453 1.08267
454 0.945382
455 1.0393
456 0.884373
457 1.16505
458 1.11587
459 1.01637
460 1.00372
461 0.921807
462 0.927388
463 0.974455
464 0.959826
465 0.883582
466 0.944201
467 0.863351
468 0.980789
469 1.37664
470 1.17279
471 1.08084
472 0.969634
473 1.01437
474 0.989979
475 1.05236
476 0.864612
477 0.932683
478 0.893873
479 0.966674
480 1.01762
481 1.0082
482 0.939362
483 0.963331
484 0.836383
485 0.969079
486 0.947384
487 1.026
488 1.17656
489 1.0261
490 1.0044
491 1.05978
492 0.922929
493 0.87481
494 0.951183
495 0.888689
496 0.991527
497 0.922628
498 0.936777
499 1.01754
500 0.994553
501 0.967685
502 0.904907
503 0.939471
504 1.04935
505 1.05059
506 0.863359
507 0.93728
508 1.01215
509 0.861992
510 0.969814
511 0.903728
512 1.04103
513 0.952291
514 1.02534
515 0.893367
516 0.925926
517 0.884421
518 0.949796
519 0.957948
520 0.934103
521 0.895114
522 0.959903
523 0.922946
524 0.902494
525 0.928984
526 0.971209
527 0.934681
528 0.9977
529 0.914878
530 0.870348
531 0.862539
532 0.915091
533 0.88377
534 0.939658
535 0.894392
536 0.8214
537 0.803794
538 0.957705
539 1.00051
540 0.942116
541 0.908002
542 0.876812
543 0.811208
544 0.903556
545 0.893505
546 0.972159
547 1.07254
548 0.851975
549 0.820503
550 0.9159
551 1.04672
552 0.930167
553 0.956196
554 0.932771
555 0.835987
556 0.877331
557 0.882768
558 0.957915
559 0.825923
560 0.844865
561 0.85263
562 0.942931
563 0.863356
564 0.8753
565 1.00978
566 0.935929
567 0.970091
568 0.836595
569 0.826942
570 0.933788
571 0.781077
572 0.854796
573 0.874409
574 0.891596
575 0.937616
576 0.889936
577 0.885696
578 0.85762
579 0.90339
580 0.830434
581 0.924592
582 0.917199
583 0.931402
584 0.833366
585 0.847345
586 0.911646
587 0.841694
588 0.82133
589 0.930292
590 0.891143
591 0.904107
592 0.839786
593 0.860928
594 0.80531
595 1.0507
596 0.990046
597 1.03775
598 0.931927
599 1.04643
600 0.834255
601 1.00636
602 0.922128
603 0.821089
604 0.891359
605 0.866095
606 0.886412
607 0.892516
608 0.843334
609 0.881478
610 0.816294
611 0.948316
612 0.872968
613 0.984029
614 0.838304
615 0.839691
616 0.923351
617 0.914108
618 0.86817
619 0.838604
620 0.796206
621 0.853921
622 0.898304
623 0.86903
624 0.85979
625 0.871255
626 0.844264
627 0.837319
628 0.854574
629 0.907688
630 0.845869
631 0.868905
632 0.872082
633 0.896872
634 0.902966
635 0.800204
636 0.88248
637 0.94492
638 0.87692
639 0.854825
640 0.831996
641 0.822409
642 0.953602
643 0.873092
644 0.900693
645 0.8472
646 0.84852
647 0.812345
648 0.783085
649 0.862503
650 0.86624
651 0.875963
652 0.825809
653 0.840927
654 0.791093
655 0.84992
656 0.788191
657 0.767472
658 0.925702
659 0.83251
660 0.935089
661 0.929859
662 0.832738
663 0.816185
664 0.911079
665 0.810646
666 0.918588
667 0.926541
668 0.83539
669 0.84622
670 0.861707
671 0.936549
672 0.913863
673 0.755663
674 0.878493
675 0.74895
676 0.815334
677 0.823203
678 0.805923
679 0.874279
680 0.804895
681 0.995131
682 0.900371
683 0.853798
684 0.838507
685 0.878421
686 0.804851
687 0.790959
688 0.83003
689 0.882368
690 0.830427
691 0.905024
692 0.821617
693 0.769562
694 0.744503
695 0.85539
696 0.883947
697 0.923858
698 0.759239
699 0.879586
700 0.888883
701 0.894279
702 0.782354
703 0.78583
704 0.781973
705 0.816569
706 0.875002
707 0.79463
708 0.839711
709 0.841503
710 0.822168
711 0.803676
712 0.977991
713 0.912437
714 0.860689
715 0.881238
716 0.786411
717 0.925732
718 0.779497
719 0.814718
720 0.860386
721 0.968438
722 0.814221
723 0.825954
724 0.854988
725 0.920499
726 0.774807
727 0.812487
728 0.74892
729 0.834099
730 0.855356
731 0.785212
732 0.844011
733 0.831371
734 0.843365
735 0.890417
736 0.924426
737 0.796271
738 0.781155
739 0.793083
740 0.862424
741 0.808235
742 0.821838
743 0.786046
744 0.844411
745 0.860126
746 0.829046
747 0.910781
748 0.862373
749 0.848741
750 0.89451
751 1.03141
752 0.844825
753 0.780721
754 0.816765
755 0.799222
756 0.803818
757 0.776799
758 0.959962
759 0.925646
760 0.799127
761 0.824909
762 0.901053
763 0.808331
764 0.86545
765 0.827417
766 0.766592
767 0.791907
768 0.76496
769 0.823363
770 0.725438
771 0.868373
772 1.01431
773 0.815149
774 0.828224
775 0.727644
776 0.998009
777 0.886306
778 0.756971
779 0.924357
780 0.830507
781 0.7989
782 0.916391
783 1.04118
784 0.981858
785 0.786695
786 0.791908
787 0.769286
788 0.749476
789 0.781938
790 0.90905
791 0.765122
792 0.804381
793 0.798068
794 0.756863
795 0.814474
796 0.841584
797 0.853506
798 0.800969
799 0.797049
800 0.712277
801 0.844394
802 0.914885
803 0.950689
804 0.878622
805 0.768733
806 0.725363
807 0.804961
808 0.814043
809 0.787855
810 0.79258
811 0.829419
812 0.816604
813 0.777484
814 0.757635
815 0.761231
816 0.76797
817 0.746066
818 0.868667
819 0.758047
820 0.760115
821 0.856027
822 0.751833
823 0.76505
824 0.709139
825 0.80558
826 0.801642
827 0.786495
828 0.756288
829 0.719481
830 0.795223
831 0.726733
832 0.789936
833 0.748358
834 0.7448
835 0.767932
836 0.755288
837 0.80102
838 0.744154
839 0.738239
840 0.853934
841 0.727298
842 0.727601
843 0.798314
844 0.700435
845 0.724746
846 0.727956
847 0.749915
848 0.68809
849 0.756031
850 0.665856
851 0.692704
852 0.729748
853 0.759441
854 0.704183
855 0.726096
856 0.951979
857 0.810171
858 0.824372
859 0.773243
860 0.72054
861 0.734859
862 0.762335
863 0.904773
864 0.832857
865 0.739937
866 0.735532
867 0.740773
868 0.759828
869 0.740948
870 0.745159
871 0.772576
872 0.788548
873 0.832987
874 0.75927
875 0.778223
876 0.736174
877 0.805878
878 0.763766
879 0.810998
880 0.759219
881 0.737285
882 0.822453
883 0.757154
884 0.767698
885 0.705429
886 0.933929
887 0.88379
888 0.753344
889 0.752573
890 0.80208
891 0.746772
892 0.764432
893 0.724226
894 0.705807
895 0.698616
896 0.769602
897 0.778733
898 0.966293
899 0.781686
900 0.706825
901 0.709787
902 0.807731
903 0.750571
904 0.799451
905 0.766121
906 0.693531
907 0.702212
908 0.825806
909 0.787509
910 0.774049
911 0.763629
912 0.730747
913 0.701113
914 0.775257
915 0.749314
916 0.796177
917 0.763561
918 0.723767
919 0.773657
920 0.901017
921 0.749502
922 0.714611
923 0.766577
924 0.696821
925 0.825961
926 0.735195
927 0.742259
928 0.746551
929 0.756734
930 0.833113
931 0.695112
932 0.748902
933 0.806371
934 0.700648
935 0.690138
936 0.828419
937 0.802137
938 0.757643
939 0.733303
940 0.689046
941 0.791507
942 0.799231
943 0.719478
944 0.736117
945 0.669725
946 0.776377
947 0.722923
948 0.831967
949 0.755679
950 0.800705
951 0.785297
952 0.858865
953 0.676653
954 0.70378
955 0.786485
956 0.72529
957 0.743965
958 0.746772
959 0.734872
960 0.689944
961 0.731031
962 0.810437
963 0.720007
964 0.740106
965 0.67317
966 0.661443
967 0.746888
968 0.787297
969 0.809776
970 0.736119
971 0.712513
972 0.690652
973 0.673195
974 0.766619
975 0.777276
976 0.78821
977 0.753161
978 0.685718
979 0.779804
980 0.836896
981 0.804665
982 0.766918
983 0.717391
984 0.677235
985 0.717809
986 0.717275
987 0.77753
988 0.659424
989 0.730579
990 0.696216
991 0.794604
992 0.684406
993 0.711932
994 0.875892
995 0.752849
996 0.754306
997 0.661498
998 0.726193
999 0.682735
1000 0.659128
1001 0.742533
1002 0.747413
1003 0.746919
1004 0.71627
1005 0.739971
1006 0.664115
1007 0.756957
1008 0.680103
1009 0.730215
1010 0.727043
1011 0.694258
1012 0.774238
1013 0.694701
1014 0.729938
1015 0.727293
1016 0.70476
1017 0.738146
1018 0.792855
1019 0.750613
1020 0.708137
1021 0.699982
1022 0.7316
1023 0.663708
1024 0.785445
1025 0.802736
1026 0.814762
1027 0.70946
1028 0.804169
1029 0.653888
1030 0.765931
1031 0.716987
1032 0.706359
1033 0.749435
1034 0.695398
1035 0.742807
1036 0.650915
1037 0.688044
1038 0.710803
1039 0.696778
1040 0.692818
1041 0.727852
1042 0.805705
1043 0.657653
1044 0.691988
1045 0.721076
1046 0.689435
1047 0.700926
1048 0.660695
1049 0.659862
1050 0.721053
1051 0.751328
1052 0.696798
1053 0.784732
1054 0.672658
1055 0.659285
1056 0.666726
1057 0.710222
1058 0.686258
1059 0.667245
1060 0.705803
1061 0.736739
1062 0.772122
1063 0.710524
1064 0.675943
1065 0.686232
1066 0.75041
1067 0.712569
1068 0.74026
1069 0.684821
1070 0.685075
1071 0.737077
1072 0.696172
1073 0.704556
1074 0.721399
1075 0.712707
1076 0.650846
1077 0.65116
1078 0.721934
1079 0.704922
1080 0.693684
1081 0.660704
1082 0.701582
1083 0.667111
1084 0.726934
1085 0.662905
1086 0.671844
1087 0.822096
1088 0.713253
1089 0.754822
1090 0.775464
1091 0.696348
1092 0.708067
1093 0.70799
1094 0.672681
1095 0.785105
1096 0.743398
1097 0.682668
1098 0.701766
1099 0.690723
1100 0.703238
1101 0.654655
1102 0.687755
1103 0.71086
1104 0.621523
1105 0.691058
1106 0.692986
1107 0.732099
1108 0.739307
1109 0.691126
1110 0.775568
1111 0.760835
1112 0.642888
1113 0.793062
1114 0.668848
1115 0.67384
1116 0.666558
1117 0.665713
1118 0.672257
1119 0.727804
1120 0.690524
1121 0.655488
1122 0.618752
1123 0.646155
1124 0.656228
1125 0.827445
1126 0.824007
1127 0.681924
1128 0.715131
1129 0.705185
1130 0.662943
1131 0.635303
1132 0.644178
1133 0.737591
1134 0.688194
1135 0.704295
1136 0.683555
1137 0.662557
1138 0.71168
1139 0.670975
1140 0.714481
1141 0.692422
1142 0.760026
1143 0.677191
1144 0.694862
1145 0.67906
1146 0.667828
1147 0.687722
1148 0.629303
1149 0.802368
1150 0.734398
1151 0.680745
1152 0.707517
1153 0.721191
1154 0.735379
1155 0.645792
1156 0.652117
1157 0.659814
1158 0.712888
1159 0.685569
1160 0.648628
1161 0.710465
1162 0.65033
1163 0.657743
1164 0.65972
1165 0.768022
1166 0.638467
1167 0.650752
1168 0.687983
1169 0.67266
1170 0.717934
1171 0.655249
1172 0.646056
1173 0.69912
1174 0.716153
1175 0.659751
1176 0.777576
1177 0.663341
1178 0.713165
1179 0.724338
1180 0.760871
1181 0.647075
1182 0.606778
1183 0.706863
1184 0.666488
1185 0.703566
1186 0.656507
1187 0.784587
1188 0.681028
1189 0.662786
1190 0.787262
1191 0.660815
1192 0.749252
1193 0.664063
1194 0.681114
1195 0.649353
1196 0.648956
1197 0.653949
1198 0.647256
1199 0.593976
1200 0.750937
1201 0.752002
1202 0.71012
1203 0.617579
1204 0.682483
1205 0.783217
1206 0.759811
1207 0.644121
1208 0.725765
1209 0.656114
1210 0.709634
1211 0.710098
1212 0.75812
1213 0.636199
1214 0.705721
1215 0.65316
1216 0.687861
1217 0.605659
1218 0.753294
1219 0.673337
1220 0.638733
1221 0.681035
1222 0.670961
1223 0.608196
1224 0.66619
1225 0.752782
1226 0.664548
1227 0.64294
1228 0.624523
1229 0.63792
1230 0.643088
1231 0.763918
1232 0.709848
1233 0.676616
1234 0.669382
1235 0.590559
1236 0.746066
1237 0.680165
1238 0.698116
1239 0.669854
1240 0.685298
1241 0.611241
1242 0.622095
1243 0.663487
1244 0.692812
1245 0.599499
1246 0.627905
1247 0.693546
1248 0.65558
1249 0.665749
1250 0.692296
1251 0.640547
1252 0.634786
1253 0.654171
1254 0.661297
1255 0.650625
1256 0.623203
1257 0.708245
1258 0.631176
1259 0.645278
1260 0.672913
1261 0.62829
1262 0.638544
1263 0.646859
1264 0.607884
1265 0.661506
1266 0.662569
1267 0.615936
1268 0.6781
1269 0.653955
1270 0.605175
1271 0.624941
1272 0.647854
1273 0.586772
1274 0.606837
1275 0.592305
1276 0.622237
1277 0.619938
1278 0.598765
1279 0.578467
1280 0.593248
1281 0.640239
1282 0.613702
1283 0.562166
1284 0.82986
1285 0.610892
1286 0.768264
1287 0.640671
1288 0.694107
1289 0.627503
1290 0.675706
1291 0.661185
1292 0.67416
1293 0.644187
1294 0.621263
1295 0.61903
1296 0.625601
1297 0.656045
1298 0.581356
1299 0.616536
1300 0.760574
1301 0.632586
1302 0.635208
1303 0.671177
1304 0.631695
1305 0.604547
1306 0.657575
1307 0.648436
1308 0.686695
1309 0.64391
1310 0.62093
1311 0.781934
1312 0.626708
1313 0.659598
1314 0.643224
1315 0.723485
1316 0.721937
1317 0.622142
1318 0.650707
1319 0.661856
1320 0.626349
1321 0.604
1322 0.590753
1323 0.617442
1324 0.591011
1325 0.69727
1326 0.74224
1327 0.660384
1328 0.609211
1329 0.567157
1330 0.606129
1331 0.66205
1332 0.675682
1333 0.598614
1334 0.602966
1335 0.604483
1336 0.617236
1337 0.748502
1338 0.667128
1339 0.629373
1340 0.614319
1341 0.604088
1342 0.58798
1343 0.612764
1344 0.633599
1345 0.663775
1346 0.640356
1347 0.629291
1348 0.684081
1349 0.604978
1350 0.587781
1351 0.651479
1352 0.645161
1353 0.633583
1354 0.637888
1355 0.642017
1356 0.626762
1357 0.604613
1358 0.644174
1359 0.66298
1360 0.611089
1361 0.651399
1362 0.768135
1363 0.594221
1364 0.602298
1365 0.688491
1366 0.637798
1367 0.626908
1368 0.616336
1369 0.591472
1370 0.702182
1371 0.655353
1372 0.642161
1373 0.625121
1374 0.586325
1375 0.634988
1376 0.60707
1377 0.654263
1378 0.612867
1379 0.6266
1380 0.635314
1381 0.624886
1382 0.617208
1383 0.594753
1384 0.643061
1385 0.678382
1386 0.618316
1387 0.646787
1388 0.581913
1389 0.591795
1390 0.642151
1391 0.596544
1392 0.593722
1393 0.586698
1394 0.569187
1395 0.617922
1396 0.692
1397 0.61177
1398 0.618344
1399 0.591789
1400 0.600746
1401 0.590365
1402 0.584028
1403 0.63411
1404 0.671731
1405 0.638787
1406 0.592621
1407 0.580473
1408 0.668788
1409 0.703569
1410 0.620338
1411 0.58915
1412 0.609758
1413 0.566225
1414 0.574381
1415 0.641337
1416 0.593985
1417 0.560881
1418 0.636453
1419 0.605843
1420 0.65633
1421 0.565141
1422 0.601031
1423 0.679909
1424 0.622784
1425 0.594856
1426 0.54579
1427 0.600845
1428 0.562154
1429 0.591169
1430 0.578358
1431 0.618761
1432 0.613459
1433 0.626964
1434 0.616701
1435 0.558657
1436 0.674527
1437 0.567138
1438 0.606042
1439 0.626842
1440 0.643851
1441 0.559104
1442 0.541548
1443 0.613708
1444 0.573944
1445 0.55861
1446 0.606424
1447 0.633434
1448 0.666298
1449 0.551746
1450 0.561655
1451 0.619673
1452 0.571632
1453 0.663934
1454 0.722097
1455 0.700416
1456 0.627032
1457 0.577968
1458 0.602638
1459 0.788504
1460 0.581198
1461 0.61608
1462 0.594068
1463 0.576189
1464 0.635835
1465 0.6061
1466 0.616976
1467 0.567493
1468 0.620825
1469 0.60722
1470 0.675701
1471 0.60898
1472 0.569164
1473 0.594189
1474 0.620116
1475 0.600596
1476 0.557574
1477 0.568102
1478 0.573055
1479 0.593905
1480 0.599834
1481 0.62739
1482 0.592802
1483 0.565654
1484 0.558776
1485 0.574742
1486 0.624197
1487 0.563651
1488 0.588456
1489 0.5655
1490 0.649568
1491 0.626758
1492 0.611609
1493 0.594601
1494 0.69298
1495 0.675506
1496 0.58931
1497 0.578024
1498 0.586582
1499 0.577194
1500 0.663339
1501 0.574503
1502 0.617187
1503 0.641131
1504 0.555556
1505 0.581837
1506 0.547667
1507 0.609714
1508 0.620333
1509 0.574368
1510 0.639864
1511 0.549694
1512 0.549703
1513 0.580752
1514 0.547306
1515 0.68716
1516 0.564334
1517 0.600158
1518 0.640869
1519 0.652822
1520 0.556513
1521 0.582861
1522 0.629201
1523 0.575791
1524 0.657537
1525 0.605422
1526 0.576185
1527 0.573357
1528 0.621309
1529 0.657398
1530 0.538731
1531 0.621414
1532 0.552063
1533 0.590412
1534 0.567129
1535 0.600572
1536 0.594619
1537 0.567515
1538 0.626692
1539 0.601924
1540 0.554564
1541 0.597419
1542 0.609423
1543 0.531814
1544 0.59154
1545 0.533502
1546 0.615213
1547 0.646264
1548 0.607543
1549 0.630217
1550 0.554278
1551 0.576422
1552 0.534901
1553 0.622235
1554 0.65467
1555 0.577359
1556 0.590727
1557 0.609241
1558 0.55901
1559 0.583879
1560 0.554788
1561 0.580562
1562 0.604292
1563 0.563073
1564 0.581739
1565 0.607589
1566 0.558268
1567 0.585551
1568 0.588318
1569 0.698473
1570 0.564776
1571 0.568235
1572 0.593722
1573 0.586183
1574 0.570005
1575 0.551264
1576 0.556775
1577 0.591541
1578 0.612532
1579 0.663308
1580 0.554829
1581 0.615175
1582 0.613888
1583 0.621272
1584 0.543311
1585 0.525475
1586 0.590497
1587 0.595369
1588 0.597369
1589 0.58813
1590 0.553974
1591 0.5758
1592 0.574877
1593 0.583921
1594 0.679952
1595 0.53344
1596 0.556808
1597 0.590065
1598 0.531346
1599 0.568192
1600 0.574742
1601 0.588073
1602 0.564372
1603 0.584266
1604 0.622972
1605 0.581235
1606 0.594808
1607 0.571995
1608 0.711573
1609 0.566507
1610 0.528628
1611 0.539557
1612 0.601995
1613 0.55623
1614 0.614736
1615 0.55274
1616 0.63934
1617 0.586219
1618 0.652504
1619 0.632327
1620 0.548976
1621 0.581499
1622 0.59186
1623 0.528584
1624 0.555647
1625 0.518007
1626 0.544192
1627 0.525687
1628 0.542605
1629 0.746658
1630 0.610991
1631 0.62527
1632 0.518982
1633 0.583066
1634 0.629867
1635 0.550515
1636 0.692378
1637 0.519401
1638 0.556557
1639 0.627226
1640 0.635138
1641 0.596618
1642 0.511558
1643 0.54841
1644 0.519713
1645 0.54023
1646 0.53778
1647 0.708849
1648 0.527372
1649 0.577018
1650 0.561531
1651 0.58069
1652 0.557797
1653 0.599561
1654 0.600425
1655 0.576256
1656 0.55124
1657 0.493847
1658 0.532271
1659 0.554217
1660 0.738145
1661 0.523366
1662 0.577097
1663 0.521815
1664 0.548841
1665 0.564644
1666 0.582188
1667 0.533142
1668 0.565657
1669 0.556804
1670 0.512354
1671 0.51812
1672 0.533768
1673 0.527021
1674 0.529943
1675 0.543104
1676 0.582406
1677 0.530839
1678 0.586042
1679 0.575495
1680 0.568718
1681 0.521647
1682 0.574552
1683 0.56085
1684 0.516451
1685 0.522569
1686 0.533012
1687 0.554868
1688 0.538497
1689 0.54974
1690 0.55883
1691 0.530663
1692 0.567114
1693 0.528101
1694 0.551552
1695 0.535217
1696 0.54577
1697 0.560761
1698 0.5317
1699 0.508543
1700 0.53089
1701 0.492373
1702 0.505295
1703 0.529094
1704 0.499484
1705 0.533515
1706 0.538443
1707 0.498009
1708 0.489685
1709 0.486048
1710 0.534835
1711 0.513654
1712 0.498795
1713 0.730578
1714 0.486538
1715 0.598397
1716 0.554222
1717 0.534742
1718 0.552707
1719 0.52415
1720 0.527221
1721 0.582563
1722 0.504725
1723 0.520183
1724 0.546259
1725 0.534197
1726 0.527905
1727 0.508619
1728 0.566403
1729 0.574016
1730 0.561007
1731 0.532172
1732 0.596556
1733 0.508736
1734 0.525172
1735 0.538931
1736 0.542022
1737 0.57012
1738 0.548845
1739 0.605303
1740 0.538868
1741 0.542525
1742 0.521108
1743 0.595813
1744 0.582845
1745 0.558231
1746 0.520786
1747 0.530916
1748 0.552574
1749 0.521456
1750 0.526828
1751 0.503133
1752 0.521562
1753 0.506284
1754 0.604786
1755 0.745591
1756 0.54821
1757 0.54248
1758 0.496532
1759 0.53815
1760 0.536063
1761 0.575959
1762 0.523733
1763 0.511155
1764 0.512854
1765 0.555155
1766 0.638752
1767 0.563677
1768 0.531553
1769 0.568835
1770 0.498681
1771 0.575951
1772 0.539706
1773 0.509057
1774 0.608696
1775 0.511566
1776 0.512004
1777 0.60348
1778 0.499917
1779 0.528023
1780 0.512003
1781 0.527717
1782 0.536908
1783 0.647978
1784 0.509531
1785 0.534296
1786 0.540012
1787 0.57316
1788 0.519539
1789 0.550006
1790 0.556221
1791 0.583373
1792 0.476884
1793 0.520595
1794 0.508741
1795 0.572193
1796 0.532999
1797 0.490786
1798 0.532309
1799 0.555766
1800 0.554555
1801 0.528897
1802 0.527144
1803 0.485917
1804 0.520929
1805 0.539726
1806 0.559001
1807 0.542543
1808 0.512098
1809 0.543535
1810 0.536941
1811 0.525741
1812 0.560878
1813 0.526801
1814 0.626895
1815 0.514972
1816 0.546438
1817 0.499113
1818 0.505731
1819 0.505869
1820 0.505824
1821 0.512401
1822 0.532138
1823 0.464358
1824 0.549504
1825 0.526076
1826 0.556456
1827 0.536636
1828 0.56717
1829 0.464964
1830 0.50817
1831 0.531193
1832 0.555042
1833 0.658844
1834 0.522867
1835 0.485788
1836 0.561682
1837 0.656788
1838 0.546092
1839 0.520652
1840 0.530944
1841 0.494999
1842 0.503705
1843 0.489518
1844 0.560009
1845 0.502115
1846 0.507961
1847 0.50327
1848 0.519458
1849 0.533413
1850 0.514899
1851 0.571935
1852 0.55058
1853 0.537697
1854 0.499901
1855 0.470195
1856 0.513439
1857 0.4923
1858 0.487729
1859 0.523824
1860 0.512005
1861 0.516734
1862 0.551113
1863 0.515531
1864 0.476277
1865 0.511428
1866 0.47966
1867 0.516157
1868 0.534433
1869 0.546342
1870 0.546674
1871 0.495174
1872 0.537489
1873 0.539136
1874 0.481678
1875 0.526475
1876 0.536567
1877 0.531148
1878 0.476096
1879 0.505188
1880 0.480131
1881 0.558288
1882 0.612645
1883 0.591027
1884 0.572715
1885 0.605924
1886 0.503102
1887 0.519121
1888 0.557977
1889 0.473852
1890 0.543153
1891 0.521132
1892 0.503112
1893 0.557384
1894 0.492975
1895 0.514318
1896 0.527053
1897 0.515887
1898 0.490483
1899 0.568471
1900 0.484324
1901 0.495175
1902 0.500134
1903 0.534847
1904 0.529559
1905 0.508864
1906 0.489599
1907 0.511556
1908 0.513403
1909 0.498477
1910 0.522386
1911 0.512317
1912 0.470173
1913 0.509793
1914 0.521762
1915 0.499034
1916 0.497082
1917 0.517194
1918 0.520039
1919 0.538652
1920 0.528425
1921 0.465376
1922 0.534232
1923 0.553967
1924 0.564089
1925 0.530412
1926 0.499577
1927 0.513079
1928 0.494819
1929 0.542321
1930 0.530474
1931 0.509953
1932 0.525142
1933 0.464919
1934 0.453817
1935 0.48046
1936 0.548784
1937 0.486153
1938 0.538576
1939 0.52058
1940 0.464116
1941 0.487243
1942 0.462766
1943 0.460523
1944 0.558006
1945 0.513842
1946 0.541162
1947 0.517976
1948 0.535045
1949 0.489926
1950 0.507333
1951 0.481447
1952 0.563363
1953 0.535607
1954 0.495388
1955 0.485415
1956 0.489667
1957 0.505625
1958 0.500285
1959 0.440843
1960 0.510052
1961 0.45684
1962 0.492179
1963 0.47418
1964 0.506726
1965 0.54177
1966 0.492674
1967 0.614767
1968 0.526879
1969 0.478004
1970 0.482251
1971 0.572884
1972 0.493197
1973 0.443715
1974 0.477417
1975 0.562093
1976 0.518766
1977 0.544646
1978 0.510005
1979 0.451814
1980 0.471218
1981 0.506372
1982 0.562297
1983 0.62357
1984 0.520688
1985 0.511895
1986 0.538673
1987 0.544063
1988 0.472165
1989 0.462575
1990 0.459159
1991 0.498382
1992 0.485188
1993 0.473886
1994 0.524508
1995 0.51238
1996 0.506289
1997 0.519443
1998 0.569855
1999 0.499666
2000 0.497013
2001 0.502611
2002 0.4607
2003 0.529043
2004 0.495422
2005 0.476724
2006 0.498453
2007 0.571019
2008 0.504527
2009 0.520907
2010 0.502791
2011 0.502056
2012 0.460611
2013 0.475263
2014 0.451615
2015 0.510932
2016 0.569848
2017 0.467703
2018 0.514092
2019 0.505881
2020 0.495925
2021 0.497039
2022 0.521108
2023 0.54535
2024 0.465278
2025 0.452077
2026 0.502776
2027 0.500557
2028 0.552496
2029 0.459134
2030 0.507358
2031 0.531678
2032 0.498336
2033 0.488872
2034 0.491917
2035 0.533775
2036 0.540762
2037 0.560532
2038 0.47745
2039 0.502192
2040 0.485955
2041 0.489774
2042 0.513065
2043 0.498219
2044 0.57287
2045 0.513881
2046 0.505611
2047 0.533225
2048 0.584618
2049 0.457409
2050 0.481246
2051 0.509611
2052 0.471029
2053 0.460946
2054 0.4659
2055 0.470796
2056 0.445069
2057 0.512029
2058 0.570925
2059 0.499734
2060 0.495639
2061 0.463442
2062 0.574109
2063 0.52239
2064 0.447689
2065 0.559748
2066 0.439941
2067 0.489974
2068 0.549789
2069 0.542203
2070 0.530252
2071 0.442364
2072 0.481115
2073 0.491202
2074 0.450977
2075 0.468729
2076 0.6186
2077 0.467684
2078 0.499722
2079 0.465528
2080 0.468894
2081 0.527729
2082 0.543059
2083 0.54822
2084 0.449705
2085 0.475617
2086 0.459522
2087 0.4853
2088 0.504648
2089 0.588049
2090 0.488414
2091 0.45358
2092 0.474781
2093 0.513403
2094 0.500973
2095 0.488814
2096 0.505227
2097 0.471277
2098 0.486525
2099 0.468215
2100 0.426457
2101 0.486528
2102 0.457073
2103 0.456082
2104 0.52441
2105 0.452856
2106 0.454687
2107 0.468534
2108 0.505654
2109 0.47456
2110 0.441337
2111 0.537167
2112 0.513195
2113 0.480182
2114 0.521743
2115 0.456611
2116 0.512623
2117 0.461536
2118 0.465384
2119 0.45913
2120 0.44621
2121 0.476051
2122 0.445221
2123 0.50378
2124 0.544442
2125 0.431689
2126 0.509638
2127 0.460087
2128 0.443388
2129 0.481466
2130 0.437145
2131 0.427649
2132 0.443438
2133 0.45993
2134 0.416034
2135 0.467878
2136 0.411092
2137 0.421358
2138 0.474051
2139 0.457251
2140 0.429482
2141 0.446066
2142 0.591325
2143 0.531133
2144 0.461206
2145 0.459599
2146 0.454321
2147 0.471059
2148 0.475374
2149 0.508633
2150 0.494828
2151 0.433953
2152 0.475302
2153 0.465685
2154 0.500728
2155 0.434268
2156 0.449045
2157 0.492392
2158 0.518149
2159 0.498098
2160 0.477402
2161 0.486143
2162 0.459286
2163 0.477702
2164 0.499604
2165 0.495877
2166 0.478126
2167 0.453202
2168 0.517579
2169 0.485591
2170 0.499837
2171 0.432488
2172 0.500035
2173 0.471418
2174 0.46073
2175 0.474486
2176 0.497869
2177 0.440399
2178 0.455258
2179 0.424756
2180 0.509351
2181 0.447309
2182 0.466581
2183 0.470913
2184 0.707892
2185 0.556199
2186 0.419312
2187 0.430059
2188 0.468478
2189 0.490962
2190 0.519373
2191 0.461876
2192 0.446375
2193 0.433342
2194 0.508211
2195 0.534375
2196 0.462478
2197 0.453017
2198 0.448708
2199 0.435613
2200 0.470745
2201 0.460247
2202 0.553881
2203 0.636568
2204 0.490319
2205 0.472149
2206 0.523239
2207 0.482478
2208 0.455308
2209 0.484961
2210 0.437796
2211 0.494273
2212 0.463805
2213 0.469151
2214 0.483673
2215 0.429454
2216 0.548405
2217 0.43289
2218 0.502139
2219 0.458413
2220 0.426597
2221 0.413011
2222 0.479719
2223 0.451464
2224 0.484958
2225 0.45438
2226 0.433876
2227 0.538545
2228 0.495833
2229 0.494448
2230 0.460487
2231 0.429087
2232 0.425763
2233 0.464543
2234 0.485273
2235 0.45721
2236 0.504188
2237 0.464012
2238 0.494081
2239 0.430969
2240 0.435966
2241 0.497937
2242 0.463887
2243 0.462093
2244 0.448607
2245 0.464438
2246 0.430833
2247 0.515212
2248 0.485561
2249 0.449743
2250 0.4609
2251 0.424615
2252 0.465104
2253 0.48529
2254 0.468916
2255 0.468139
2256 0.463229
2257 0.468697
2258 0.428121
2259 0.451783
2260 0.506229
2261 0.444004
2262 0.487398
2263 0.429949
2264 0.445572
2265 0.498453
2266 0.503578
2267 0.479267
2268 0.481019
2269 0.476421
2270 0.411459
2271 0.461069
2272 0.404784
2273 0.470079
2274 0.432766
2275 0.43886
2276 0.416826
2277 0.470181
2278 0.455149
2279 0.411857
2280 0.534798
2281 0.478837
2282 0.46376
2283 0.44857
2284 0.48778
2285 0.435535
2286 0.392035
2287 0.429213
2288 0.467999
2289 0.454239
2290 0.450099
2291 0.448322
2292 0.40461
2293 0.45327
2294 0.433907
2295 0.432533
2296 0.464163
2297 0.431205
2298 0.44446
2299 0.414919
2300 0.438472
2301 0.427123
2302 0.505882
2303 0.490958
2304 0.539755
2305 0.468133
2306 0.402328
2307 0.421628
2308 0.421398
2309 0.401424
2310 0.517618
2311 0.54159
2312 0.511263
2313 0.452282
2314 0.522912
2315 0.426503
2316 0.445309
2317 0.451925
2318 0.464472
2319 0.464577
2320 0.425385
2321 0.483531
2322 0.411789
2323 0.438332
2324 0.451175
2325 0.427508
2326 0.446815
2327 0.434285
2328 0.502514
2329 0.420603
2330 0.438665
2331 0.437943
2332 0.424624
2333 0.458759
2334 0.457048
2335 0.432555
2336 0.446332
2337 0.44666
2338 0.406863
2339 0.482387
2340 0.405949
2341 0.407682
2342 0.429559
2343 0.419041
2344 0.424579
2345 0.42596
2346 0.427104
2347 0.424102
2348 0.520233
2349 0.449876
2350 0.426324
2351 0.449645
2352 0.450523
2353 0.455217
2354 0.465404
2355 0.453516
2356 0.407852
2357 0.463872
2358 0.441701
2359 0.448066
2360 0.420081
2361 0.456935
2362 0.410395
2363 0.404758
2364 0.475124
2365 0.468347
2366 0.449181
2367 0.42769
2368 0.458814
2369 0.384073
2370 0.459936
2371 0.410407
2372 0.426097
2373 0.504404
2374 0.435194
2375 0.468859
2376 0.446505
2377 0.461632
2378 0.465364
2379 0.424221
2380 0.464081
2381 0.501231
2382 0.471389
2383 0.410147
2384 0.433104
2385 0.438579
2386 0.498517
2387 0.414728
2388 0.418388
2389 0.407399
2390 0.379749
2391 0.435196
2392 0.445591
2393 0.465626
2394 0.445863
2395 0.462291
2396 0.551765
2397 0.4303
2398 0.401522
2399 0.505721
2400 0.407704
2401 0.415565
2402 0.399592
2403 0.4147
2404 0.42785
2405 0.455053
2406 0.43552
2407 0.447216
2408 0.419758
2409 0.394577
2410 0.471988
2411 0.455442
2412 0.487584
2413 0.400286
2414 0.470149
2415 0.457359
2416 0.423272
2417 0.409676
2418 0.425502
2419 0.420053
2420 0.397195
2421 0.439493
2422 0.458427
2423 0.424999
2424 0.432636
2425 0.41272
2426 0.478372
2427 0.456119
2428 0.466451
2429 0.439762
2430 0.451991
2431 0.432148
2432 0.475312
2433 0.430477
2434 0.443851
2435 0.489577
2436 0.480578
2437 0.434713
2438 0.437253
2439 0.449941
2440 0.418279
2441 0.443392
2442 0.404425
2443 0.409301
2444 0.428308
2445 0.432973
2446 0.387371
2447 0.454673
2448 0.404739
2449 0.414438
2450 0.431295
2451 0.507957
2452 0.405275
2453 0.413325
2454 0.412534
2455 0.39502
2456 0.400686
2457 0.465875
2458 0.394796
2459 0.481862
2460 0.43836
2461 0.466801
2462 0.489166
2463 0.428745
2464 0.466834
2465 0.452455
2466 0.500343
2467 0.407645
2468 0.385643
2469 0.436581
2470 0.397188
2471 0.450835
2472 0.432137
2473 0.494835
2474 0.448369
2475 0.415095
2476 0.471416
2477 0.423161
2478 0.456379
2479 0.448343
2480 0.430544
2481 0.392203
2482 0.419192
2483 0.406268
2484 0.438079
2485 0.403878
2486 0.51472
2487 0.529056
2488 0.425515
2489 0.402161
2490 0.438092
2491 0.489042
2492 0.433987
2493 0.398218
2494 0.457103
2495 0.414319
2496 0.474519
2497 0.416467
2498 0.448337
2499 0.426495
2500 0.410223
2501 0.39659
2502 0.413422
2503 0.394269
2504 0.495396
2505 0.472051
2506 0.423678
2507 0.402617
2508 0.404762
2509 0.391786
2510 0.438365
2511 0.422817
2512 0.407032
2513 0.398219
2514 0.390117
2515 0.40407
2516 0.451243
2517 0.472287
2518 0.521271
2519 0.459793
2520 0.445689
2521 0.387088
2522 0.466729
2523 0.459847
2524 0.396051
2525 0.410227
2526 0.43531
2527 0.408946
2528 0.401205
2529 0.382189
2530 0.426971
2531 0.408263
2532 0.401159
2533 0.399319
2534 0.403872
2535 0.410608
2536 0.464365
2537 0.427611
2538 0.39282
2539 0.462859
2540 0.417843
2541 0.421099
2542 0.387847
2543 0.418883
2544 0.437856
2545 0.395353
2546 0.428269
2547 0.413338
2548 0.396259
2549 0.3885
2550 0.40768
2551 0.391421
2552 0.420697
2553 0.419942
2554 0.401691
2555 0.413085
2556 0.394146
2557 0.421994
2558 0.416185
2559 0.389998
2560 0.412708
2561 0.397874
2562 0.378403
2563 0.414026
2564 0.391181
2565 0.362537
2566 0.386681
2567 0.431435
2568 0.421016
2569 0.35916
2570 0.541218
2571 0.407166
2572 0.518832
2573 0.429005
2574 0.41846
2575 0.423804
2576 0.410491
2577 0.452192
2578 0.455561
2579 0.397912
2580 0.384797
2581 0.380749
2582 0.430235
2583 0.445777
2584 0.388055
2585 0.366486
2586 0.481946
2587 0.484169
2588 0.416673
2589 0.415186
2590 0.410983
2591 0.394544
2592 0.446574
2593 0.414851
2594 0.447915
2595 0.409393
2596 0.409584
2597 0.471665
2598 0.429999
2599 0.449916
2600 0.387324
2601 0.449979
2602 0.492709
2603 0.374723
2604 0.431135
2605 0.441012
2606 0.426046
2607 0.38474
2608 0.412114
2609 0.387168
2610 0.366947
2611 0.434667
2612 0.503063
2613 0.435183
2614 0.400641
2615 0.360447
2616 0.363356
2617 0.409111
2618 0.439443
2619 0.389532
2620 0.408796
2621 0.388094
2622 0.399525
2623 0.449055
2624 0.417648
2625 0.414787
2626 0.395378
2627 0.390904
2628 0.381884
2629 0.422834
2630 0.378298
2631 0.386456
2632 0.375638
2633 0.385491
2634 0.422538
2635 0.423119
2636 0.428255
2637 0.390905
2638 0.398574
2639 0.376711
2640 0.39029
2641 0.437683
2642 0.394712
2643 0.382997
2644 0.439789
2645 0.404018
2646 0.409151
2647 0.383306
2648 0.433871
2649 0.386926
2650 0.381424
2651 0.403269
2652 0.390598
2653 0.423381
2654 0.370145
2655 0.389144
2656 0.447308
2657 0.407889
2658 0.398784
2659 0.378708
2660 0.377166
2661 0.415375
2662 0.409537
2663 0.429473
2664 0.380556
2665 0.405244
2666 0.430275
2667 0.415489
2668 0.354345
2669 0.41513
2670 0.434871
2671 0.485636
2672 0.379302
2673 0.403442
2674 0.401095
2675 0.379351
2676 0.436722
2677 0.363652
2678 0.399039
2679 0.394892
2680 0.363012
2681 0.364757
2682 0.396217
2683 0.379985
2684 0.450167
2685 0.386583
2686 0.393783
2687 0.378893
2688 0.421074
2689 0.426163
2690 0.413655
2691 0.409865
2692 0.381634
2693 0.369525
2694 0.464649
2695 0.458702
2696 0.4286
2697 0.408618
2698 0.387793
2699 0.358909
2700 0.383412
2701 0.422271
2702 0.38085
2703 0.349993
2704 0.382421
2705 0.358719
2706 0.421465
2707 0.379539
2708 0.381995
2709 0.453073
2710 0.377041
2711 0.366535
2712 0.345083
2713 0.38892
2714 0.355803
2715 0.378394
2716 0.366535
2717 0.397613
2718 0.407481
2719 0.449313
2720 0.403216
2721 0.382351
2722 0.413592
2723 0.35942
2724 0.396048
2725 0.439923
2726 0.374461
2727 0.374473
2728 0.348958
2729 0.404889
2730 0.385243
2731 0.371161
2732 0.449352
2733 0.405017
2734 0.405895
2735 0.362607
2736 0.38329
2737 0.385356
2738 0.408318
2739 0.463051
2740 0.500734
2741 0.438551
2742 0.415571
2743 0.492506
2744 0.368356
2745 0.457814
2746 0.375135
2747 0.373933
2748 0.392945
2749 0.3898
2750 0.40318
2751 0.362647
2752 0.374861
2753 0.390151
2754 0.406731
2755 0.349147
2756 0.40425
2757 0.379182
2758 0.382866
2759 0.41058
2760 0.359041
2761 0.427678
2762 0.41172
2763 0.35236
2764 0.402182
2765 0.38518
2766 0.402206
2767 0.385402
2768 0.389268
2769 0.364508
2770 0.366557
2771 0.407007
2772 0.398829
2773 0.399798
2774 0.383728
2775 0.380529
2776 0.416347
2777 0.450936
2778 0.392157
2779 0.386744
2780 0.434315
2781 0.426796
2782 0.360528
2783 0.375865
2784 0.402271
2785 0.439145
2786 0.406495
2787 0.377449
2788 0.394721
2789 0.37236
2790 0.362889
2791 0.378214
2792 0.344261
2793 0.412554
2794 0.390229
2795 0.37256
2796 0.405237
2797 0.376179
2798 0.345107
2799 0.395841
2800 0.349345
2801 0.461695
2802 0.395606
2803 0.433043
2804 0.425339
2805 0.407718
2806 0.357629
2807 0.421682
2808 0.358763
2809 0.386867
2810 0.480016
2811 0.41206
2812 0.359786
2813 0.382902
2814 0.399915
2815 0.477603
2816 0.357168
2817 0.395039
2818 0.371458
2819 0.360584
2820 0.393629
2821 0.368593
2822 0.382504
2823 0.410128
2824 0.415723
2825 0.424831
2826 0.3932
2827 0.391682
2828 0.466151
2829 0.350472
2830 0.369109
2831 0.38416
2832 0.408438
2833 0.370556
2834 0.478825
2835 0.372981
2836 0.354075
2837 0.373858
2838 0.369976
2839 0.408536
2840 0.468263
2841 0.448363
2842 0.374561
2843 0.400185
2844 0.371051
2845 0.378683
2846 0.392671
2847 0.374207
2848 0.391376
2849 0.367693
2850 0.3975
2851 0.392833
2852 0.386402
2853 0.419261
2854 0.376528
2855 0.436579
2856 0.386913
2857 0.404172
2858 0.36216
2859 0.379633
2860 0.370558
2861 0.404854
2862 0.386468
2863 0.354966
2864 0.446421
2865 0.409488
2866 0.383282
2867 0.369118
2868 0.406007
2869 0.37892
2870 0.364421
2871 0.333517
2872 0.385974
2873 0.38813
2874 0.368775
2875 0.364501
2876 0.418336
2877 0.36966
2878 0.365737
2879 0.411348
2880 0.414927
2881 0.338742
2882 0.347962
2883 0.41377
2884 0.369842
2885 0.39582
2886 0.378076
2887 0.37481
2888 0.419872
2889 0.393739
2890 0.401264
2891 0.409933
2892 0.358435
2893 0.405853
2894 0.454289
2895 0.390308
2896 0.354277
2897 0.353634
2898 0.418137
2899 0.323625
2900 0.395822
2901 0.361801
2902 0.483385
2903 0.370108
2904 0.394992
2905 0.394859
2906 0.392246
2907 0.376654
2908 0.397475
2909 0.362038
2910 0.361226
2911 0.367686
2912 0.37485
2913 0.331159
2914 0.338824
2915 0.463977
2916 0.406876
2917 0.415224
2918 0.356741
2919 0.422615
2920 0.417043
2921 0.387215
2922 0.433199
2923 0.378131
2924 0.344586
2925 0.424776
2926 0.421357
2927 0.414629
2928 0.341997
2929 0.372092
2930 0.359901
2931 0.345224
2932 0.33676
2933 0.443924
2934 0.354963
2935 0.368382
2936 0.373789
2937 0.365992
2938 0.382204
2939 0.385881
2940 0.388727
2941 0.397035
2942 0.337671
2943 0.32462
2944 0.369657
2945 0.378745
2946 0.412822
2947 0.354707
2948 0.400139
2949 0.412638
2950 0.38087
2951 0.380073
2952 0.420109
2953 0.375745
2954 0.353152
2955 0.3719
2956 0.37743
2957 0.383544
2958 0.355382
2959 0.371886
2960 0.336436
2961 0.384577
2962 0.38881
2963 0.32818
2964 0.380817
2965 0.398314
2966 0.399489
2967 0.346815
2968 0.380954
2969 0.385769
2970 0.347754
2971 0.351255
2972 0.369207
2973 0.40072
2974 0.357834
2975 0.37131
2976 0.343162
2977 0.340147
2978 0.39869
2979 0.344126
2980 0.402543
2981 0.377687
2982 0.371758
2983 0.356389
2984 0.376375
2985 0.342216
2986 0.395236
2987 0.360842
2988 0.343373
2989 0.362134
2990 0.322875
2991 0.357229
2992 0.348931
2993 0.327056
2994 0.324398
2995 0.353393
2996 0.35332
2997 0.345564
2998 0.325857
2999 0.523589
3000 0.324741
3001 0.422124
3002 0.371292
3003 0.384458
3004 0.359661
3005 0.365817
3006 0.39389
3007 0.36515
3008 0.341556
3009 0.33941
3010 0.382545
3011 0.346657
3012 0.330111
3013 0.335659
3014 0.332319
3015 0.428955
3016 0.376896
3017 0.377088
3018 0.446478
3019 0.347263
3020 0.350015
3021 0.419169
3022 0.367434
3023 0.373176
3024 0.394792
3025 0.427662
3026 0.377656
3027 0.348673
3028 0.342537
3029 0.382843
3030 0.389775
3031 0.371136
3032 0.378422
3033 0.361074
3034 0.357996
3035 0.332685
3036 0.337722
3037 0.335247
3038 0.346951
3039 0.336621
3040 0.366117
3041 0.492625
3042 0.381849
3043 0.343614
3044 0.320145
3045 0.35535
3046 0.334444
3047 0.407661
3048 0.36551
3049 0.363597
3050 0.362938
3051 0.348999
3052 0.417624
3053 0.373031
3054 0.330527
3055 0.352117
3056 0.3179
3057 0.332114
3058 0.335237
3059 0.36339
3060 0.38891
3061 0.346008
3062 0.33195
3063 0.380008
3064 0.347159
3065 0.352546
3066 0.381456
3067 0.334229
3068 0.370265
3069 0.362106
3070 0.367956
3071 0.362114
3072 0.351171
3073 0.356123
3074 0.366055
3075 0.367603
3076 0.35451
3077 0.41559
3078 0.328454
3079 0.351109
3080 0.371346
3081 0.367062
3082 0.348648
3083 0.340499
3084 0.379849
3085 0.35934
3086 0.37083
3087 0.356977
3088 0.36738
3089 0.324078
3090 0.338456
3091 0.346708
3092 0.375205
3093 0.401782
3094 0.367418
3095 0.331743
3096 0.382128
3097 0.356657
3098 0.415353
3099 0.332522
3100 0.443539
3101 0.360714
3102 0.350811
3103 0.32407
3104 0.330658
3105 0.335133
3106 0.334667
3107 0.337032
3108 0.327425
3109 0.320166
3110 0.361363
3111 0.394546
3112 0.364082
3113 0.3316
3114 0.374844
3115 0.33402
3116 0.366375
3117 0.331778
3118 0.405203
3119 0.402617
3120 0.363011
3121 0.331239
3122 0.36322
3123 0.404279
3124 0.377408
3125 0.387791
3126 0.369107
3127 0.315158
3128 0.335292
3129 0.325588
3130 0.375146
3131 0.342894
3132 0.355397
3133 0.345759
3134 0.364975
3135 0.382636
3136 0.333875
3137 0.360735
3138 0.407831
3139 0.378083
3140 0.336659
3141 0.316302
3142 0.356759
3143 0.320308
3144 0.34322
3145 0.325348
3146 0.343934
3147 0.37153
3148 0.359696
3149 0.328854
3150 0.337567
3151 0.326767
3152 0.318211
3153 0.315182
3154 0.380485
3155 0.321271
3156 0.33885
3157 0.337462
3158 0.392813
3159 0.32117
3160 0.31676
3161 0.395972
3162 0.369729
3163 0.362859
3164 0.321911
3165 0.338675
3166 0.323803
3167 0.364291
3168 0.454465
3169 0.405893
3170 0.345514
3171 0.406468
3172 0.34737
3173 0.348361
3174 0.395966
3175 0.346593
3176 0.398209
3177 0.362465
3178 0.345876
3179 0.351702
3180 0.310908
3181 0.34529
3182 0.347762
3183 0.364695
3184 0.306911
3185 0.356679
3186 0.331758
3187 0.32233
3188 0.333854
3189 0.353133
3190 0.371442
3191 0.388352
3192 0.325362
3193 0.341335
3194 0.325458
3195 0.37107
3196 0.36515
3197 0.329243
3198 0.320045
3199 0.333073
3200 0.354474
3201 0.345457
3202 0.341698
3203 0.373746
3204 0.334808
3205 0.389729
3206 0.358545
3207 0.309178
3208 0.358748
3209 0.427676
3210 0.346825
3211 0.343163
3212 0.329205
3213 0.332709
3214 0.39279
3215 0.359269
3216 0.335067
3217 0.328396
3218 0.377716
3219 0.332223
3220 0.320541
3221 0.318679
3222 0.362505
3223 0.319772
3224 0.338231
3225 0.348336
3226 0.308012
3227 0.347224
3228 0.325878
3229 0.323648
3230 0.396339
3231 0.385571
3232 0.382954
3233 0.360038
3234 0.386065
3235 0.364718
3236 0.364272
3237 0.355725
3238 0.411372
3239 0.325456
3240 0.334042
3241 0.368195
3242 0.317017
3243 0.40052
3244 0.347246
3245 0.330156
3246 0.357731
3247 0.324306
3248 0.343039
3249 0.343379
3250 0.334569
3251 0.360748
3252 0.320994
3253 0.430472
3254 0.360352
3255 0.373524
3256 0.352098
3257 0.401908
3258 0.330016
3259 0.336903
3260 0.329126
3261 0.418678
3262 0.368356
3263 0.34879
3264 0.386653
3265 0.31691
3266 0.306437
3267 0.348618
3268 0.350752
3269 0.442873
3270 0.340514
3271 0.357805
3272 0.365351
3273 0.364633
3274 0.326817
3275 0.34262
3276 0.333426
3277 0.3386
3278 0.352371
3279 0.371941
3280 0.379198
3281 0.33499
3282 0.350055
3283 0.325647
3284 0.399836
3285 0.379261
3286 0.336804
3287 0.323646
3288 0.307043
3289 0.357439
3290 0.309221
3291 0.322429
3292 0.360684
3293 0.389183
3294 0.330494
3295 0.330826
3296 0.369197
3297 0.355494
3298 0.343636
3299 0.300806
3300 0.322221
3301 0.337865
3302 0.371044
3303 0.311442
3304 0.314247
3305 0.341867
3306 0.329396
3307 0.339982
3308 0.338645
3309 0.38255
3310 0.322653
3311 0.341218
3312 0.334512
3313 0.349045
3314 0.375737
3315 0.34901
3316 0.364309
3317 0.381025
3318 0.341482
3319 0.343695
3320 0.353189
3321 0.350135
3322 0.349258
3323 0.421569
3324 0.345559
3325 0.341423
3326 0.362386
3327 0.319208
3328 0.316442
3329 0.343366
3330 0.330713
3331 0.38096
3332 0.353533
3333 0.373196
3334 0.380091
3335 0.317852
3336 0.34184
3337 0.318867
3338 0.303117
3339 0.330085
3340 0.32277
3341 0.324895
3342 0.299157
3343 0.314729
3344 0.418901
3345 0.357241
3346 0.349143
3347 0.319455
3348 0.36761
3349 0.384625
3350 0.322135
3351 0.370237
3352 0.302409
3353 0.315995
3354 0.403542
3355 0.417012
3356 0.428042
3357 0.333691
3358 0.343165
3359 0.332522
3360 0.327673
3361 0.32428
3362 0.402952
3363 0.344791
3364 0.341955
3365 0.352514
3366 0.354082
3367 0.366055
3368 0.327134
3369 0.377586
3370 0.329602
3371 0.320136
3372 0.317253
3373 0.348575
3374 0.358175
3375 0.389548
3376 0.325165
3377 0.370331
3378 0.327707
3379 0.312518
3380 0.351028
3381 0.327832
3382 0.33948
3383 0.337539
3384 0.320554
3385 0.347813
3386 0.320948
3387 0.328683
3388 0.326634
3389 0.300793
3390 0.34384
3391 0.322815
3392 0.310456
3393 0.364752
3394 0.359467
3395 0.328751
3396 0.306964
3397 0.3793
3398 0.345277
3399 0.324893
3400 0.319874
3401 0.319601
3402 0.36616
3403 0.320221
3404 0.345263
3405 0.300399
3406 0.305029
3407 0.327625
3408 0.292852
3409 0.33743
3410 0.334005
3411 0.338291
3412 0.346966
3413 0.326516
3414 0.333818
3415 0.348433
3416 0.295308
3417 0.296836
3418 0.31451
3419 0.325388
3420 0.294305
3421 0.354825
3422 0.298817
3423 0.305301
3424 0.303452
3425 0.328902
3426 0.295181
3427 0.298926
3428 0.418677
3429 0.442122
3430 0.34433
3431 0.330607
3432 0.31666
3433 0.300727
3434 0.331663
3435 0.320944
3436 0.342886
3437 0.310398
3438 0.312082
3439 0.329406
3440 0.343047
3441 0.323969
3442 0.328949
3443 0.317619
3444 0.378778
3445 0.332269
3446 0.312973
3447 0.359214
3448 0.310128
3449 0.371406
3450 0.31288
3451 0.317028
3452 0.34259
3453 0.314283
3454 0.33788
3455 0.333952
3456 0.359135
3457 0.326623
3458 0.394062
3459 0.367492
3460 0.312062
3461 0.337164
3462 0.321021
3463 0.326783
3464 0.333317
3465 0.314431
3466 0.29938
3467 0.299839
3468 0.308208
3469 0.327643
3470 0.506169
3471 0.334579
3472 0.299324
3473 0.297505
3474 0.335504
3475 0.310522
3476 0.347912
3477 0.300906
3478 0.301394
3479 0.301605
3480 0.327821
3481 0.337413
3482 0.312451
3483 0.315418
3484 0.299326
3485 0.299076
3486 0.329764
3487 0.30549
3488 0.378452
3489 0.363379
3490 0.319177
3491 0.32673
3492 0.338731
3493 0.309107
3494 0.346819
3495 0.317824
3496 0.30544
3497 0.32724
3498 0.342041
3499 0.338387
3500 0.342339
3501 0.339956
3502 0.365148
3503 0.2999
3504 0.346711
3505 0.360681
3506 0.309485
3507 0.286086
3508 0.352114
3509 0.340414
3510 0.311073
3511 0.317106
3512 0.316206
3513 0.350903
3514 0.350619
3515 0.306665
3516 0.339331
3517 0.298594
3518 0.31207
3519 0.338547
3520 0.307148
3521 0.303982
3522 0.343152
3523 0.317898
3524 0.365615
3525 0.29475
3526 0.304159
3527 0.370744
3528 0.317488
3529 0.359465
3530 0.284001
3531 0.304729
3532 0.323756
3533 0.331401
3534 0.31299
3535 0.328756
3536 0.325547
3537 0.294042
3538 0.325904
3539 0.344739
3540 0.316909
3541 0.315067
3542 0.318633
3543 0.298898
3544 0.311586
3545 0.315937
3546 0.3402
3547 0.29921
3548 0.386874
3549 0.333785
3550 0.301313
3551 0.351663
3552 0.352257
3553 0.326914
3554 0.304365
3555 0.329769
3556 0.301344
3557 0.300209
3558 0.294471
3559 0.359927
3560 0.307865
3561 0.304146
3562 0.312705
3563 0.317429
3564 0.308474
3565 0.282283
3566 0.337555
3567 0.327428
3568 0.308762
3569 0.292843
3570 0.332741
3571 0.306949
3572 0.299266
3573 0.305623
3574 0.313939
3575 0.334302
3576 0.277437
3577 0.363604
3578 0.301577
3579 0.305797
3580 0.295192
3581 0.311591
3582 0.30758
3583 0.291347
3584 0.308389
3585 0.311321
3586 0.349683
3587 0.284299
3588 0.274184
3589 0.306726
3590 0.383378
3591 0.38807
3592 0.318283
3593 0.310494
3594 0.302114
3595 0.305519
3596 0.360198
3597 0.403612
3598 0.368707
3599 0.307065
3600 0.340688
3601 0.282158
3602 0.365375
3603 0.328855
3604 0.290274
3605 0.327102
3606 0.305421
3607 0.339669
3608 0.297791
3609 0.292788
3610 0.298825
3611 0.290455
3612 0.312968
3613 0.302439
3614 0.334548
3615 0.298048
3616 0.313879
3617 0.319824
3618 0.314441
3619 0.322023
3620 0.31879
3621 0.298337
3622 0.344764
3623 0.309899
3624 0.339058
3625 0.349175
3626 0.289435
3627 0.301613
3628 0.295306
3629 0.288849
3630 0.309328
3631 0.328472
3632 0.304394
3633 0.306394
3634 0.333578
3635 0.31103
3636 0.308123
3637 0.314735
3638 0.331412
3639 0.319639
3640 0.334838
3641 0.295188
3642 0.350406
3643 0.331609
3644 0.351664
3645 0.300009
3646 0.31988
3647 0.315632
3648 0.317188
3649 0.298119
3650 0.346477
3651 0.323746
3652 0.300466
3653 0.299985
3654 0.320175
3655 0.298757
3656 0.313554
3657 0.280921
3658 0.284495
3659 0.368386
3660 0.318867
3661 0.355177
3662 0.332229
3663 0.288501
3664 0.330719
3665 0.318583
3666 0.282496
3667 0.372677
3668 0.313855
3669 0.301494
3670 0.342341
3671 0.32199
3672 0.347949
3673 0.329858
3674 0.279866
3675 0.318405
3676 0.300858
3677 0.338945
3678 0.32357
3679 0.326636
3680 0.324831
3681 0.321503
3682 0.303535
3683 0.327706
3684 0.278308
3685 0.317924
3686 0.322881
3687 0.306105
3688 0.279602
3689 0.289666
3690 0.334317
3691 0.335201
3692 0.337713
3693 0.302623
3694 0.290435
3695 0.311267
3696 0.334474
3697 0.342734
3698 0.347969
3699 0.295914
3700 0.329278
3701 0.360856
3702 0.294584
3703 0.298565
3704 0.297527
3705 0.322529
3706 0.284167
3707 0.295446
3708 0.318071
3709 0.289797
3710 0.304741
3711 0.319684
3712 0.344253
3713 0.319282
3714 0.334602
3715 0.323805
3716 0.296363
3717 0.294999
3718 0.315297
3719 0.330584
3720 0.278698
3721 0.338081
3722 0.385723
3723 0.347263
3724 0.310421
3725 0.328305
3726 0.32131
3727 0.291273
3728 0.287892
3729 0.344235
3730 0.323562
3731 0.334945
3732 0.302033
3733 0.326374
3734 0.31849
3735 0.297148
3736 0.356249
3737 0.364641
3738 0.303824
3739 0.279161
3740 0.286859
3741 0.27463
3742 0.282114
3743 0.351283
3744 0.294591
3745 0.305538
3746 0.329792
3747 0.3031
3748 0.293037
3749 0.304626
3750 0.343711
3751 0.325082
3752 0.356764
3753 0.305169
3754 0.283923
3755 0.334706
3756 0.293135
3757 0.30925
3758 0.290015
3759 0.372709
3760 0.32612
3761 0.302598
3762 0.331965
3763 0.315404
3764 0.331062
3765 0.303999
3766 0.291625
3767 0.29821
3768 0.336213
3769 0.323985
3770 0.318818
3771 0.285616
3772 0.322446
3773 0.298585
3774 0.294851
3775 0.278229
3776 0.273235
3777 0.365406
3778 0.305264
3779 0.298264
3780 0.385014
3781 0.293644
3782 0.298929
3783 0.316711
3784 0.312707
3785 0.323158
3786 0.274806
3787 0.311183
3788 0.298952
3789 0.288905
3790 0.350731
3791 0.313259
3792 0.297388
3793 0.310684
3794 0.293069
3795 0.280775
3796 0.30713
3797 0.337861
3798 0.338912
3799 0.290947
3800 0.285576
3801 0.31378
3802 0.330205
3803 0.406445
3804 0.321446
3805 0.300847
3806 0.315527
3807 0.286668
3808 0.328602
3809 0.291247
3810 0.276942
3811 0.313433
3812 0.31429
3813 0.29537
3814 0.297711
3815 0.286586
3816 0.31624
3817 0.292118
3818 0.29943
3819 0.33074
3820 0.303537
3821 0.288352
3822 0.339414
3823 0.318536
3824 0.289173
3825 0.314937
3826 0.290978
3827 0.278246
3828 0.289614
3829 0.293141
3830 0.291547
3831 0.309503
3832 0.319084
3833 0.315711
3834 0.279043
3835 0.284114
3836 0.295048
3837 0.32769
3838 0.325299
3839 0.30877
3840 0.30108
3841 0.315439
3842 0.277812
3843 0.296329
3844 0.278205
3845 0.2948
3846 0.276675
3847 0.268633
3848 0.29955
3849 0.312979
3850 0.282222
3851 0.277552
3852 0.254417
3853 0.287367
3854 0.297122
3855 0.252535
3856 0.328515
3857 0.335064
3858 0.401492
3859 0.324814
3860 0.337408
3861 0.288416
3862 0.303112
3863 0.31718
3864 0.345325
3865 0.307486
3866 0.267478
3867 0.291973
3868 0.294275
3869 0.297992
3870 0.265528
3871 0.280475
3872 0.362677
3873 0.292529
3874 0.287856
3875 0.319184
3876 0.298983
3877 0.289749
3878 0.289314
3879 0.312191
3880 0.330585
3881 0.282418
3882 0.28806
3883 0.345969
3884 0.300131
3885 0.316003
3886 0.28082
3887 0.338385
3888 0.383423
3889 0.254719
3890 0.317717
3891 0.300406
3892 0.301904
3893 0.273162
3894 0.267598
3895 0.280293
3896 0.270639
3897 0.308883
3898 0.30899
3899 0.370935
3900 0.285286
3901 0.297805
3902 0.267362
3903 0.309847
3904 0.279633
3905 0.28151
3906 0.314425
3907 0.272355
3908 0.272689
3909 0.320411
3910 0.319677
3911 0.301415
3912 0.312103
3913 0.282158
3914 0.273167
3915 0.283732
3916 0.294779
3917 0.305788
3918 0.270318
3919 0.294096
3920 0.292588
3921 0.286915
3922 0.296307
3923 0.283757
3924 0.3115
3925 0.283917
3926 0.289285
3927 0.318753
3928 0.318492
3929 0.293328
3930 0.291792
3931 0.311442
3932 0.294284
3933 0.306838
3934 0.314566
3935 0.280209
3936 0.270903
3937 0.295201
3938 0.282591
3939 0.277687
3940 0.285112
3941 0.277656
3942 0.34444
3943 0.291281
3944 0.289524
3945 0.304569
3946 0.273277
3947 0.272032
3948 0.292943
3949 0.302883
3950 0.293841
3951 0.293658
3952 0.314606
3953 0.286388
3954 0.269416
3955 0.304277
3956 0.320108
3957 0.311974
3958 0.311225
3959 0.31499
3960 0.269216
3961 0.290842
3962 0.340028
3963 0.276551
3964 0.307461
3965 0.316063
3966 0.267929
3967 0.281072
3968 0.299726
3969 0.3186
3970 0.340681
3971 0.324675
3972 0.27016
3973 0.283223
3974 0.279536
3975 0.276113
3976 0.310517
3977 0.305812
3978 0.283052
3979 0.273469
3980 0.307562
3981 0.360879
3982 0.306439
3983 0.293229
3984 0.257369
3985 0.289331
3986 0.307674
3987 0.34923
3988 0.288672
3989 0.273717
3990 0.285653
3991 0.284666
3992 0.342005
3993 0.265473
3994 0.281119
3995 0.353992
3996 0.329504
3997 0.293256
3998 0.292019
3999 0.301051
4000 0.295142
4001 0.276858
4002 0.27027
4003 0.288908
4004 0.296077
4005 0.310174
4006 0.308637
4007 0.260849
4008 0.289864
4009 0.25529
4010 0.280797
4011 0.278678
4012 0.279782
4013 0.279848
4014 0.258318
4015 0.327577
4016 0.294445
4017 0.252403
4018 0.33395
4019 0.284305
4020 0.340757
4021 0.273385
4022 0.259221
4023 0.27282
4024 0.262193
4025 0.324445
4026 0.377429
4027 0.332263
4028 0.283673
4029 0.332729
4030 0.266728
4031 0.349999
4032 0.3056
4033 0.297477
4034 0.267855
4035 0.286884
4036 0.331477
4037 0.267389
4038 0.262734
4039 0.285424
4040 0.290462
4041 0.267966
4042 0.306638
4043 0.271887
4044 0.262047
4045 0.284035
4046 0.282322
4047 0.29083
4048 0.294806
4049 0.272711
4050 0.290683
4051 0.282968
4052 0.315141
4053 0.330614
4054 0.290196
4055 0.259969
4056 0.253895
4057 0.304418
4058 0.258616
4059 0.285927
4060 0.27016
4061 0.294453
4062 0.322589
4063 0.322128
4064 0.288931
4065 0.308687
4066 0.331502
4067 0.287874
4068 0.273557
4069 0.285229
4070 0.300409
4071 0.269179
4072 0.358493
4073 0.26756
4074 0.281686
4075 0.263835
4076 0.278125
4077 0.245309
4078 0.279539
4079 0.268542
4080 0.276586
4081 0.263471
4082 0.317904
4083 0.254395
4084 0.264256
4085 0.277716
4086 0.285282
4087 0.338813
4088 0.274843
4089 0.307482
4090 0.305615
4091 0.291198
4092 0.267794
4093 0.331778
4094 0.272519
4095 0.295031
4096 0.34641
4097 0.310543
4098 0.270734
4099 0.264865
4100 0.288279
4101 0.334562
4102 0.274542
4103 0.290321
4104 0.24574
4105 0.240638
4106 0.28046
4107 0.271387
4108 0.278434
4109 0.322313
4110 0.273071
4111 0.322978
4112 0.292214
4113 0.250748
4114 0.345678
4115 0.251238
4116 0.274364
4117 0.26936
4118 0.292231
4119 0.266162
4120 0.340928
4121 0.280636
4122 0.269701
4123 0.25303
4124 0.265307
4125 0.280794
4126 0.301924
4127 0.308276
4128 0.276968
4129 0.292604
4130 0.290033
4131 0.274496
4132 0.290691
4133 0.278719
4134 0.286528
4135 0.286282
4136 0.304979
4137 0.314679
4138 0.265521
4139 0.297926
4140 0.322665
4141 0.30034
4142 0.299721
4143 0.346255
4144 0.335573
4145 0.305371
4146 0.251375
4147 0.280967
4148 0.289425
4149 0.246485
4150 0.2894
4151 0.289667
4152 0.297109
4153 0.293972
4154 0.315288
4155 0.30771
4156 0.265103
4157 0.253509
4158 0.279136
4159 0.275767
4160 0.328027
4161 0.267301
4162 0.287078
4163 0.277725
4164 0.280505
4165 0.279459
4166 0.314961
4167 0.265077
4168 0.267827
4169 0.26866
4170 0.290065
4171 0.298848
4172 0.279383
4173 0.2824
4174 0.303337
4175 0.299629
4176 0.259656
4177 0.299546
4178 0.274287
4179 0.301981
4180 0.334551
4181 0.299557
4182 0.255155
4183 0.27881
4184 0.309234
4185 0.262663
4186 0.281145
4187 0.251747
4188 0.338362
4189 0.283331
4190 0.2942
4191 0.30359
4192 0.279932
4193 0.312466
4194 0.280757
4195 0.266115
4196 0.293389
4197 0.2746
4198 0.269183
4199 0.281743
4200 0.259713
4201 0.339441
4202 0.293682
4203 0.279484
4204 0.254567
4205 0.292481
4206 0.329743
4207 0.292847
4208 0.27724
4209 0.273675
4210 0.269858
4211 0.297463
4212 0.262951
4213 0.325813
4214 0.253726
4215 0.268391
4216 0.258529
4217 0.252005
4218 0.261046
4219 0.329888
4220 0.268501
4221 0.251945
4222 0.26388
4223 0.273452
4224 0.278007
4225 0.264395
4226 0.303778
4227 0.299742
4228 0.264724
4229 0.263152
4230 0.262255
4231 0.289864
4232 0.329825
4233 0.280047
4234 0.32064
4235 0.254898
4236 0.273154
4237 0.275824
4238 0.291917
4239 0.277743
4240 0.259257
4241 0.293803
4242 0.269972
4243 0.268747
4244 0.265646
4245 0.278675
4246 0.255577
4247 0.299475
4248 0.259869
4249 0.27158
4250 0.337436
4251 0.356415
4252 0.286236
4253 0.245782
4254 0.28725
4255 0.307666
4256 0.262825
4257 0.299772
4258 0.264264
4259 0.269857
4260 0.301068
4261 0.286234
4262 0.265421
4263 0.275843
4264 0.274284
4265 0.253664
4266 0.271769
4267 0.268297
4268 0.269995
4269 0.289021
4270 0.299382
4271 0.247516
4272 0.267118
4273 0.255747
4274 0.244386
4275 0.255943
4276 0.244318
4277 0.284549
4278 0.246288
4279 0.250263
4280 0.234625
4281 0.261776
4282 0.295901
4283 0.276117
4284 0.24821
4285 0.348435
4286 0.263116
4287 0.307426
4288 0.258842
4289 0.277405
4290 0.283363
4291 0.287731
4292 0.2635
4293 0.306512
4294 0.25446
4295 0.258357
4296 0.277521
4297 0.2509
4298 0.27117
4299 0.270625
4300 0.246822
4301 0.324556
4302 0.28169
4303 0.277632
4304 0.281489
4305 0.241326
4306 0.279584
4307 0.260408
4308 0.270466
4309 0.27922
4310 0.265125
4311 0.310516
4312 0.252729
4313 0.245446
4314 0.261325
4315 0.260045
4316 0.319232
4317 0.287282
4318 0.263793
4319 0.290597
4320 0.245521
4321 0.262514
4322 0.28108
4323 0.255346
4324 0.287664
4325 0.283502
4326 0.31565
4327 0.376066
4328 0.280187
4329 0.242358
4330 0.252597
4331 0.255984
4332 0.289745
4333 0.31118
4334 0.274117
4335 0.260664
4336 0.267327
4337 0.265287
4338 0.293234
4339 0.264868
4340 0.282568
4341 0.297019
4342 0.253512
4343 0.28094
4344 0.273305
4345 0.278342
4346 0.318163
4347 0.269137
4348 0.278303
4349 0.259251
4350 0.247081
4351 0.285974
4352 0.251856
4353 0.244369
4354 0.265133
4355 0.254531
4356 0.252728
4357 0.266035
4358 0.252666
4359 0.272947
4360 0.284523
4361 0.28155
4362 0.273634
4363 0.314928
4364 0.248881
4365 0.239807
4366 0.243685
4367 0.270798
4368 0.279106
4369 0.247305
4370 0.265712
4371 0.306272
4372 0.274443
4373 0.303082
4374 0.244583
4375 0.241313
4376 0.259171
4377 0.258232
4378 0.269019
4379 0.279069
4380 0.265733
4381 0.245221
4382 0.269862
4383 0.258356
4384 0.248305
4385 0.272065
4386 0.318591
4387 0.270947
4388 0.263286
4389 0.257554
4390 0.250718
4391 0.291169
4392 0.249926
4393 0.273797
4394 0.245011
4395 0.265368
4396 0.26245
4397 0.278887
4398 0.245764
4399 0.293434
4400 0.248282
4401 0.260866
4402 0.237602
4403 0.265377
4404 0.265729
4405 0.288605
4406 0.269437
4407 0.233361
4408 0.254272
4409 0.312588
4410 0.308596
4411 0.269029
4412 0.258674
4413 0.260684
4414 0.262021
4415 0.248228
4416 0.274522
4417 0.273153
4418 0.268437
4419 0.264355
4420 0.257959
4421 0.273607
4422 0.236595
4423 0.260943
4424 0.314276
4425 0.27089
4426 0.232284
4427 0.24311
4428 0.273216
4429 0.248954
4430 0.263173
4431 0.242224
4432 0.251975
4433 0.28521
4434 0.304272
4435 0.276994
4436 0.244808
4437 0.267679
4438 0.239047
4439 0.245055
4440 0.267278
4441 0.267916
4442 0.265612
4443 0.232533
4444 0.285684
4445 0.236232
4446 0.266965
4447 0.313613
4448 0.296806
4449 0.292608
4450 0.256917
4451 0.237746
4452 0.248872
4453 0.266678
4454 0.328455
4455 0.338657
4456 0.273531
4457 0.335301
4458 0.271581
4459 0.278706
4460 0.302359
4461 0.278815
4462 0.295399
4463 0.247318
4464 0.258267
4465 0.279116
4466 0.268084
4467 0.276871
4468 0.24584
4469 0.282845
4470 0.235084
4471 0.257087
4472 0.269754
4473 0.268188
4474 0.251827
4475 0.252553
4476 0.253624
4477 0.282536
4478 0.229711
4479 0.277261
4480 0.2686
4481 0.253339
4482 0.260862
4483 0.271605
4484 0.226903
4485 0.243256
4486 0.265358
4487 0.29161
4488 0.25713
4489 0.254856
4490 0.254321
4491 0.282362
4492 0.291442
4493 0.251674
4494 0.287464
4495 0.281522
4496 0.266393
4497 0.273988
4498 0.249929
4499 0.254494
4500 0.288489
4501 0.262871
4502 0.271058
4503 0.303956
4504 0.273947
4505 0.236094
4506 0.267186
4507 0.263155
4508 0.272433
4509 0.24782
4510 0.270128
4511 0.272756
4512 0.247372
4513 0.26081
4514 0.246042
4515 0.279146
4516 0.293614
4517 0.290554
4518 0.333923
4519 0.286421
4520 0.296235
4521 0.234608
4522 0.238721
4523 0.281617
4524 0.292971
4525 0.307216
4526 0.257541
4527 0.265899
4528 0.28026
4529 0.302674
4530 0.252335
4531 0.246087
4532 0.279833
4533 0.244802
4534 0.249923
4535 0.245709
4536 0.252731
4537 0.290399
4538 0.243836
4539 0.308835
4540 0.245914
4541 0.258517
4542 0.29271
4543 0.312627
4544 0.241143
4545 0.243124
4546 0.252563
4547 0.264863
4548 0.270438
4549 0.241726
4550 0.259673
4551 0.248499
4552 0.281026
4553 0.277236
4554 0.255303
4555 0.347076
4556 0.263194
4557 0.246723
4558 0.281871
4559 0.288736
4560 0.240923
4561 0.236068
4562 0.252119
4563 0.239674
4564 0.263902
4565 0.261062
4566 0.273948
4567 0.260193
4568 0.2797
4569 0.275786
4570 0.294589
4571 0.30316
4572 0.279551
4573 0.22824
4574 0.224775
4575 0.270518
4576 0.261133
4577 0.241754
4578 0.253187
4579 0.298975
4580 0.312843
4581 0.285663
4582 0.282958
4583 0.280568
4584 0.245751
4585 0.236231
4586 0.241676
4587 0.264916
4588 0.313248
4589 0.235806
4590 0.242057
4591 0.298053
4592 0.239285
4593 0.254837
4594 0.247348
4595 0.304357
4596 0.240621
4597 0.251827
4598 0.265613
4599 0.255249
4600 0.262609
4601 0.240819
4602 0.289892
4603 0.253903
4604 0.247892
4605 0.245534
4606 0.265882
4607 0.26199
4608 0.284789
4609 0.31381
4610 0.246138
4611 0.229175
4612 0.254951
4613 0.273467
4614 0.269722
4615 0.284484
4616 0.242273
4617 0.266879
4618 0.261137
4619 0.274249
4620 0.289328
4621 0.248155
4622 0.248004
4623 0.234165
4624 0.258435
4625 0.243475
4626 0.242298
4627 0.256189
4628 0.230296
4629 0.236374
4630 0.296685
4631 0.260301
4632 0.266594
4633 0.246744
4634 0.287199
4635 0.261904
4636 0.24136
4637 0.311559
4638 0.234735
4639 0.247109
4640 0.262166
4641 0.290809
4642 0.287912
4643 0.237424
4644 0.242624
4645 0.2672
4646 0.226059
4647 0.220159
4648 0.35468
4649 0.261405
4650 0.246259
4651 0.239193
4652 0.24914
4653 0.274472
4654 0.291504
4655 0.320285
4656 0.263544
4657 0.274404
4658 0.267278
4659 0.259283
4660 0.291744
4661 0.267757
4662 0.225106
4663 0.31122
4664 0.259045
4665 0.249032
4666 0.252662
4667 0.262976
4668 0.292349
4669 0.233215
4670 0.240216
4671 0.252179
4672 0.238262
4673 0.226117
4674 0.266952
4675 0.246757
4676 0.261146
4677 0.245026
4678 0.25189
4679 0.247829
4680 0.29675
4681 0.238231
4682 0.228918
4683 0.254894
4684 0.230744
4685 0.238667
4686 0.23769
4687 0.261692
4688 0.246125
4689 0.258983
4690 0.275982
4691 0.228179
4692 0.216173
4693 0.278671
4694 0.226135
4695 0.297748
4696 0.265617
4697 0.230731
4698 0.262932
4699 0.242281
4700 0.219931
4701 0.265015
4702 0.228724
4703 0.24674
4704 0.226459
4705 0.223965
4706 0.252021
4707 0.254421
4708 0.224011
4709 0.228584
4710 0.228503
4711 0.238234
4712 0.238565
4713 0.2463
4714 0.324221
4715 0.343124
4716 0.252305
4717 0.24007
4718 0.256733
4719 0.263785
4720 0.239006
4721 0.255919
4722 0.266589
4723 0.248808
4724 0.24875
4725 0.236854
4726 0.24418
4727 0.240703
4728 0.240223
4729 0.265146
4730 0.299551
4731 0.253373
4732 0.22374
4733 0.274614
4734 0.243011
4735 0.268508
4736 0.242928
4737 0.233123
4738 0.249834
4739 0.252751
4740 0.290003
4741 0.236834
4742 0.265556
4743 0.226586
4744 0.245515
4745 0.266027
4746 0.276181
4747 0.227719
4748 0.243014
4749 0.27536
4750 0.253232
4751 0.253649
4752 0.235266
4753 0.213434
4754 0.248665
4755 0.267469
4756 0.353931
4757 0.270683
4758 0.237998
4759 0.214601
4760 0.240075
4761 0.241875
4762 0.283244
4763 0.237689
4764 0.249388
4765 0.251027
4766 0.239377
4767 0.279266
4768 0.25247
4769 0.278768
4770 0.289351
4771 0.250795
4772 0.226398
4773 0.238445
4774 0.279934
4775 0.251992
4776 0.258028
4777 0.277124
4778 0.266451
4779 0.238529
4780 0.230041
4781 0.226523
4782 0.23147
4783 0.254492
4784 0.24202
4785 0.234463
4786 0.271049
4787 0.24005
4788 0.275679
4789 0.248305
4790 0.29078
4791 0.25039
4792 0.260668
4793 0.239765
4794 0.231299
4795 0.257809
4796 0.267506
4797 0.258853
4798 0.218061
4799 0.289282
4800 0.260227
4801 0.260701
4802 0.274717
4803 0.220036
4804 0.237242
4805 0.292054
4806 0.227707
4807 0.248989
4808 0.233119
4809 0.24365
4810 0.266068
4811 0.240446
4812 0.256969
4813 0.266779
4814 0.263262
4815 0.256057
4816 0.248652
4817 0.258836
4818 0.236158
4819 0.230271
4820 0.241419
4821 0.244543
4822 0.236383
4823 0.22425
4824 0.239776
4825 0.290922
4826 0.236386
4827 0.312844
4828 0.27733
4829 0.230725
4830 0.218918
4831 0.244272
4832 0.247098
4833 0.271293
4834 0.243882
4835 0.254781
4836 0.219229
4837 0.238162
4838 0.279096
4839 0.248266
4840 0.255249
4841 0.247781
4842 0.232432
4843 0.225662
4844 0.231201
4845 0.270021
4846 0.21503
4847 0.24593
4848 0.265345
4849 0.273475
4850 0.257005
4851 0.218376
4852 0.282157
4853 0.229037
4854 0.242866
4855 0.237909
4856 0.225652
4857 0.253128
4858 0.217789
4859 0.221601
4860 0.23601
4861 0.222391
4862 0.239291
4863 0.251376
4864 0.236487
4865 0.261703
4866 0.228462
4867 0.239564
4868 0.304516
4869 0.23976
4870 0.254229
4871 0.229613
4872 0.266967
4873 0.277465
4874 0.240136
4875 0.23507
4876 0.258518
4877 0.232671
4878 0.250941
4879 0.228363
4880 0.251915
4881 0.214134
4882 0.276374
4883 0.309186
4884 0.304886
4885 0.266861
4886 0.285757
4887 0.236787
4888 0.255458
4889 0.267147
4890 0.220287
4891 0.254754
4892 0.25544
4893 0.256851
4894 0.23906
4895 0.229998
4896 0.232121
4897 0.217437
4898 0.259401
4899 0.21447
4900 0.272358
4901 0.237575
4902 0.246351
4903 0.239859
4904 0.269278
4905 0.25956
4906 0.231669
4907 0.218146
4908 0.258854
4909 0.217471
4910 0.227811
4911 0.242272
4912 0.233987
4913 0.221621
4914 0.231255
4915 0.222897
4916 0.233669
4917 0.234214
4918 0.227448
4919 0.259139
4920 0.250719
4921 0.253871
4922 0.220465
4923 0.273708
4924 0.264719
4925 0.23496
4926 0.255325
4927 0.239294
4928 0.260092
4929 0.248349
4930 0.267941
4931 0.22001
4932 0.232433
4933 0.242095
4934 0.206399
4935 0.24334
4936 0.233517
4937 0.268632
4938 0.241217
4939 0.221646
4940 0.248343
4941 0.213325
4942 0.263116
4943 0.218026
4944 0.218184
4945 0.2811
4946 0.236553
4947 0.25401
4948 0.276086
4949 0.247424
4950 0.234043
4951 0.23727
4952 0.26996
4953 0.288172
4954 0.248978
4955 0.238221
4956 0.223411
4957 0.22469
4958 0.280723
4959 0.248438
4960 0.236616
4961 0.222842
4962 0.210956
4963 0.23246
4964 0.249642
4965 0.240966
4966 0.26821
4967 0.233959
4968 0.253962
4969 0.234657
4970 0.230493
4971 0.300076
4972 0.248147
4973 0.237291
4974 0.226377
4975 0.239893
4976 0.237235
4977 0.257707
4978 0.256676
4979 0.236779
4980 0.232185
4981 0.237597
4982 0.244263
4983 0.279682
4984 0.305652
4985 0.219307
4986 0.267529
4987 0.263664
4988 0.244948
4989 0.216496
4990 0.232286
4991 0.246722
4992 0.217545
4993 0.264394
4994 0.245666
4995 0.22587
4996 0.261291
4997 0.261126
4998 0.257729
4999 0.239694
5000 0.245598
