0 4.04588
1 19.3534
2 19.1361
3 16.8557
4 15.7806
5 10.6084
6 7.47903
7 6.16941
8 4.56801
9 5.0149
10 5.09455
11 4.56653
12 3.51735
13 3.27002
14 3.08586
15 3.15161
16 3.0534
17 3.2361
18 2.91837
19 2.83395
20 2.63588
21 2.74026
22 2.72895
23 3.03002
24 2.44259
25 2.72891
26 2.7545
27 2.31403
28 2.4972
29 2.92274
30 2.98756
31 2.56075
32 2.57615
33 2.38139
34 2.53496
35 2.47159
36 2.12581
37 2.39494
38 2.16737
39 2.33305
40 2.47863
41 2.26502
42 2.27317
43 2.12786
44 2.21827
45 2.14758
46 2.1885
47 2.69263
48 2.20353
49 2.33146
50 2.16698
51 2.59652
52 2.43295
53 2.23701
54 2.16694
55 2.14946
56 2.11887
57 2.09975
58 2.20448
59 2.36156
60 2.13152
61 2.0328
62 2.25122
63 2.44091
64 1.9706
65 2.17706
66 2.0321
67 2.09126
68 2.13333
69 2.02978
70 2.18353
71 2.14738
72 2.08275
73 2.10075
74 2.1705
75 2.15896
76 2.34709
77 1.84978
78 2.01565
79 1.89271
80 2.0869
81 2.09675
82 2.01252
83 1.99136
84 2.10064
85 2.05837
86 2.12463
87 1.84858
88 1.94775
89 1.88855
90 1.96359
91 2.03536
92 1.97551
93 1.98755
94 1.89451
95 1.9075
96 1.80025
97 1.95427
98 1.86778
99 2.10494
100 1.90437
101 1.82283
102 1.85591
103 1.7664
104 1.83942
105 1.81521
106 1.81677
107 1.87949
108 1.71707
109 1.94962
110 1.8408
111 1.97975
112 1.92651
113 1.91876
114 1.66084
115 1.80808
116 1.8551
117 2.158
118 2.095
119 1.80598
120 1.6638
121 1.81289
122 1.94366
123 1.91738
124 1.96813
125 1.85587
126 1.83501
127 1.89258
128 1.75558
129 1.87731
130 1.85834
131 1.64835
132 1.84087
133 1.83642
134 1.90186
135 1.65602
136 2.01906
137 1.97201
138 1.86047
139 1.87865
140 1.69641
141 1.93758
142 1.76657
143 1.75049
144 1.73752
145 1.7994
146 1.87605
147 1.74305
148 1.96085
149 1.67292
150 1.90674
151 1.7167
152 1.85555
153 1.92463
154 1.86412
155 1.77806
156 1.76007
157 1.725
158 1.73434
159 1.64653
160 1.68643
161 1.65058
162 1.79117
163 1.73478
164 1.67286
165 1.69089
166 1.71008
167 1.77978
168 1.88065
169 2.00941
170 1.75037
171 1.69803
172 1.73949
173 1.9854
174 1.66133
175 1.83641
176 1.70436
177 1.77494
178 1.66823
179 1.63267
180 1.73896
181 1.74617
182 1.81485
183 1.57671
184 1.92045
185 1.68652
186 1.72091
187 1.70899
188 1.90654
189 1.73963
190 1.80057
191 1.64845
192 1.79206
193 1.78063
194 1.77253
195 1.72192
196 1.7575
197 1.62507
198 1.60407
199 1.66616
200 1.79036
201 1.63869
202 1.70378
203 1.75836
204 1.7687
205 1.94394
206 1.80802
207 1.59288
208 2.00476
209 1.6927
210 1.65025
211 1.82744
212 1.76998
213 1.71717
214 1.73334
215 1.53721
216 1.65541
217 1.66175
218 1.55839
219 1.60341
220 1.52059
221 1.68604
222 1.56358
223 1.60051
224 1.75592
225 1.49171
226 1.58401
227 1.44637
228 1.59106
229 1.61283
230 1.6561
231 1.61625
232 1.69263
233 1.80716
234 1.62041
235 1.61363
236 1.59363
237 1.47852
238 1.65361
239 1.63197
240 1.55325
241 1.52977
242 1.7118
243 1.65931
244 1.49006
245 1.64317
246 1.54661
247 1.42908
248 1.6179
249 1.59427
250 1.64259
251 1.59515
252 1.73989
253 1.8938
254 1.63866
255 1.81459
256 1.59578
257 1.62883
258 1.6187
259 1.58659
260 1.65172
261 1.57142
262 1.64402
263 1.56709
264 1.3789
265 1.5441
266 1.41365
267 1.59485
268 1.76791
269 1.5935
270 1.6556
271 1.54619
272 1.49613
273 1.56538
274 1.53193
275 1.54882
276 1.54581
277 1.56244
278 1.52118
279 1.46472
280 1.52623
281 1.63405
282 1.4488
283 1.60437
284 1.65786
285 1.67182
286 1.45722
287 1.57559
288 1.58446
289 1.55771
290 1.63029
291 1.62608
292 1.62164
293 1.47146
294 1.50872
295 1.80493
296 1.77129
297 1.47547
298 1.52544
299 1.38679
300 1.3953
301 1.65838
302 1.44991
303 1.51279
304 1.51046
305 1.55456
306 1.55835
307 1.5485
308 1.51568
309 1.34337
310 1.44812
311 1.54328
312 1.50975
313 1.53972
314 1.48852
315 1.56246
316 1.59313
317 1.44304
318 1.48165
319 1.52202
320 1.50617
321 1.47695
322 1.64667
323 1.6185
324 1.33977
325 1.42359
326 1.34716
327 1.43017
328 1.36936
329 1.43699
330 1.60442
331 1.5076
332 1.54003
333 1.4293
334 1.35593
335 1.76709
336 1.49293
337 1.4802
338 1.56483
339 1.36021
340 1.43713
341 1.42404
342 1.31009
343 1.75036
344 1.42866
345 1.49918
346 1.32346
347 1.61229
348 1.52209
349 1.48202
350 1.5975
351 1.45178
352 1.37436
353 1.492
354 1.77164
355 1.49468
356 1.47262
357 1.4095
358 1.42585
359 1.33953
360 1.39577
361 1.47578
362 1.38915
363 1.36459
364 1.38915
365 1.3924
366 1.3649
367 1.53032
368 1.49418
369 1.41754
370 1.4149
371 1.29298
372 1.46086
373 1.43626
374 1.63228
375 1.38602
376 1.44687
377 1.28477
378 1.32084
379 1.55784
380 1.39214
381 1.38225
382 1.47774
383 1.29279
384 1.34234
385 1.33734
386 1.39626
387 1.3703
388 1.29708
389 1.49598
390 1.33133
391 1.29224
392 1.35021
393 1.32262
394 1.42822
395 1.29
396 1.3215
397 1.27895
398 1.33261
399 1.27284
400 1.39137
401 1.37507
402 1.33709
403 1.33171
404 1.27507
405 1.28909
406 1.37949
407 1.25138
408 1.43048
409 1.31933
410 1.27369
411 1.43565
412 1.30135
413 1.2715
414 1.35561
415 1.1562
416 1.19592
417 1.25805
418 1.17628
419 1.19879
420 1.33134
421 1.16504
422 1.14197
423 1.21246
424 1.62578
425 1.23968
426 1.30685
427 1.54003
428 1.22602
429 1.56136
430 1.29517
431 1.3688
432 1.21347
433 1.27231
434 1.40083
435 1.37837
436 1.24558
437 1.33024
438 1.36264
439 1.23543
440 1.33544
441 1.30334
442 1.33424
443 1.57258
444 1.339
445 1.25953
446 1.37686
447 1.2709
448 1.31444
449 1.36962
450 1.34473
451 1.3269
452 1.2239
453 1.39433
454 1.25186
455 1.41915
456 1.21018
457 1.82036
458 1.49571
459 1.3505
460 1.30874
461 1.39631
462 1.30753
463 1.39361
464 1.22557
465 1.21735
466 1.22872
467 1.21233
468 1.29096
469 1.67843
470 1.65693
471 1.36311
472 1.27109
473 1.43647
474 1.29239
475 1.45583
476 1.26027
477 1.41239
478 1.28185
479 1.29923
480 1.39699
481 1.29354
482 1.31517
483 1.30109
484 1.20705
485 1.37836
486 1.24802
487 1.46611
488 1.49906
489 1.26842
490 1.25574
491 1.56991
492 1.27856
493 1.26145
494 1.31869
495 1.2765
496 1.29329
497 1.24855
498 1.27588
499 1.29644
500 1.24468
501 1.42811
502 1.2511
503 1.21837
504 1.39741
505 1.40637
506 1.18212
507 1.29816
508 1.3032
509 1.20295
510 1.20909
511 1.17299
512 1.24022
513 1.24864
514 1.30566
515 1.15091
516 1.1975
517 1.09898
518 1.21877
519 1.19878
520 1.2604
521 1.21735
522 1.19161
523 1.2412
524 1.24044
525 1.2478
526 1.34714
527 1.23966
528 1.33525
529 1.16191
530 1.21558
531 1.14891
532 1.21023
533 1.18232
534 1.25221
535 1.1819
536 1.13878
537 1.13586
538 1.1909
539 1.33971
540 1.29871
541 1.22973
542 1.29452
543 1.07368
544 1.215
545 1.12473
546 1.28318
547 1.30105
548 1.1372
549 1.11223
550 1.18584
551 1.26572
552 1.28326
553 1.32022
554 1.21405
555 1.14316
556 1.19835
557 1.17538
558 1.17666
559 1.14255
560 1.17472
561 1.2151
562 1.24568
563 1.25922
564 1.13801
565 1.37366
566 1.31106
567 1.23971
568 1.13395
569 1.17047
570 1.23529
571 1.05705
572 1.17385
573 1.14023
574 1.1856
575 1.23959
576 1.24666
577 1.11902
578 1.20595
579 1.21513
580 1.15071
581 1.27444
582 1.20587
583 1.30749
584 1.16852
585 1.11748
586 1.16552
587 1.13988
588 1.06762
589 1.17669
590 1.13525
591 1.15662
592 1.224
593 1.15839
594 1.10045
595 1.21988
596 1.22443
597 1.28948
598 1.35415
599 1.19909
600 1.03199
601 1.22242
602 1.10994
603 1.08357
604 1.14783
605 1.08629
606 1.17375
607 1.1755
608 1.07163
609 1.12326
610 1.06905
611 1.35935
612 1.12279
613 1.27485
614 1.13275
615 1.12098
616 1.15649
617 1.23892
618 1.16361
619 1.09026
620 1.17375
621 1.12804
622 1.12814
623 1.111
624 1.26609
625 1.15748
626 1.05075
627 1.12267
628 1.14117
629 1.12682
630 1.08282
631 1.0608
632 1.11763
633 1.14356
634 1.27631
635 1.10347
636 1.16384
637 1.26855
638 1.1251
639 1.14976
640 1.16008
641 1.119
642 1.22375
643 1.10789
644 1.08873
645 1.07563
646 1.14233
647 1.04084
648 1.05488
649 0.972625
650 1.18683
651 1.05811
652 1.0331
653 1.14915
654 0.989109
655 1.08278
656 1.01421
657 0.953429
658 1.11831
659 1.10599
660 1.17093
661 1.10806
662 1.10319
663 1.14164
664 1.08411
665 1.01708
666 1.12462
667 1.02119
668 1.02312
669 1.01686
670 1.13444
671 1.15446
672 1.1384
673 0.937951
674 1.06967
675 0.997715
676 1.05711
677 1.10289
678 1.05326
679 1.15738
680 1.01768
681 1.24334
682 1.15918
683 1.11611
684 1.10523
685 1.11751
686 1.04376
687 1.00881
688 1.03229
689 1.07481
690 1.039
691 1.26914
692 0.994564
693 0.976411
694 1.03436
695 1.06321
696 1.18541
697 1.20625
698 0.973491
699 1.09457
700 1.03184
701 1.13342
702 0.99661
703 0.971955
704 1.05338
705 1.20225
706 1.02289
707 0.973908
708 1.07976
709 1.05509
710 1.18354
711 0.964797
712 1.24204
713 1.09931
714 1.09287
715 1.00439
716 1.02256
717 1.08289
718 1.10755
719 0.991203
720 1.0604
721 1.14381
722 1.00646
723 1.01451
724 1.20538
725 1.08709
726 1.02572
727 1.07698
728 0.959172
729 1.04719
730 0.996761
731 0.971104
732 1.01713
733 1.01698
734 1.13762
735 1.10048
736 1.06415
737 1.00019
738 0.976624
739 0.976334
740 1.14009
741 0.934274
742 1.15645
743 1.12093
744 1.01229
745 1.1559
746 0.983215
747 1.03546
748 1.09587
749 1.05362
750 1.08667
751 1.17441
752 1.06578
753 0.923748
754 1.01184
755 0.981323
756 0.982637
757 0.972446
758 1.12416
759 1.01084
760 0.968333
761 1.0464
762 1.11354
763 0.96013
764 1.07612
765 0.954898
766 0.986883
767 1.06379
768 0.941529
769 0.95738
770 0.922837
771 1.07923
772 1.13845
773 0.967815
774 1.11228
775 0.881364
776 1.19347
777 1.05122
778 0.945944
779 1.0885
780 0.934497
781 0.927365
782 1.183
783 1.25734
784 1.10771
785 1.01463
786 0.94839
787 0.911172
788 0.915891
789 0.965902
790 1.0034
791 1.0262
792 1.03644
793 0.939577
794 0.920264
795 0.931802
796 1.05748
797 1.04537
798 0.993025
799 0.909081
800 0.869686
801 1.07487
802 1.16741
803 1.12118
804 0.994688
805 0.97516
806 0.945683
807 0.919581
808 1.01523
809 0.951801
810 0.967679
811 0.987242
812 0.941422
813 0.885487
814 0.93165
815 0.942472
816 0.88744
817 0.879148
818 1.08447
819 0.952157
820 0.959467
821 1.00543
822 0.838708
823 0.916902
824 0.836742
825 0.925424
826 0.964724
827 0.884833
828 0.924595
829 0.934743
830 1.07035
831 0.939221
832 0.937753
833 0.880152
834 0.8546
835 0.914683
836 0.86981
837 0.982837
838 0.961212
839 0.874319
840 1.01139
841 0.929365
842 0.837014
843 0.869152
844 0.84264
845 0.884973
846 0.889709
847 0.852603
848 0.825175
849 0.930261
850 0.813307
851 0.777567
852 0.934546
853 0.931117
854 0.808083
855 0.854939
856 1.03934
857 0.989247
858 1.06167
859 0.99085
860 0.883373
861 0.938442
862 0.919942
863 0.985028
864 0.908175
865 0.911421
866 0.830589
867 0.894973
868 0.926825
869 0.90918
870 0.891262
871 0.953285
872 0.952006
873 1.0192
874 0.890103
875 0.94373
876 0.83661
877 0.955319
878 0.882545
879 0.979137
880 0.913723
881 0.883435
882 0.956152
883 0.880165
884 1.04683
885 0.904079
886 1.27343
887 1.08785
888 0.832718
889 0.962637
890 0.978035
891 0.933606
892 0.970814
893 0.868734
894 0.84154
895 0.830593
896 0.960899
897 0.915025
898 1.0281
899 0.860883
900 0.866643
901 0.8819
902 0.972954
903 0.877533
904 0.891255
905 0.85561
906 0.84792
907 0.768058
908 1.03455
909 0.91606
910 0.940601
911 0.844799
912 0.876998
913 0.845712
914 0.87659
915 0.861413
916 0.963837
917 0.949217
918 0.911635
919 0.875685
920 0.939402
921 0.934874
922 0.882115
923 0.895439
924 0.822603
925 0.933774
926 0.842737
927 0.902194
928 0.880242
929 0.893954
930 0.95462
931 0.854252
932 1.02357
933 0.946019
934 0.817381
935 0.886678
936 0.915174
937 0.862921
938 0.873062
939 0.825667
940 0.804483
941 0.961415
942 0.977227
943 0.882874
944 0.835067
945 0.841948
946 0.821042
947 0.886717
948 0.859201
949 0.8789
950 0.910145
951 0.827945
952 0.891162
953 0.762692
954 0.87425
955 0.932688
956 0.90239
957 0.899515
958 0.879534
959 0.848954
960 0.82266
961 0.908978
962 0.889521
963 0.791485
964 0.797873
965 0.744382
966 0.78067
967 0.90279
968 0.924039
969 0.838068
970 0.835965
971 0.958289
972 0.758878
973 0.809134
974 0.863503
975 0.926491
976 0.855263
977 0.78276
978 0.772677
979 0.909913
980 0.882383
981 0.95867
982 0.89758
983 0.900883
984 0.797473
985 0.807142
986 0.768213
987 0.840059
988 0.724244
989 0.82484
990 0.805663
991 0.90998
992 0.787446
993 0.814705
994 1.01156
995 0.847822
996 0.821395
997 0.810049
998 0.92219
999 0.869515
1000 0.72625
1001 0.928809
1002 0.81752
1003 0.859859
1004 0.780966
1005 0.825963
1006 0.789302
1007 0.870963
1008 0.726352
1009 0.869975
1010 0.885858
1011 0.858209
1012 0.884264
1013 0.77066
1014 0.822625
1015 0.779641
1016 0.818181
1017 0.759245
1018 0.89766
1019 0.883893
1020 0.811168
1021 0.824978
1022 0.757768
1023 0.819784
1024 0.851771
1025 0.91183
1026 0.862329
1027 0.911702
1028 0.902685
1029 0.732789
1030 0.942192
1031 0.815017
1032 0.793778
1033 0.803202
1034 0.889621
1035 0.841121
1036 0.740951
1037 0.761735
1038 0.786922
1039 0.802542
1040 0.848114
1041 0.774174
1042 0.868744
1043 0.810746
1044 0.77071
1045 0.791089
1046 0.862647
1047 0.810359
1048 0.797649
1049 0.755426
1050 0.813208
1051 0.798215
1052 0.767701
1053 0.851005
1054 0.766728
1055 0.771467
1056 0.893355
1057 0.819936
1058 0.765395
1059 0.830189
1060 0.788936
1061 0.78164
1062 0.915576
1063 0.830236
1064 0.778517
1065 0.848921
1066 0.875675
1067 0.848216
1068 0.797411
1069 0.797167
1070 0.805791
1071 0.89472
1072 0.778093
1073 0.776819
1074 0.796688
1075 0.726716
1076 0.832548
1077 0.759115
1078 0.797915
1079 0.775325
1080 0.753898
1081 0.803342
1082 0.751331
1083 0.677707
1084 0.852281
1085 0.702786
1086 0.752761
1087 0.840389
1088 0.771597
1089 0.974803
1090 0.808915
1091 0.741404
1092 0.816485
1093 0.767903
1094 0.764814
1095 0.905478
1096 0.75758
1097 0.70823
1098 0.744353
1099 0.854336
1100 0.853488
1101 0.80503
1102 0.775297
1103 0.741803
1104 0.689392
1105 0.773296
1106 0.780161
1107 0.833343
1108 0.729544
1109 0.720713
1110 0.947511
1111 0.7913
1112 0.827481
1113 0.900913
1114 0.707918
1115 0.760616
1116 0.699099
1117 0.772492
1118 0.730639
1119 0.805975
1120 0.818952
1121 0.751945
1122 0.691468
1123 0.752733
1124 0.750578
1125 1.0021
1126 0.868736
1127 0.692272
1128 0.83929
1129 0.802696
1130 0.813285
1131 0.737036
1132 0.668144
1133 0.729467
1134 0.774073
1135 0.761276
1136 0.780396
1137 0.721698
1138 0.88395
1139 0.715229
1140 0.841278
1141 0.833751
1142 0.806719
1143 0.739895
1144 0.717123
1145 0.724128
1146 0.805161
1147 0.769349
1148 0.690282
1149 0.791502
1150 0.852523
1151 0.767715
1152 0.862901
1153 0.870605
1154 0.761849
1155 0.723383
1156 0.691043
1157 0.716935
1158 0.72878
1159 0.718264
1160 0.725646
1161 0.787546
1162 0.705267
1163 0.726335
1164 0.796453
1165 0.79962
1166 0.666331
1167 0.670821
1168 0.757677
1169 0.800306
1170 0.799274
1171 0.703773
1172 0.65464
1173 0.72853
1174 0.833542
1175 0.674272
1176 0.834725
1177 0.760326
1178 0.737877
1179 0.919961
1180 0.945563
1181 0.66143
1182 0.683359
1183 0.718295
1184 0.725798
1185 0.766255
1186 0.686597
1187 0.821972
1188 0.740098
1189 0.670947
1190 0.937311
1191 0.806346
1192 0.733306
1193 0.698341
1194 0.698033
1195 0.682309
1196 0.742241
1197 0.728291
1198 0.666909
1199 0.628547
1200 0.861714
1201 0.902564
1202 0.722332
1203 0.668224
1204 0.708077
1205 0.881085
1206 0.797733
1207 0.687042
1208 0.899016
1209 0.686676
1210 0.768271
1211 0.787682
1212 0.788189
1213 0.733858
1214 0.715949
1215 0.713019
1216 0.731682
1217 0.730945
1218 0.772718
1219 0.746559
1220 0.765017
1221 0.680786
1222 0.693245
1223 0.680498
1224 0.703728
1225 0.832667
1226 0.697283
1227 0.68445
1228 0.629356
1229 0.669896
1230 0.77369
1231 0.795905
1232 0.768188
1233 0.716435
1234 0.695544
1235 0.632122
1236 0.820229
1237 0.755376
1238 0.65759
1239 0.715568
1240 0.748096
1241 0.653973
1242 0.669088
1243 0.715496
1244 0.662528
1245 0.630895
1246 0.703757
1247 0.711904
1248 0.636665
1249 0.707957
1250 0.680154
1251 0.688519
1252 0.647636
1253 0.694615
1254 0.681356
1255 0.687411
1256 0.633701
1257 0.710106
1258 0.702773
1259 0.767254
1260 0.681312
1261 0.651621
1262 0.663906
1263 0.634329
1264 0.597845
1265 0.697125
1266 0.690857
1267 0.655926
1268 0.660879
1269 0.728262
1270 0.619441
1271 0.674725
1272 0.618641
1273 0.612869
1274 0.644861
1275 0.57526
1276 0.660855
1277 0.635836
1278 0.619726
1279 0.566335
1280 0.559174
1281 0.750338
1282 0.75006
1283 0.564603
1284 0.872672
1285 0.652535
1286 0.627386
1287 0.783422
1288 0.724773
1289 0.654671
1290 0.653248
1291 0.738812
1292 0.724122
1293 0.674791
1294 0.66917
1295 0.610605
1296 0.581122
1297 0.671138
1298 0.655874
1299 0.643265
1300 0.757277
1301 0.754185
1302 0.673825
1303 0.731083
1304 0.630697
1305 0.660457
1306 0.814112
1307 0.634838
1308 0.83756
1309 0.658776
1310 0.642222
1311 0.847351
1312 0.652847
1313 0.718015
1314 0.669345
1315 0.785652
1316 0.744314
1317 0.63991
1318 0.71265
1319 0.676952
1320 0.711407
1321 0.705647
1322 0.598455
1323 0.634717
1324 0.595688
1325 0.685236
1326 0.78568
1327 0.654617
1328 0.598875
1329 0.587703
1330 0.67015
1331 0.828013
1332 0.652808
1333 0.62573
1334 0.657094
1335 0.61356
1336 0.673919
1337 0.754597
1338 0.690332
1339 0.622257
1340 0.622546
1341 0.645662
1342 0.625232
1343 0.663083
1344 0.658373
1345 0.646001
1346 0.672765
1347 0.658143
1348 0.730174
1349 0.721638
1350 0.599326
1351 0.627086
1352 0.64963
1353 0.627888
1354 0.621974
1355 0.622062
1356 0.682952
1357 0.604559
1358 0.682076
1359 0.657376
1360 0.640507
1361 0.681204
1362 0.723375
1363 0.619808
1364 0.604457
1365 0.654787
1366 0.68203
1367 0.676537
1368 0.584909
1369 0.646715
1370 0.761469
1371 0.681872
1372 0.682206
1373 0.602201
1374 0.647143
1375 0.617555
1376 0.592444
1377 0.71221
1378 0.612801
1379 0.703228
1380 0.668394
1381 0.634257
1382 0.630006
1383 0.631598
1384 0.696214
1385 0.714201
1386 0.598416
1387 0.624793
1388 0.58538
1389 0.549781
1390 0.722877
1391 0.607116
1392 0.601037
1393 0.61233
1394 0.59761
1395 0.58587
1396 0.681452
1397 0.681703
1398 0.737769
1399 0.628119
1400 0.576817
1401 0.599286
1402 0.581473
1403 0.722058
1404 0.676106
1405 0.622551
1406 0.543449
1407 0.616377
1408 0.726167
1409 0.688634
1410 0.69797
1411 0.633571
1412 0.680997
1413 0.637324
1414 0.584208
1415 0.653487
1416 0.581127
1417 0.534482
1418 0.623639
1419 0.591718
1420 0.766677
1421 0.57787
1422 0.668617
1423 0.746921
1424 0.608633
1425 0.595407
1426 0.615301
1427 0.64688
1428 0.614582
1429 0.604016
1430 0.580291
1431 0.641129
1432 0.61229
1433 0.639427
1434 0.658344
1435 0.590221
1436 0.644347
1437 0.604045
1438 0.647162
1439 0.624261
1440 0.679244
1441 0.631701
1442 0.554444
1443 0.662788
1444 0.578831
1445 0.548542
1446 0.648819
1447 0.624026
1448 0.649237
1449 0.597147
1450 0.571796
1451 0.591515
1452 0.603275
1453 0.653914
1454 0.749335
1455 0.722041
1456 0.660892
1457 0.599153
1458 0.531614
1459 0.670174
1460 0.543784
1461 0.617337
1462 0.613296
1463 0.573679
1464 0.655879
1465 0.570598
1466 0.584503
1467 0.557364
1468 0.662568
1469 0.596278
1470 0.735954
1471 0.629318
1472 0.607794
1473 0.582375
1474 0.60044
1475 0.62581
1476 0.586344
1477 0.547012
1478 0.566172
1479 0.594505
1480 0.620326
1481 0.620776
1482 0.640535
1483 0.558275
1484 0.520321
1485 0.722094
1486 0.601015
1487 0.563163
1488 0.611198
1489 0.62943
1490 0.636947
1491 0.646955
1492 0.616325
1493 0.589524
1494 0.688439
1495 0.61051
1496 0.564035
1497 0.606292
1498 0.628295
1499 0.650088
1500 0.701637
1501 0.499062
1502 0.708796
1503 0.596157
1504 0.530074
1505 0.625448
1506 0.514506
1507 0.697335
1508 0.594949
1509 0.590665
1510 0.728885
1511 0.522908
1512 0.519407
1513 0.691176
1514 0.543066
1515 0.646647
1516 0.550354
1517 0.638707
1518 0.631023
1519 0.67027
1520 0.619571
1521 0.555179
1522 0.546659
1523 0.58658
1524 0.690805
1525 0.615763
1526 0.536723
1527 0.558778
1528 0.626649
1529 0.651888
1530 0.527368
1531 0.57714
1532 0.556102
1533 0.523149
1534 0.576384
1535 0.550151
1536 0.673887
1537 0.577875
1538 0.732858
1539 0.674246
1540 0.639417
1541 0.578757
1542 0.650654
1543 0.614031
1544 0.510567
1545 0.568973
1546 0.611456
1547 0.591617
1548 0.558506
1549 0.59863
1550 0.509948
1551 0.53149
1552 0.534878
1553 0.60564
1554 0.889999
1555 0.643249
1556 0.628291
1557 0.604175
1558 0.568098
1559 0.662746
1560 0.517455
1561 0.585424
1562 0.555196
1563 0.629471
1564 0.531413
1565 0.586263
1566 0.492208
1567 0.664305
1568 0.523744
1569 0.61882
1570 0.600461
1571 0.629653
1572 0.529714
1573 0.549232
1574 0.574263
1575 0.593761
1576 0.537298
1577 0.607463
1578 0.59752
1579 0.662086
1580 0.580921
1581 0.679139
1582 0.648946
1583 0.597304
1584 0.573815
1585 0.496547
1586 0.534784
1587 0.614221
1588 0.524246
1589 0.553661
1590 0.65228
1591 0.5994
1592 0.558246
1593 0.62886
1594 0.632027
1595 0.533241
1596 0.524075
1597 0.570912
1598 0.570336
1599 0.626201
1600 0.578529
1601 0.637005
1602 0.573803
1603 0.585378
1604 0.520244
1605 0.557467
1606 0.595701
1607 0.536783
1608 0.70201
1609 0.670837
1610 0.483852
1611 0.564784
1612 0.58951
1613 0.541364
1614 0.625313
1615 0.518514
1616 0.623372
1617 0.561553
1618 0.61653
1619 0.623578
1620 0.562535
1621 0.532857
1622 0.57755
1623 0.465672
1624 0.541301
1625 0.501889
1626 0.554391
1627 0.526328
1628 0.481986
1629 0.731495
1630 0.653612
1631 0.551411
1632 0.476803
1633 0.586207
1634 0.647548
1635 0.568719
1636 0.692956
1637 0.49584
1638 0.543489
1639 0.591958
1640 0.652993
1641 0.553827
1642 0.5832
1643 0.525516
1644 0.507192
1645 0.460114
1646 0.55859
1647 0.627841
1648 0.493418
1649 0.536822
1650 0.56165
1651 0.555088
1652 0.562774
1653 0.53403
1654 0.631982
1655 0.50239
1656 0.498645
1657 0.474869
1658 0.530308
1659 0.555294
1660 0.801428
1661 0.521176
1662 0.582361
1663 0.525113
1664 0.516175
1665 0.548996
1666 0.593193
1667 0.508647
1668 0.530195
1669 0.540899
1670 0.517271
1671 0.556842
1672 0.550231
1673 0.462743
1674 0.511662
1675 0.529706
1676 0.508164
1677 0.465544
1678 0.555382
1679 0.532621
1680 0.485817
1681 0.474198
1682 0.524707
1683 0.523555
1684 0.469328
1685 0.496385
1686 0.507431
1687 0.469063
1688 0.525861
1689 0.520741
1690 0.53385
1691 0.468078
1692 0.568078
1693 0.436976
1694 0.55136
1695 0.570599
1696 0.505965
1697 0.514232
1698 0.533422
1699 0.471463
1700 0.512517
1701 0.469766
1702 0.486935
1703 0.47418
1704 0.47082
1705 0.546516
1706 0.5029
1707 0.464837
1708 0.428498
1709 0.428996
1710 0.584995
1711 0.47975
1712 0.456191
1713 0.665741
1714 0.419665
1715 0.601781
1716 0.50646
1717 0.564729
1718 0.462545
1719 0.461948
1720 0.554995
1721 0.624848
1722 0.485012
1723 0.513111
1724 0.497624
1725 0.452669
1726 0.494398
1727 0.535573
1728 0.486579
1729 0.617183
1730 0.52507
1731 0.53329
1732 0.545181
1733 0.471833
1734 0.541786
1735 0.551853
1736 0.529023
1737 0.522214
1738 0.469004
1739 0.611203
1740 0.505165
1741 0.57038
1742 0.48959
1743 0.702504
1744 0.583385
1745 0.559682
1746 0.453986
1747 0.527415
1748 0.491366
1749 0.561164
1750 0.54602
1751 0.506426
1752 0.483608
1753 0.487828
1754 0.559753
1755 0.852081
1756 0.436321
1757 0.566931
1758 0.533469
1759 0.62698
1760 0.491914
1761 0.583456
1762 0.476054
1763 0.495126
1764 0.487238
1765 0.557719
1766 0.566391
1767 0.527183
1768 0.499592
1769 0.524452
1770 0.479916
1771 0.47749
1772 0.498047
1773 0.567671
1774 0.57017
1775 0.507608
1776 0.488922
1777 0.596864
1778 0.51998
1779 0.471839
1780 0.487164
1781 0.521043
1782 0.483611
1783 0.521616
1784 0.507877
1785 0.500169
1786 0.54907
1787 0.554373
1788 0.482254
1789 0.47214
1790 0.622437
1791 0.520232
1792 0.459689
1793 0.508246
1794 0.479951
1795 0.532277
1796 0.468378
1797 0.448948
1798 0.502574
1799 0.516211
1800 0.509541
1801 0.552072
1802 0.513251
1803 0.477605
1804 0.53256
1805 0.483233
1806 0.537372
1807 0.488335
1808 0.503183
1809 0.503049
1810 0.47668
1811 0.496396
1812 0.544698
1813 0.480443
1814 0.58692
1815 0.451121
1816 0.500604
1817 0.441905
1818 0.457934
1819 0.521641
1820 0.520011
1821 0.463708
1822 0.462975
1823 0.414328
1824 0.509616
1825 0.522322
1826 0.628754
1827 0.462493
1828 0.526201
1829 0.462541
1830 0.479075
1831 0.490074
1832 0.514776
1833 0.524625
1834 0.463765
1835 0.428993
1836 0.495078
1837 0.644282
1838 0.4861
1839 0.604771
1840 0.517085
1841 0.477675
1842 0.539246
1843 0.461974
1844 0.502741
1845 0.442252
1846 0.451065
1847 0.536371
1848 0.587293
1849 0.515142
1850 0.415519
1851 0.583312
1852 0.503799
1853 0.480173
1854 0.450788
1855 0.43252
1856 0.519747
1857 0.508238
1858 0.453225
1859 0.485949
1860 0.481787
1861 0.479724
1862 0.528962
1863 0.502776
1864 0.46268
1865 0.505796
1866 0.425739
1867 0.564632
1868 0.5378
1869 0.577804
1870 0.472433
1871 0.450033
1872 0.480237
1873 0.590648
1874 0.459435
1875 0.519414
1876 0.467829
1877 0.528869
1878 0.448418
1879 0.455972
1880 0.404714
1881 0.513532
1882 0.473592
1883 0.536104
1884 0.535863
1885 0.560892
1886 0.429179
1887 0.510251
1888 0.599691
1889 0.436234
1890 0.545838
1891 0.491388
1892 0.454562
1893 0.529033
1894 0.441651
1895 0.447049
1896 0.417432
1897 0.602502
1898 0.467052
1899 0.5894
1900 0.42524
1901 0.442523
1902 0.482921
1903 0.512678
1904 0.517794
1905 0.429197
1906 0.421205
1907 0.51387
1908 0.454186
1909 0.470882
1910 0.498522
1911 0.475688
1912 0.469924
1913 0.430466
1914 0.485176
1915 0.477169
1916 0.436538
1917 0.568466
1918 0.430915
1919 0.536503
1920 0.515119
1921 0.411171
1922 0.475777
1923 0.535215
1924 0.529348
1925 0.44936
1926 0.500975
1927 0.520967
1928 0.524914
1929 0.455557
1930 0.473276
1931 0.488379
1932 0.468697
1933 0.408445
1934 0.407092
1935 0.409143
1936 0.543811
1937 0.435647
1938 0.455335
1939 0.506439
1940 0.381734
1941 0.48963
1942 0.406023
1943 0.400708
1944 0.444077
1945 0.445038
1946 0.481068
1947 0.485622
1948 0.523135
1949 0.464686
1950 0.458393
1951 0.469421
1952 0.499619
1953 0.511562
1954 0.407962
1955 0.533719
1956 0.439448
1957 0.623131
1958 0.493902
1959 0.385219
1960 0.482322
1961 0.442979
1962 0.489619
1963 0.4786
1964 0.44364
1965 0.548684
1966 0.422012
1967 0.646373
1968 0.541991
1969 0.51381
1970 0.467296
1971 0.539129
1972 0.459161
1973 0.375192
1974 0.448963
1975 0.468547
1976 0.416775
1977 0.487656
1978 0.407619
1979 0.390415
1980 0.39324
1981 0.435409
1982 0.585757
1983 0.588376
1984 0.466089
1985 0.53506
1986 0.506704
1987 0.494837
1988 0.454634
1989 0.431443
1990 0.437021
1991 0.471536
1992 0.446363
1993 0.47917
1994 0.457351
1995 0.452731
1996 0.479291
1997 0.409075
1998 0.550923
1999 0.474766
2000 0.496179
2001 0.465906
2002 0.461903
2003 0.479215
2004 0.486651
2005 0.480565
2006 0.46087
2007 0.58497
2008 0.445407
2009 0.462932
2010 0.460153
2011 0.503803
2012 0.443397
2013 0.409308
2014 0.359752
2015 0.440408
2016 0.512835
2017 0.378713
2018 0.475082
2019 0.437052
2020 0.51021
2021 0.468386
2022 0.496921
2023 0.458171
2024 0.407369
2025 0.395308
2026 0.504335
2027 0.418052
2028 0.491685
2029 0.405221
2030 0.500827
2031 0.450425
2032 0.424588
2033 0.439953
2034 0.508647
2035 0.485543
2036 0.439808
2037 0.61725
2038 0.469691
2039 0.375516
2040 0.425754
2041 0.395465
2042 0.466473
2043 0.407026
2044 0.569053
2045 0.466939
2046 0.490861
2047 0.536062
2048 0.546435
2049 0.372201
2050 0.511735
2051 0.436651
2052 0.39766
2053 0.40233
2054 0.417432
2055 0.44275
2056 0.411797
2057 0.502333
2058 0.577788
2059 0.417845
2060 0.426561
2061 0.400804
2062 0.542314
2063 0.428502
2064 0.383484
2065 0.578455
2066 0.398694
2067 0.392658
2068 0.507194
2069 0.477753
2070 0.467701
2071 0.400412
2072 0.441083
2073 0.449861
2074 0.414398
2075 0.39633
2076 0.503759
2077 0.445752
2078 0.443977
2079 0.378311
2080 0.392427
2081 0.418661
2082 0.461172
2083 0.498302
2084 0.40103
2085 0.407565
2086 0.372444
2087 0.508914
2088 0.492286
2089 0.635604
2090 0.408281
2091 0.480913
2092 0.426313
2093 0.424475
2094 0.547237
2095 0.434167
2096 0.453427
2097 0.454761
2098 0.398579
2099 0.423582
2100 0.414747
2101 0.422595
2102 0.431091
2103 0.38613
2104 0.43886
2105 0.41107
2106 0.416072
2107 0.382661
2108 0.442492
2109 0.368873
2110 0.372694
2111 0.494804
2112 0.44232
2113 0.402127
2114 0.485766
2115 0.376423
2116 0.499883
2117 0.372583
2118 0.404876
2119 0.385843
2120 0.370381
2121 0.420799
2122 0.372823
2123 0.513749
2124 0.436153
2125 0.364282
2126 0.499359
2127 0.400014
2128 0.372417
2129 0.452984
2130 0.362359
2131 0.362516
2132 0.366368
2133 0.427517
2134 0.3266
2135 0.406491
2136 0.327444
2137 0.347503
2138 0.361642
2139 0.392194
2140 0.339124
2141 0.378383
2142 0.464743
2143 0.491645
2144 0.495397
2145 0.434623
2146 0.411215
2147 0.375506
2148 0.450077
2149 0.394916
2150 0.417261
2151 0.360331
2152 0.372344
2153 0.42148
2154 0.404791
2155 0.374248
2156 0.396696
2157 0.440872
2158 0.444517
2159 0.493414
2160 0.403183
2161 0.448214
2162 0.354774
2163 0.412739
2164 0.414089
2165 0.527186
2166 0.441467
2167 0.356762
2168 0.49039
2169 0.397483
2170 0.465108
2171 0.419727
2172 0.569456
2173 0.619289
2174 0.373291
2175 0.409829
2176 0.44594
2177 0.411443
2178 0.42519
2179 0.393652
2180 0.365704
2181 0.350143
2182 0.452592
2183 0.424705
2184 0.635907
2185 0.357168
2186 0.346666
2187 0.352871
2188 0.430866
2189 0.435984
2190 0.410808
2191 0.405678
2192 0.382661
2193 0.343986
2194 0.521095
2195 0.437014
2196 0.4007
2197 0.405267
2198 0.387239
2199 0.37469
2200 0.436018
2201 0.391641
2202 0.425928
2203 0.43327
2204 0.410222
2205 0.438056
2206 0.442686
2207 0.529051
2208 0.374787
2209 0.381472
2210 0.36736
2211 0.473567
2212 0.40051
2213 0.448405
2214 0.391813
2215 0.3833
2216 0.481998
2217 0.360745
2218 0.434824
2219 0.505988
2220 0.359215
2221 0.434897
2222 0.444421
2223 0.416717
2224 0.399924
2225 0.387516
2226 0.324269
2227 0.427294
2228 0.454153
2229 0.43126
2230 0.364681
2231 0.380259
2232 0.391485
2233 0.39713
2234 0.387733
2235 0.38947
2236 0.389274
2237 0.427042
2238 0.432541
2239 0.364368
2240 0.368704
2241 0.493251
2242 0.428346
2243 0.432343
2244 0.384176
2245 0.417639
2246 0.3674
2247 0.410089
2248 0.454781
2249 0.354677
2250 0.38028
2251 0.336142
2252 0.352011
2253 0.447456
2254 0.428135
2255 0.40939
2256 0.45199
2257 0.375632
2258 0.340842
2259 0.378977
2260 0.435306
2261 0.386081
2262 0.346462
2263 0.346487
2264 0.344618
2265 0.436938
2266 0.504149
2267 0.409729
2268 0.477959
2269 0.363695
2270 0.397733
2271 0.41558
2272 0.358736
2273 0.4269
2274 0.32351
2275 0.383245
2276 0.35968
2277 0.453426
2278 0.397261
2279 0.338355
2280 0.451378
2281 0.394651
2282 0.39825
2283 0.371626
2284 0.443154
2285 0.38434
2286 0.304601
2287 0.371013
2288 0.393404
2289 0.389481
2290 0.376104
2291 0.478058
2292 0.373622
2293 0.394261
2294 0.346176
2295 0.386709
2296 0.426112
2297 0.334602
2298 0.425632
2299 0.350499
2300 0.425124
2301 0.364645
2302 0.373031
2303 0.364179
2304 0.45407
2305 0.397959
2306 0.37881
2307 0.356523
2308 0.344134
2309 0.378661
2310 0.398609
2311 0.517491
2312 0.372845
2313 0.445274
2314 0.525448
2315 0.324988
2316 0.444705
2317 0.398249
2318 0.343321
2319 0.386455
2320 0.42551
2321 0.430337
2322 0.328227
2323 0.354751
2324 0.361718
2325 0.350661
2326 0.448326
2327 0.329183
2328 0.426125
2329 0.351633
2330 0.36076
2331 0.465553
2332 0.402212
2333 0.386224
2334 0.405962
2335 0.332864
2336 0.403125
2337 0.377413
2338 0.385844
2339 0.37448
2340 0.362347
2341 0.345782
2342 0.430328
2343 0.393668
2344 0.36128
2345 0.356232
2346 0.406433
2347 0.351104
2348 0.514684
2349 0.400539
2350 0.351474
2351 0.377982
2352 0.45834
2353 0.348584
2354 0.429036
2355 0.427115
2356 0.473
2357 0.442229
2358 0.380396
2359 0.349171
2360 0.366594
2361 0.345254
2362 0.3773
2363 0.350449
2364 0.363941
2365 0.411393
2366 0.339985
2367 0.35046
2368 0.42421
2369 0.386164
2370 0.380025
2371 0.312717
2372 0.318525
2373 0.43778
2374 0.334991
2375 0.413409
2376 0.413067
2377 0.357353
2378 0.416451
2379 0.391849
2380 0.381965
2381 0.412051
2382 0.385785
2383 0.342433
2384 0.392765
2385 0.385928
2386 0.530434
2387 0.35966
2388 0.433834
2389 0.400836
2390 0.362105
2391 0.353632
2392 0.376228
2393 0.40606
2394 0.39394
2395 0.335951
2396 0.572615
2397 0.349024
2398 0.448439
2399 0.433441
2400 0.362404
2401 0.363643
2402 0.328969
2403 0.321956
2404 0.369381
2405 0.415791
2406 0.393592
2407 0.321558
2408 0.341874
2409 0.317309
2410 0.339009
2411 0.48439
2412 0.48563
2413 0.337732
2414 0.388168
2415 0.395419
2416 0.355867
2417 0.350098
2418 0.344496
2419 0.429147
2420 0.363012
2421 0.42455
2422 0.396033
2423 0.366746
2424 0.427507
2425 0.339316
2426 0.472829
2427 0.410035
2428 0.364388
2429 0.3383
2430 0.391349
2431 0.387009
2432 0.358436
2433 0.320537
2434 0.338369
2435 0.456745
2436 0.472075
2437 0.341184
2438 0.376778
2439 0.455912
2440 0.374727
2441 0.386131
2442 0.30885
2443 0.32302
2444 0.333069
2445 0.37886
2446 0.340142
2447 0.375108
2448 0.376732
2449 0.342826
2450 0.352538
2451 0.485763
2452 0.335532
2453 0.319889
2454 0.39541
2455 0.399938
2456 0.323676
2457 0.445525
2458 0.330123
2459 0.363224
2460 0.401108
2461 0.321114
2462 0.385991
2463 0.373809
2464 0.433581
2465 0.404771
2466 0.487774
2467 0.311865
2468 0.325276
2469 0.377075
2470 0.334759
2471 0.346259
2472 0.291932
2473 0.418338
2474 0.40881
2475 0.322856
2476 0.475958
2477 0.359073
2478 0.375549
2479 0.379157
2480 0.308693
2481 0.326342
2482 0.338381
2483 0.346699
2484 0.32872
2485 0.310714
2486 0.461734
2487 0.447468
2488 0.350532
2489 0.289433
2490 0.342619
2491 0.454844
2492 0.38365
2493 0.329074
2494 0.520163
2495 0.292799
2496 0.377396
2497 0.432994
2498 0.392921
2499 0.398052
2500 0.356612
2501 0.33238
2502 0.374021
2503 0.308815
2504 0.438136
2505 0.37849
2506 0.420376
2507 0.341996
2508 0.442127
2509 0.324911
2510 0.371802
2511 0.425495
2512 0.382837
2513 0.357384
2514 0.306826
2515 0.33367
2516 0.475572
2517 0.461495
2518 0.490759
2519 0.361326
2520 0.378302
2521 0.307678
2522 0.447157
2523 0.395248
2524 0.292441
2525 0.38782
2526 0.455707
2527 0.354687
2528 0.35038
2529 0.327836
2530 0.362553
2531 0.303025
2532 0.336134
2533 0.394577
2534 0.301814
2535 0.328234
2536 0.340438
2537 0.340764
2538 0.343006
2539 0.391187
2540 0.320237
2541 0.329333
2542 0.304893
2543 0.373491
2544 0.346812
2545 0.415007
2546 0.311947
2547 0.310583
2548 0.34106
2549 0.289478
2550 0.300501
2551 0.325857
2552 0.344888
2553 0.348978
2554 0.320577
2555 0.383337
2556 0.323341
2557 0.342021
2558 0.352338
2559 0.317405
2560 0.312227
2561 0.272663
2562 0.284283
2563 0.317329
2564 0.314168
2565 0.260417
2566 0.274362
2567 0.32808
2568 0.351091
2569 0.26882
2570 0.43199
2571 0.315262
2572 0.382097
2573 0.366564
2574 0.323521
2575 0.340415
2576 0.326759
2577 0.354399
2578 0.361917
2579 0.349218
2580 0.332745
2581 0.312624
2582 0.287803
2583 0.325812
2584 0.319951
2585 0.307211
2586 0.422464
2587 0.365017
2588 0.360047
2589 0.370811
2590 0.323055
2591 0.319947
2592 0.363682
2593 0.374401
2594 0.435753
2595 0.319828
2596 0.32983
2597 0.463762
2598 0.315485
2599 0.391092
2600 0.332722
2601 0.46771
2602 0.453321
2603 0.317181
2604 0.330168
2605 0.359857
2606 0.420025
2607 0.380693
2608 0.318756
2609 0.281837
2610 0.314382
2611 0.399407
2612 0.512928
2613 0.416672
2614 0.287022
2615 0.28379
2616 0.34368
2617 0.347753
2618 0.318616
2619 0.309283
2620 0.368023
2621 0.291156
2622 0.348653
2623 0.456857
2624 0.35181
2625 0.343619
2626 0.334624
2627 0.311073
2628 0.314862
2629 0.349462
2630 0.298
2631 0.309114
2632 0.277736
2633 0.379613
2634 0.370364
2635 0.353359
2636 0.304514
2637 0.294162
2638 0.325275
2639 0.329768
2640 0.355189
2641 0.285255
2642 0.364223
2643 0.29327
2644 0.297761
2645 0.345898
2646 0.321097
2647 0.347319
2648 0.458648
2649 0.304751
2650 0.284867
2651 0.365715
2652 0.361923
2653 0.314664
2654 0.286621
2655 0.296034
2656 0.437396
2657 0.384225
2658 0.361858
2659 0.312074
2660 0.329044
2661 0.314347
2662 0.276729
2663 0.339339
2664 0.303301
2665 0.31274
2666 0.39224
2667 0.351915
2668 0.259559
2669 0.357482
2670 0.320276
2671 0.414988
2672 0.33616
2673 0.341275
2674 0.290351
2675 0.315665
2676 0.354079
2677 0.320744
2678 0.320387
2679 0.332586
2680 0.29215
2681 0.30554
2682 0.361309
2683 0.331173
2684 0.371717
2685 0.345183
2686 0.308986
2687 0.307622
2688 0.312537
2689 0.35537
2690 0.364428
2691 0.323435
2692 0.287059
2693 0.294804
2694 0.373404
2695 0.386853
2696 0.371998
2697 0.326122
2698 0.355948
2699 0.340598
2700 0.295907
2701 0.360284
2702 0.316355
2703 0.252202
2704 0.34814
2705 0.314937
2706 0.404482
2707 0.3113
2708 0.321733
2709 0.415464
2710 0.314731
2711 0.296757
2712 0.278119
2713 0.33236
2714 0.32885
2715 0.314609
2716 0.319625
2717 0.316974
2718 0.358935
2719 0.316535
2720 0.324293
2721 0.281928
2722 0.336566
2723 0.277723
2724 0.29709
2725 0.311812
2726 0.330449
2727 0.327042
2728 0.287983
2729 0.368092
2730 0.335098
2731 0.278773
2732 0.397347
2733 0.342434
2734 0.393251
2735 0.3217
2736 0.319517
2737 0.290436
2738 0.283811
2739 0.368887
2740 0.468901
2741 0.352257
2742 0.365775
2743 0.384645
2744 0.330731
2745 0.418178
2746 0.266688
2747 0.322269
2748 0.324688
2749 0.347003
2750 0.339791
2751 0.284272
2752 0.269812
2753 0.280287
2754 0.33765
2755 0.307082
2756 0.415521
2757 0.366318
2758 0.31572
2759 0.388326
2760 0.314682
2761 0.347193
2762 0.327469
2763 0.266329
2764 0.288367
2765 0.298962
2766 0.307736
2767 0.290729
2768 0.352819
2769 0.247575
2770 0.280862
2771 0.311941
2772 0.349502
2773 0.338837
2774 0.339804
2775 0.293824
2776 0.305862
2777 0.35184
2778 0.311891
2779 0.335717
2780 0.403103
2781 0.376978
2782 0.281703
2783 0.36047
2784 0.326601
2785 0.316909
2786 0.324749
2787 0.274195
2788 0.336915
2789 0.30755
2790 0.350987
2791 0.349229
2792 0.275988
2793 0.410728
2794 0.328781
2795 0.297814
2796 0.391844
2797 0.246858
2798 0.297223
2799 0.351087
2800 0.266517
2801 0.351577
2802 0.320853
2803 0.342484
2804 0.367578
2805 0.368672
2806 0.342034
2807 0.353143
2808 0.341127
2809 0.304936
2810 0.371664
2811 0.343877
2812 0.270402
2813 0.356423
2814 0.298916
2815 0.369716
2816 0.256194
2817 0.342461
2818 0.300039
2819 0.304764
2820 0.322312
2821 0.293324
2822 0.332685
2823 0.337324
2824 0.358779
2825 0.436111
2826 0.344245
2827 0.322029
2828 0.407245
2829 0.276022
2830 0.251749
2831 0.287068
2832 0.307359
2833 0.285617
2834 0.345502
2835 0.356257
2836 0.25428
2837 0.328055
2838 0.261257
2839 0.324379
2840 0.459463
2841 0.370837
2842 0.338358
2843 0.348681
2844 0.370381
2845 0.257179
2846 0.29472
2847 0.279355
2848 0.321559
2849 0.266446
2850 0.316389
2851 0.337229
2852 0.266377
2853 0.392079
2854 0.323569
2855 0.384341
2856 0.293855
2857 0.345812
2858 0.304277
2859 0.276866
2860 0.314361
2861 0.333686
2862 0.309104
2863 0.274515
2864 0.379033
2865 0.365098
2866 0.309061
2867 0.372282
2868 0.333965
2869 0.308135
2870 0.261131
2871 0.267691
2872 0.305697
2873 0.283942
2874 0.325752
2875 0.306747
2876 0.346422
2877 0.260704
2878 0.296656
2879 0.320374
2880 0.351364
2881 0.272998
2882 0.23611
2883 0.411261
2884 0.306753
2885 0.386295
2886 0.310794
2887 0.350772
2888 0.345317
2889 0.347473
2890 0.294571
2891 0.29192
2892 0.30668
2893 0.306821
2894 0.432621
2895 0.333106
2896 0.269458
2897 0.268498
2898 0.305302
2899 0.298396
2900 0.354167
2901 0.306879
2902 0.423961
2903 0.364349
2904 0.415052
2905 0.326285
2906 0.339008
2907 0.332025
2908 0.312227
2909 0.247178
2910 0.260556
2911 0.283002
2912 0.323845
2913 0.275958
2914 0.256279
2915 0.462639
2916 0.391133
2917 0.306951
2918 0.246814
2919 0.322553
2920 0.373513
2921 0.342314
2922 0.479802
2923 0.288941
2924 0.282316
2925 0.315588
2926 0.409639
2927 0.303221
2928 0.272975
2929 0.30013
2930 0.303457
2931 0.277595
2932 0.259438
2933 0.369047
2934 0.265938
2935 0.292392
2936 0.319577
2937 0.317926
2938 0.352532
2939 0.292345
2940 0.350549
2941 0.32199
2942 0.303131
2943 0.251869
2944 0.387649
2945 0.307117
2946 0.501929
2947 0.273323
2948 0.329742
2949 0.280108
2950 0.277035
2951 0.311315
2952 0.34798
2953 0.283916
2954 0.366922
2955 0.33125
2956 0.249361
2957 0.310374
2958 0.249183
2959 0.284814
2960 0.257442
2961 0.296788
2962 0.292731
2963 0.255962
2964 0.313408
2965 0.276626
2966 0.333968
2967 0.257446
2968 0.306181
2969 0.295176
2970 0.268463
2971 0.283632
2972 0.287152
2973 0.277854
2974 0.318916
2975 0.304428
2976 0.280885
2977 0.268709
2978 0.281246
2979 0.249385
2980 0.346837
2981 0.295031
2982 0.28886
2983 0.285344
2984 0.270594
2985 0.301082
2986 0.277301
2987 0.227738
2988 0.278996
2989 0.231062
2990 0.223136
2991 0.241165
2992 0.301131
2993 0.217992
2994 0.239178
2995 0.23029
2996 0.26557
2997 0.241306
2998 0.23825
2999 0.428609
3000 0.222646
3001 0.321196
3002 0.257707
3003 0.301669
3004 0.245534
3005 0.272811
3006 0.353
3007 0.28122
3008 0.264726
3009 0.289361
3010 0.256801
3011 0.271516
3012 0.284723
3013 0.320452
3014 0.282773
3015 0.408912
3016 0.297419
3017 0.317405
3018 0.33284
3019 0.242417
3020 0.262085
3021 0.322071
3022 0.270552
3023 0.340238
3024 0.253465
3025 0.332779
3026 0.339446
3027 0.336705
3028 0.287495
3029 0.366036
3030 0.34266
3031 0.384205
3032 0.274823
3033 0.293981
3034 0.305819
3035 0.306847
3036 0.258866
3037 0.262359
3038 0.249966
3039 0.259129
3040 0.341149
3041 0.480512
3042 0.295751
3043 0.315452
3044 0.232435
3045 0.280186
3046 0.342377
3047 0.339846
3048 0.368953
3049 0.301274
3050 0.224103
3051 0.324454
3052 0.323912
3053 0.303658
3054 0.237413
3055 0.270368
3056 0.2855
3057 0.302662
3058 0.258913
3059 0.291769
3060 0.302844
3061 0.258577
3062 0.258621
3063 0.331202
3064 0.29987
3065 0.283315
3066 0.261464
3067 0.297146
3068 0.309359
3069 0.280961
3070 0.264388
3071 0.334368
3072 0.303629
3073 0.28364
3074 0.291085
3075 0.289683
3076 0.37537
3077 0.280819
3078 0.283053
3079 0.316537
3080 0.251905
3081 0.281629
3082 0.268604
3083 0.236972
3084 0.283174
3085 0.376168
3086 0.315232
3087 0.280437
3088 0.250844
3089 0.26604
3090 0.248627
3091 0.267024
3092 0.302296
3093 0.256508
3094 0.263726
3095 0.292163
3096 0.270145
3097 0.26139
3098 0.309381
3099 0.248357
3100 0.323709
3101 0.229707
3102 0.303481
3103 0.255093
3104 0.256858
3105 0.289677
3106 0.244847
3107 0.251398
3108 0.257997
3109 0.219359
3110 0.309206
3111 0.296472
3112 0.390463
3113 0.280619
3114 0.305859
3115 0.245538
3116 0.313638
3117 0.259905
3118 0.343361
3119 0.362446
3120 0.241842
3121 0.25395
3122 0.263218
3123 0.319933
3124 0.319826
3125 0.292476
3126 0.332751
3127 0.253887
3128 0.246762
3129 0.246469
3130 0.318853
3131 0.238144
3132 0.275196
3133 0.261025
3134 0.287524
3135 0.347799
3136 0.227218
3137 0.316462
3138 0.299362
3139 0.258391
3140 0.270651
3141 0.302173
3142 0.343257
3143 0.239117
3144 0.259122
3145 0.25907
3146 0.29482
3147 0.287198
3148 0.370656
3149 0.230052
3150 0.298848
3151 0.298311
3152 0.309574
3153 0.260578
3154 0.26038
3155 0.327842
3156 0.248409
3157 0.235834
3158 0.274112
3159 0.242291
3160 0.271386
3161 0.342049
3162 0.277638
3163 0.300669
3164 0.266892
3165 0.272556
3166 0.242808
3167 0.311577
3168 0.390419
3169 0.392504
3170 0.334091
3171 0.293258
3172 0.251102
3173 0.366482
3174 0.393106
3175 0.252163
3176 0.283965
3177 0.297987
3178 0.268468
3179 0.299944
3180 0.23129
3181 0.26945
3182 0.292448
3183 0.286156
3184 0.268385
3185 0.35484
3186 0.332383
3187 0.282968
3188 0.278695
3189 0.357399
3190 0.249901
3191 0.247472
3192 0.251997
3193 0.308879
3194 0.262093
3195 0.296203
3196 0.300852
3197 0.300147
3198 0.222193
3199 0.283846
3200 0.309843
3201 0.274654
3202 0.256669
3203 0.307638
3204 0.268535
3205 0.296338
3206 0.322372
3207 0.234801
3208 0.262372
3209 0.306902
3210 0.284557
3211 0.274462
3212 0.262447
3213 0.287098
3214 0.316962
3215 0.28794
3216 0.259224
3217 0.290539
3218 0.293317
3219 0.246924
3220 0.263126
3221 0.24754
3222 0.320629
3223 0.231256
3224 0.28806
3225 0.285772
3226 0.212059
3227 0.278213
3228 0.268941
3229 0.220006
3230 0.31182
3231 0.287941
3232 0.310548
3233 0.319183
3234 0.262493
3235 0.329159
3236 0.275674
3237 0.265329
3238 0.369628
3239 0.282742
3240 0.288986
3241 0.275815
3242 0.247646
3243 0.289126
3244 0.240818
3245 0.233282
3246 0.341045
3247 0.208504
3248 0.298104
3249 0.24604
3250 0.244632
3251 0.416856
3252 0.237483
3253 0.394448
3254 0.326991
3255 0.281612
3256 0.267236
3257 0.369032
3258 0.255656
3259 0.217523
3260 0.319846
3261 0.271184
3262 0.275299
3263 0.268248
3264 0.279073
3265 0.207239
3266 0.248601
3267 0.272098
3268 0.3571
3269 0.357965
3270 0.256817
3271 0.324569
3272 0.29123
3273 0.262313
3274 0.252783
3275 0.27125
3276 0.255218
3277 0.301176
3278 0.261158
3279 0.255813
3280 0.280039
3281 0.283989
3282 0.259174
3283 0.273641
3284 0.350047
3285 0.270243
3286 0.354738
3287 0.230156
3288 0.240033
3289 0.294893
3290 0.299137
3291 0.255099
3292 0.303502
3293 0.404919
3294 0.286161
3295 0.315525
3296 0.278272
3297 0.280795
3298 0.303354
3299 0.246094
3300 0.250342
3301 0.277611
3302 0.309983
3303 0.253576
3304 0.267032
3305 0.272112
3306 0.254971
3307 0.324192
3308 0.256197
3309 0.302524
3310 0.249971
3311 0.267562
3312 0.289364
3313 0.295552
3314 0.305811
3315 0.265688
3316 0.262681
3317 0.274951
3318 0.258582
3319 0.238713
3320 0.306555
3321 0.3238
3322 0.229001
3323 0.388609
3324 0.309298
3325 0.225257
3326 0.294637
3327 0.252564
3328 0.300928
3329 0.291817
3330 0.274922
3331 0.314585
3332 0.223695
3333 0.333253
3334 0.3888
3335 0.249413
3336 0.300592
3337 0.256059
3338 0.236067
3339 0.272098
3340 0.236817
3341 0.238871
3342 0.224026
3343 0.255882
3344 0.468636
3345 0.2821
3346 0.320615
3347 0.220203
3348 0.338285
3349 0.308719
3350 0.234404
3351 0.383467
3352 0.246375
3353 0.227785
3354 0.34185
3355 0.368392
3356 0.30381
3357 0.239673
3358 0.264746
3359 0.221732
3360 0.2178
3361 0.281752
3362 0.378224
3363 0.241212
3364 0.251289
3365 0.258158
3366 0.206759
3367 0.263197
3368 0.299149
3369 0.33938
3370 0.226225
3371 0.233115
3372 0.231795
3373 0.283893
3374 0.29866
3375 0.435089
3376 0.25351
3377 0.299805
3378 0.264233
3379 0.217464
3380 0.374813
3381 0.229187
3382 0.245146
3383 0.274377
3384 0.24368
3385 0.249205
3386 0.261966
3387 0.253253
3388 0.237789
3389 0.228344
3390 0.254503
3391 0.239433
3392 0.278676
3393 0.252022
3394 0.281704
3395 0.289404
3396 0.18632
3397 0.309799
3398 0.240502
3399 0.271171
3400 0.319715
3401 0.274933
3402 0.324114
3403 0.262978
3404 0.243209
3405 0.224889
3406 0.210229
3407 0.289416
3408 0.220686
3409 0.263423
3410 0.26599
3411 0.237441
3412 0.268725
3413 0.209048
3414 0.217071
3415 0.248785
3416 0.198286
3417 0.236648
3418 0.185774
3419 0.200485
3420 0.198109
3421 0.25966
3422 0.183306
3423 0.192523
3424 0.203658
3425 0.258364
3426 0.193814
3427 0.237486
3428 0.435987
3429 0.331728
3430 0.303202
3431 0.280373
3432 0.271366
3433 0.248994
3434 0.216635
3435 0.312269
3436 0.301233
3437 0.210697
3438 0.21452
3439 0.2239
3440 0.230753
3441 0.238313
3442 0.262782
3443 0.302306
3444 0.300152
3445 0.264649
3446 0.227051
3447 0.26014
3448 0.21008
3449 0.238362
3450 0.286513
3451 0.320468
3452 0.230293
3453 0.235642
3454 0.305136
3455 0.24783
3456 0.269442
3457 0.233888
3458 0.38616
3459 0.345593
3460 0.244629
3461 0.206168
3462 0.265743
3463 0.272964
3464 0.293642
3465 0.209021
3466 0.21177
3467 0.219122
3468 0.349296
3469 0.306403
3470 0.44512
3471 0.208093
3472 0.253271
3473 0.216235
3474 0.28106
3475 0.25568
3476 0.261409
3477 0.217871
3478 0.220242
3479 0.229639
3480 0.249397
3481 0.323887
3482 0.228713
3483 0.245697
3484 0.232745
3485 0.197607
3486 0.25447
3487 0.244363
3488 0.220291
3489 0.251659
3490 0.268184
3491 0.243607
3492 0.298105
3493 0.233363
3494 0.278494
3495 0.258798
3496 0.228117
3497 0.369913
3498 0.225007
3499 0.302501
3500 0.24566
3501 0.220166
3502 0.269667
3503 0.207687
3504 0.252779
3505 0.281494
3506 0.234949
3507 0.189336
3508 0.250676
3509 0.243899
3510 0.259187
3511 0.233055
3512 0.252406
3513 0.334071
3514 0.282554
3515 0.274433
3516 0.238047
3517 0.224604
3518 0.258436
3519 0.266153
3520 0.204568
3521 0.246644
3522 0.28599
3523 0.281931
3524 0.252983
3525 0.218538
3526 0.259374
3527 0.3203
3528 0.318632
3529 0.280998
3530 0.292369
3531 0.228175
3532 0.221772
3533 0.25978
3534 0.226595
3535 0.256262
3536 0.217331
3537 0.205994
3538 0.184908
3539 0.272071
3540 0.264599
3541 0.27625
3542 0.290101
3543 0.235804
3544 0.20573
3545 0.238435
3546 0.27036
3547 0.212224
3548 0.258276
3549 0.214261
3550 0.246336
3551 0.269689
3552 0.321816
3553 0.240797
3554 0.284085
3555 0.229282
3556 0.226106
3557 0.248623
3558 0.212833
3559 0.315703
3560 0.212202
3561 0.299319
3562 0.204856
3563 0.302155
3564 0.24406
3565 0.212095
3566 0.326496
3567 0.218189
3568 0.276261
3569 0.228427
3570 0.266481
3571 0.230252
3572 0.221476
3573 0.221413
3574 0.30202
3575 0.229018
3576 0.233195
3577 0.300927
3578 0.235081
3579 0.242575
3580 0.205102
3581 0.252541
3582 0.294932
3583 0.213515
3584 0.276963
3585 0.290205
3586 0.242965
3587 0.267035
3588 0.217266
3589 0.247532
3590 0.367036
3591 0.2518
3592 0.281045
3593 0.26573
3594 0.214582
3595 0.21094
3596 0.228962
3597 0.358567
3598 0.268836
3599 0.239661
3600 0.271375
3601 0.215243
3602 0.294303
3603 0.243338
3604 0.193508
3605 0.226833
3606 0.244903
3607 0.269539
3608 0.183893
3609 0.221914
3610 0.23349
3611 0.246939
3612 0.235759
3613 0.258403
3614 0.376527
3615 0.245591
3616 0.265301
3617 0.239551
3618 0.300634
3619 0.253214
3620 0.224556
3621 0.247847
3622 0.311596
3623 0.237042
3624 0.223212
3625 0.267849
3626 0.205986
3627 0.228279
3628 0.28521
3629 0.219177
3630 0.19803
3631 0.231901
3632 0.228664
3633 0.218824
3634 0.315796
3635 0.28127
3636 0.205478
3637 0.263109
3638 0.286071
3639 0.220558
3640 0.286286
3641 0.268677
3642 0.240151
3643 0.335778
3644 0.231595
3645 0.219512
3646 0.24027
3647 0.251112
3648 0.289881
3649 0.200142
3650 0.271181
3651 0.301216
3652 0.28958
3653 0.216053
3654 0.248995
3655 0.193246
3656 0.301992
3657 0.194519
3658 0.195601
3659 0.343578
3660 0.22033
3661 0.307157
3662 0.292805
3663 0.254803
3664 0.242029
3665 0.235309
3666 0.217799
3667 0.329096
3668 0.240124
3669 0.222458
3670 0.240972
3671 0.25806
3672 0.323751
3673 0.211543
3674 0.198853
3675 0.253365
3676 0.275884
3677 0.257984
3678 0.280218
3679 0.267859
3680 0.253858
3681 0.229798
3682 0.318925
3683 0.283895
3684 0.231227
3685 0.272511
3686 0.258189
3687 0.218684
3688 0.192613
3689 0.28077
3690 0.283424
3691 0.22441
3692 0.240523
3693 0.216695
3694 0.206425
3695 0.199967
3696 0.209954
3697 0.33888
3698 0.380401
3699 0.225807
3700 0.2965
3701 0.297734
3702 0.251373
3703 0.228229
3704 0.200413
3705 0.287003
3706 0.236391
3707 0.331141
3708 0.232607
3709 0.215071
3710 0.245108
3711 0.201238
3712 0.287103
3713 0.279292
3714 0.303769
3715 0.226399
3716 0.267569
3717 0.26188
3718 0.229616
3719 0.2233
3720 0.223367
3721 0.281022
3722 0.329617
3723 0.258637
3724 0.220119
3725 0.250755
3726 0.246567
3727 0.228682
3728 0.237446
3729 0.197281
3730 0.258052
3731 0.296975
3732 0.214194
3733 0.287902
3734 0.267484
3735 0.254308
3736 0.25555
3737 0.313989
3738 0.190192
3739 0.24693
3740 0.299047
3741 0.245342
3742 0.259672
3743 0.305309
3744 0.223051
3745 0.291849
3746 0.298077
3747 0.205959
3748 0.2825
3749 0.231539
3750 0.302601
3751 0.255061
3752 0.345664
3753 0.22059
3754 0.230107
3755 0.282487
3756 0.196166
3757 0.311107
3758 0.234289
3759 0.256696
3760 0.241686
3761 0.245011
3762 0.255525
3763 0.301913
3764 0.244815
3765 0.22387
3766 0.22716
3767 0.227184
3768 0.215071
3769 0.289838
3770 0.193082
3771 0.220911
3772 0.362127
3773 0.330511
3774 0.289514
3775 0.199786
3776 0.188285
3777 0.422131
3778 0.227485
3779 0.219581
3780 0.370153
3781 0.206354
3782 0.257667
3783 0.24801
3784 0.27504
3785 0.224298
3786 0.211524
3787 0.248904
3788 0.213343
3789 0.246218
3790 0.273351
3791 0.275334
3792 0.254344
3793 0.191634
3794 0.251602
3795 0.187787
3796 0.292737
3797 0.31317
3798 0.233889
3799 0.218091
3800 0.242271
3801 0.193614
3802 0.272999
3803 0.33222
3804 0.309968
3805 0.200568
3806 0.236656
3807 0.176229
3808 0.249964
3809 0.284035
3810 0.215897
3811 0.215192
3812 0.232332
3813 0.22776
3814 0.237326
3815 0.224474
3816 0.236061
3817 0.210286
3818 0.230902
3819 0.28023
3820 0.206578
3821 0.234559
3822 0.267067
3823 0.222069
3824 0.223917
3825 0.238693
3826 0.246723
3827 0.211351
3828 0.208612
3829 0.270421
3830 0.209614
3831 0.358375
3832 0.242474
3833 0.248499
3834 0.198728
3835 0.21271
3836 0.224888
3837 0.243603
3838 0.238809
3839 0.207955
3840 0.2653
3841 0.208519
3842 0.255328
3843 0.200429
3844 0.212315
3845 0.182409
3846 0.194542
3847 0.167686
3848 0.183211
3849 0.199275
3850 0.217761
3851 0.184876
3852 0.21893
3853 0.208084
3854 0.174938
3855 0.168285
3856 0.284734
3857 0.278154
3858 0.320993
3859 0.257172
3860 0.239682
3861 0.212418
3862 0.202535
3863 0.30303
3864 0.252691
3865 0.243132
3866 0.198472
3867 0.23213
3868 0.249523
3869 0.236221
3870 0.227448
3871 0.179674
3872 0.254124
3873 0.255305
3874 0.21805
3875 0.25683
3876 0.240665
3877 0.245034
3878 0.252905
3879 0.202843
3880 0.241659
3881 0.22793
3882 0.188064
3883 0.337359
3884 0.208971
3885 0.306198
3886 0.200147
3887 0.334571
3888 0.362656
3889 0.207169
3890 0.25966
3891 0.223158
3892 0.222752
3893 0.262122
3894 0.186164
3895 0.173931
3896 0.18606
3897 0.271538
3898 0.299366
3899 0.278613
3900 0.173278
3901 0.200187
3902 0.185998
3903 0.261066
3904 0.200491
3905 0.257262
3906 0.243024
3907 0.164595
3908 0.219458
3909 0.278088
3910 0.248976
3911 0.211557
3912 0.207465
3913 0.215382
3914 0.193309
3915 0.197836
3916 0.211376
3917 0.241004
3918 0.185033
3919 0.222498
3920 0.229338
3921 0.240145
3922 0.201144
3923 0.203533
3924 0.25988
3925 0.212738
3926 0.26396
3927 0.216974
3928 0.253986
3929 0.24847
3930 0.250463
3931 0.269479
3932 0.213371
3933 0.250387
3934 0.264186
3935 0.194264
3936 0.199633
3937 0.240865
3938 0.258738
3939 0.267202
3940 0.186531
3941 0.185635
3942 0.278949
3943 0.254052
3944 0.25416
3945 0.239017
3946 0.229112
3947 0.241232
3948 0.231468
3949 0.250632
3950 0.203265
3951 0.227107
3952 0.269805
3953 0.227335
3954 0.178899
3955 0.24881
3956 0.223785
3957 0.287294
3958 0.208684
3959 0.209915
3960 0.207042
3961 0.227214
3962 0.242898
3963 0.23256
3964 0.225028
3965 0.18506
3966 0.186661
3967 0.221164
3968 0.279691
3969 0.26613
3970 0.24525
3971 0.225307
3972 0.197456
3973 0.169747
3974 0.241858
3975 0.265635
3976 0.220196
3977 0.217567
3978 0.192339
3979 0.199516
3980 0.221682
3981 0.288896
3982 0.226641
3983 0.232847
3984 0.233559
3985 0.174562
3986 0.218424
3987 0.248309
3988 0.1921
3989 0.185524
3990 0.236065
3991 0.187188
3992 0.301098
3993 0.178662
3994 0.225959
3995 0.261191
3996 0.203385
3997 0.239234
3998 0.188248
3999 0.205227
4000 0.199508
4001 0.242523
4002 0.19176
4003 0.250878
4004 0.218769
4005 0.265222
4006 0.195104
4007 0.215515
4008 0.247833
4009 0.21948
4010 0.191342
4011 0.254866
4012 0.236497
4013 0.19806
4014 0.181373
4015 0.19714
4016 0.221025
4017 0.173326
4018 0.323064
4019 0.240402
4020 0.273849
4021 0.173643
4022 0.204826
4023 0.190647
4024 0.175712
4025 0.224536
4026 0.35315
4027 0.344024
4028 0.209695
4029 0.192925
4030 0.189131
4031 0.266215
4032 0.235354
4033 0.198056
4034 0.247423
4035 0.217475
4036 0.247054
4037 0.179381
4038 0.170059
4039 0.197798
4040 0.259719
4041 0.185607
4042 0.249838
4043 0.257051
4044 0.214799
4045 0.205095
4046 0.236039
4047 0.219359
4048 0.234634
4049 0.215824
4050 0.235105
4051 0.201049
4052 0.202147
4053 0.213046
4054 0.231103
4055 0.166764
4056 0.179445
4057 0.211189
4058 0.203407
4059 0.170198
4060 0.193041
4061 0.195586
4062 0.274808
4063 0.244227
4064 0.235161
4065 0.204779
4066 0.265797
4067 0.248387
4068 0.224022
4069 0.209865
4070 0.1993
4071 0.228557
4072 0.269811
4073 0.199238
4074 0.257951
4075 0.201363
4076 0.175534
4077 0.208948
4078 0.184001
4079 0.216597
4080 0.262099
4081 0.211224
4082 0.200417
4083 0.177391
4084 0.170584
4085 0.254647
4086 0.19542
4087 0.289636
4088 0.287103
4089 0.21383
4090 0.240023
4091 0.244001
4092 0.232151
4093 0.248304
4094 0.265556
4095 0.177235
4096 0.263046
4097 0.235215
4098 0.193034
4099 0.240133
4100 0.225784
4101 0.225604
4102 0.163004
4103 0.220341
4104 0.203196
4105 0.221704
4106 0.227245
4107 0.183731
4108 0.238129
4109 0.234112
4110 0.201647
4111 0.368599
4112 0.225946
4113 0.2145
4114 0.280828
4115 0.220893
4116 0.17564
4117 0.200305
4118 0.23706
4119 0.181407
4120 0.216246
4121 0.224788
4122 0.203357
4123 0.178865
4124 0.205621
4125 0.199046
4126 0.39427
4127 0.24906
4128 0.235339
4129 0.254933
4130 0.233867
4131 0.277778
4132 0.216797
4133 0.204249
4134 0.208019
4135 0.18761
4136 0.268866
4137 0.241126
4138 0.168511
4139 0.233942
4140 0.178337
4141 0.295936
4142 0.216886
4143 0.271748
4144 0.177073
4145 0.192448
4146 0.209449
4147 0.204807
4148 0.232447
4149 0.169533
4150 0.265605
4151 0.337364
4152 0.264433
4153 0.226801
4154 0.264977
4155 0.231995
4156 0.201823
4157 0.183412
4158 0.211096
4159 0.257839
4160 0.218012
4161 0.184932
4162 0.23726
4163 0.19795
4164 0.254594
4165 0.265406
4166 0.262021
4167 0.166108
4168 0.202365
4169 0.265928
4170 0.193035
4171 0.27736
4172 0.211472
4173 0.191208
4174 0.22284
4175 0.250127
4176 0.192567
4177 0.252792
4178 0.189272
4179 0.233755
4180 0.288057
4181 0.246094
4182 0.193123
4183 0.163564
4184 0.237683
4185 0.205354
4186 0.237343
4187 0.189194
4188 0.368974
4189 0.193166
4190 0.223808
4191 0.316362
4192 0.242079
4193 0.198881
4194 0.241058
4195 0.161655
4196 0.24123
4197 0.204199
4198 0.260776
4199 0.183069
4200 0.199626
4201 0.274737
4202 0.238444
4203 0.200899
4204 0.179567
4205 0.200836
4206 0.204766
4207 0.198661
4208 0.356859
4209 0.196741
4210 0.178182
4211 0.231836
4212 0.325307
4213 0.226328
4214 0.192699
4215 0.184741
4216 0.226884
4217 0.204238
4218 0.207194
4219 0.287667
4220 0.14393
4221 0.260592
4222 0.198815
4223 0.205765
4224 0.238012
4225 0.189922
4226 0.281655
4227 0.25903
4228 0.191885
4229 0.151861
4230 0.232202
4231 0.206096
4232 0.416769
4233 0.224568
4234 0.22075
4235 0.195726
4236 0.187487
4237 0.241413
4238 0.237472
4239 0.227445
4240 0.233838
4241 0.247786
4242 0.179955
4243 0.213768
4244 0.1784
4245 0.171339
4246 0.20223
4247 0.212708
4248 0.216471
4249 0.187173
4250 0.234606
4251 0.225788
4252 0.247839
4253 0.203
4254 0.245433
4255 0.194364
4256 0.256877
4257 0.175345
4258 0.224824
4259 0.210818
4260 0.282598
4261 0.195932
4262 0.181252
4263 0.219063
4264 0.180207
4265 0.187081
4266 0.242309
4267 0.242228
4268 0.242022
4269 0.197767
4270 0.184162
4271 0.157536
4272 0.166962
4273 0.202276
4274 0.226013
4275 0.176469
4276 0.167639
4277 0.204992
4278 0.193161
4279 0.160952
4280 0.149169
4281 0.168817
4282 0.220601
4283 0.179971
4284 0.187251
4285 0.332593
4286 0.158569
4287 0.344957
4288 0.202586
4289 0.23625
4290 0.248494
4291 0.222531
4292 0.209493
4293 0.219749
4294 0.212748
4295 0.233807
4296 0.183034
4297 0.21718
4298 0.198086
4299 0.182237
4300 0.18816
4301 0.294097
4302 0.254671
4303 0.189133
4304 0.205573
4305 0.213914
4306 0.194411
4307 0.271035
4308 0.212948
4309 0.240945
4310 0.184246
4311 0.279134
4312 0.214339
4313 0.204649
4314 0.172471
4315 0.24317
4316 0.279369
4317 0.244664
4318 0.151064
4319 0.204135
4320 0.203972
4321 0.220395
4322 0.195559
4323 0.160615
4324 0.193236
4325 0.173495
4326 0.253725
4327 0.331839
4328 0.201533
4329 0.181845
4330 0.189438
4331 0.20306
4332 0.205711
4333 0.230697
4334 0.181216
4335 0.17907
4336 0.212299
4337 0.219891
4338 0.271517
4339 0.199153
4340 0.164709
4341 0.197697
4342 0.268308
4343 0.20959
4344 0.175378
4345 0.222231
4346 0.227219
4347 0.174102
4348 0.22226
4349 0.226721
4350 0.193889
4351 0.170659
4352 0.260163
4353 0.202506
4354 0.197197
4355 0.202908
4356 0.238891
4357 0.232648
4358 0.222108
4359 0.182872
4360 0.213808
4361 0.207438
4362 0.266216
4363 0.246893
4364 0.171615
4365 0.193026
4366 0.173815
4367 0.230725
4368 0.178338
4369 0.191313
4370 0.194766
4371 0.248186
4372 0.213925
4373 0.206847
4374 0.192501
4375 0.213556
4376 0.189271
4377 0.20147
4378 0.219091
4379 0.196775
4380 0.195364
4381 0.246962
4382 0.169489
4383 0.181935
4384 0.254279
4385 0.203004
4386 0.277013
4387 0.181386
4388 0.235708
4389 0.177326
4390 0.198235
4391 0.231033
4392 0.170385
4393 0.178574
4394 0.192855
4395 0.149997
4396 0.214433
4397 0.205226
4398 0.265999
4399 0.184216
4400 0.230933
4401 0.162289
4402 0.188549
4403 0.232377
4404 0.188242
4405 0.26417
4406 0.181151
4407 0.164763
4408 0.171873
4409 0.240442
4410 0.231969
4411 0.24093
4412 0.202569
4413 0.228739
4414 0.166599
4415 0.178784
4416 0.20289
4417 0.156951
4418 0.163775
4419 0.186109
4420 0.186999
4421 0.26152
4422 0.207066
4423 0.235331
4424 0.313607
4425 0.167875
4426 0.190565
4427 0.196609
4428 0.263611
4429 0.209053
4430 0.161602
4431 0.181936
4432 0.220298
4433 0.250775
4434 0.225914
4435 0.222709
4436 0.176311
4437 0.196959
4438 0.159837
4439 0.189545
4440 0.206684
4441 0.201232
4442 0.190299
4443 0.185718
4444 0.23048
4445 0.195627
4446 0.165016
4447 0.275493
4448 0.210173
4449 0.249448
4450 0.169052
4451 0.185031
4452 0.169692
4453 0.196383
4454 0.296012
4455 0.289888
4456 0.197927
4457 0.243461
4458 0.186099
4459 0.244412
4460 0.221092
4461 0.198622
4462 0.214594
4463 0.175751
4464 0.182739
4465 0.241321
4466 0.165977
4467 0.22651
4468 0.176768
4469 0.233514
4470 0.163751
4471 0.254828
4472 0.254838
4473 0.18806
4474 0.214367
4475 0.206913
4476 0.183725
4477 0.169699
4478 0.163618
4479 0.203234
4480 0.193678
4481 0.21366
4482 0.190525
4483 0.175403
4484 0.152965
4485 0.169355
4486 0.216964
4487 0.232242
4488 0.193973
4489 0.222812
4490 0.150268
4491 0.28599
4492 0.280106
4493 0.152899
4494 0.199232
4495 0.232668
4496 0.209573
4497 0.206943
4498 0.240716
4499 0.212106
4500 0.224867
4501 0.235101
4502 0.194868
4503 0.195657
4504 0.245024
4505 0.184822
4506 0.190361
4507 0.166275
4508 0.272198
4509 0.15738
4510 0.226524
4511 0.256866
4512 0.149301
4513 0.224624
4514 0.179463
4515 0.171804
4516 0.314158
4517 0.206486
4518 0.239355
4519 0.21448
4520 0.204515
4521 0.169255
4522 0.201732
4523 0.195815
4524 0.237677
4525 0.241156
4526 0.227757
4527 0.208198
4528 0.168128
4529 0.244558
4530 0.177299
4531 0.170279
4532 0.228497
4533 0.206608
4534 0.216823
4535 0.202752
4536 0.205036
4537 0.2328
4538 0.149946
4539 0.263079
4540 0.269719
4541 0.203661
4542 0.183475
4543 0.266091
4544 0.180791
4545 0.160796
4546 0.193309
4547 0.219169
4548 0.229381
4549 0.216329
4550 0.168708
4551 0.165468
4552 0.17024
4553 0.178974
4554 0.250833
4555 0.361272
4556 0.192583
4557 0.209795
4558 0.243951
4559 0.224281
4560 0.188306
4561 0.198095
4562 0.221255
4563 0.218642
4564 0.19339
4565 0.234162
4566 0.184449
4567 0.247664
4568 0.16841
4569 0.199077
4570 0.283798
4571 0.231797
4572 0.235836
4573 0.180321
4574 0.195144
4575 0.235431
4576 0.214152
4577 0.162186
4578 0.238299
4579 0.315622
4580 0.195561
4581 0.208752
4582 0.184473
4583 0.215516
4584 0.199956
4585 0.18852
4586 0.169582
4587 0.216175
4588 0.225938
4589 0.169841
4590 0.179264
4591 0.214727
4592 0.212656
4593 0.1995
4594 0.157543
4595 0.257127
4596 0.168156
4597 0.187629
4598 0.251129
4599 0.189433
4600 0.205959
4601 0.194043
4602 0.224619
4603 0.18916
4604 0.230713
4605 0.214792
4606 0.25833
4607 0.213511
4608 0.175498
4609 0.309971
4610 0.182317
4611 0.176681
4612 0.241514
4613 0.18976
4614 0.203514
4615 0.220926
4616 0.222052
4617 0.234381
4618 0.188616
4619 0.281906
4620 0.281926
4621 0.17078
4622 0.218245
4623 0.196021
4624 0.198899
4625 0.216006
4626 0.161808
4627 0.185789
4628 0.181269
4629 0.1757
4630 0.327837
4631 0.192424
4632 0.232647
4633 0.162695
4634 0.263355
4635 0.242772
4636 0.179044
4637 0.323842
4638 0.153637
4639 0.20493
4640 0.211678
4641 0.229726
4642 0.198147
4643 0.187451
4644 0.249717
4645 0.184334
4646 0.153805
4647 0.183174
4648 0.283425
4649 0.221854
4650 0.181903
4651 0.159811
4652 0.19014
4653 0.234353
4654 0.232173
4655 0.229435
4656 0.183586
4657 0.212202
4658 0.17058
4659 0.186522
4660 0.26423
4661 0.313877
4662 0.177378
4663 0.23344
4664 0.198816
4665 0.173414
4666 0.236592
4667 0.222879
4668 0.222526
4669 0.18511
4670 0.171124
4671 0.199533
4672 0.201015
4673 0.176018
4674 0.180851
4675 0.172117
4676 0.218254
4677 0.164905
4678 0.149889
4679 0.165089
4680 0.237366
4681 0.150999
4682 0.140308
4683 0.201754
4684 0.192954
4685 0.162826
4686 0.160786
4687 0.208683
4688 0.281523
4689 0.204662
4690 0.174923
4691 0.171114
4692 0.183886
4693 0.179285
4694 0.150337
4695 0.214635
4696 0.217412
4697 0.171171
4698 0.257125
4699 0.192525
4700 0.204606
4701 0.192568
4702 0.161866
4703 0.179349
4704 0.173555
4705 0.175807
4706 0.199939
4707 0.228235
4708 0.148438
4709 0.128614
4710 0.147049
4711 0.338626
4712 0.193026
4713 0.181993
4714 0.304423
4715 0.376036
4716 0.300207
4717 0.195958
4718 0.234783
4719 0.230599
4720 0.194632
4721 0.266408
4722 0.212165
4723 0.188378
4724 0.161679
4725 0.194216
4726 0.195867
4727 0.186593
4728 0.225678
4729 0.232497
4730 0.267842
4731 0.2685
4732 0.178149
4733 0.232934
4734 0.193565
4735 0.224545
4736 0.206547
4737 0.218872
4738 0.260174
4739 0.169679
4740 0.226154
4741 0.233573
4742 0.231415
4743 0.158665
4744 0.310962
4745 0.272841
4746 0.223236
4747 0.182456
4748 0.239201
4749 0.177243
4750 0.2619
4751 0.169505
4752 0.183145
4753 0.146592
4754 0.20996
4755 0.270425
4756 0.429696
4757 0.141203
4758 0.201929
4759 0.154622
4760 0.202164
4761 0.285281
4762 0.204135
4763 0.195458
4764 0.199208
4765 0.135865
4766 0.239005
4767 0.265886
4768 0.202437
4769 0.179546
4770 0.189647
4771 0.198546
4772 0.195332
4773 0.212834
4774 0.151264
4775 0.185969
4776 0.186832
4777 0.171793
4778 0.182602
4779 0.173208
4780 0.190368
4781 0.177659
4782 0.158206
4783 0.179381
4784 0.205588
4785 0.264381
4786 0.205789
4787 0.158581
4788 0.195575
4789 0.158221
4790 0.202509
4791 0.218418
4792 0.227326
4793 0.17666
4794 0.17859
4795 0.183152
4796 0.191853
4797 0.178774
4798 0.154614
4799 0.267099
4800 0.184582
4801 0.227597
4802 0.1572
4803 0.203903
4804 0.171333
4805 0.193153
4806 0.172033
4807 0.201879
4808 0.232516
4809 0.193921
4810 0.228319
4811 0.156158
4812 0.192848
4813 0.240298
4814 0.205659
4815 0.198003
4816 0.180477
4817 0.190791
4818 0.159161
4819 0.196424
4820 0.209973
4821 0.169633
4822 0.170126
4823 0.143146
4824 0.173235
4825 0.230697
4826 0.191782
4827 0.275268
4828 0.193248
4829 0.170879
4830 0.152972
4831 0.238689
4832 0.168443
4833 0.176593
4834 0.243399
4835 0.179249
4836 0.162484
4837 0.20314
4838 0.314112
4839 0.205026
4840 0.195296
4841 0.239792
4842 0.17826
4843 0.18017
4844 0.154833
4845 0.185995
4846 0.16442
4847 0.173188
4848 0.157622
4849 0.230672
4850 0.2105
4851 0.174112
4852 0.243476
4853 0.238223
4854 0.167845
4855 0.16236
4856 0.230035
4857 0.163953
4858 0.135629
4859 0.189121
4860 0.201612
4861 0.196174
4862 0.156672
4863 0.261909
4864 0.19252
4865 0.178685
4866 0.19903
4867 0.176429
4868 0.221005
4869 0.195762
4870 0.213664
4871 0.18791
4872 0.157953
4873 0.197296
4874 0.192095
4875 0.183694
4876 0.242235
4877 0.180366
4878 0.203726
4879 0.182426
4880 0.168548
4881 0.171375
4882 0.192025
4883 0.217788
4884 0.310437
4885 0.206022
4886 0.147788
4887 0.158826
4888 0.220779
4889 0.185743
4890 0.157719
4891 0.183967
4892 0.233287
4893 0.175681
4894 0.224894
4895 0.155599
4896 0.204067
4897 0.22602
4898 0.211426
4899 0.202124
4900 0.226109
4901 0.174808
4902 0.179361
4903 0.178929
4904 0.185483
4905 0.174381
4906 0.186152
4907 0.173343
4908 0.202436
4909 0.179434
4910 0.172713
4911 0.183478
4912 0.198689
4913 0.164867
4914 0.214073
4915 0.168382
4916 0.220332
4917 0.173993
4918 0.227929
4919 0.165417
4920 0.260211
4921 0.200419
4922 0.160071
4923 0.251787
4924 0.223176
4925 0.179883
4926 0.195185
4927 0.196014
4928 0.16135
4929 0.280675
4930 0.229515
4931 0.180548
4932 0.196952
4933 0.181433
4934 0.192242
4935 0.198324
4936 0.193939
4937 0.220231
4938 0.162629
4939 0.203248
4940 0.157539
4941 0.156081
4942 0.176061
4943 0.154831
4944 0.148299
4945 0.274263
4946 0.200573
4947 0.213288
4948 0.231977
4949 0.195262
4950 0.203021
4951 0.226411
4952 0.188396
4953 0.258863
4954 0.260659
4955 0.158406
4956 0.220223
4957 0.213717
4958 0.221861
4959 0.168529
4960 0.160571
4961 0.214334
4962 0.193563
4963 0.249913
4964 0.184455
4965 0.259913
4966 0.233239
4967 0.18136
4968 0.25343
4969 0.21781
4970 0.176723
4971 0.24117
4972 0.18992
4973 0.186665
4974 0.161105
4975 0.178873
4976 0.192233
4977 0.198814
4978 0.230488
4979 0.20851
4980 0.17428
4981 0.166806
4982 0.140365
4983 0.261946
4984 0.248999
4985 0.201385
4986 0.224635
4987 0.207684
4988 0.183161
4989 0.203606
4990 0.182104
4991 0.191663
4992 0.197213
4993 0.202504
4994 0.192471
4995 0.153478
4996 0.21658
4997 0.213405
4998 0.173165
4999 0.268534
5000 0.194901
