0 4.54234
1 17.7995
2 13.2458
3 6.36568
4 8.95334
5 5.78998
6 3.42057
7 2.77745
8 2.54216
9 2.93613
10 3.51505
11 3.02654
12 2.49183
13 2.24362
14 2.22304
15 2.19302
16 2.08074
17 2.09202
18 1.79221
19 1.962
20 2.09801
21 2.05998
22 2.44786
23 2.34263
24 1.81946
25 2.05842
26 1.79094
27 1.68255
28 1.93326
29 1.89429
30 1.6983
31 1.49735
32 1.57823
33 1.61771
34 1.69381
35 1.59939
36 1.44946
37 1.61198
38 1.46146
39 1.55102
40 1.46534
41 1.5307
42 1.39326
43 1.46277
44 1.7356
45 1.35669
46 1.25375
47 1.35177
48 1.44591
49 1.37716
50 1.32167
51 1.58359
52 1.51713
53 1.416
54 1.528
55 1.75258
56 1.66899
57 1.50283
58 1.48401
59 1.53537
60 1.46991
61 1.44826
62 1.58482
63 1.6336
64 1.25647
65 1.39826
66 1.29466
67 1.37671
68 1.51514
69 1.31959
70 1.55934
71 1.43178
72 1.45624
73 1.38939
74 1.36241
75 1.51012
76 1.94185
77 1.59275
78 1.41177
79 1.43199
80 1.32121
81 1.30681
82 1.32089
83 1.36762
84 1.4985
85 1.44533
86 1.41267
87 1.23798
88 1.30812
89 1.31893
90 1.342
91 1.40113
92 1.36644
93 1.39456
94 1.35984
95 1.3227
96 1.28165
97 1.27026
98 1.35496
99 1.46781
100 1.33503
101 1.19922
102 1.25033
103 1.14885
104 1.24481
105 1.2118
106 1.33164
107 1.3787
108 1.13791
109 1.25455
110 1.27653
111 1.18316
112 1.20988
113 1.36462
114 1.12247
115 1.20422
116 1.30703
117 1.42902
118 1.6308
119 1.39837
120 1.18277
121 1.20925
122 1.27899
123 1.31483
124 1.33215
125 1.20036
126 1.23725
127 1.36058
128 1.18159
129 1.2129
130 1.16516
131 1.06594
132 1.18589
133 1.20868
134 1.30816
135 1.16384
136 1.452
137 1.55402
138 1.28987
139 1.14977
140 1.13602
141 1.21228
142 1.12372
143 1.17918
144 1.12914
145 1.24075
146 1.24241
147 1.23923
148 1.37017
149 1.18425
150 1.29519
151 1.198
152 1.27569
153 1.28196
154 1.31943
155 1.21258
156 1.16301
157 1.17307
158 1.18906
159 1.10774
160 1.20913
161 1.13679
162 1.23184
163 1.24961
164 1.11383
165 1.13086
166 1.18634
167 1.2521
168 1.35283
169 1.56175
170 1.62517
171 1.24925
172 1.29779
173 1.5892
174 1.22461
175 1.23421
176 1.16061
177 1.17694
178 1.16823
179 1.0998
180 1.20532
181 1.1773
182 1.34915
183 1.08722
184 1.33677
185 1.12322
186 1.11609
187 1.13898
188 1.26405
189 1.22605
190 1.29236
191 1.16437
192 1.10967
193 1.29352
194 1.23831
195 1.15858
196 1.21996
197 1.07157
198 1.10733
199 1.1272
200 1.22502
201 1.15731
202 1.17409
203 1.14715
204 1.26042
205 1.2849
206 1.22447
207 1.12504
208 1.41559
209 1.2211
210 1.10038
211 1.2159
212 1.13045
213 1.26574
214 1.40299
215 1.03208
216 1.16498
217 1.18911
218 1.09645
219 1.20645
220 1.08303
221 1.16794
222 1.16101
223 1.04143
224 1.15022
225 1.04168
226 1.13099
227 1.03159
228 1.05471
229 1.16656
230 1.18165
231 1.16087
232 1.19643
233 1.24774
234 1.07418
235 1.0948
236 1.12995
237 1.06725
238 1.18241
239 1.1433
240 1.02763
241 1.09204
242 1.21229
243 1.21526
244 1.01322
245 1.14438
246 1.04182
247 1.04555
248 1.1352
249 1.08398
250 1.15636
251 1.07717
252 1.28792
253 1.24427
254 1.11866
255 1.31438
256 1.19992
257 1.11598
258 1.08482
259 1.08138
260 1.19365
261 1.05581
262 1.11624
263 1.09364
264 0.996668
265 1.10832
266 0.999358
267 1.14879
268 1.34246
269 1.20379
270 1.20518
271 1.15631
272 1.18844
273 1.1498
274 1.02612
275 1.08193
276 1.0522
277 1.06867
278 1.07909
279 1.07888
280 1.0073
281 1.18314
282 1.04093
283 1.14012
284 1.19072
285 1.14395
286 1.01087
287 1.01574
288 1.02266
289 1.10358
290 1.07222
291 1.07924
292 1.28899
293 1.07886
294 1.14955
295 1.17093
296 1.27461
297 1.00423
298 1.07568
299 0.925741
300 0.974312
301 1.00242
302 1.07371
303 1.07825
304 1.05759
305 1.0466
306 1.10206
307 1.2107
308 1.16349
309 0.961594
310 0.979943
311 1.15114
312 1.09348
313 1.13363
314 1.00708
315 1.07115
316 1.10674
317 1.08602
318 1.07602
319 1.11574
320 1.11314
321 1.11005
322 1.33948
323 1.41317
324 1.07311
325 1.04959
326 1.06201
327 1.0346
328 1.08694
329 1.10051
330 1.10059
331 1.24557
332 1.14317
333 1.07925
334 0.981374
335 1.15374
336 1.10891
337 1.03275
338 1.12078
339 1.03191
340 1.02488
341 1.01525
342 0.989208
343 1.39416
344 1.10249
345 1.14091
346 0.97517
347 1.26389
348 1.05322
349 1.03374
350 1.25527
351 0.975068
352 1.00483
353 1.07985
354 1.29119
355 1.12114
356 1.07873
357 0.984061
358 0.964178
359 0.954097
360 1.00254
361 1.13435
362 0.996869
363 1.0187
364 1.02653
365 1.02408
366 0.950302
367 1.07799
368 1.18037
369 1.08712
370 1.04215
371 0.972676
372 1.08461
373 1.06461
374 1.33923
375 1.03542
376 1.05558
377 0.921518
378 1.03139
379 1.03737
380 1.00465
381 1.09005
382 1.14742
383 0.946098
384 0.991315
385 0.972044
386 1.01974
387 0.940832
388 0.977217
389 1.10822
390 1.04268
391 0.968886
392 1.01212
393 1.06293
394 1.03637
395 0.965712
396 0.965237
397 0.980185
398 0.930972
399 0.957447
400 1.12206
401 1.04098
402 1.0002
403 0.987482
404 1.01809
405 0.939884
406 1.06211
407 0.91864
408 0.996254
409 0.958076
410 0.995866
411 1.05199
412 0.971945
413 0.921254
414 0.962061
415 0.876274
416 0.869766
417 0.92545
418 0.878031
419 0.887054
420 0.966598
421 0.886119
422 0.846969
423 0.876509
424 1.22749
425 1.17471
426 0.918641
427 1.21858
428 0.912566
429 1.16671
430 0.97516
431 1.03737
432 1.00116
433 0.995053
434 1.0146
435 1.06192
436 0.932008
437 0.9295
438 0.972411
439 0.920129
440 1.03322
441 0.942013
442 0.99874
443 1.14618
444 1.00283
445 0.931417
446 1.05985
447 0.93796
448 0.960695
449 0.979821
450 1.00379
451 1.00132
452 1.02579
453 1.07056
454 0.993382
455 1.12756
456 1.01856
457 1.14382
458 1.11243
459 1.08389
460 1.01214
461 1.00062
462 1.05398
463 1.04204
464 0.987707
465 0.918495
466 0.902004
467 0.884015
468 0.964292
469 1.32019
470 0.991682
471 1.01041
472 0.946262
473 0.981852
474 0.999573
475 1.02172
476 0.945872
477 0.907401
478 0.922319
479 0.955353
480 1.03791
481 0.97739
482 0.933763
483 0.920834
484 0.935995
485 0.955855
486 0.952297
487 1.10272
488 1.06701
489 0.955924
490 0.979498
491 1.03314
492 0.967819
493 0.879701
494 0.942853
495 0.93292
496 0.981994
497 0.96018
498 0.963097
499 1.01772
500 1.00173
501 1.00162
502 0.908162
503 0.89993
504 1.01945
505 0.986441
506 0.859429
507 0.959496
508 0.999229
509 0.948485
510 0.992922
511 0.908256
512 1.02535
513 0.979745
514 0.979536
515 0.919458
516 0.882665
517 0.875704
518 0.965834
519 0.929548
520 0.970877
521 0.928683
522 0.968546
523 0.926955
524 0.898941
525 0.913046
526 0.924934
527 0.976525
528 0.992438
529 0.915007
530 0.907304
531 0.863237
532 0.906253
533 0.91396
534 0.902247
535 0.967209
536 0.90098
537 0.83149
538 0.964085
539 0.913705
540 0.985341
541 0.943693
542 0.939433
543 0.848361
544 0.875923
545 0.900264
546 0.980495
547 1.00401
548 0.868865
549 0.845042
550 0.938362
551 1.05582
552 0.937723
553 0.937554
554 0.944383
555 0.854489
556 0.932911
557 0.893294
558 0.985863
559 0.84971
560 0.899848
561 0.958673
562 1.00752
563 0.935813
564 0.91687
565 1.089
566 0.92471
567 0.979874
568 0.855382
569 0.88138
570 0.93618
571 0.846996
572 0.880689
573 0.911744
574 0.896078
575 0.934479
576 0.887916
577 0.876372
578 0.903094
579 0.871142
580 0.86769
581 0.896939
582 0.855281
583 0.906513
584 0.864231
585 0.851846
586 0.943326
587 0.838021
588 0.829573
589 0.914408
590 0.887623
591 0.933241
592 0.904743
593 0.864265
594 0.858228
595 0.963219
596 0.928267
597 1.07544
598 1.03903
599 1.08207
600 0.863802
601 0.975465
602 0.913194
603 0.81715
604 0.964986
605 0.882177
606 0.913542
607 0.873352
608 0.823713
609 0.921575
610 0.837025
611 0.987305
612 0.944262
613 0.952569
614 0.858504
615 0.847932
616 0.871637
617 0.95525
618 0.968874
619 0.857032
620 0.864239
621 0.865894
622 0.929462
623 0.869822
624 0.916483
625 0.837737
626 0.830999
627 0.867533
628 0.870837
629 0.886943
630 0.84635
631 0.831162
632 0.875148
633 0.922775
634 1.0144
635 0.846979
636 0.892773
637 0.991546
638 0.87233
639 0.938557
640 0.869382
641 0.919978
642 0.945782
643 0.865199
644 0.932834
645 0.867175
646 0.883708
647 0.8303
648 0.833624
649 0.852642
650 0.873272
651 0.884694
652 0.838585
653 0.890886
654 0.779365
655 0.869896
656 0.790805
657 0.772535
658 0.891861
659 0.944565
660 0.971693
661 1.0565
662 0.871161
663 0.837419
664 0.989273
665 0.8292
666 0.90988
667 0.872409
668 0.808064
669 0.851931
670 0.850484
671 0.954516
672 0.917245
673 0.789369
674 0.944347
675 0.820478
676 0.87224
677 0.864944
678 0.848844
679 0.865708
680 0.819866
681 0.934258
682 0.904752
683 0.876052
684 0.868894
685 0.909917
686 0.880422
687 0.780716
688 0.849239
689 0.833767
690 0.818283
691 0.916602
692 0.830631
693 0.846668
694 0.807119
695 0.8597
696 0.884627
697 0.979365
698 0.892443
699 0.844844
700 0.842337
701 0.90235
702 0.796499
703 0.791683
704 0.807392
705 0.865018
706 0.916828
707 0.839322
708 0.861287
709 0.854998
710 0.862191
711 0.779716
712 0.964152
713 0.879811
714 0.851897
715 0.846881
716 0.801287
717 0.896272
718 0.804478
719 0.802757
720 0.882933
721 1.06105
722 0.788214
723 0.893374
724 0.839329
725 0.967466
726 0.81537
727 0.776596
728 0.745343
729 0.849259
730 0.917218
731 0.78705
732 0.862184
733 0.856654
734 0.837242
735 0.845375
736 0.935723
737 0.785927
738 0.768566
739 0.789887
740 0.937348
741 0.862181
742 0.832026
743 0.827307
744 0.808124
745 0.88553
746 0.813082
747 0.884486
748 0.850181
749 0.912092
750 0.909126
751 0.948629
752 0.888468
753 0.774756
754 0.785699
755 0.836819
756 0.809194
757 0.836735
758 0.888538
759 0.907579
760 0.82637
761 0.924345
762 0.867736
763 0.844926
764 0.880074
765 0.841087
766 0.804798
767 0.833473
768 0.816315
769 0.814897
770 0.763898
771 0.853503
772 0.967787
773 0.837394
774 0.86603
775 0.766364
776 0.936868
777 0.873922
778 0.811936
779 0.985069
780 0.846773
781 0.775583
782 0.945988
783 1.04148
784 0.969325
785 0.882209
786 0.776026
787 0.794551
788 0.771309
789 0.756041
790 0.874273
791 0.791632
792 0.813461
793 0.803097
794 0.823422
795 0.821058
796 0.894276
797 0.832376
798 0.864561
799 0.7993
800 0.734758
801 0.869192
802 0.888198
803 0.949002
804 0.792994
805 0.804631
806 0.7587
807 0.855491
808 0.839249
809 0.842199
810 0.860131
811 0.78084
812 0.802799
813 0.771806
814 0.772073
815 0.75618
816 0.738521
817 0.768978
818 0.907345
819 0.772629
820 0.787527
821 0.87263
822 0.764249
823 0.795405
824 0.763907
825 0.764657
826 0.828226
827 0.78572
828 0.79401
829 0.786829
830 0.850453
831 0.762694
832 0.79702
833 0.782832
834 0.741786
835 0.770824
836 0.737602
837 0.814408
838 0.832836
839 0.777358
840 0.895143
841 0.768382
842 0.789574
843 0.784255
844 0.716012
845 0.70975
846 0.713212
847 0.744579
848 0.714291
849 0.795283
850 0.686608
851 0.702226
852 0.751969
853 0.817238
854 0.701457
855 0.761035
856 1.10229
857 0.819353
858 0.809806
859 0.79053
860 0.746909
861 0.743896
862 0.785751
863 0.913733
864 0.910517
865 0.742467
866 0.754163
867 0.731285
868 0.809727
869 0.759854
870 0.772893
871 0.817755
872 0.857719
873 0.815899
874 0.759066
875 0.799539
876 0.718557
877 0.835736
878 0.746852
879 0.812134
880 0.805539
881 0.774841
882 0.879942
883 0.746252
884 0.858702
885 0.7274
886 0.948443
887 0.998876
888 0.768514
889 0.774988
890 0.814071
891 0.799602
892 0.754437
893 0.728694
894 0.749001
895 0.70966
896 0.740653
897 0.74444
898 1.05416
899 0.883452
900 0.725406
901 0.74309
902 0.839082
903 0.764838
904 0.810841
905 0.709064
906 0.712512
907 0.724004
908 0.829562
909 0.842664
910 0.773299
911 0.74657
912 0.785171
913 0.761647
914 0.799773
915 0.732691
916 0.873816
917 0.801228
918 0.751496
919 0.765514
920 0.831476
921 0.75429
922 0.755353
923 0.75596
924 0.715035
925 0.781016
926 0.731639
927 0.794403
928 0.775473
929 0.822321
930 0.809959
931 0.705088
932 0.760596
933 0.852494
934 0.760945
935 0.680521
936 0.763386
937 0.758337
938 0.839395
939 0.694413
940 0.700419
941 0.905042
942 0.842384
943 0.759707
944 0.752937
945 0.709663
946 0.705769
947 0.785765
948 0.766248
949 0.780155
950 0.770479
951 0.750059
952 0.760192
953 0.695191
954 0.801028
955 0.84777
956 0.768459
957 0.778844
958 0.781877
959 0.724012
960 0.700792
961 0.741261
962 0.780705
963 0.719679
964 0.738796
965 0.710676
966 0.700937
967 0.764301
968 0.735976
969 0.789079
970 0.751007
971 0.719118
972 0.69773
973 0.725615
974 0.763157
975 0.759488
976 0.748812
977 0.706302
978 0.706543
979 0.761221
980 0.81918
981 0.79257
982 0.762128
983 0.744116
984 0.670696
985 0.736208
986 0.763227
987 0.753051
988 0.72927
989 0.710709
990 0.714094
991 0.81438
992 0.737122
993 0.69882
994 0.871847
995 0.738033
996 0.75115
997 0.694572
998 0.721853
999 0.712203
1000 0.670439
1001 0.734208
1002 0.750795
1003 0.737794
1004 0.715483
1005 0.756648
1006 0.68929
1007 0.763845
1008 0.669383
1009 0.724417
1010 0.752673
1011 0.697194
1012 0.748479
1013 0.676454
1014 0.746587
1015 0.71974
1016 0.697856
1017 0.740985
1018 0.756973
1019 0.777545
1020 0.672713
1021 0.71857
1022 0.709314
1023 0.699124
1024 0.814983
1025 0.796693
1026 0.748294
1027 0.767068
1028 0.805833
1029 0.727431
1030 0.824717
1031 0.726775
1032 0.712209
1033 0.729805
1034 0.720034
1035 0.780969
1036 0.678488
1037 0.677453
1038 0.726683
1039 0.712775
1040 0.703271
1041 0.687722
1042 0.75897
1043 0.691398
1044 0.71165
1045 0.722704
1046 0.720632
1047 0.757044
1048 0.69776
1049 0.712377
1050 0.726991
1051 0.700091
1052 0.719427
1053 0.745941
1054 0.691396
1055 0.663912
1056 0.701904
1057 0.68771
1058 0.70894
1059 0.713629
1060 0.700947
1061 0.77489
1062 0.738631
1063 0.739154
1064 0.653206
1065 0.778008
1066 0.742207
1067 0.692732
1068 0.743589
1069 0.716428
1070 0.75351
1071 0.752378
1072 0.691731
1073 0.684609
1074 0.694724
1075 0.706427
1076 0.666886
1077 0.678702
1078 0.725505
1079 0.705563
1080 0.715266
1081 0.681229
1082 0.700114
1083 0.665663
1084 0.71541
1085 0.639598
1086 0.68358
1087 0.78266
1088 0.687302
1089 0.777525
1090 0.754324
1091 0.659523
1092 0.731595
1093 0.69904
1094 0.65718
1095 0.740168
1096 0.702789
1097 0.678135
1098 0.716902
1099 0.706462
1100 0.790701
1101 0.686767
1102 0.736972
1103 0.682164
1104 0.6388
1105 0.784795
1106 0.691196
1107 0.738863
1108 0.73783
1109 0.676572
1110 0.784649
1111 0.746859
1112 0.684911
1113 0.79607
1114 0.681875
1115 0.714841
1116 0.686007
1117 0.671731
1118 0.677987
1119 0.714183
1120 0.688085
1121 0.663368
1122 0.635085
1123 0.656409
1124 0.719828
1125 0.870354
1126 0.749388
1127 0.700047
1128 0.715502
1129 0.73955
1130 0.734859
1131 0.690238
1132 0.655638
1133 0.757728
1134 0.66554
1135 0.678115
1136 0.678844
1137 0.642885
1138 0.694462
1139 0.667559
1140 0.784431
1141 0.780428
1142 0.746081
1143 0.652903
1144 0.660073
1145 0.707966
1146 0.706039
1147 0.721261
1148 0.637946
1149 0.755473
1150 0.840367
1151 0.696124
1152 0.695278
1153 0.740435
1154 0.665124
1155 0.659194
1156 0.623019
1157 0.64863
1158 0.659276
1159 0.735414
1160 0.632953
1161 0.745173
1162 0.624847
1163 0.66545
1164 0.754804
1165 0.757205
1166 0.63299
1167 0.637761
1168 0.701033
1169 0.721196
1170 0.751733
1171 0.657118
1172 0.649624
1173 0.721425
1174 0.684485
1175 0.65741
1176 0.740012
1177 0.702388
1178 0.728905
1179 0.742712
1180 0.762672
1181 0.619241
1182 0.679412
1183 0.650736
1184 0.677105
1185 0.713259
1186 0.622419
1187 0.759045
1188 0.668424
1189 0.667738
1190 0.826962
1191 0.685948
1192 0.70618
1193 0.650107
1194 0.693379
1195 0.646836
1196 0.694724
1197 0.711821
1198 0.644537
1199 0.617797
1200 0.73567
1201 0.765793
1202 0.740315
1203 0.614294
1204 0.67988
1205 0.766793
1206 0.73526
1207 0.644123
1208 0.81353
1209 0.687028
1210 0.72154
1211 0.720435
1212 0.761526
1213 0.667738
1214 0.70702
1215 0.636309
1216 0.622785
1217 0.658724
1218 0.737044
1219 0.69354
1220 0.671174
1221 0.663328
1222 0.673322
1223 0.625801
1224 0.699523
1225 0.791361
1226 0.683969
1227 0.681619
1228 0.631557
1229 0.660649
1230 0.726
1231 0.817618
1232 0.756397
1233 0.650747
1234 0.663306
1235 0.595599
1236 0.752854
1237 0.691269
1238 0.679549
1239 0.661767
1240 0.724946
1241 0.616311
1242 0.631191
1243 0.627359
1244 0.660463
1245 0.61988
1246 0.638952
1247 0.700369
1248 0.616986
1249 0.678258
1250 0.669576
1251 0.676232
1252 0.59459
1253 0.646634
1254 0.64726
1255 0.6624
1256 0.643789
1257 0.650654
1258 0.659466
1259 0.67311
1260 0.674415
1261 0.616506
1262 0.604311
1263 0.617454
1264 0.603871
1265 0.649219
1266 0.685491
1267 0.690885
1268 0.680073
1269 0.697326
1270 0.609638
1271 0.692972
1272 0.611066
1273 0.577603
1274 0.597881
1275 0.601019
1276 0.604266
1277 0.616159
1278 0.604698
1279 0.558525
1280 0.584052
1281 0.715977
1282 0.642886
1283 0.61994
1284 0.831161
1285 0.58626
1286 0.732508
1287 0.655928
1288 0.675202
1289 0.619671
1290 0.682274
1291 0.724291
1292 0.691042
1293 0.643963
1294 0.603636
1295 0.600521
1296 0.620986
1297 0.651332
1298 0.620166
1299 0.617382
1300 0.746037
1301 0.705037
1302 0.622103
1303 0.701616
1304 0.694299
1305 0.624343
1306 0.663856
1307 0.653398
1308 0.64411
1309 0.635931
1310 0.646201
1311 0.709607
1312 0.616606
1313 0.618886
1314 0.637896
1315 0.776665
1316 0.79985
1317 0.676414
1318 0.608872
1319 0.715081
1320 0.703323
1321 0.639343
1322 0.584266
1323 0.625008
1324 0.590645
1325 0.630115
1326 0.699293
1327 0.700785
1328 0.599589
1329 0.558084
1330 0.633966
1331 0.696023
1332 0.635261
1333 0.596953
1334 0.612129
1335 0.609354
1336 0.580229
1337 0.672159
1338 0.644557
1339 0.612232
1340 0.618864
1341 0.579968
1342 0.603401
1343 0.659758
1344 0.610036
1345 0.64699
1346 0.643372
1347 0.627295
1348 0.661389
1349 0.668859
1350 0.624866
1351 0.613357
1352 0.605834
1353 0.645532
1354 0.602471
1355 0.606634
1356 0.666673
1357 0.602796
1358 0.622823
1359 0.646329
1360 0.603005
1361 0.629319
1362 0.65398
1363 0.612134
1364 0.601761
1365 0.737187
1366 0.596565
1367 0.623326
1368 0.603733
1369 0.611866
1370 0.657721
1371 0.630994
1372 0.617049
1373 0.626344
1374 0.634894
1375 0.631198
1376 0.617826
1377 0.680806
1378 0.614242
1379 0.645484
1380 0.671994
1381 0.630577
1382 0.591058
1383 0.642297
1384 0.683393
1385 0.728505
1386 0.592157
1387 0.650153
1388 0.570906
1389 0.581802
1390 0.652516
1391 0.606424
1392 0.642538
1393 0.589396
1394 0.575047
1395 0.570267
1396 0.639795
1397 0.626416
1398 0.633439
1399 0.644311
1400 0.61352
1401 0.620866
1402 0.599089
1403 0.627493
1404 0.649173
1405 0.625767
1406 0.547001
1407 0.591228
1408 0.694613
1409 0.633572
1410 0.642078
1411 0.614445
1412 0.608259
1413 0.581261
1414 0.606819
1415 0.647516
1416 0.58221
1417 0.586282
1418 0.633115
1419 0.626523
1420 0.641827
1421 0.621766
1422 0.602056
1423 0.72665
1424 0.631209
1425 0.580553
1426 0.55814
1427 0.621176
1428 0.556238
1429 0.559502
1430 0.586114
1431 0.622689
1432 0.623305
1433 0.627674
1434 0.620456
1435 0.590741
1436 0.63347
1437 0.555886
1438 0.630776
1439 0.637839
1440 0.601583
1441 0.617465
1442 0.547234
1443 0.658819
1444 0.56903
1445 0.537279
1446 0.663442
1447 0.638429
1448 0.590744
1449 0.584121
1450 0.577056
1451 0.559498
1452 0.595244
1453 0.630486
1454 0.736529
1455 0.688951
1456 0.599955
1457 0.620838
1458 0.610523
1459 0.798896
1460 0.555746
1461 0.622379
1462 0.626464
1463 0.629802
1464 0.658536
1465 0.569558
1466 0.633452
1467 0.571369
1468 0.629387
1469 0.574311
1470 0.639885
1471 0.613849
1472 0.555187
1473 0.589952
1474 0.642106
1475 0.669845
1476 0.59145
1477 0.577192
1478 0.580519
1479 0.582384
1480 0.568256
1481 0.676758
1482 0.572805
1483 0.551881
1484 0.574564
1485 0.614147
1486 0.593033
1487 0.5389
1488 0.603089
1489 0.54172
1490 0.631113
1491 0.653552
1492 0.56619
1493 0.602514
1494 0.672633
1495 0.655165
1496 0.583752
1497 0.61857
1498 0.587893
1499 0.593853
1500 0.584579
1501 0.564181
1502 0.604174
1503 0.609644
1504 0.546208
1505 0.569977
1506 0.523918
1507 0.611624
1508 0.638393
1509 0.532079
1510 0.6423
1511 0.510896
1512 0.578249
1513 0.599523
1514 0.524932
1515 0.639583
1516 0.624126
1517 0.643542
1518 0.61879
1519 0.672682
1520 0.579695
1521 0.58441
1522 0.610649
1523 0.59955
1524 0.610429
1525 0.58543
1526 0.58052
1527 0.567035
1528 0.590725
1529 0.717755
1530 0.564703
1531 0.632733
1532 0.566385
1533 0.525613
1534 0.567095
1535 0.570351
1536 0.634534
1537 0.590897
1538 0.620504
1539 0.660482
1540 0.583157
1541 0.599355
1542 0.636425
1543 0.569873
1544 0.579196
1545 0.558641
1546 0.615701
1547 0.598488
1548 0.589097
1549 0.607209
1550 0.533289
1551 0.580864
1552 0.53116
1553 0.6289
1554 0.673485
1555 0.572308
1556 0.607675
1557 0.608202
1558 0.58158
1559 0.586721
1560 0.548848
1561 0.585908
1562 0.618035
1563 0.554559
1564 0.562565
1565 0.617801
1566 0.556416
1567 0.627385
1568 0.571286
1569 0.66428
1570 0.628287
1571 0.603412
1572 0.550034
1573 0.545096
1574 0.551294
1575 0.612916
1576 0.575792
1577 0.599422
1578 0.610513
1579 0.628887
1580 0.560038
1581 0.612461
1582 0.588085
1583 0.539826
1584 0.521031
1585 0.543914
1586 0.577932
1587 0.578083
1588 0.601318
1589 0.564668
1590 0.583488
1591 0.573699
1592 0.580285
1593 0.56819
1594 0.618351
1595 0.523831
1596 0.552522
1597 0.583706
1598 0.553147
1599 0.602127
1600 0.546384
1601 0.541849
1602 0.597985
1603 0.588094
1604 0.604862
1605 0.597616
1606 0.605704
1607 0.574529
1608 0.715083
1609 0.620654
1610 0.52184
1611 0.554367
1612 0.564088
1613 0.570274
1614 0.632944
1615 0.517695
1616 0.622832
1617 0.581061
1618 0.617812
1619 0.567765
1620 0.57385
1621 0.572697
1622 0.571755
1623 0.516957
1624 0.569854
1625 0.541605
1626 0.605725
1627 0.535191
1628 0.511423
1629 0.690055
1630 0.633802
1631 0.617717
1632 0.528926
1633 0.631322
1634 0.599056
1635 0.556641
1636 0.619029
1637 0.580283
1638 0.55139
1639 0.600799
1640 0.660007
1641 0.573352
1642 0.537931
1643 0.552567
1644 0.53288
1645 0.557848
1646 0.546159
1647 0.643607
1648 0.583268
1649 0.557929
1650 0.54572
1651 0.536594
1652 0.561203
1653 0.594615
1654 0.615326
1655 0.528394
1656 0.537175
1657 0.501417
1658 0.551378
1659 0.593885
1660 0.687709
1661 0.533317
1662 0.605914
1663 0.520864
1664 0.558149
1665 0.593629
1666 0.565601
1667 0.588722
1668 0.548232
1669 0.542711
1670 0.526688
1671 0.530169
1672 0.556706
1673 0.52769
1674 0.50982
1675 0.614964
1676 0.55869
1677 0.526966
1678 0.562931
1679 0.528624
1680 0.571843
1681 0.528989
1682 0.580498
1683 0.555081
1684 0.51003
1685 0.511174
1686 0.569366
1687 0.548063
1688 0.543886
1689 0.579719
1690 0.547397
1691 0.532382
1692 0.559268
1693 0.532023
1694 0.572818
1695 0.515444
1696 0.548571
1697 0.592266
1698 0.554083
1699 0.523371
1700 0.559205
1701 0.485878
1702 0.49709
1703 0.494087
1704 0.492505
1705 0.536495
1706 0.549659
1707 0.499771
1708 0.468936
1709 0.50061
1710 0.597431
1711 0.521372
1712 0.482832
1713 0.749049
1714 0.470035
1715 0.655957
1716 0.576347
1717 0.553927
1718 0.511075
1719 0.535599
1720 0.551164
1721 0.59247
1722 0.517717
1723 0.518784
1724 0.54911
1725 0.506123
1726 0.53178
1727 0.510993
1728 0.532886
1729 0.65962
1730 0.518232
1731 0.521674
1732 0.598999
1733 0.537503
1734 0.538164
1735 0.554791
1736 0.539221
1737 0.589263
1738 0.575207
1739 0.598406
1740 0.496202
1741 0.570263
1742 0.507255
1743 0.556238
1744 0.599091
1745 0.532374
1746 0.532116
1747 0.573826
1748 0.559731
1749 0.565105
1750 0.551132
1751 0.49137
1752 0.522822
1753 0.494743
1754 0.557683
1755 0.788043
1756 0.624967
1757 0.591155
1758 0.493219
1759 0.551608
1760 0.552564
1761 0.618787
1762 0.485992
1763 0.503454
1764 0.502609
1765 0.51539
1766 0.552732
1767 0.536031
1768 0.53206
1769 0.527255
1770 0.496562
1771 0.542151
1772 0.50236
1773 0.569756
1774 0.590739
1775 0.53754
1776 0.524753
1777 0.525623
1778 0.505177
1779 0.497449
1780 0.530396
1781 0.524309
1782 0.54973
1783 0.5486
1784 0.548302
1785 0.564238
1786 0.530355
1787 0.533289
1788 0.523051
1789 0.530974
1790 0.500102
1791 0.532017
1792 0.514722
1793 0.551667
1794 0.508251
1795 0.537477
1796 0.519603
1797 0.537446
1798 0.617805
1799 0.543214
1800 0.538817
1801 0.512584
1802 0.505041
1803 0.488557
1804 0.507946
1805 0.575861
1806 0.539892
1807 0.539035
1808 0.54679
1809 0.558229
1810 0.533066
1811 0.491336
1812 0.539966
1813 0.516465
1814 0.59341
1815 0.530159
1816 0.503718
1817 0.486391
1818 0.492892
1819 0.562973
1820 0.547476
1821 0.494231
1822 0.504691
1823 0.499639
1824 0.523539
1825 0.490596
1826 0.536802
1827 0.509839
1828 0.548538
1829 0.492788
1830 0.490254
1831 0.490152
1832 0.547866
1833 0.519408
1834 0.522744
1835 0.507139
1836 0.483609
1837 0.631111
1838 0.522987
1839 0.501918
1840 0.540955
1841 0.478817
1842 0.506591
1843 0.544971
1844 0.512939
1845 0.470552
1846 0.497025
1847 0.52578
1848 0.533547
1849 0.530911
1850 0.537363
1851 0.543943
1852 0.593495
1853 0.502057
1854 0.507339
1855 0.482964
1856 0.531263
1857 0.488109
1858 0.515896
1859 0.537439
1860 0.52779
1861 0.502352
1862 0.573169
1863 0.510553
1864 0.532019
1865 0.501913
1866 0.475549
1867 0.529221
1868 0.548919
1869 0.569954
1870 0.51656
1871 0.472974
1872 0.497165
1873 0.486458
1874 0.491279
1875 0.5872
1876 0.506611
1877 0.546049
1878 0.489859
1879 0.492804
1880 0.45886
1881 0.54108
1882 0.608764
1883 0.615779
1884 0.552488
1885 0.607576
1886 0.504838
1887 0.567801
1888 0.580759
1889 0.462513
1890 0.54965
1891 0.498845
1892 0.499318
1893 0.553818
1894 0.503935
1895 0.499899
1896 0.502468
1897 0.533064
1898 0.494141
1899 0.546433
1900 0.506781
1901 0.476621
1902 0.495388
1903 0.507329
1904 0.516019
1905 0.592236
1906 0.502122
1907 0.512815
1908 0.482866
1909 0.517577
1910 0.529196
1911 0.472055
1912 0.459577
1913 0.463241
1914 0.491535
1915 0.496291
1916 0.499672
1917 0.532888
1918 0.544481
1919 0.513884
1920 0.544755
1921 0.460238
1922 0.536722
1923 0.540419
1924 0.49898
1925 0.552643
1926 0.502703
1927 0.513589
1928 0.541302
1929 0.516815
1930 0.512391
1931 0.492692
1932 0.547913
1933 0.468671
1934 0.468834
1935 0.485236
1936 0.509171
1937 0.492205
1938 0.491336
1939 0.518797
1940 0.470329
1941 0.496638
1942 0.446981
1943 0.455766
1944 0.563075
1945 0.542777
1946 0.528528
1947 0.485729
1948 0.546057
1949 0.471491
1950 0.553119
1951 0.478553
1952 0.593608
1953 0.518233
1954 0.485857
1955 0.510655
1956 0.48693
1957 0.609035
1958 0.48487
1959 0.46531
1960 0.498436
1961 0.507477
1962 0.49679
1963 0.514768
1964 0.485448
1965 0.541436
1966 0.473586
1967 0.531448
1968 0.557672
1969 0.501919
1970 0.534148
1971 0.536597
1972 0.504233
1973 0.46644
1974 0.480851
1975 0.541078
1976 0.535447
1977 0.507756
1978 0.48529
1979 0.462354
1980 0.47282
1981 0.48404
1982 0.498902
1983 0.58595
1984 0.483986
1985 0.497543
1986 0.486381
1987 0.526954
1988 0.486113
1989 0.433206
1990 0.470592
1991 0.491207
1992 0.486446
1993 0.471686
1994 0.488762
1995 0.498734
1996 0.481205
1997 0.49254
1998 0.592165
1999 0.542674
2000 0.513797
2001 0.473142
2002 0.46572
2003 0.499714
2004 0.458727
2005 0.481461
2006 0.524053
2007 0.574071
2008 0.481311
2009 0.52832
2010 0.485086
2011 0.605917
2012 0.499165
2013 0.474467
2014 0.46408
2015 0.474962
2016 0.578823
2017 0.455474
2018 0.496812
2019 0.509054
2020 0.49591
2021 0.557212
2022 0.47335
2023 0.553634
2024 0.467466
2025 0.515531
2026 0.497185
2027 0.49196
2028 0.506099
2029 0.453795
2030 0.534136
2031 0.520022
2032 0.491192
2033 0.507241
2034 0.503795
2035 0.489643
2036 0.556084
2037 0.537504
2038 0.506822
2039 0.454694
2040 0.4846
2041 0.540007
2042 0.48014
2043 0.545713
2044 0.524842
2045 0.479466
2046 0.50219
2047 0.517671
2048 0.581658
2049 0.489239
2050 0.520913
2051 0.451856
2052 0.47112
2053 0.481575
2054 0.489057
2055 0.447757
2056 0.472843
2057 0.493696
2058 0.563387
2059 0.495419
2060 0.570867
2061 0.429951
2062 0.61396
2063 0.506829
2064 0.456286
2065 0.680564
2066 0.4477
2067 0.486369
2068 0.55626
2069 0.53798
2070 0.566027
2071 0.478446
2072 0.479276
2073 0.456342
2074 0.468566
2075 0.450872
2076 0.563699
2077 0.480421
2078 0.448662
2079 0.468844
2080 0.473818
2081 0.495596
2082 0.512683
2083 0.506656
2084 0.469472
2085 0.469467
2086 0.455031
2087 0.52174
2088 0.564069
2089 0.591648
2090 0.473703
2091 0.490728
2092 0.482624
2093 0.469937
2094 0.554436
2095 0.488048
2096 0.472066
2097 0.466213
2098 0.462714
2099 0.478098
2100 0.455143
2101 0.498561
2102 0.448863
2103 0.456258
2104 0.569746
2105 0.462039
2106 0.461148
2107 0.46888
2108 0.501381
2109 0.487394
2110 0.455415
2111 0.498406
2112 0.470452
2113 0.450307
2114 0.4872
2115 0.484732
2116 0.543558
2117 0.465572
2118 0.443999
2119 0.446996
2120 0.43551
2121 0.472809
2122 0.416317
2123 0.492876
2124 0.526424
2125 0.444425
2126 0.501838
2127 0.434146
2128 0.466513
2129 0.466257
2130 0.443665
2131 0.42607
2132 0.428584
2133 0.450364
2134 0.416468
2135 0.46645
2136 0.418406
2137 0.438546
2138 0.452242
2139 0.470164
2140 0.41665
2141 0.42419
2142 0.586977
2143 0.465385
2144 0.486673
2145 0.455409
2146 0.455044
2147 0.459904
2148 0.541054
2149 0.494176
2150 0.501148
2151 0.461949
2152 0.444331
2153 0.469144
2154 0.488479
2155 0.450187
2156 0.468999
2157 0.47402
2158 0.50134
2159 0.496928
2160 0.470619
2161 0.464892
2162 0.434612
2163 0.466787
2164 0.446923
2165 0.502716
2166 0.456259
2167 0.469856
2168 0.569499
2169 0.475451
2170 0.523968
2171 0.44783
2172 0.560679
2173 0.582169
2174 0.500718
2175 0.475991
2176 0.521273
2177 0.446619
2178 0.469991
2179 0.480619
2180 0.448222
2181 0.433907
2182 0.461981
2183 0.447956
2184 0.682385
2185 0.477957
2186 0.510151
2187 0.429277
2188 0.456002
2189 0.439611
2190 0.502543
2191 0.448195
2192 0.417995
2193 0.445091
2194 0.455112
2195 0.504609
2196 0.469873
2197 0.431834
2198 0.412778
2199 0.478883
2200 0.464671
2201 0.43619
2202 0.449244
2203 0.454089
2204 0.474621
2205 0.468437
2206 0.471275
2207 0.465507
2208 0.475347
2209 0.482442
2210 0.420646
2211 0.496255
2212 0.446298
2213 0.520972
2214 0.466341
2215 0.50254
2216 0.48562
2217 0.43772
2218 0.472385
2219 0.492432
2220 0.510455
2221 0.423671
2222 0.478906
2223 0.431551
2224 0.491358
2225 0.4375
2226 0.437721
2227 0.506871
2228 0.493622
2229 0.450391
2230 0.48142
2231 0.415868
2232 0.432475
2233 0.515448
2234 0.465082
2235 0.453378
2236 0.448398
2237 0.457391
2238 0.471808
2239 0.414623
2240 0.462027
2241 0.485992
2242 0.507844
2243 0.462562
2244 0.437913
2245 0.441295
2246 0.417109
2247 0.437659
2248 0.532664
2249 0.455558
2250 0.435936
2251 0.43907
2252 0.402544
2253 0.475233
2254 0.462808
2255 0.498005
2256 0.452277
2257 0.415304
2258 0.400515
2259 0.426069
2260 0.461856
2261 0.438025
2262 0.480518
2263 0.420762
2264 0.410241
2265 0.48054
2266 0.490096
2267 0.459362
2268 0.446469
2269 0.416488
2270 0.438141
2271 0.441083
2272 0.461118
2273 0.47431
2274 0.400997
2275 0.434162
2276 0.426556
2277 0.485014
2278 0.469289
2279 0.399703
2280 0.489807
2281 0.494166
2282 0.491335
2283 0.429805
2284 0.47375
2285 0.445371
2286 0.397123
2287 0.41426
2288 0.471744
2289 0.441694
2290 0.422236
2291 0.5009
2292 0.417076
2293 0.442552
2294 0.420317
2295 0.461775
2296 0.431651
2297 0.438714
2298 0.446091
2299 0.428247
2300 0.464631
2301 0.423089
2302 0.447612
2303 0.482838
2304 0.497479
2305 0.462307
2306 0.419108
2307 0.468649
2308 0.416574
2309 0.428158
2310 0.491642
2311 0.575834
2312 0.439547
2313 0.507758
2314 0.497051
2315 0.408003
2316 0.44086
2317 0.450194
2318 0.420213
2319 0.450404
2320 0.481413
2321 0.534198
2322 0.415306
2323 0.3937
2324 0.454923
2325 0.432163
2326 0.456193
2327 0.416689
2328 0.46724
2329 0.405803
2330 0.468435
2331 0.470102
2332 0.433337
2333 0.443671
2334 0.469264
2335 0.425028
2336 0.431959
2337 0.450453
2338 0.442574
2339 0.444563
2340 0.42487
2341 0.409326
2342 0.397707
2343 0.407434
2344 0.444426
2345 0.414882
2346 0.421625
2347 0.411814
2348 0.482114
2349 0.451949
2350 0.431136
2351 0.450625
2352 0.523939
2353 0.448415
2354 0.455782
2355 0.422816
2356 0.442224
2357 0.466491
2358 0.439532
2359 0.427091
2360 0.42619
2361 0.432503
2362 0.424017
2363 0.467099
2364 0.412927
2365 0.436098
2366 0.429106
2367 0.465675
2368 0.425849
2369 0.383331
2370 0.454075
2371 0.398741
2372 0.39545
2373 0.504714
2374 0.465036
2375 0.475718
2376 0.419988
2377 0.443656
2378 0.472094
2379 0.462056
2380 0.427821
2381 0.526133
2382 0.409312
2383 0.395857
2384 0.413039
2385 0.471293
2386 0.476806
2387 0.430124
2388 0.447101
2389 0.414088
2390 0.410205
2391 0.405886
2392 0.423409
2393 0.48132
2394 0.462089
2395 0.383778
2396 0.482902
2397 0.426285
2398 0.433992
2399 0.543264
2400 0.390197
2401 0.401214
2402 0.385635
2403 0.42502
2404 0.446622
2405 0.462052
2406 0.426783
2407 0.43484
2408 0.409716
2409 0.40612
2410 0.436214
2411 0.490824
2412 0.515652
2413 0.436086
2414 0.456538
2415 0.512565
2416 0.438893
2417 0.40336
2418 0.435385
2419 0.448278
2420 0.3997
2421 0.453643
2422 0.40907
2423 0.46367
2424 0.437364
2425 0.429317
2426 0.510895
2427 0.417131
2428 0.463992
2429 0.421884
2430 0.438261
2431 0.442264
2432 0.404834
2433 0.451503
2434 0.398759
2435 0.49853
2436 0.500832
2437 0.404306
2438 0.413084
2439 0.4686
2440 0.422077
2441 0.399539
2442 0.375483
2443 0.409053
2444 0.413512
2445 0.423503
2446 0.395652
2447 0.446396
2448 0.400593
2449 0.410917
2450 0.426357
2451 0.496316
2452 0.37586
2453 0.412251
2454 0.442623
2455 0.407777
2456 0.389676
2457 0.461773
2458 0.432413
2459 0.471112
2460 0.4433
2461 0.42988
2462 0.418176
2463 0.432429
2464 0.435995
2465 0.437711
2466 0.468235
2467 0.407977
2468 0.392693
2469 0.4287
2470 0.425551
2471 0.486985
2472 0.420957
2473 0.480193
2474 0.423181
2475 0.398052
2476 0.503273
2477 0.40606
2478 0.427097
2479 0.375126
2480 0.395555
2481 0.421482
2482 0.410798
2483 0.409399
2484 0.401788
2485 0.379099
2486 0.443561
2487 0.478725
2488 0.434124
2489 0.392079
2490 0.398432
2491 0.442384
2492 0.418955
2493 0.390308
2494 0.550394
2495 0.394154
2496 0.479917
2497 0.448931
2498 0.43011
2499 0.432549
2500 0.447403
2501 0.388668
2502 0.40674
2503 0.3947
2504 0.476679
2505 0.437124
2506 0.430679
2507 0.407804
2508 0.411671
2509 0.375014
2510 0.465426
2511 0.443116
2512 0.408373
2513 0.419592
2514 0.380964
2515 0.39907
2516 0.434889
2517 0.490044
2518 0.49995
2519 0.423714
2520 0.477416
2521 0.392839
2522 0.425266
2523 0.437344
2524 0.436243
2525 0.409715
2526 0.434395
2527 0.42921
2528 0.415788
2529 0.402073
2530 0.425923
2531 0.380641
2532 0.478384
2533 0.44195
2534 0.372326
2535 0.379964
2536 0.431378
2537 0.40031
2538 0.391528
2539 0.41295
2540 0.395837
2541 0.423379
2542 0.374965
2543 0.399026
2544 0.423377
2545 0.436046
2546 0.392938
2547 0.391757
2548 0.413899
2549 0.404751
2550 0.391792
2551 0.38299
2552 0.396786
2553 0.406581
2554 0.426679
2555 0.438466
2556 0.396619
2557 0.396876
2558 0.391598
2559 0.387084
2560 0.385142
2561 0.373357
2562 0.371964
2563 0.394169
2564 0.398957
2565 0.380811
2566 0.351235
2567 0.393198
2568 0.368056
2569 0.380383
2570 0.563113
2571 0.389373
2572 0.495923
2573 0.425046
2574 0.420709
2575 0.380602
2576 0.406064
2577 0.467398
2578 0.448838
2579 0.432535
2580 0.35904
2581 0.411735
2582 0.406062
2583 0.419938
2584 0.40977
2585 0.389262
2586 0.448606
2587 0.470469
2588 0.453159
2589 0.472174
2590 0.434889
2591 0.363825
2592 0.434256
2593 0.430376
2594 0.411158
2595 0.399806
2596 0.412838
2597 0.450704
2598 0.438564
2599 0.469475
2600 0.374122
2601 0.506556
2602 0.473088
2603 0.372446
2604 0.383795
2605 0.468183
2606 0.42235
2607 0.376793
2608 0.375379
2609 0.39938
2610 0.39477
2611 0.391351
2612 0.396281
2613 0.48682
2614 0.373719
2615 0.367464
2616 0.398385
2617 0.431901
2618 0.435297
2619 0.391366
2620 0.405198
2621 0.400893
2622 0.391028
2623 0.420556
2624 0.425181
2625 0.365018
2626 0.429032
2627 0.37646
2628 0.401636
2629 0.372788
2630 0.360271
2631 0.472882
2632 0.463895
2633 0.394774
2634 0.419007
2635 0.413637
2636 0.400653
2637 0.387276
2638 0.445281
2639 0.380383
2640 0.420312
2641 0.377878
2642 0.431694
2643 0.392344
2644 0.435968
2645 0.413581
2646 0.376333
2647 0.411824
2648 0.486773
2649 0.40364
2650 0.365531
2651 0.396751
2652 0.412072
2653 0.385022
2654 0.39602
2655 0.382789
2656 0.475706
2657 0.399116
2658 0.423071
2659 0.391904
2660 0.371738
2661 0.390435
2662 0.379105
2663 0.405082
2664 0.382635
2665 0.379164
2666 0.409398
2667 0.387506
2668 0.37377
2669 0.385925
2670 0.425025
2671 0.438723
2672 0.398545
2673 0.427031
2674 0.363135
2675 0.358223
2676 0.409813
2677 0.355188
2678 0.390235
2679 0.371682
2680 0.381726
2681 0.409842
2682 0.461466
2683 0.387493
2684 0.424127
2685 0.390165
2686 0.398282
2687 0.366273
2688 0.427224
2689 0.411678
2690 0.403359
2691 0.385037
2692 0.369145
2693 0.370852
2694 0.442069
2695 0.431508
2696 0.44478
2697 0.37526
2698 0.398237
2699 0.382501
2700 0.385886
2701 0.411188
2702 0.364067
2703 0.346096
2704 0.404397
2705 0.361251
2706 0.441658
2707 0.395144
2708 0.369778
2709 0.523818
2710 0.38603
2711 0.392346
2712 0.358046
2713 0.371123
2714 0.382424
2715 0.39759
2716 0.357443
2717 0.42445
2718 0.388744
2719 0.438678
2720 0.440286
2721 0.357994
2722 0.400793
2723 0.351949
2724 0.374008
2725 0.397269
2726 0.393716
2727 0.404651
2728 0.347084
2729 0.380332
2730 0.389853
2731 0.34389
2732 0.467704
2733 0.380435
2734 0.439964
2735 0.356112
2736 0.371825
2737 0.37927
2738 0.382302
2739 0.41508
2740 0.492741
2741 0.423604
2742 0.408893
2743 0.43509
2744 0.37183
2745 0.466431
2746 0.355903
2747 0.384142
2748 0.388151
2749 0.367605
2750 0.421934
2751 0.390058
2752 0.354865
2753 0.363026
2754 0.393037
2755 0.355548
2756 0.424969
2757 0.399119
2758 0.369129
2759 0.368317
2760 0.391066
2761 0.397894
2762 0.41353
2763 0.378218
2764 0.357265
2765 0.40548
2766 0.385297
2767 0.40001
2768 0.392771
2769 0.353825
2770 0.342934
2771 0.396859
2772 0.391167
2773 0.387056
2774 0.39102
2775 0.360863
2776 0.436108
2777 0.40024
2778 0.377967
2779 0.39278
2780 0.392738
2781 0.408674
2782 0.383766
2783 0.38636
2784 0.400481
2785 0.40831
2786 0.454769
2787 0.382566
2788 0.397661
2789 0.472332
2790 0.378907
2791 0.37355
2792 0.365487
2793 0.403226
2794 0.415058
2795 0.364389
2796 0.412516
2797 0.336618
2798 0.352691
2799 0.425254
2800 0.344363
2801 0.403631
2802 0.401308
2803 0.393234
2804 0.421056
2805 0.408291
2806 0.380669
2807 0.36776
2808 0.418829
2809 0.365594
2810 0.482346
2811 0.39585
2812 0.344087
2813 0.364642
2814 0.436198
2815 0.396212
2816 0.340738
2817 0.374338
2818 0.363238
2819 0.361813
2820 0.386531
2821 0.394234
2822 0.392215
2823 0.388761
2824 0.388119
2825 0.42384
2826 0.360074
2827 0.370508
2828 0.444515
2829 0.356819
2830 0.344192
2831 0.378145
2832 0.393752
2833 0.389076
2834 0.398552
2835 0.402804
2836 0.361255
2837 0.359537
2838 0.351506
2839 0.398063
2840 0.450203
2841 0.412767
2842 0.346026
2843 0.416655
2844 0.377679
2845 0.388628
2846 0.356585
2847 0.367601
2848 0.366303
2849 0.41463
2850 0.399116
2851 0.372471
2852 0.371451
2853 0.383088
2854 0.357642
2855 0.475018
2856 0.373033
2857 0.399003
2858 0.374817
2859 0.372358
2860 0.380217
2861 0.383544
2862 0.386011
2863 0.356664
2864 0.418437
2865 0.475827
2866 0.37307
2867 0.408452
2868 0.387558
2869 0.357253
2870 0.338239
2871 0.331917
2872 0.344921
2873 0.384277
2874 0.38408
2875 0.346451
2876 0.380789
2877 0.378122
2878 0.363964
2879 0.37129
2880 0.467692
2881 0.350548
2882 0.364875
2883 0.378724
2884 0.358122
2885 0.362416
2886 0.350955
2887 0.379345
2888 0.377937
2889 0.402409
2890 0.392639
2891 0.372193
2892 0.381495
2893 0.38858
2894 0.434926
2895 0.385169
2896 0.359966
2897 0.333623
2898 0.369448
2899 0.364615
2900 0.413837
2901 0.361956
2902 0.414069
2903 0.389561
2904 0.40253
2905 0.417452
2906 0.363937
2907 0.377485
2908 0.38666
2909 0.341549
2910 0.356625
2911 0.363772
2912 0.362396
2913 0.355256
2914 0.326728
2915 0.422461
2916 0.422235
2917 0.346386
2918 0.354537
2919 0.430391
2920 0.394258
2921 0.417284
2922 0.414867
2923 0.366717
2924 0.344865
2925 0.419102
2926 0.449101
2927 0.425217
2928 0.356407
2929 0.406917
2930 0.379042
2931 0.371747
2932 0.377948
2933 0.44373
2934 0.373581
2935 0.348672
2936 0.346515
2937 0.373807
2938 0.360549
2939 0.365051
2940 0.41024
2941 0.358055
2942 0.365688
2943 0.340028
2944 0.400215
2945 0.379916
2946 0.445955
2947 0.368599
2948 0.418752
2949 0.323803
2950 0.349812
2951 0.384519
2952 0.381231
2953 0.353739
2954 0.348586
2955 0.367102
2956 0.358888
2957 0.398635
2958 0.368142
2959 0.368283
2960 0.332185
2961 0.405151
2962 0.342004
2963 0.322455
2964 0.372129
2965 0.3536
2966 0.371493
2967 0.35291
2968 0.363048
2969 0.361271
2970 0.336223
2971 0.347056
2972 0.380932
2973 0.361475
2974 0.359991
2975 0.392343
2976 0.341112
2977 0.336877
2978 0.337933
2979 0.33948
2980 0.38796
2981 0.3545
2982 0.38204
2983 0.388842
2984 0.402637
2985 0.329455
2986 0.365611
2987 0.310003
2988 0.331176
2989 0.309427
2990 0.333936
2991 0.325441
2992 0.35953
2993 0.31252
2994 0.309998
2995 0.320455
2996 0.360839
2997 0.34139
2998 0.314517
2999 0.458181
3000 0.356263
3001 0.402383
3002 0.386167
3003 0.372485
3004 0.33969
3005 0.401584
3006 0.339891
3007 0.39836
3008 0.336113
3009 0.352471
3010 0.358915
3011 0.335813
3012 0.361306
3013 0.331762
3014 0.328808
3015 0.399165
3016 0.350206
3017 0.354062
3018 0.386483
3019 0.346131
3020 0.369216
3021 0.396209
3022 0.381984
3023 0.36676
3024 0.412167
3025 0.375667
3026 0.392354
3027 0.367383
3028 0.344859
3029 0.392269
3030 0.405115
3031 0.37535
3032 0.357232
3033 0.382435
3034 0.397841
3035 0.380883
3036 0.355769
3037 0.356724
3038 0.350198
3039 0.336455
3040 0.379551
3041 0.444954
3042 0.355877
3043 0.338304
3044 0.325609
3045 0.359134
3046 0.32505
3047 0.430316
3048 0.348663
3049 0.371004
3050 0.326621
3051 0.354223
3052 0.371945
3053 0.368541
3054 0.365745
3055 0.338662
3056 0.3343
3057 0.385162
3058 0.364037
3059 0.409157
3060 0.383228
3061 0.325177
3062 0.362835
3063 0.357162
3064 0.345659
3065 0.342703
3066 0.344998
3067 0.341683
3068 0.343662
3069 0.344924
3070 0.34674
3071 0.371085
3072 0.381175
3073 0.344618
3074 0.362939
3075 0.399141
3076 0.347419
3077 0.416228
3078 0.341847
3079 0.339304
3080 0.331852
3081 0.364021
3082 0.360202
3083 0.331924
3084 0.3869
3085 0.408091
3086 0.349851
3087 0.385879
3088 0.355606
3089 0.325715
3090 0.352138
3091 0.356364
3092 0.375357
3093 0.327376
3094 0.34322
3095 0.351877
3096 0.339775
3097 0.363323
3098 0.368323
3099 0.323804
3100 0.466118
3101 0.336113
3102 0.330267
3103 0.315815
3104 0.329133
3105 0.398938
3106 0.342515
3107 0.361076
3108 0.315514
3109 0.325843
3110 0.341737
3111 0.383612
3112 0.348043
3113 0.33514
3114 0.3755
3115 0.33791
3116 0.334531
3117 0.335122
3118 0.354229
3119 0.385471
3120 0.3721
3121 0.324204
3122 0.31758
3123 0.406031
3124 0.369239
3125 0.3656
3126 0.356527
3127 0.31924
3128 0.318227
3129 0.340526
3130 0.353469
3131 0.317816
3132 0.321579
3133 0.364547
3134 0.37259
3135 0.405134
3136 0.327858
3137 0.366444
3138 0.352403
3139 0.335079
3140 0.346177
3141 0.330408
3142 0.329515
3143 0.315143
3144 0.323629
3145 0.323445
3146 0.382192
3147 0.338672
3148 0.423398
3149 0.32574
3150 0.343532
3151 0.376988
3152 0.322957
3153 0.345571
3154 0.350291
3155 0.344614
3156 0.335887
3157 0.320362
3158 0.379357
3159 0.330227
3160 0.356068
3161 0.424306
3162 0.327791
3163 0.367954
3164 0.319152
3165 0.368402
3166 0.329373
3167 0.367783
3168 0.394119
3169 0.447867
3170 0.375456
3171 0.387368
3172 0.332101
3173 0.342109
3174 0.378706
3175 0.300498
3176 0.345968
3177 0.329276
3178 0.332166
3179 0.393592
3180 0.321972
3181 0.332677
3182 0.341251
3183 0.355275
3184 0.357466
3185 0.352012
3186 0.344276
3187 0.347851
3188 0.330089
3189 0.343157
3190 0.330196
3191 0.344607
3192 0.306696
3193 0.320224
3194 0.341077
3195 0.321174
3196 0.338925
3197 0.355272
3198 0.310283
3199 0.298478
3200 0.365838
3201 0.343337
3202 0.339407
3203 0.348005
3204 0.343298
3205 0.336203
3206 0.369062
3207 0.308915
3208 0.354358
3209 0.404945
3210 0.322363
3211 0.365399
3212 0.332674
3213 0.324677
3214 0.359818
3215 0.363046
3216 0.333506
3217 0.334108
3218 0.337133
3219 0.301976
3220 0.34419
3221 0.364453
3222 0.356022
3223 0.332786
3224 0.339868
3225 0.338127
3226 0.302925
3227 0.310184
3228 0.326142
3229 0.32451
3230 0.367707
3231 0.348352
3232 0.352939
3233 0.340605
3234 0.366954
3235 0.355906
3236 0.341143
3237 0.404479
3238 0.422152
3239 0.33835
3240 0.375643
3241 0.374626
3242 0.336298
3243 0.40696
3244 0.331825
3245 0.298634
3246 0.335556
3247 0.307698
3248 0.325483
3249 0.354746
3250 0.31985
3251 0.371732
3252 0.318467
3253 0.386643
3254 0.340802
3255 0.337547
3256 0.339779
3257 0.364326
3258 0.324945
3259 0.321081
3260 0.321478
3261 0.376772
3262 0.343527
3263 0.3423
3264 0.357459
3265 0.315936
3266 0.315274
3267 0.319078
3268 0.339733
3269 0.382981
3270 0.333839
3271 0.351857
3272 0.339176
3273 0.343035
3274 0.317974
3275 0.318788
3276 0.313655
3277 0.324716
3278 0.326053
3279 0.335737
3280 0.351633
3281 0.31672
3282 0.323518
3283 0.351514
3284 0.393067
3285 0.35319
3286 0.393888
3287 0.333167
3288 0.334995
3289 0.344476
3290 0.343877
3291 0.327103
3292 0.376694
3293 0.354881
3294 0.363215
3295 0.339369
3296 0.333412
3297 0.379281
3298 0.334903
3299 0.318107
3300 0.296595
3301 0.327095
3302 0.400186
3303 0.294484
3304 0.314457
3305 0.365957
3306 0.332515
3307 0.357417
3308 0.33535
3309 0.385633
3310 0.303933
3311 0.320251
3312 0.333564
3313 0.327197
3314 0.331593
3315 0.313824
3316 0.34025
3317 0.360631
3318 0.319683
3319 0.320833
3320 0.367517
3321 0.383916
3322 0.318343
3323 0.427202
3324 0.350956
3325 0.319454
3326 0.319637
3327 0.337193
3328 0.302372
3329 0.33699
3330 0.350061
3331 0.349727
3332 0.379332
3333 0.347117
3334 0.350244
3335 0.334576
3336 0.311845
3337 0.307268
3338 0.301922
3339 0.355811
3340 0.337366
3341 0.327807
3342 0.303936
3343 0.327731
3344 0.414359
3345 0.377217
3346 0.336615
3347 0.304273
3348 0.360931
3349 0.330014
3350 0.313377
3351 0.374639
3352 0.317748
3353 0.316692
3354 0.384115
3355 0.396369
3356 0.308986
3357 0.327594
3358 0.344929
3359 0.339149
3360 0.304512
3361 0.31036
3362 0.377564
3363 0.333991
3364 0.321163
3365 0.309418
3366 0.334124
3367 0.34808
3368 0.343415
3369 0.366413
3370 0.317006
3371 0.308658
3372 0.289814
3373 0.332403
3374 0.363309
3375 0.412937
3376 0.29718
3377 0.382621
3378 0.32003
3379 0.317112
3380 0.346653
3381 0.323514
3382 0.359995
3383 0.309845
3384 0.308484
3385 0.313906
3386 0.34763
3387 0.314952
3388 0.33536
3389 0.307175
3390 0.37281
3391 0.330675
3392 0.303302
3393 0.341897
3394 0.378228
3395 0.309074
3396 0.300646
3397 0.36943
3398 0.313968
3399 0.307669
3400 0.332705
3401 0.335129
3402 0.36361
3403 0.33917
3404 0.323917
3405 0.326121
3406 0.304325
3407 0.339383
3408 0.288235
3409 0.332532
3410 0.324511
3411 0.33607
3412 0.306828
3413 0.331649
3414 0.335969
3415 0.303168
3416 0.294069
3417 0.304019
3418 0.28484
3419 0.324228
3420 0.294976
3421 0.324689
3422 0.279154
3423 0.282238
3424 0.310769
3425 0.344902
3426 0.306097
3427 0.319302
3428 0.433677
3429 0.403928
3430 0.361146
3431 0.312804
3432 0.304894
3433 0.320706
3434 0.309348
3435 0.357551
3436 0.337445
3437 0.283814
3438 0.342783
3439 0.293655
3440 0.308557
3441 0.310574
3442 0.328292
3443 0.337371
3444 0.43184
3445 0.361836
3446 0.312452
3447 0.357063
3448 0.289147
3449 0.328163
3450 0.290784
3451 0.336995
3452 0.336542
3453 0.32135
3454 0.35343
3455 0.301664
3456 0.351525
3457 0.309913
3458 0.315929
3459 0.39931
3460 0.317808
3461 0.344025
3462 0.361622
3463 0.360316
3464 0.328736
3465 0.305334
3466 0.305826
3467 0.280039
3468 0.325644
3469 0.301514
3470 0.387408
3471 0.298969
3472 0.317098
3473 0.300059
3474 0.316938
3475 0.302453
3476 0.342387
3477 0.279688
3478 0.334701
3479 0.316387
3480 0.314488
3481 0.347435
3482 0.342213
3483 0.328644
3484 0.31482
3485 0.304373
3486 0.32981
3487 0.307454
3488 0.319393
3489 0.324383
3490 0.330573
3491 0.311108
3492 0.321524
3493 0.32462
3494 0.294947
3495 0.327514
3496 0.296432
3497 0.31187
3498 0.311872
3499 0.364997
3500 0.296341
3501 0.330369
3502 0.331274
3503 0.302683
3504 0.310626
3505 0.330745
3506 0.307642
3507 0.296226
3508 0.309991
3509 0.311608
3510 0.319364
3511 0.314025
3512 0.286291
3513 0.34041
3514 0.331554
3515 0.326782
3516 0.31777
3517 0.294173
3518 0.275091
3519 0.30025
3520 0.298122
3521 0.319725
3522 0.314225
3523 0.304282
3524 0.300834
3525 0.283139
3526 0.31257
3527 0.326131
3528 0.34156
3529 0.361073
3530 0.300644
3531 0.27411
3532 0.272787
3533 0.289102
3534 0.310832
3535 0.298416
3536 0.297812
3537 0.292842
3538 0.32755
3539 0.346955
3540 0.345583
3541 0.318063
3542 0.329269
3543 0.303806
3544 0.277883
3545 0.322184
3546 0.340328
3547 0.298588
3548 0.322278
3549 0.313876
3550 0.290931
3551 0.356982
3552 0.354212
3553 0.320659
3554 0.313279
3555 0.313605
3556 0.280558
3557 0.28827
3558 0.290558
3559 0.335973
3560 0.277933
3561 0.333292
3562 0.324548
3563 0.361127
3564 0.309552
3565 0.286271
3566 0.309022
3567 0.352585
3568 0.303013
3569 0.306966
3570 0.297407
3571 0.322649
3572 0.289389
3573 0.320651
3574 0.316575
3575 0.306131
3576 0.280428
3577 0.345683
3578 0.315944
3579 0.308176
3580 0.280669
3581 0.319632
3582 0.32432
3583 0.324117
3584 0.304432
3585 0.284314
3586 0.297358
3587 0.307582
3588 0.288665
3589 0.285346
3590 0.397216
3591 0.307518
3592 0.322344
3593 0.286007
3594 0.289382
3595 0.307601
3596 0.33532
3597 0.412942
3598 0.344345
3599 0.324684
3600 0.333533
3601 0.276367
3602 0.301072
3603 0.298942
3604 0.296013
3605 0.31014
3606 0.313526
3607 0.330366
3608 0.313701
3609 0.29307
3610 0.280077
3611 0.310703
3612 0.290013
3613 0.265139
3614 0.32122
3615 0.286705
3616 0.313287
3617 0.316882
3618 0.317113
3619 0.334877
3620 0.297697
3621 0.278093
3622 0.307491
3623 0.28851
3624 0.298779
3625 0.30184
3626 0.281748
3627 0.310855
3628 0.282228
3629 0.296323
3630 0.280123
3631 0.315475
3632 0.304498
3633 0.316979
3634 0.317653
3635 0.319448
3636 0.295441
3637 0.327773
3638 0.329792
3639 0.328959
3640 0.299844
3641 0.286576
3642 0.327547
3643 0.321813
3644 0.323226
3645 0.298348
3646 0.293134
3647 0.310281
3648 0.306086
3649 0.308528
3650 0.266891
3651 0.32654
3652 0.33247
3653 0.31707
3654 0.316235
3655 0.269682
3656 0.292129
3657 0.303458
3658 0.262674
3659 0.355525
3660 0.295211
3661 0.354103
3662 0.33098
3663 0.318214
3664 0.344811
3665 0.309579
3666 0.285749
3667 0.342387
3668 0.344104
3669 0.280957
3670 0.314868
3671 0.301252
3672 0.36356
3673 0.313895
3674 0.273305
3675 0.287773
3676 0.291252
3677 0.318028
3678 0.305255
3679 0.335642
3680 0.311445
3681 0.286842
3682 0.336682
3683 0.314825
3684 0.300147
3685 0.343425
3686 0.322251
3687 0.313199
3688 0.291051
3689 0.314669
3690 0.326136
3691 0.321158
3692 0.326752
3693 0.317381
3694 0.291659
3695 0.279434
3696 0.306888
3697 0.308144
3698 0.348271
3699 0.293325
3700 0.300806
3701 0.336646
3702 0.288507
3703 0.31341
3704 0.309404
3705 0.316473
3706 0.288318
3707 0.297686
3708 0.309735
3709 0.28349
3710 0.32136
3711 0.290759
3712 0.34776
3713 0.323711
3714 0.337245
3715 0.284333
3716 0.279632
3717 0.295111
3718 0.285543
3719 0.299921
3720 0.291257
3721 0.320308
3722 0.378548
3723 0.293777
3724 0.306188
3725 0.282483
3726 0.302844
3727 0.315372
3728 0.257894
3729 0.296378
3730 0.314042
3731 0.290469
3732 0.265532
3733 0.334747
3734 0.304921
3735 0.272135
3736 0.30383
3737 0.355046
3738 0.275375
3739 0.277958
3740 0.292395
3741 0.287924
3742 0.317201
3743 0.303286
3744 0.31691
3745 0.343358
3746 0.317391
3747 0.299585
3748 0.294235
3749 0.29059
3750 0.297524
3751 0.366597
3752 0.360987
3753 0.267704
3754 0.290338
3755 0.320324
3756 0.315146
3757 0.367558
3758 0.321631
3759 0.325059
3760 0.332365
3761 0.297613
3762 0.312751
3763 0.394256
3764 0.363532
3765 0.305967
3766 0.320832
3767 0.295246
3768 0.286417
3769 0.296506
3770 0.329178
3771 0.289324
3772 0.309189
3773 0.313623
3774 0.311917
3775 0.283752
3776 0.272518
3777 0.354351
3778 0.277931
3779 0.309382
3780 0.359538
3781 0.299263
3782 0.313986
3783 0.277187
3784 0.315326
3785 0.319975
3786 0.287301
3787 0.293898
3788 0.313654
3789 0.285786
3790 0.334396
3791 0.326172
3792 0.304237
3793 0.307476
3794 0.290749
3795 0.286673
3796 0.321431
3797 0.319062
3798 0.308985
3799 0.293883
3800 0.299322
3801 0.261036
3802 0.298341
3803 0.358113
3804 0.359684
3805 0.285031
3806 0.301202
3807 0.271786
3808 0.302021
3809 0.334134
3810 0.258794
3811 0.282084
3812 0.306925
3813 0.333389
3814 0.280083
3815 0.291183
3816 0.338795
3817 0.288606
3818 0.29693
3819 0.342633
3820 0.297825
3821 0.281969
3822 0.340736
3823 0.270071
3824 0.288754
3825 0.302292
3826 0.280181
3827 0.276539
3828 0.29663
3829 0.321453
3830 0.291555
3831 0.313097
3832 0.321917
3833 0.286752
3834 0.277368
3835 0.275887
3836 0.298149
3837 0.297326
3838 0.304415
3839 0.304646
3840 0.307597
3841 0.327609
3842 0.291624
3843 0.273072
3844 0.29261
3845 0.282932
3846 0.281055
3847 0.256989
3848 0.287116
3849 0.255684
3850 0.276552
3851 0.270861
3852 0.253741
3853 0.294535
3854 0.277998
3855 0.241503
3856 0.332407
3857 0.338219
3858 0.417174
3859 0.286338
3860 0.269685
3861 0.29258
3862 0.268936
3863 0.282986
3864 0.300644
3865 0.300973
3866 0.276356
3867 0.275683
3868 0.263883
3869 0.288251
3870 0.258898
3871 0.259637
3872 0.326301
3873 0.328036
3874 0.290642
3875 0.318972
3876 0.278823
3877 0.279666
3878 0.300665
3879 0.307492
3880 0.296625
3881 0.291929
3882 0.273448
3883 0.312324
3884 0.258933
3885 0.30901
3886 0.296288
3887 0.330985
3888 0.370746
3889 0.314779
3890 0.302718
3891 0.317642
3892 0.318891
3893 0.265149
3894 0.271841
3895 0.279247
3896 0.281104
3897 0.296807
3898 0.317541
3899 0.374203
3900 0.260778
3901 0.280492
3902 0.264184
3903 0.299
3904 0.291474
3905 0.32437
3906 0.296622
3907 0.264245
3908 0.285268
3909 0.289117
3910 0.322859
3911 0.305102
3912 0.280743
3913 0.295605
3914 0.292262
3915 0.281941
3916 0.26503
3917 0.320098
3918 0.291192
3919 0.316412
3920 0.270349
3921 0.296781
3922 0.26436
3923 0.302915
3924 0.310732
3925 0.249198
3926 0.286327
3927 0.260112
3928 0.283622
3929 0.283893
3930 0.269722
3931 0.303061
3932 0.265481
3933 0.302147
3934 0.289558
3935 0.276403
3936 0.252709
3937 0.289128
3938 0.300397
3939 0.293938
3940 0.278094
3941 0.25925
3942 0.337373
3943 0.290455
3944 0.283303
3945 0.263787
3946 0.25494
3947 0.287729
3948 0.270322
3949 0.271934
3950 0.308026
3951 0.276695
3952 0.279642
3953 0.288571
3954 0.277418
3955 0.321445
3956 0.300284
3957 0.328729
3958 0.294409
3959 0.287394
3960 0.299446
3961 0.254677
3962 0.275314
3963 0.291704
3964 0.260938
3965 0.28662
3966 0.24883
3967 0.301111
3968 0.312
3969 0.294284
3970 0.336003
3971 0.299674
3972 0.284001
3973 0.281503
3974 0.326167
3975 0.277502
3976 0.279693
3977 0.275217
3978 0.285402
3979 0.263247
3980 0.269368
3981 0.316596
3982 0.314315
3983 0.262578
3984 0.293755
3985 0.250747
3986 0.261432
3987 0.310965
3988 0.254741
3989 0.249689
3990 0.284064
3991 0.265258
3992 0.318231
3993 0.27943
3994 0.289665
3995 0.303044
3996 0.294104
3997 0.24433
3998 0.252688
3999 0.253687
4000 0.261914
4001 0.278491
4002 0.260482
4003 0.297073
4004 0.279166
4005 0.316167
4006 0.304554
4007 0.262587
4008 0.286814
4009 0.251391
4010 0.25817
4011 0.276547
4012 0.278599
4013 0.29364
4014 0.274267
4015 0.284168
4016 0.281684
4017 0.255154
4018 0.325861
4019 0.297222
4020 0.347103
4021 0.282272
4022 0.265087
4023 0.269922
4024 0.248333
4025 0.313845
4026 0.316794
4027 0.312681
4028 0.295414
4029 0.286939
4030 0.256771
4031 0.314552
4032 0.307236
4033 0.312371
4034 0.296257
4035 0.301727
4036 0.338624
4037 0.279943
4038 0.277947
4039 0.282523
4040 0.300361
4041 0.270368
4042 0.309367
4043 0.30489
4044 0.266849
4045 0.278009
4046 0.277149
4047 0.284073
4048 0.272433
4049 0.258035
4050 0.268866
4051 0.284513
4052 0.284523
4053 0.304685
4054 0.274129
4055 0.252165
4056 0.252201
4057 0.271594
4058 0.257078
4059 0.260291
4060 0.272318
4061 0.300002
4062 0.278719
4063 0.303626
4064 0.328716
4065 0.249759
4066 0.329913
4067 0.282235
4068 0.279346
4069 0.278807
4070 0.27511
4071 0.265753
4072 0.327645
4073 0.28059
4074 0.291262
4075 0.294695
4076 0.241765
4077 0.234982
4078 0.259324
4079 0.274705
4080 0.289018
4081 0.248451
4082 0.290162
4083 0.257778
4084 0.257826
4085 0.296147
4086 0.266771
4087 0.356335
4088 0.284137
4089 0.270236
4090 0.300325
4091 0.312941
4092 0.246495
4093 0.272287
4094 0.304351
4095 0.247289
4096 0.318427
4097 0.339527
4098 0.255469
4099 0.259453
4100 0.282046
4101 0.305032
4102 0.26915
4103 0.308078
4104 0.265637
4105 0.259409
4106 0.313223
4107 0.305831
4108 0.291086
4109 0.29726
4110 0.248994
4111 0.324055
4112 0.319239
4113 0.33805
4114 0.312805
4115 0.248122
4116 0.251918
4117 0.256582
4118 0.277151
4119 0.280439
4120 0.322895
4121 0.304245
4122 0.244823
4123 0.257638
4124 0.257018
4125 0.300897
4126 0.336543
4127 0.303925
4128 0.296813
4129 0.299145
4130 0.275352
4131 0.268721
4132 0.243074
4133 0.250082
4134 0.330504
4135 0.245992
4136 0.283792
4137 0.238444
4138 0.270871
4139 0.285762
4140 0.251431
4141 0.334743
4142 0.276916
4143 0.308167
4144 0.275077
4145 0.263172
4146 0.285493
4147 0.267702
4148 0.269758
4149 0.272638
4150 0.291968
4151 0.359048
4152 0.263438
4153 0.28401
4154 0.277748
4155 0.307515
4156 0.259121
4157 0.253351
4158 0.27248
4159 0.288821
4160 0.279967
4161 0.275744
4162 0.283571
4163 0.263389
4164 0.259584
4165 0.292761
4166 0.329295
4167 0.254405
4168 0.249214
4169 0.25723
4170 0.25698
4171 0.271501
4172 0.263819
4173 0.248497
4174 0.316215
4175 0.33971
4176 0.319868
4177 0.284261
4178 0.253013
4179 0.300496
4180 0.307356
4181 0.305144
4182 0.262513
4183 0.266656
4184 0.325385
4185 0.266979
4186 0.312412
4187 0.253565
4188 0.311176
4189 0.28066
4190 0.291796
4191 0.314316
4192 0.274905
4193 0.324156
4194 0.271903
4195 0.284935
4196 0.271929
4197 0.258226
4198 0.278369
4199 0.269432
4200 0.258553
4201 0.325183
4202 0.294141
4203 0.310995
4204 0.250154
4205 0.310975
4206 0.279655
4207 0.270193
4208 0.291958
4209 0.301626
4210 0.273246
4211 0.265228
4212 0.282338
4213 0.302014
4214 0.242391
4215 0.284933
4216 0.273179
4217 0.257139
4218 0.248601
4219 0.333633
4220 0.261185
4221 0.270803
4222 0.243238
4223 0.277579
4224 0.301267
4225 0.292102
4226 0.282598
4227 0.269038
4228 0.259791
4229 0.260716
4230 0.271218
4231 0.287417
4232 0.326567
4233 0.278283
4234 0.311517
4235 0.253563
4236 0.266102
4237 0.262749
4238 0.316011
4239 0.272155
4240 0.299102
4241 0.289234
4242 0.263415
4243 0.26225
4244 0.282226
4245 0.26486
4246 0.243924
4247 0.292017
4248 0.30732
4249 0.262187
4250 0.273231
4251 0.29836
4252 0.258093
4253 0.245631
4254 0.288855
4255 0.271434
4256 0.25119
4257 0.25374
4258 0.257773
4259 0.302189
4260 0.27948
4261 0.291429
4262 0.25093
4263 0.249276
4264 0.236097
4265 0.259532
4266 0.285645
4267 0.280421
4268 0.299418
4269 0.278005
4270 0.264334
4271 0.251857
4272 0.283814
4273 0.253574
4274 0.259705
4275 0.239783
4276 0.229639
4277 0.278256
4278 0.274077
4279 0.274354
4280 0.238834
4281 0.24202
4282 0.266545
4283 0.239704
4284 0.236646
4285 0.331112
4286 0.25255
4287 0.306762
4288 0.270715
4289 0.276767
4290 0.248087
4291 0.266451
4292 0.276978
4293 0.284771
4294 0.245746
4295 0.243322
4296 0.26285
4297 0.239696
4298 0.265313
4299 0.236099
4300 0.272947
4301 0.339227
4302 0.272033
4303 0.242185
4304 0.326898
4305 0.233269
4306 0.272776
4307 0.320268
4308 0.249286
4309 0.272393
4310 0.270021
4311 0.324263
4312 0.289202
4313 0.258962
4314 0.285827
4315 0.251674
4316 0.328416
4317 0.278866
4318 0.277223
4319 0.278367
4320 0.259457
4321 0.258322
4322 0.272365
4323 0.258015
4324 0.291729
4325 0.266118
4326 0.283606
4327 0.354453
4328 0.259491
4329 0.234102
4330 0.228724
4331 0.241933
4332 0.244032
4333 0.294965
4334 0.225137
4335 0.25547
4336 0.251553
4337 0.241884
4338 0.303859
4339 0.29882
4340 0.264809
4341 0.254365
4342 0.246093
4343 0.262977
4344 0.250319
4345 0.286701
4346 0.284283
4347 0.275992
4348 0.235705
4349 0.275789
4350 0.277476
4351 0.248457
4352 0.25742
4353 0.253082
4354 0.250504
4355 0.251251
4356 0.281052
4357 0.278499
4358 0.253786
4359 0.296956
4360 0.262313
4361 0.245016
4362 0.259245
4363 0.269125
4364 0.244128
4365 0.306329
4366 0.258754
4367 0.257496
4368 0.249241
4369 0.240434
4370 0.273588
4371 0.268371
4372 0.239659
4373 0.257801
4374 0.230351
4375 0.247326
4376 0.277961
4377 0.258185
4378 0.262899
4379 0.254914
4380 0.266532
4381 0.277692
4382 0.282072
4383 0.272192
4384 0.26944
4385 0.300778
4386 0.285288
4387 0.265799
4388 0.244798
4389 0.239432
4390 0.255011
4391 0.264828
4392 0.229852
4393 0.245618
4394 0.245526
4395 0.23828
4396 0.242059
4397 0.2649
4398 0.245883
4399 0.271077
4400 0.273898
4401 0.263629
4402 0.274487
4403 0.254058
4404 0.28027
4405 0.275112
4406 0.268074
4407 0.223366
4408 0.231629
4409 0.31129
4410 0.260435
4411 0.264134
4412 0.267604
4413 0.229016
4414 0.254937
4415 0.253134
4416 0.262599
4417 0.264548
4418 0.240505
4419 0.287306
4420 0.251809
4421 0.305572
4422 0.268907
4423 0.262515
4424 0.281369
4425 0.235263
4426 0.259472
4427 0.239225
4428 0.281693
4429 0.272354
4430 0.234921
4431 0.249566
4432 0.259439
4433 0.239288
4434 0.26913
4435 0.255747
4436 0.258457
4437 0.250859
4438 0.254242
4439 0.265013
4440 0.292228
4441 0.247497
4442 0.239714
4443 0.242682
4444 0.273772
4445 0.248895
4446 0.25915
4447 0.297761
4448 0.250189
4449 0.270618
4450 0.244663
4451 0.229282
4452 0.247901
4453 0.27557
4454 0.316673
4455 0.352113
4456 0.287337
4457 0.239744
4458 0.24763
4459 0.258
4460 0.246785
4461 0.240847
4462 0.255131
4463 0.259872
4464 0.272287
4465 0.328391
4466 0.252127
4467 0.250757
4468 0.243609
4469 0.264334
4470 0.255607
4471 0.269694
4472 0.253022
4473 0.223416
4474 0.24948
4475 0.268206
4476 0.272291
4477 0.243228
4478 0.21717
4479 0.248187
4480 0.241785
4481 0.27213
4482 0.258016
4483 0.241536
4484 0.230384
4485 0.247308
4486 0.222398
4487 0.267243
4488 0.253933
4489 0.289102
4490 0.26029
4491 0.232829
4492 0.257365
4493 0.252414
4494 0.261924
4495 0.292246
4496 0.259457
4497 0.298164
4498 0.253151
4499 0.259418
4500 0.260396
4501 0.274121
4502 0.243944
4503 0.249223
4504 0.252375
4505 0.247245
4506 0.241405
4507 0.21916
4508 0.260089
4509 0.261797
4510 0.259324
4511 0.268376
4512 0.26159
4513 0.26911
4514 0.223743
4515 0.246877
4516 0.266762
4517 0.259319
4518 0.268725
4519 0.307257
4520 0.276755
4521 0.246817
4522 0.247416
4523 0.279831
4524 0.29096
4525 0.269002
4526 0.268975
4527 0.24871
4528 0.253305
4529 0.26894
4530 0.236273
4531 0.263778
4532 0.281424
4533 0.223954
4534 0.252494
4535 0.289388
4536 0.254208
4537 0.277096
4538 0.243843
4539 0.287528
4540 0.254379
4541 0.243302
4542 0.257291
4543 0.328459
4544 0.220486
4545 0.227905
4546 0.249325
4547 0.28489
4548 0.254203
4549 0.271816
4550 0.264398
4551 0.239181
4552 0.230788
4553 0.289989
4554 0.268056
4555 0.287454
4556 0.27333
4557 0.259559
4558 0.251857
4559 0.292397
4560 0.251874
4561 0.240568
4562 0.256926
4563 0.248622
4564 0.252297
4565 0.238296
4566 0.251323
4567 0.266515
4568 0.254931
4569 0.253601
4570 0.329876
4571 0.25084
4572 0.295085
4573 0.232011
4574 0.223531
4575 0.275548
4576 0.225024
4577 0.244983
4578 0.255381
4579 0.273985
4580 0.254442
4581 0.2859
4582 0.250948
4583 0.246174
4584 0.26454
4585 0.256114
4586 0.231213
4587 0.263541
4588 0.248733
4589 0.236731
4590 0.221669
4591 0.265544
4592 0.25583
4593 0.29193
4594 0.215998
4595 0.298251
4596 0.247501
4597 0.246589
4598 0.244153
4599 0.282652
4600 0.279131
4601 0.22957
4602 0.255322
4603 0.267926
4604 0.232814
4605 0.250875
4606 0.261633
4607 0.251318
4608 0.25781
4609 0.317823
4610 0.272217
4611 0.254017
4612 0.246764
4613 0.254647
4614 0.250038
4615 0.259529
4616 0.258024
4617 0.285339
4618 0.262647
4619 0.257611
4620 0.326642
4621 0.238574
4622 0.284116
4623 0.240785
4624 0.224122
4625 0.237802
4626 0.228573
4627 0.234875
4628 0.23476
4629 0.225507
4630 0.28211
4631 0.258146
4632 0.241086
4633 0.213425
4634 0.273539
4635 0.252228
4636 0.247861
4637 0.311559
4638 0.230175
4639 0.230513
4640 0.266699
4641 0.285112
4642 0.282326
4643 0.232827
4644 0.239147
4645 0.258195
4646 0.247273
4647 0.248742
4648 0.278991
4649 0.241608
4650 0.240436
4651 0.230588
4652 0.261387
4653 0.264953
4654 0.242923
4655 0.271074
4656 0.252394
4657 0.228921
4658 0.251171
4659 0.292724
4660 0.330736
4661 0.291389
4662 0.250657
4663 0.261281
4664 0.293248
4665 0.246955
4666 0.277461
4667 0.248873
4668 0.271601
4669 0.25281
4670 0.258503
4671 0.245043
4672 0.236455
4673 0.251671
4674 0.252657
4675 0.233582
4676 0.251857
4677 0.250101
4678 0.240045
4679 0.243589
4680 0.258665
4681 0.242402
4682 0.24027
4683 0.268737
4684 0.279809
4685 0.235969
4686 0.250791
4687 0.225545
4688 0.279603
4689 0.258466
4690 0.233971
4691 0.224104
4692 0.239744
4693 0.254778
4694 0.243528
4695 0.269067
4696 0.268793
4697 0.237343
4698 0.26205
4699 0.2275
4700 0.224707
4701 0.236095
4702 0.236835
4703 0.219153
4704 0.24796
4705 0.220994
4706 0.243759
4707 0.24947
4708 0.198788
4709 0.214358
4710 0.238054
4711 0.254897
4712 0.238687
4713 0.230892
4714 0.359951
4715 0.320923
4716 0.295677
4717 0.24627
4718 0.255353
4719 0.236163
4720 0.242541
4721 0.258305
4722 0.262116
4723 0.228605
4724 0.224234
4725 0.229371
4726 0.232438
4727 0.22139
4728 0.242056
4729 0.244941
4730 0.278472
4731 0.245544
4732 0.235848
4733 0.242901
4734 0.224716
4735 0.236256
4736 0.229349
4737 0.236284
4738 0.248844
4739 0.234794
4740 0.289685
4741 0.221934
4742 0.240816
4743 0.23095
4744 0.266103
4745 0.310438
4746 0.253289
4747 0.268928
4748 0.261845
4749 0.243925
4750 0.236669
4751 0.233905
4752 0.246599
4753 0.198448
4754 0.222211
4755 0.241398
4756 0.345261
4757 0.25477
4758 0.215651
4759 0.224516
4760 0.227909
4761 0.257245
4762 0.275166
4763 0.221192
4764 0.258924
4765 0.218035
4766 0.282541
4767 0.253113
4768 0.238964
4769 0.243587
4770 0.227207
4771 0.219045
4772 0.269327
4773 0.241656
4774 0.260938
4775 0.272671
4776 0.250703
4777 0.25066
4778 0.242925
4779 0.223148
4780 0.231338
4781 0.240318
4782 0.213942
4783 0.224107
4784 0.279949
4785 0.265137
4786 0.252772
4787 0.250307
4788 0.2605
4789 0.210846
4790 0.248165
4791 0.249021
4792 0.254763
4793 0.214276
4794 0.255606
4795 0.236274
4796 0.25316
4797 0.250502
4798 0.236622
4799 0.309438
4800 0.24791
4801 0.256807
4802 0.261131
4803 0.223614
4804 0.236515
4805 0.241007
4806 0.226958
4807 0.25209
4808 0.253442
4809 0.253118
4810 0.246681
4811 0.22383
4812 0.253467
4813 0.281414
4814 0.229651
4815 0.266708
4816 0.206442
4817 0.239729
4818 0.218803
4819 0.26139
4820 0.248995
4821 0.22487
4822 0.267348
4823 0.223981
4824 0.231335
4825 0.250048
4826 0.271731
4827 0.27115
4828 0.22958
4829 0.240973
4830 0.227372
4831 0.241856
4832 0.285907
4833 0.237464
4834 0.261069
4835 0.241175
4836 0.217762
4837 0.249585
4838 0.304542
4839 0.247599
4840 0.246557
4841 0.256079
4842 0.20591
4843 0.224164
4844 0.26129
4845 0.24172
4846 0.209011
4847 0.242082
4848 0.210387
4849 0.273002
4850 0.261394
4851 0.215517
4852 0.233345
4853 0.250378
4854 0.237469
4855 0.209255
4856 0.214278
4857 0.220847
4858 0.209042
4859 0.222349
4860 0.230259
4861 0.211909
4862 0.206295
4863 0.320186
4864 0.24542
4865 0.236621
4866 0.239615
4867 0.231804
4868 0.238119
4869 0.219446
4870 0.250987
4871 0.224795
4872 0.246153
4873 0.223832
4874 0.222581
4875 0.209127
4876 0.273887
4877 0.229437
4878 0.222488
4879 0.239345
4880 0.225934
4881 0.212897
4882 0.250847
4883 0.274558
4884 0.288666
4885 0.257713
4886 0.258568
4887 0.240739
4888 0.266404
4889 0.271722
4890 0.224062
4891 0.236624
4892 0.233147
4893 0.237925
4894 0.265185
4895 0.240685
4896 0.220072
4897 0.231274
4898 0.246224
4899 0.218624
4900 0.283678
4901 0.222845
4902 0.253029
4903 0.24146
4904 0.267533
4905 0.244564
4906 0.287455
4907 0.23637
4908 0.245728
4909 0.233033
4910 0.226411
4911 0.232906
4912 0.237017
4913 0.22328
4914 0.218366
4915 0.218461
4916 0.214625
4917 0.227951
4918 0.252203
4919 0.244532
4920 0.249532
4921 0.271531
4922 0.221027
4923 0.24584
4924 0.274972
4925 0.242518
4926 0.216226
4927 0.285946
4928 0.269946
4929 0.282557
4930 0.250439
4931 0.209148
4932 0.232156
4933 0.207818
4934 0.225622
4935 0.232752
4936 0.233563
4937 0.241191
4938 0.24828
4939 0.249737
4940 0.211883
4941 0.228034
4942 0.239439
4943 0.236194
4944 0.217455
4945 0.271842
4946 0.27563
4947 0.292701
4948 0.237477
4949 0.231744
4950 0.272865
4951 0.273117
4952 0.217314
4953 0.273736
4954 0.250566
4955 0.216726
4956 0.242314
4957 0.246891
4958 0.270201
4959 0.272522
4960 0.22138
4961 0.231522
4962 0.233566
4963 0.231348
4964 0.239642
4965 0.235382
4966 0.233502
4967 0.207228
4968 0.233441
4969 0.228862
4970 0.257026
4971 0.271751
4972 0.250092
4973 0.226442
4974 0.214935
4975 0.222841
4976 0.250225
4977 0.206541
4978 0.267364
4979 0.237968
4980 0.201703
4981 0.216059
4982 0.236384
4983 0.268084
4984 0.296678
4985 0.220443
4986 0.209539
4987 0.293326
4988 0.243151
4989 0.21521
4990 0.260414
4991 0.26264
4992 0.241292
4993 0.253631
4994 0.210973
4995 0.227897
4996 0.243606
4997 0.235911
4998 0.264732
4999 0.299836
5000 0.261692
