0 4.42411
1 21.5854
2 8.00657
3 10.1022
4 9.461
5 6.58166
6 4.48082
7 3.63002
8 3.34178
9 3.06683
10 2.98126
11 2.73638
12 2.69858
13 2.31831
14 2.29143
15 2.08946
16 1.93223
17 2.05783
18 1.82173
19 1.85802
20 2.02075
21 1.89181
22 1.91671
23 1.95277
24 1.86675
25 2.03043
26 1.80988
27 1.90368
28 1.88551
29 1.97274
30 1.9259
31 1.67128
32 1.74847
33 1.65096
34 1.67474
35 1.46785
36 1.47683
37 1.47396
38 1.37031
39 1.47627
40 1.55613
41 1.65587
42 1.77162
43 1.46719
44 1.48115
45 1.35286
46 1.33705
47 1.47645
48 1.37261
49 1.38053
50 1.28112
51 1.69922
52 1.73475
53 1.63717
54 1.55921
55 1.50113
56 1.59182
57 1.52876
58 1.51442
59 1.54569
60 1.38144
61 1.38571
62 1.64612
63 1.59207
64 1.27306
65 1.48381
66 1.37361
67 1.37196
68 1.47012
69 1.34159
70 1.44865
71 1.46721
72 1.51289
73 1.41198
74 1.53033
75 1.55431
76 1.87997
77 1.49839
78 1.31924
79 1.36151
80 1.28873
81 1.36155
82 1.29504
83 1.40322
84 1.52318
85 1.4913
86 1.52857
87 1.29364
88 1.31659
89 1.25276
90 1.30013
91 1.34215
92 1.34752
93 1.32023
94 1.34577
95 1.26456
96 1.26208
97 1.32785
98 1.42135
99 1.36164
100 1.4726
101 1.30303
102 1.27443
103 1.13193
104 1.21559
105 1.14634
106 1.30349
107 1.25845
108 1.17212
109 1.1799
110 1.24878
111 1.28897
112 1.32756
113 1.34111
114 1.15761
115 1.20676
116 1.22727
117 1.52301
118 1.81387
119 1.52364
120 1.17795
121 1.20566
122 1.36024
123 1.3585
124 1.33722
125 1.23985
126 1.24744
127 1.27206
128 1.2145
129 1.21791
130 1.20513
131 1.0652
132 1.1567
133 1.23264
134 1.27766
135 1.13589
136 1.36649
137 1.48816
138 1.51125
139 1.31501
140 1.11485
141 1.2117
142 1.1301
143 1.13458
144 1.16206
145 1.22354
146 1.31104
147 1.25869
148 1.31469
149 1.16242
150 1.25479
151 1.16383
152 1.19839
153 1.40122
154 1.30509
155 1.23155
156 1.10046
157 1.20557
158 1.2169
159 1.07225
160 1.22964
161 1.12447
162 1.29534
163 1.18608
164 1.07493
165 1.14643
166 1.13477
167 1.28065
168 1.23037
169 1.48142
170 1.97195
171 1.89922
172 2.05502
173 1.62469
174 1.2822
175 1.37104
176 1.19267
177 1.2294
178 1.25381
179 1.13673
180 1.17915
181 1.14886
182 1.32856
183 1.13705
184 1.31306
185 1.15694
186 1.19814
187 1.17686
188 1.21797
189 1.18312
190 1.14214
191 1.19241
192 1.14256
193 1.22123
194 1.18916
195 1.19835
196 1.22625
197 1.12957
198 1.13716
199 1.16946
200 1.22613
201 1.14539
202 1.23753
203 1.19492
204 1.24986
205 1.37975
206 1.3239
207 1.17531
208 1.32534
209 1.21796
210 1.08195
211 1.24399
212 1.20324
213 1.34556
214 1.41341
215 1.03139
216 1.11398
217 1.23723
218 1.10074
219 1.12118
220 1.12564
221 1.15678
222 1.18303
223 1.01819
224 1.2318
225 1.06714
226 1.25492
227 1.10667
228 1.05165
229 1.18078
230 1.18278
231 1.16483
232 1.2335
233 1.41888
234 1.06304
235 1.12854
236 1.14587
237 1.07829
238 1.09756
239 1.16941
240 1.03997
241 1.05232
242 1.16104
243 1.1681
244 0.994689
245 1.21557
246 1.08394
247 1.0136
248 1.09233
249 1.07525
250 1.15647
251 1.0876
252 1.29202
253 1.20746
254 1.17509
255 1.3227
256 1.1269
257 1.11691
258 1.06078
259 1.10488
260 1.12117
261 1.12736
262 1.13777
263 1.05086
264 0.969373
265 1.1124
266 1.022
267 1.1267
268 1.32646
269 1.07846
270 1.1597
271 1.16746
272 1.12183
273 1.16445
274 1.08674
275 1.13844
276 1.04255
277 1.10607
278 1.12318
279 1.05167
280 1.04661
281 1.17205
282 1.01511
283 1.1633
284 1.14693
285 1.21172
286 1.0532
287 1.07644
288 1.05479
289 1.16249
290 1.03885
291 1.12572
292 1.2344
293 1.05602
294 1.10349
295 1.19359
296 1.1961
297 1.00103
298 1.07214
299 0.937414
300 0.98777
301 1.02165
302 1.05621
303 1.03883
304 1.11507
305 1.12267
306 1.10416
307 1.08631
308 1.0935
309 0.997716
310 1.00161
311 1.12311
312 1.09982
313 1.14165
314 1.06312
315 1.05134
316 1.1769
317 1.08213
318 1.16582
319 1.16269
320 1.12332
321 1.09738
322 1.22886
323 1.21145
324 0.993696
325 1.057
326 1.00286
327 1.05749
328 1.0205
329 1.08308
330 1.16486
331 1.14343
332 1.14634
333 1.10791
334 0.995564
335 1.1213
336 1.05988
337 0.970941
338 1.13182
339 1.01968
340 1.05617
341 1.03103
342 1.01981
343 1.44248
344 1.14884
345 1.17397
346 0.978926
347 1.23605
348 1.13364
349 1.06442
350 1.2515
351 1.06097
352 1.03127
353 1.07365
354 1.36341
355 1.17033
356 1.10974
357 1.05032
358 1.01996
359 0.9446
360 0.984715
361 1.09231
362 0.964978
363 1.03945
364 0.995183
365 0.972964
366 0.998938
367 1.10211
368 1.11658
369 1.04945
370 1.00446
371 0.962323
372 1.09618
373 1.02543
374 1.28073
375 1.0198
376 1.06325
377 0.9016
378 1.00601
379 1.0658
380 1.06001
381 1.05849
382 1.15515
383 1.00655
384 0.987948
385 1.02667
386 1.02485
387 0.990603
388 0.954774
389 1.11734
390 1.01748
391 0.998014
392 1.03722
393 1.016
394 1.01801
395 0.969549
396 1.02055
397 1.0288
398 0.976607
399 0.964833
400 1.03265
401 0.99856
402 0.973239
403 1.0541
404 0.994209
405 0.971212
406 1.01892
407 0.917053
408 1.03353
409 0.998764
410 0.939725
411 1.16168
412 0.988483
413 0.928924
414 1.02038
415 0.856292
416 0.886292
417 0.967395
418 0.98262
419 0.896137
420 0.991632
421 0.847246
422 0.862158
423 0.861042
424 1.16063
425 0.971854
426 0.889452
427 1.25076
428 0.905724
429 1.07081
430 0.948285
431 1.04119
432 0.9279
433 1.00787
434 1.06561
435 1.07348
436 0.939805
437 0.955095
438 1.00464
439 0.901639
440 1.02177
441 0.944921
442 0.994409
443 1.0607
444 0.997067
445 0.966847
446 1.14699
447 0.943066
448 1.03918
449 1.00147
450 1.0926
451 1.01823
452 0.962817
453 1.11858
454 0.961193
455 1.0439
456 0.892909
457 1.09246
458 1.12776
459 1.02295
460 0.989269
461 0.978109
462 1.02757
463 0.999387
464 1.01917
465 0.927009
466 0.930519
467 0.902181
468 0.945868
469 1.38745
470 1.09794
471 0.967474
472 0.936328
473 1.02929
474 0.969821
475 1.02384
476 0.887707
477 0.946959
478 0.902858
479 0.964704
480 0.979167
481 1.03388
482 1.03755
483 1.00566
484 0.872749
485 1.01733
486 1.04707
487 1.08217
488 1.23724
489 1.09214
490 1.01389
491 1.16888
492 1.04781
493 0.919734
494 0.943688
495 0.910651
496 1.0
497 0.985968
498 0.94028
499 0.977871
500 0.987877
501 0.979789
502 0.944513
503 0.975756
504 1.14698
505 1.26231
506 0.892413
507 0.961415
508 0.999089
509 0.931044
510 0.950342
511 0.900194
512 1.07879
513 0.948354
514 1.08389
515 0.945216
516 0.944661
517 0.870954
518 0.939075
519 1.00125
520 0.995374
521 0.943394
522 0.946463
523 0.941433
524 0.941113
525 0.907475
526 0.999492
527 0.977323
528 1.0751
529 0.948966
530 0.959009
531 0.918665
532 0.956251
533 0.914409
534 0.969248
535 0.885596
536 0.873946
537 0.844148
538 0.960958
539 1.01998
540 0.975712
541 0.933226
542 0.927088
543 0.860568
544 0.904093
545 0.939904
546 0.988965
547 1.08553
548 0.891129
549 0.84971
550 0.99961
551 0.995476
552 1.02494
553 1.00095
554 0.967359
555 0.902921
556 0.929263
557 0.917843
558 0.983168
559 0.886474
560 0.855559
561 0.928711
562 0.959604
563 0.991022
564 0.867952
565 1.06248
566 0.933133
567 0.971542
568 0.862182
569 0.901334
570 1.00547
571 0.824431
572 0.908387
573 0.892936
574 0.899914
575 0.935211
576 0.993998
577 0.888421
578 0.901877
579 0.931786
580 0.877766
581 0.951406
582 0.933501
583 0.987721
584 0.911484
585 0.869352
586 0.952323
587 0.853204
588 0.865195
589 0.942423
590 0.887683
591 0.989636
592 0.91522
593 0.931133
594 0.833009
595 0.988898
596 0.938762
597 1.03487
598 0.987373
599 0.989499
600 0.87994
601 1.07365
602 0.951298
603 0.882941
604 0.950806
605 0.925633
606 0.950023
607 0.858587
608 0.844755
609 0.87913
610 0.861408
611 0.97941
612 0.904853
613 1.03826
614 0.913342
615 0.866722
616 0.888601
617 0.957871
618 0.932502
619 0.88999
620 0.897885
621 0.903837
622 0.91451
623 0.920069
624 0.904112
625 0.875499
626 0.84515
627 0.889886
628 0.855944
629 0.912297
630 0.879834
631 0.878884
632 0.903582
633 0.87289
634 0.968166
635 0.861812
636 0.957249
637 1.00004
638 0.914262
639 0.962471
640 0.946706
641 0.911999
642 0.998117
643 0.852016
644 0.856758
645 0.896659
646 0.882566
647 0.825448
648 0.843621
649 0.882618
650 0.96007
651 0.886601
652 0.858355
653 0.920887
654 0.783261
655 0.86778
656 0.840166
657 0.823355
658 0.953886
659 0.882107
660 0.929732
661 0.966488
662 0.877455
663 0.853161
664 0.92223
665 0.809436
666 0.916126
667 0.841256
668 0.820803
669 0.896814
670 0.836585
671 0.954281
672 0.88667
673 0.76705
674 0.919267
675 0.851553
676 0.837261
677 0.8416
678 0.863387
679 0.920532
680 0.88644
681 1.02786
682 1.11004
683 0.857737
684 0.923318
685 0.9275
686 0.842359
687 0.805108
688 0.891119
689 0.85151
690 0.86373
691 0.937866
692 0.830679
693 0.790778
694 0.818586
695 0.827237
696 0.987115
697 1.05793
698 0.821424
699 0.893293
700 0.904062
701 0.942361
702 0.901756
703 0.78524
704 0.831789
705 0.872987
706 0.876506
707 0.890318
708 0.823494
709 0.88122
710 0.878235
711 0.81135
712 0.974861
713 0.930022
714 0.879674
715 0.846232
716 0.863906
717 0.924749
718 0.840836
719 0.772729
720 0.861869
721 1.09578
722 0.833178
723 0.886439
724 0.888026
725 0.926927
726 0.814709
727 0.813513
728 0.769908
729 0.859866
730 0.860502
731 0.755313
732 0.874651
733 0.836642
734 0.837286
735 0.851397
736 0.923077
737 0.81867
738 0.805373
739 0.796977
740 0.881499
741 0.826275
742 0.905809
743 0.855478
744 0.851782
745 0.960126
746 0.909896
747 0.959541
748 0.910068
749 0.88207
750 0.903891
751 0.927984
752 0.875328
753 0.803272
754 0.831419
755 0.819637
756 0.833508
757 0.8103
758 0.958815
759 0.852183
760 0.869756
761 0.902463
762 0.920802
763 0.812575
764 0.895726
765 0.819549
766 0.774438
767 0.817483
768 0.820633
769 0.808328
770 0.762071
771 0.897418
772 1.03618
773 0.852408
774 0.881317
775 0.756671
776 0.997401
777 0.986881
778 0.798081
779 0.983263
780 0.804697
781 0.787511
782 0.932269
783 1.06094
784 1.09335
785 0.836195
786 0.799619
787 0.842801
788 0.796055
789 0.803631
790 0.858733
791 0.774948
792 0.854198
793 0.849681
794 0.825768
795 0.839356
796 0.85147
797 0.853921
798 0.839183
799 0.780738
800 0.76671
801 0.875115
802 0.930499
803 0.996775
804 0.812454
805 0.80578
806 0.799618
807 0.816752
808 0.890514
809 0.828078
810 0.875605
811 0.802585
812 0.790336
813 0.786286
814 0.763697
815 0.802784
816 0.780448
817 0.755288
818 0.8556
819 0.780732
820 0.836443
821 0.822738
822 0.762379
823 0.81769
824 0.780829
825 0.825546
826 0.854277
827 0.760007
828 0.847555
829 0.787486
830 0.823433
831 0.780039
832 0.795673
833 0.771088
834 0.752968
835 0.796616
836 0.770998
837 0.797524
838 0.78909
839 0.765902
840 0.884056
841 0.766495
842 0.756924
843 0.824924
844 0.703525
845 0.726957
846 0.729874
847 0.745254
848 0.718803
849 0.822815
850 0.703974
851 0.704159
852 0.772916
853 0.86973
854 0.779764
855 0.761275
856 0.998877
857 0.951886
858 0.81641
859 0.796654
860 0.778825
861 0.799703
862 0.839712
863 0.924342
864 0.988991
865 0.793006
866 0.744159
867 0.813125
868 0.841327
869 0.75694
870 0.808134
871 0.776478
872 0.867685
873 0.852704
874 0.778535
875 0.849387
876 0.76465
877 0.849898
878 0.760818
879 0.852608
880 0.797245
881 0.765225
882 0.926241
883 0.765287
884 0.812639
885 0.760587
886 1.0
887 0.943297
888 0.777763
889 0.784451
890 0.790794
891 0.773216
892 0.781916
893 0.783352
894 0.794666
895 0.723731
896 0.806382
897 0.765594
898 0.9648
899 0.851516
900 0.764009
901 0.728076
902 0.818897
903 0.789299
904 0.847289
905 0.760432
906 0.737968
907 0.739913
908 0.818636
909 0.792088
910 0.810498
911 0.835473
912 0.792655
913 0.756727
914 0.845966
915 0.758652
916 0.855353
917 0.805927
918 0.789184
919 0.824373
920 0.848991
921 0.759753
922 0.800278
923 0.781148
924 0.721909
925 0.792979
926 0.729134
927 0.806817
928 0.80101
929 0.750378
930 0.812035
931 0.725683
932 0.821693
933 0.879915
934 0.774684
935 0.721563
936 0.799753
937 0.781361
938 0.823188
939 0.740381
940 0.752449
941 0.840051
942 0.809883
943 0.771435
944 0.781232
945 0.712658
946 0.74964
947 0.773246
948 0.801294
949 0.806028
950 0.775014
951 0.773062
952 0.806717
953 0.687241
954 0.81278
955 0.896986
956 0.785063
957 0.824893
958 0.797464
959 0.733316
960 0.723614
961 0.814458
962 0.768873
963 0.741486
964 0.755253
965 0.69176
966 0.739006
967 0.833495
968 0.753854
969 0.786776
970 0.760957
971 0.712152
972 0.707859
973 0.729738
974 0.807884
975 0.871983
976 0.757722
977 0.75338
978 0.68893
979 0.825458
980 0.847977
981 0.816715
982 0.765371
983 0.749156
984 0.691616
985 0.769904
986 0.707259
987 0.779196
988 0.686968
989 0.73835
990 0.711214
991 0.801855
992 0.70489
993 0.742504
994 0.900737
995 0.780112
996 0.75755
997 0.711289
998 0.771084
999 0.716315
1000 0.681766
1001 0.79863
1002 0.739203
1003 0.770186
1004 0.728228
1005 0.818768
1006 0.738764
1007 0.777311
1008 0.710865
1009 0.752259
1010 0.798
1011 0.739043
1012 0.767336
1013 0.69459
1014 0.736725
1015 0.739617
1016 0.717692
1017 0.787102
1018 0.754135
1019 0.812161
1020 0.672225
1021 0.750191
1022 0.701223
1023 0.695301
1024 0.794485
1025 0.785834
1026 0.788407
1027 0.794408
1028 0.82207
1029 0.710805
1030 0.862191
1031 0.770992
1032 0.726206
1033 0.769713
1034 0.749028
1035 0.763618
1036 0.692318
1037 0.724638
1038 0.715028
1039 0.750556
1040 0.781527
1041 0.730911
1042 0.863538
1043 0.691444
1044 0.758078
1045 0.747787
1046 0.766937
1047 0.749934
1048 0.717453
1049 0.70008
1050 0.731379
1051 0.747623
1052 0.760789
1053 0.754865
1054 0.729005
1055 0.694138
1056 0.733361
1057 0.715716
1058 0.714424
1059 0.741945
1060 0.702857
1061 0.793677
1062 0.824331
1063 0.760663
1064 0.729216
1065 0.84381
1066 0.759041
1067 0.731234
1068 0.816877
1069 0.734242
1070 0.715364
1071 0.848691
1072 0.736402
1073 0.735771
1074 0.753435
1075 0.7142
1076 0.707343
1077 0.71023
1078 0.782577
1079 0.749323
1080 0.722823
1081 0.744782
1082 0.724779
1083 0.662552
1084 0.773905
1085 0.650302
1086 0.667254
1087 0.820214
1088 0.748271
1089 0.791922
1090 0.773094
1091 0.687774
1092 0.756283
1093 0.749248
1094 0.750753
1095 0.772044
1096 0.725365
1097 0.707189
1098 0.692547
1099 0.685043
1100 0.825179
1101 0.707808
1102 0.721446
1103 0.724132
1104 0.656243
1105 0.724204
1106 0.702942
1107 0.751916
1108 0.798071
1109 0.680542
1110 0.883755
1111 0.739447
1112 0.741034
1113 0.814142
1114 0.676528
1115 0.687428
1116 0.653435
1117 0.762531
1118 0.708673
1119 0.827511
1120 0.716123
1121 0.662796
1122 0.708495
1123 0.651267
1124 0.706703
1125 0.830959
1126 0.770076
1127 0.703891
1128 0.721679
1129 0.791816
1130 0.736697
1131 0.716118
1132 0.668849
1133 0.72702
1134 0.672754
1135 0.71833
1136 0.756728
1137 0.664448
1138 0.783405
1139 0.716322
1140 0.804504
1141 0.82361
1142 0.734906
1143 0.712056
1144 0.679926
1145 0.697904
1146 0.742523
1147 0.700685
1148 0.690594
1149 0.810077
1150 0.854117
1151 0.707622
1152 0.702367
1153 0.735053
1154 0.74998
1155 0.682399
1156 0.655921
1157 0.636433
1158 0.701623
1159 0.703604
1160 0.652743
1161 0.766688
1162 0.656643
1163 0.652862
1164 0.675455
1165 0.760217
1166 0.672267
1167 0.661238
1168 0.719558
1169 0.697145
1170 0.794399
1171 0.744128
1172 0.710726
1173 0.721083
1174 0.756848
1175 0.669129
1176 0.716446
1177 0.760106
1178 0.730148
1179 0.714708
1180 0.773996
1181 0.651615
1182 0.636385
1183 0.73819
1184 0.661679
1185 0.683465
1186 0.657616
1187 0.798761
1188 0.727775
1189 0.697911
1190 0.805386
1191 0.729945
1192 0.741717
1193 0.684218
1194 0.652499
1195 0.639466
1196 0.682821
1197 0.696102
1198 0.654322
1199 0.66232
1200 0.886161
1201 0.782818
1202 0.741084
1203 0.644393
1204 0.69602
1205 0.759942
1206 0.765277
1207 0.641291
1208 0.825293
1209 0.668672
1210 0.686817
1211 0.747408
1212 0.821584
1213 0.719696
1214 0.766591
1215 0.661042
1216 0.682343
1217 0.652925
1218 0.751588
1219 0.686823
1220 0.706352
1221 0.657019
1222 0.752427
1223 0.620557
1224 0.690553
1225 0.790817
1226 0.67874
1227 0.648168
1228 0.647716
1229 0.656811
1230 0.799136
1231 0.815217
1232 0.791034
1233 0.674686
1234 0.716662
1235 0.648681
1236 0.798271
1237 0.718217
1238 0.644722
1239 0.671828
1240 0.737086
1241 0.671039
1242 0.653146
1243 0.65927
1244 0.67957
1245 0.641745
1246 0.690517
1247 0.718875
1248 0.676322
1249 0.656589
1250 0.700882
1251 0.735397
1252 0.667301
1253 0.660916
1254 0.693326
1255 0.687293
1256 0.623365
1257 0.659956
1258 0.650148
1259 0.695969
1260 0.650119
1261 0.665133
1262 0.662189
1263 0.670839
1264 0.63741
1265 0.686322
1266 0.66463
1267 0.64926
1268 0.686128
1269 0.703234
1270 0.60757
1271 0.638081
1272 0.635264
1273 0.628982
1274 0.614697
1275 0.615053
1276 0.684932
1277 0.630557
1278 0.645292
1279 0.593669
1280 0.600448
1281 0.675963
1282 0.671162
1283 0.609969
1284 0.868887
1285 0.622174
1286 0.75204
1287 0.678057
1288 0.669336
1289 0.644991
1290 0.660448
1291 0.749325
1292 0.711845
1293 0.680626
1294 0.660325
1295 0.645229
1296 0.622978
1297 0.714122
1298 0.651774
1299 0.633074
1300 0.773276
1301 0.689556
1302 0.674164
1303 0.697697
1304 0.658311
1305 0.67048
1306 0.724056
1307 0.644251
1308 0.694465
1309 0.65914
1310 0.669508
1311 0.712475
1312 0.629982
1313 0.683019
1314 0.648351
1315 0.805115
1316 0.792617
1317 0.640412
1318 0.640231
1319 0.689243
1320 0.696029
1321 0.631242
1322 0.602365
1323 0.639013
1324 0.612552
1325 0.69194
1326 0.759403
1327 0.675124
1328 0.607715
1329 0.630978
1330 0.661604
1331 0.674572
1332 0.675703
1333 0.657058
1334 0.664249
1335 0.621463
1336 0.648367
1337 0.675086
1338 0.702378
1339 0.642736
1340 0.665634
1341 0.625769
1342 0.621287
1343 0.645066
1344 0.601798
1345 0.74061
1346 0.638296
1347 0.694697
1348 0.692827
1349 0.681794
1350 0.630055
1351 0.641427
1352 0.661956
1353 0.630942
1354 0.637958
1355 0.600444
1356 0.705372
1357 0.696831
1358 0.696994
1359 0.695267
1360 0.650972
1361 0.696508
1362 0.81098
1363 0.623797
1364 0.606961
1365 0.730662
1366 0.675591
1367 0.652082
1368 0.628417
1369 0.615779
1370 0.678119
1371 0.686251
1372 0.685393
1373 0.647829
1374 0.642909
1375 0.643618
1376 0.614084
1377 0.69405
1378 0.688024
1379 0.604336
1380 0.640145
1381 0.664607
1382 0.610953
1383 0.632951
1384 0.7704
1385 0.730284
1386 0.659286
1387 0.662085
1388 0.646037
1389 0.607645
1390 0.674165
1391 0.625198
1392 0.649307
1393 0.640318
1394 0.608076
1395 0.632151
1396 0.654327
1397 0.660836
1398 0.677508
1399 0.650978
1400 0.595015
1401 0.636619
1402 0.630714
1403 0.688649
1404 0.683379
1405 0.660979
1406 0.6081
1407 0.628916
1408 0.65727
1409 0.680611
1410 0.638695
1411 0.653242
1412 0.642868
1413 0.611828
1414 0.665044
1415 0.688574
1416 0.61066
1417 0.594905
1418 0.651796
1419 0.60351
1420 0.696315
1421 0.610005
1422 0.607921
1423 0.787525
1424 0.689039
1425 0.6046
1426 0.59295
1427 0.627694
1428 0.624755
1429 0.638024
1430 0.639173
1431 0.636108
1432 0.662709
1433 0.677875
1434 0.64443
1435 0.597799
1436 0.692452
1437 0.584478
1438 0.614503
1439 0.626239
1440 0.665586
1441 0.610481
1442 0.601863
1443 0.660311
1444 0.620472
1445 0.59541
1446 0.64222
1447 0.644923
1448 0.678331
1449 0.601689
1450 0.595298
1451 0.574939
1452 0.612318
1453 0.645188
1454 0.735447
1455 0.76358
1456 0.637948
1457 0.664052
1458 0.589069
1459 0.834906
1460 0.574832
1461 0.673256
1462 0.630683
1463 0.59073
1464 0.699636
1465 0.594314
1466 0.594691
1467 0.588143
1468 0.616828
1469 0.601559
1470 0.643292
1471 0.635491
1472 0.595139
1473 0.628638
1474 0.653926
1475 0.653047
1476 0.65478
1477 0.614696
1478 0.599994
1479 0.629828
1480 0.668333
1481 0.72502
1482 0.650746
1483 0.591837
1484 0.570786
1485 0.639369
1486 0.612017
1487 0.587604
1488 0.643875
1489 0.573551
1490 0.688644
1491 0.686577
1492 0.648728
1493 0.662415
1494 0.689638
1495 0.652941
1496 0.668404
1497 0.645299
1498 0.631029
1499 0.661996
1500 0.673205
1501 0.63163
1502 0.614309
1503 0.61624
1504 0.580962
1505 0.591348
1506 0.595763
1507 0.60281
1508 0.611616
1509 0.610271
1510 0.651928
1511 0.598738
1512 0.559051
1513 0.600702
1514 0.591985
1515 0.715353
1516 0.58412
1517 0.595917
1518 0.686439
1519 0.693011
1520 0.592131
1521 0.570135
1522 0.648021
1523 0.581346
1524 0.626216
1525 0.615996
1526 0.614575
1527 0.57354
1528 0.605595
1529 0.676386
1530 0.567598
1531 0.662184
1532 0.566584
1533 0.577567
1534 0.611471
1535 0.62038
1536 0.686452
1537 0.612167
1538 0.68348
1539 0.717368
1540 0.595093
1541 0.631642
1542 0.630791
1543 0.561743
1544 0.575542
1545 0.58959
1546 0.68965
1547 0.640104
1548 0.615153
1549 0.588929
1550 0.575644
1551 0.624392
1552 0.575593
1553 0.687278
1554 0.744675
1555 0.628163
1556 0.593482
1557 0.62248
1558 0.615432
1559 0.616198
1560 0.584232
1561 0.575322
1562 0.623952
1563 0.614327
1564 0.592717
1565 0.672962
1566 0.571273
1567 0.704052
1568 0.607687
1569 0.740299
1570 0.623582
1571 0.607931
1572 0.559228
1573 0.575433
1574 0.622789
1575 0.612698
1576 0.56857
1577 0.653689
1578 0.665305
1579 0.609292
1580 0.657864
1581 0.645592
1582 0.648589
1583 0.637212
1584 0.591159
1585 0.557964
1586 0.573977
1587 0.621923
1588 0.629057
1589 0.57733
1590 0.593235
1591 0.59228
1592 0.595687
1593 0.603891
1594 0.637276
1595 0.603773
1596 0.573454
1597 0.60565
1598 0.562075
1599 0.606757
1600 0.606021
1601 0.624627
1602 0.621604
1603 0.63038
1604 0.601893
1605 0.666958
1606 0.704201
1607 0.598344
1608 0.662521
1609 0.611694
1610 0.544258
1611 0.566571
1612 0.613046
1613 0.564138
1614 0.608627
1615 0.558405
1616 0.668223
1617 0.627302
1618 0.657316
1619 0.608397
1620 0.606512
1621 0.603061
1622 0.587929
1623 0.527411
1624 0.568098
1625 0.570055
1626 0.573898
1627 0.554915
1628 0.553272
1629 0.762008
1630 0.651836
1631 0.641624
1632 0.562926
1633 0.62805
1634 0.695196
1635 0.601308
1636 0.688724
1637 0.538349
1638 0.570591
1639 0.611911
1640 0.635229
1641 0.633271
1642 0.576533
1643 0.57082
1644 0.547965
1645 0.533449
1646 0.548675
1647 0.652036
1648 0.563809
1649 0.589583
1650 0.584885
1651 0.591227
1652 0.568043
1653 0.623957
1654 0.636503
1655 0.556998
1656 0.573404
1657 0.553429
1658 0.610805
1659 0.651781
1660 0.772769
1661 0.589105
1662 0.67079
1663 0.529277
1664 0.578695
1665 0.631524
1666 0.638735
1667 0.649421
1668 0.570846
1669 0.575312
1670 0.605912
1671 0.564898
1672 0.566144
1673 0.579344
1674 0.553392
1675 0.59504
1676 0.613998
1677 0.546635
1678 0.595692
1679 0.580626
1680 0.598349
1681 0.548343
1682 0.608815
1683 0.589143
1684 0.541874
1685 0.583158
1686 0.592305
1687 0.57293
1688 0.596981
1689 0.564321
1690 0.579859
1691 0.52537
1692 0.583856
1693 0.535455
1694 0.589448
1695 0.576525
1696 0.547322
1697 0.576306
1698 0.583263
1699 0.549969
1700 0.576086
1701 0.521794
1702 0.513139
1703 0.538287
1704 0.517719
1705 0.535837
1706 0.601443
1707 0.51441
1708 0.499125
1709 0.49643
1710 0.573873
1711 0.539653
1712 0.50779
1713 0.766956
1714 0.52765
1715 0.631115
1716 0.568781
1717 0.608739
1718 0.590198
1719 0.582202
1720 0.609141
1721 0.618018
1722 0.54586
1723 0.533075
1724 0.548822
1725 0.548071
1726 0.549889
1727 0.565516
1728 0.546916
1729 0.70862
1730 0.556296
1731 0.561498
1732 0.657111
1733 0.553514
1734 0.561835
1735 0.599949
1736 0.558095
1737 0.599627
1738 0.547465
1739 0.672295
1740 0.548646
1741 0.590574
1742 0.513562
1743 0.710235
1744 0.620413
1745 0.611814
1746 0.563754
1747 0.568614
1748 0.615735
1749 0.562081
1750 0.56622
1751 0.527069
1752 0.572156
1753 0.552031
1754 0.621925
1755 0.799941
1756 0.624641
1757 0.585667
1758 0.513245
1759 0.581064
1760 0.527429
1761 0.583648
1762 0.55673
1763 0.561892
1764 0.531476
1765 0.586261
1766 0.576051
1767 0.57222
1768 0.631279
1769 0.54961
1770 0.541364
1771 0.577685
1772 0.561068
1773 0.551917
1774 0.5952
1775 0.568946
1776 0.544217
1777 0.559251
1778 0.562367
1779 0.531865
1780 0.584578
1781 0.56949
1782 0.565991
1783 0.556871
1784 0.532699
1785 0.589912
1786 0.619849
1787 0.575078
1788 0.557447
1789 0.554015
1790 0.569974
1791 0.620438
1792 0.502688
1793 0.593813
1794 0.544971
1795 0.612831
1796 0.54238
1797 0.520411
1798 0.588594
1799 0.541258
1800 0.565319
1801 0.541726
1802 0.525493
1803 0.517206
1804 0.571688
1805 0.581423
1806 0.556371
1807 0.531765
1808 0.549288
1809 0.53652
1810 0.541023
1811 0.542245
1812 0.601882
1813 0.541362
1814 0.633733
1815 0.563087
1816 0.580006
1817 0.535296
1818 0.526985
1819 0.567947
1820 0.555562
1821 0.528795
1822 0.536182
1823 0.546775
1824 0.521678
1825 0.553492
1826 0.560432
1827 0.544161
1828 0.544146
1829 0.508012
1830 0.560269
1831 0.540823
1832 0.547565
1833 0.607505
1834 0.549591
1835 0.494583
1836 0.585914
1837 0.589138
1838 0.572031
1839 0.529812
1840 0.558432
1841 0.538565
1842 0.544867
1843 0.533603
1844 0.563045
1845 0.518776
1846 0.493627
1847 0.542193
1848 0.555614
1849 0.563653
1850 0.513192
1851 0.614961
1852 0.620965
1853 0.545144
1854 0.513286
1855 0.519341
1856 0.529006
1857 0.51282
1858 0.52747
1859 0.529206
1860 0.549654
1861 0.535355
1862 0.602644
1863 0.530658
1864 0.571611
1865 0.518337
1866 0.529216
1867 0.545092
1868 0.540039
1869 0.592694
1870 0.536612
1871 0.501789
1872 0.586527
1873 0.519009
1874 0.538679
1875 0.597292
1876 0.53352
1877 0.579724
1878 0.584576
1879 0.545022
1880 0.502766
1881 0.584928
1882 0.578576
1883 0.608143
1884 0.612037
1885 0.614041
1886 0.529421
1887 0.61093
1888 0.635427
1889 0.533951
1890 0.578018
1891 0.522253
1892 0.5436
1893 0.544957
1894 0.521339
1895 0.528037
1896 0.522959
1897 0.561956
1898 0.526425
1899 0.585253
1900 0.563272
1901 0.521874
1902 0.545827
1903 0.554149
1904 0.565951
1905 0.533486
1906 0.533608
1907 0.534863
1908 0.529851
1909 0.508963
1910 0.556447
1911 0.50313
1912 0.505772
1913 0.508177
1914 0.509385
1915 0.528796
1916 0.509563
1917 0.548483
1918 0.51502
1919 0.540942
1920 0.542874
1921 0.526419
1922 0.562099
1923 0.606762
1924 0.553339
1925 0.541166
1926 0.533633
1927 0.531836
1928 0.586011
1929 0.545209
1930 0.575306
1931 0.502411
1932 0.552858
1933 0.495481
1934 0.510813
1935 0.532295
1936 0.533945
1937 0.500336
1938 0.527675
1939 0.50271
1940 0.463634
1941 0.55663
1942 0.490726
1943 0.486597
1944 0.588348
1945 0.563955
1946 0.536926
1947 0.506099
1948 0.574271
1949 0.506261
1950 0.547124
1951 0.506952
1952 0.589437
1953 0.525392
1954 0.523292
1955 0.549035
1956 0.491712
1957 0.609194
1958 0.506108
1959 0.496695
1960 0.558283
1961 0.489648
1962 0.500117
1963 0.522976
1964 0.5181
1965 0.585436
1966 0.53447
1967 0.59727
1968 0.55018
1969 0.536667
1970 0.536291
1971 0.594875
1972 0.51996
1973 0.481726
1974 0.489102
1975 0.522199
1976 0.500125
1977 0.533435
1978 0.521499
1979 0.483639
1980 0.508632
1981 0.542568
1982 0.571395
1983 0.665772
1984 0.509359
1985 0.578356
1986 0.538873
1987 0.521131
1988 0.544451
1989 0.486041
1990 0.530395
1991 0.529167
1992 0.534137
1993 0.525944
1994 0.490757
1995 0.568564
1996 0.521838
1997 0.527494
1998 0.573186
1999 0.520988
2000 0.568651
2001 0.520778
2002 0.506164
2003 0.539687
2004 0.518246
2005 0.530793
2006 0.520863
2007 0.666104
2008 0.534281
2009 0.520254
2010 0.527812
2011 0.611632
2012 0.521814
2013 0.502876
2014 0.474252
2015 0.54457
2016 0.628717
2017 0.485911
2018 0.553793
2019 0.506343
2020 0.53467
2021 0.507504
2022 0.48257
2023 0.574058
2024 0.487026
2025 0.504917
2026 0.528854
2027 0.475256
2028 0.563645
2029 0.515986
2030 0.561038
2031 0.543771
2032 0.544909
2033 0.524875
2034 0.596885
2035 0.533066
2036 0.519611
2037 0.547944
2038 0.490385
2039 0.484261
2040 0.526618
2041 0.491717
2042 0.494325
2043 0.501202
2044 0.565522
2045 0.518938
2046 0.532363
2047 0.546957
2048 0.606132
2049 0.488058
2050 0.558995
2051 0.507252
2052 0.501624
2053 0.507927
2054 0.493008
2055 0.501285
2056 0.484655
2057 0.533028
2058 0.538713
2059 0.541854
2060 0.515599
2061 0.470808
2062 0.605402
2063 0.504964
2064 0.471802
2065 0.60348
2066 0.517326
2067 0.504977
2068 0.558669
2069 0.60917
2070 0.627213
2071 0.494686
2072 0.546003
2073 0.480839
2074 0.487497
2075 0.513293
2076 0.542032
2077 0.528705
2078 0.50302
2079 0.502943
2080 0.490402
2081 0.53368
2082 0.524932
2083 0.554796
2084 0.48763
2085 0.489162
2086 0.464729
2087 0.544698
2088 0.600539
2089 0.634347
2090 0.484935
2091 0.532679
2092 0.509048
2093 0.521774
2094 0.529724
2095 0.507946
2096 0.530016
2097 0.531997
2098 0.506407
2099 0.51775
2100 0.486745
2101 0.50939
2102 0.492227
2103 0.472262
2104 0.542453
2105 0.462886
2106 0.486995
2107 0.49483
2108 0.514914
2109 0.502524
2110 0.447627
2111 0.488815
2112 0.502914
2113 0.483137
2114 0.515168
2115 0.470217
2116 0.554514
2117 0.485488
2118 0.509954
2119 0.510086
2120 0.452726
2121 0.509965
2122 0.463061
2123 0.549076
2124 0.48697
2125 0.484639
2126 0.547258
2127 0.469351
2128 0.465339
2129 0.511683
2130 0.448038
2131 0.458934
2132 0.438741
2133 0.484678
2134 0.440314
2135 0.498933
2136 0.433908
2137 0.452734
2138 0.456589
2139 0.500542
2140 0.474524
2141 0.461962
2142 0.661124
2143 0.592245
2144 0.514183
2145 0.480678
2146 0.472717
2147 0.511306
2148 0.53712
2149 0.593895
2150 0.517271
2151 0.471947
2152 0.476095
2153 0.464547
2154 0.49324
2155 0.507782
2156 0.482548
2157 0.509925
2158 0.562459
2159 0.556301
2160 0.509474
2161 0.56719
2162 0.453337
2163 0.520164
2164 0.486526
2165 0.514489
2166 0.476088
2167 0.507276
2168 0.571519
2169 0.518992
2170 0.546984
2171 0.457836
2172 0.668878
2173 0.606972
2174 0.493706
2175 0.540208
2176 0.500546
2177 0.485849
2178 0.511006
2179 0.491972
2180 0.483773
2181 0.467258
2182 0.514395
2183 0.521654
2184 0.771401
2185 0.552257
2186 0.464196
2187 0.439183
2188 0.510953
2189 0.555943
2190 0.555356
2191 0.5022
2192 0.481879
2193 0.477778
2194 0.497329
2195 0.522902
2196 0.484729
2197 0.489637
2198 0.487185
2199 0.470437
2200 0.488111
2201 0.497322
2202 0.581871
2203 0.590432
2204 0.466695
2205 0.495164
2206 0.49558
2207 0.484226
2208 0.477071
2209 0.515215
2210 0.441098
2211 0.510203
2212 0.504465
2213 0.494619
2214 0.529726
2215 0.495859
2216 0.487277
2217 0.447631
2218 0.487866
2219 0.54317
2220 0.471069
2221 0.448795
2222 0.501537
2223 0.459751
2224 0.529817
2225 0.457726
2226 0.449949
2227 0.542117
2228 0.507641
2229 0.499231
2230 0.507426
2231 0.466349
2232 0.448894
2233 0.467949
2234 0.476011
2235 0.480943
2236 0.482942
2237 0.512933
2238 0.530446
2239 0.435019
2240 0.482143
2241 0.548175
2242 0.527961
2243 0.501971
2244 0.443734
2245 0.499493
2246 0.447208
2247 0.488562
2248 0.476712
2249 0.476503
2250 0.473768
2251 0.47288
2252 0.47097
2253 0.517593
2254 0.467706
2255 0.491055
2256 0.51258
2257 0.474107
2258 0.440516
2259 0.492575
2260 0.498954
2261 0.483305
2262 0.494861
2263 0.481767
2264 0.438155
2265 0.531503
2266 0.531233
2267 0.517685
2268 0.482103
2269 0.46879
2270 0.447696
2271 0.460277
2272 0.434057
2273 0.492335
2274 0.438731
2275 0.466268
2276 0.443035
2277 0.540171
2278 0.468857
2279 0.447665
2280 0.57616
2281 0.474735
2282 0.49494
2283 0.453113
2284 0.483622
2285 0.483739
2286 0.434476
2287 0.466033
2288 0.513237
2289 0.480459
2290 0.462988
2291 0.50321
2292 0.463063
2293 0.470455
2294 0.474847
2295 0.462922
2296 0.474775
2297 0.473747
2298 0.462015
2299 0.465491
2300 0.483472
2301 0.444361
2302 0.445913
2303 0.499634
2304 0.497481
2305 0.489041
2306 0.456411
2307 0.466217
2308 0.440499
2309 0.461552
2310 0.540518
2311 0.607062
2312 0.515758
2313 0.564632
2314 0.522593
2315 0.439332
2316 0.51265
2317 0.52032
2318 0.480051
2319 0.466718
2320 0.468618
2321 0.522043
2322 0.454126
2323 0.443665
2324 0.455133
2325 0.436706
2326 0.53574
2327 0.445496
2328 0.542193
2329 0.456741
2330 0.500552
2331 0.443147
2332 0.55011
2333 0.474947
2334 0.454395
2335 0.468468
2336 0.454799
2337 0.470491
2338 0.492748
2339 0.485721
2340 0.434618
2341 0.424441
2342 0.462532
2343 0.491431
2344 0.455091
2345 0.471206
2346 0.437804
2347 0.472641
2348 0.51744
2349 0.501819
2350 0.494823
2351 0.508356
2352 0.529685
2353 0.467489
2354 0.470804
2355 0.494178
2356 0.456695
2357 0.506634
2358 0.521867
2359 0.480635
2360 0.446573
2361 0.460229
2362 0.478069
2363 0.447091
2364 0.465191
2365 0.47809
2366 0.459998
2367 0.459004
2368 0.490119
2369 0.430875
2370 0.516126
2371 0.418993
2372 0.421858
2373 0.552786
2374 0.437345
2375 0.492319
2376 0.474123
2377 0.427624
2378 0.509305
2379 0.45135
2380 0.467079
2381 0.598125
2382 0.425797
2383 0.470828
2384 0.491706
2385 0.460867
2386 0.527983
2387 0.425546
2388 0.451023
2389 0.483489
2390 0.435063
2391 0.443523
2392 0.473175
2393 0.47417
2394 0.459416
2395 0.456569
2396 0.565306
2397 0.482801
2398 0.467695
2399 0.533651
2400 0.417646
2401 0.449879
2402 0.417276
2403 0.461327
2404 0.482012
2405 0.491674
2406 0.470994
2407 0.424925
2408 0.446919
2409 0.421715
2410 0.472106
2411 0.560653
2412 0.545089
2413 0.462885
2414 0.514052
2415 0.4562
2416 0.470479
2417 0.430398
2418 0.436295
2419 0.499033
2420 0.421954
2421 0.503792
2422 0.476744
2423 0.41453
2424 0.49344
2425 0.46555
2426 0.523676
2427 0.4778
2428 0.487466
2429 0.441005
2430 0.465276
2431 0.4865
2432 0.478387
2433 0.430156
2434 0.419346
2435 0.521369
2436 0.562158
2437 0.503666
2438 0.445621
2439 0.487823
2440 0.463273
2441 0.428192
2442 0.404582
2443 0.439971
2444 0.473908
2445 0.459046
2446 0.431696
2447 0.496783
2448 0.455505
2449 0.440835
2450 0.442057
2451 0.519221
2452 0.399892
2453 0.426608
2454 0.458579
2455 0.444843
2456 0.458765
2457 0.53645
2458 0.43778
2459 0.502576
2460 0.496911
2461 0.409805
2462 0.458313
2463 0.452153
2464 0.542387
2465 0.509823
2466 0.524279
2467 0.45726
2468 0.423263
2469 0.461978
2470 0.443194
2471 0.466961
2472 0.435076
2473 0.51547
2474 0.455515
2475 0.492659
2476 0.524782
2477 0.456032
2478 0.494118
2479 0.447701
2480 0.436115
2481 0.432209
2482 0.451405
2483 0.463998
2484 0.437925
2485 0.412324
2486 0.494826
2487 0.508355
2488 0.504673
2489 0.410302
2490 0.42932
2491 0.516219
2492 0.515851
2493 0.445685
2494 0.561536
2495 0.457487
2496 0.483919
2497 0.457407
2498 0.449382
2499 0.474018
2500 0.442928
2501 0.442141
2502 0.456409
2503 0.421167
2504 0.470502
2505 0.466942
2506 0.456811
2507 0.437289
2508 0.482508
2509 0.4311
2510 0.484671
2511 0.528266
2512 0.424999
2513 0.448875
2514 0.411462
2515 0.436074
2516 0.488818
2517 0.528992
2518 0.582226
2519 0.462787
2520 0.486529
2521 0.42675
2522 0.458532
2523 0.498345
2524 0.448148
2525 0.447936
2526 0.474365
2527 0.46513
2528 0.436322
2529 0.414358
2530 0.434871
2531 0.427743
2532 0.453402
2533 0.45326
2534 0.408971
2535 0.42165
2536 0.483421
2537 0.431093
2538 0.432654
2539 0.414763
2540 0.44822
2541 0.424952
2542 0.426308
2543 0.457233
2544 0.460878
2545 0.455693
2546 0.444902
2547 0.424465
2548 0.430959
2549 0.417482
2550 0.419174
2551 0.456736
2552 0.430977
2553 0.470946
2554 0.431174
2555 0.451694
2556 0.440953
2557 0.405936
2558 0.439238
2559 0.399539
2560 0.406328
2561 0.424464
2562 0.409768
2563 0.397498
2564 0.415041
2565 0.405817
2566 0.414782
2567 0.431006
2568 0.452865
2569 0.398589
2570 0.546826
2571 0.432298
2572 0.473757
2573 0.422505
2574 0.43628
2575 0.412322
2576 0.43177
2577 0.473106
2578 0.477388
2579 0.458854
2580 0.426896
2581 0.432978
2582 0.42933
2583 0.424802
2584 0.400129
2585 0.435387
2586 0.517742
2587 0.462199
2588 0.486408
2589 0.456384
2590 0.442252
2591 0.416691
2592 0.442379
2593 0.444949
2594 0.531074
2595 0.40916
2596 0.419056
2597 0.516667
2598 0.420232
2599 0.418388
2600 0.421038
2601 0.548667
2602 0.470186
2603 0.433461
2604 0.439631
2605 0.456826
2606 0.445505
2607 0.421849
2608 0.394034
2609 0.427444
2610 0.410619
2611 0.443711
2612 0.452736
2613 0.438875
2614 0.382771
2615 0.410729
2616 0.448141
2617 0.43809
2618 0.432562
2619 0.40126
2620 0.443425
2621 0.406968
2622 0.428749
2623 0.434638
2624 0.450301
2625 0.426419
2626 0.461767
2627 0.400569
2628 0.42503
2629 0.446568
2630 0.413811
2631 0.433568
2632 0.406814
2633 0.436404
2634 0.458589
2635 0.433342
2636 0.422627
2637 0.408902
2638 0.430507
2639 0.443169
2640 0.412952
2641 0.43184
2642 0.438428
2643 0.430545
2644 0.448219
2645 0.42497
2646 0.445058
2647 0.398382
2648 0.45921
2649 0.407489
2650 0.425329
2651 0.436761
2652 0.413473
2653 0.431317
2654 0.399382
2655 0.398087
2656 0.46452
2657 0.446694
2658 0.403983
2659 0.397046
2660 0.39548
2661 0.417208
2662 0.428481
2663 0.427933
2664 0.443353
2665 0.402139
2666 0.420384
2667 0.41462
2668 0.398477
2669 0.427891
2670 0.481837
2671 0.444111
2672 0.436872
2673 0.446726
2674 0.428317
2675 0.401531
2676 0.425647
2677 0.412753
2678 0.411992
2679 0.427929
2680 0.375664
2681 0.436578
2682 0.450964
2683 0.425687
2684 0.456739
2685 0.436805
2686 0.401541
2687 0.446683
2688 0.426639
2689 0.42057
2690 0.405645
2691 0.411806
2692 0.427313
2693 0.412494
2694 0.456519
2695 0.488019
2696 0.410844
2697 0.425716
2698 0.410139
2699 0.399402
2700 0.408822
2701 0.441679
2702 0.388903
2703 0.366646
2704 0.442358
2705 0.403834
2706 0.46803
2707 0.407963
2708 0.404535
2709 0.462968
2710 0.426032
2711 0.443101
2712 0.369031
2713 0.393794
2714 0.415979
2715 0.424554
2716 0.418444
2717 0.408241
2718 0.431
2719 0.435375
2720 0.42691
2721 0.389934
2722 0.436209
2723 0.387269
2724 0.420177
2725 0.445618
2726 0.418219
2727 0.409353
2728 0.369228
2729 0.406967
2730 0.42553
2731 0.363833
2732 0.458389
2733 0.447032
2734 0.420922
2735 0.409218
2736 0.415359
2737 0.393306
2738 0.381021
2739 0.41376
2740 0.492687
2741 0.470108
2742 0.452389
2743 0.459056
2744 0.402258
2745 0.574336
2746 0.428411
2747 0.440554
2748 0.415058
2749 0.398552
2750 0.470325
2751 0.411045
2752 0.416668
2753 0.407231
2754 0.415125
2755 0.380882
2756 0.420498
2757 0.409386
2758 0.389808
2759 0.422556
2760 0.439895
2761 0.425553
2762 0.41828
2763 0.377735
2764 0.383288
2765 0.433898
2766 0.425093
2767 0.434102
2768 0.454466
2769 0.414378
2770 0.378593
2771 0.416982
2772 0.387591
2773 0.382944
2774 0.418267
2775 0.387972
2776 0.428638
2777 0.428777
2778 0.428881
2779 0.404799
2780 0.473541
2781 0.433405
2782 0.431941
2783 0.412634
2784 0.410701
2785 0.426086
2786 0.44311
2787 0.414838
2788 0.405112
2789 0.415752
2790 0.355045
2791 0.391191
2792 0.389022
2793 0.422901
2794 0.413914
2795 0.376632
2796 0.416072
2797 0.371323
2798 0.415339
2799 0.462987
2800 0.404899
2801 0.460737
2802 0.458625
2803 0.442983
2804 0.440006
2805 0.466738
2806 0.386998
2807 0.439491
2808 0.437197
2809 0.376825
2810 0.464461
2811 0.418135
2812 0.402142
2813 0.398708
2814 0.417573
2815 0.464004
2816 0.39389
2817 0.423478
2818 0.404979
2819 0.370484
2820 0.439268
2821 0.400514
2822 0.41876
2823 0.444758
2824 0.425765
2825 0.464532
2826 0.454919
2827 0.465385
2828 0.484088
2829 0.380261
2830 0.387435
2831 0.383229
2832 0.412412
2833 0.395833
2834 0.44952
2835 0.415029
2836 0.387754
2837 0.415557
2838 0.392179
2839 0.475762
2840 0.487806
2841 0.450645
2842 0.40497
2843 0.435763
2844 0.41902
2845 0.3962
2846 0.389767
2847 0.429139
2848 0.439367
2849 0.393516
2850 0.430167
2851 0.409893
2852 0.396491
2853 0.49032
2854 0.432004
2855 0.427798
2856 0.409914
2857 0.407194
2858 0.392645
2859 0.39829
2860 0.410636
2861 0.445153
2862 0.400455
2863 0.390813
2864 0.449048
2865 0.500738
2866 0.422945
2867 0.424885
2868 0.451808
2869 0.412258
2870 0.407648
2871 0.365691
2872 0.390613
2873 0.40693
2874 0.424723
2875 0.368412
2876 0.446727
2877 0.404383
2878 0.382242
2879 0.413174
2880 0.474079
2881 0.388986
2882 0.382364
2883 0.410693
2884 0.37961
2885 0.421201
2886 0.424201
2887 0.406265
2888 0.418414
2889 0.425996
2890 0.407603
2891 0.417723
2892 0.455443
2893 0.427933
2894 0.503324
2895 0.4193
2896 0.367781
2897 0.383328
2898 0.440355
2899 0.383713
2900 0.418998
2901 0.382581
2902 0.515957
2903 0.444646
2904 0.46923
2905 0.413183
2906 0.420334
2907 0.422596
2908 0.426158
2909 0.378422
2910 0.404652
2911 0.392804
2912 0.394729
2913 0.374752
2914 0.392094
2915 0.466616
2916 0.430261
2917 0.412164
2918 0.388194
2919 0.427679
2920 0.41691
2921 0.409768
2922 0.430272
2923 0.377272
2924 0.374288
2925 0.423698
2926 0.446997
2927 0.454639
2928 0.373434
2929 0.388624
2930 0.393589
2931 0.386519
2932 0.357667
2933 0.461565
2934 0.432187
2935 0.395372
2936 0.368584
2937 0.3896
2938 0.400284
2939 0.407659
2940 0.420729
2941 0.417116
2942 0.360973
2943 0.355073
2944 0.419529
2945 0.401811
2946 0.536306
2947 0.375422
2948 0.403082
2949 0.376622
2950 0.387242
2951 0.459658
2952 0.453483
2953 0.455246
2954 0.382621
2955 0.4317
2956 0.376121
2957 0.365839
2958 0.410999
2959 0.39239
2960 0.368319
2961 0.426417
2962 0.408485
2963 0.368225
2964 0.392791
2965 0.422293
2966 0.409365
2967 0.363949
2968 0.374674
2969 0.39857
2970 0.36403
2971 0.365835
2972 0.394844
2973 0.387998
2974 0.421091
2975 0.375181
2976 0.375528
2977 0.402417
2978 0.402514
2979 0.368226
2980 0.408307
2981 0.432057
2982 0.374607
2983 0.390617
2984 0.378102
2985 0.372331
2986 0.418707
2987 0.351265
2988 0.366118
2989 0.382122
2990 0.351783
2991 0.361076
2992 0.391032
2993 0.356013
2994 0.351084
2995 0.352995
2996 0.39651
2997 0.368197
2998 0.333573
2999 0.52022
3000 0.356265
3001 0.46829
3002 0.377645
3003 0.372363
3004 0.347935
3005 0.391361
3006 0.396771
3007 0.395917
3008 0.363078
3009 0.378743
3010 0.394938
3011 0.373935
3012 0.371825
3013 0.374393
3014 0.365051
3015 0.487169
3016 0.399057
3017 0.374315
3018 0.470053
3019 0.352311
3020 0.394369
3021 0.397833
3022 0.378458
3023 0.440184
3024 0.400365
3025 0.431302
3026 0.381742
3027 0.392237
3028 0.363891
3029 0.448403
3030 0.450596
3031 0.366523
3032 0.381247
3033 0.368011
3034 0.385088
3035 0.386153
3036 0.365492
3037 0.365252
3038 0.377526
3039 0.367442
3040 0.412707
3041 0.559445
3042 0.398943
3043 0.371489
3044 0.363956
3045 0.357673
3046 0.364888
3047 0.426881
3048 0.368899
3049 0.371913
3050 0.360313
3051 0.37802
3052 0.397403
3053 0.39042
3054 0.378412
3055 0.390058
3056 0.374429
3057 0.388975
3058 0.396374
3059 0.391097
3060 0.383858
3061 0.39523
3062 0.368962
3063 0.40481
3064 0.380693
3065 0.376606
3066 0.376089
3067 0.371016
3068 0.368807
3069 0.380829
3070 0.397921
3071 0.400529
3072 0.381214
3073 0.416399
3074 0.385357
3075 0.388818
3076 0.382496
3077 0.393827
3078 0.368808
3079 0.390521
3080 0.39782
3081 0.39432
3082 0.395202
3083 0.359792
3084 0.396297
3085 0.480815
3086 0.450219
3087 0.396931
3088 0.347961
3089 0.361552
3090 0.387106
3091 0.396165
3092 0.387518
3093 0.368409
3094 0.380055
3095 0.369743
3096 0.377452
3097 0.35586
3098 0.403421
3099 0.388773
3100 0.425619
3101 0.361252
3102 0.397981
3103 0.339428
3104 0.351811
3105 0.387871
3106 0.369203
3107 0.381307
3108 0.396308
3109 0.336941
3110 0.406168
3111 0.370275
3112 0.398635
3113 0.393639
3114 0.380056
3115 0.379842
3116 0.37205
3117 0.352462
3118 0.410872
3119 0.404212
3120 0.353635
3121 0.331719
3122 0.368213
3123 0.426617
3124 0.381124
3125 0.412002
3126 0.393357
3127 0.353664
3128 0.352068
3129 0.366109
3130 0.401421
3131 0.368886
3132 0.373067
3133 0.36877
3134 0.368462
3135 0.424463
3136 0.334525
3137 0.40697
3138 0.398715
3139 0.353168
3140 0.349567
3141 0.352439
3142 0.371756
3143 0.372765
3144 0.345861
3145 0.358994
3146 0.400527
3147 0.377512
3148 0.389149
3149 0.368001
3150 0.370456
3151 0.363442
3152 0.353799
3153 0.360555
3154 0.365129
3155 0.397731
3156 0.369607
3157 0.373245
3158 0.395957
3159 0.353438
3160 0.335644
3161 0.424068
3162 0.392442
3163 0.367594
3164 0.36874
3165 0.392336
3166 0.33481
3167 0.398857
3168 0.438158
3169 0.405668
3170 0.446892
3171 0.381868
3172 0.361376
3173 0.400991
3174 0.421534
3175 0.346584
3176 0.399459
3177 0.357899
3178 0.385432
3179 0.396468
3180 0.37285
3181 0.373239
3182 0.360692
3183 0.37909
3184 0.342377
3185 0.372483
3186 0.354712
3187 0.353754
3188 0.378014
3189 0.394027
3190 0.404235
3191 0.382023
3192 0.335345
3193 0.358961
3194 0.369155
3195 0.37145
3196 0.393106
3197 0.363221
3198 0.386392
3199 0.341805
3200 0.343677
3201 0.358628
3202 0.377006
3203 0.367815
3204 0.378339
3205 0.385704
3206 0.396965
3207 0.393245
3208 0.403075
3209 0.425224
3210 0.410096
3211 0.379912
3212 0.355435
3213 0.376286
3214 0.378111
3215 0.381615
3216 0.35849
3217 0.363288
3218 0.366299
3219 0.362062
3220 0.390092
3221 0.39568
3222 0.38656
3223 0.354396
3224 0.364728
3225 0.357795
3226 0.328411
3227 0.352341
3228 0.335371
3229 0.331756
3230 0.436591
3231 0.374898
3232 0.403149
3233 0.394329
3234 0.394143
3235 0.356744
3236 0.390674
3237 0.391872
3238 0.462089
3239 0.35063
3240 0.407212
3241 0.356209
3242 0.390157
3243 0.434267
3244 0.344576
3245 0.341208
3246 0.341179
3247 0.357054
3248 0.379951
3249 0.379382
3250 0.347649
3251 0.427554
3252 0.358405
3253 0.430105
3254 0.387182
3255 0.393864
3256 0.365015
3257 0.457754
3258 0.338346
3259 0.336011
3260 0.368045
3261 0.421135
3262 0.350449
3263 0.364957
3264 0.390929
3265 0.335046
3266 0.324794
3267 0.369126
3268 0.408346
3269 0.467482
3270 0.353866
3271 0.361472
3272 0.413083
3273 0.376441
3274 0.348712
3275 0.356092
3276 0.371537
3277 0.404087
3278 0.372633
3279 0.348544
3280 0.358957
3281 0.421819
3282 0.348936
3283 0.388866
3284 0.416797
3285 0.342345
3286 0.361702
3287 0.324312
3288 0.347243
3289 0.379374
3290 0.355236
3291 0.358835
3292 0.353773
3293 0.448104
3294 0.399346
3295 0.367655
3296 0.383556
3297 0.39357
3298 0.3845
3299 0.322229
3300 0.363849
3301 0.34553
3302 0.392517
3303 0.323559
3304 0.34729
3305 0.371311
3306 0.401642
3307 0.336818
3308 0.359859
3309 0.404616
3310 0.335824
3311 0.343971
3312 0.380632
3313 0.337193
3314 0.399843
3315 0.369397
3316 0.387659
3317 0.395168
3318 0.364934
3319 0.341668
3320 0.380949
3321 0.358727
3322 0.340848
3323 0.41928
3324 0.398798
3325 0.352595
3326 0.368956
3327 0.371585
3328 0.364775
3329 0.366171
3330 0.345966
3331 0.426733
3332 0.379987
3333 0.422165
3334 0.363515
3335 0.330203
3336 0.370318
3337 0.36024
3338 0.318568
3339 0.369571
3340 0.361378
3341 0.357919
3342 0.343376
3343 0.346103
3344 0.473235
3345 0.367007
3346 0.375419
3347 0.354257
3348 0.414879
3349 0.364953
3350 0.361176
3351 0.39092
3352 0.34333
3353 0.317004
3354 0.412309
3355 0.46465
3356 0.432044
3357 0.342691
3358 0.358631
3359 0.34753
3360 0.344357
3361 0.346236
3362 0.430262
3363 0.357387
3364 0.360139
3365 0.354347
3366 0.35015
3367 0.363556
3368 0.410226
3369 0.391935
3370 0.32636
3371 0.338332
3372 0.359922
3373 0.346727
3374 0.373667
3375 0.485655
3376 0.345016
3377 0.377407
3378 0.340866
3379 0.334385
3380 0.373829
3381 0.358148
3382 0.381634
3383 0.360784
3384 0.358386
3385 0.359322
3386 0.344121
3387 0.334384
3388 0.363615
3389 0.327435
3390 0.39176
3391 0.352997
3392 0.349004
3393 0.358727
3394 0.3824
3395 0.332199
3396 0.328203
3397 0.357116
3398 0.331935
3399 0.330064
3400 0.34632
3401 0.348753
3402 0.359561
3403 0.37739
3404 0.327457
3405 0.324026
3406 0.332504
3407 0.363304
3408 0.309721
3409 0.393668
3410 0.399986
3411 0.361898
3412 0.345202
3413 0.321272
3414 0.34815
3415 0.367294
3416 0.315724
3417 0.313346
3418 0.319177
3419 0.334132
3420 0.298118
3421 0.396193
3422 0.295803
3423 0.296191
3424 0.319471
3425 0.370578
3426 0.315404
3427 0.326698
3428 0.440467
3429 0.362815
3430 0.463216
3431 0.378475
3432 0.347157
3433 0.354901
3434 0.37031
3435 0.380274
3436 0.388127
3437 0.336828
3438 0.333872
3439 0.3335
3440 0.371703
3441 0.322908
3442 0.330284
3443 0.339479
3444 0.398252
3445 0.343363
3446 0.345871
3447 0.389297
3448 0.327431
3449 0.389343
3450 0.362397
3451 0.330583
3452 0.349092
3453 0.340194
3454 0.389067
3455 0.351884
3456 0.351119
3457 0.312061
3458 0.436828
3459 0.380584
3460 0.356397
3461 0.334327
3462 0.342659
3463 0.371122
3464 0.349362
3465 0.323561
3466 0.347587
3467 0.324604
3468 0.325889
3469 0.366517
3470 0.554363
3471 0.358889
3472 0.334695
3473 0.332343
3474 0.348701
3475 0.36223
3476 0.349916
3477 0.323379
3478 0.338976
3479 0.323405
3480 0.363284
3481 0.356651
3482 0.337501
3483 0.353962
3484 0.334178
3485 0.325593
3486 0.323476
3487 0.33873
3488 0.419681
3489 0.406764
3490 0.333629
3491 0.366053
3492 0.335981
3493 0.331335
3494 0.360793
3495 0.378466
3496 0.317383
3497 0.33381
3498 0.34352
3499 0.36899
3500 0.415088
3501 0.369345
3502 0.370379
3503 0.355211
3504 0.363886
3505 0.397698
3506 0.360236
3507 0.31215
3508 0.356546
3509 0.333733
3510 0.332826
3511 0.334137
3512 0.305119
3513 0.387631
3514 0.349711
3515 0.34871
3516 0.339209
3517 0.315957
3518 0.31172
3519 0.341442
3520 0.347495
3521 0.327655
3522 0.334286
3523 0.346658
3524 0.356402
3525 0.316529
3526 0.348723
3527 0.412388
3528 0.382957
3529 0.371555
3530 0.368904
3531 0.346308
3532 0.317589
3533 0.327032
3534 0.32451
3535 0.320069
3536 0.340979
3537 0.344376
3538 0.301409
3539 0.348758
3540 0.347808
3541 0.367392
3542 0.360722
3543 0.310997
3544 0.30147
3545 0.339123
3546 0.370153
3547 0.346144
3548 0.346434
3549 0.312913
3550 0.307124
3551 0.34281
3552 0.380786
3553 0.353966
3554 0.315739
3555 0.342328
3556 0.31102
3557 0.312491
3558 0.320144
3559 0.333568
3560 0.318122
3561 0.32515
3562 0.303658
3563 0.376324
3564 0.331035
3565 0.326225
3566 0.361872
3567 0.345941
3568 0.327217
3569 0.321058
3570 0.362891
3571 0.31975
3572 0.304893
3573 0.317666
3574 0.319233
3575 0.352159
3576 0.315425
3577 0.339767
3578 0.319553
3579 0.336599
3580 0.357569
3581 0.308465
3582 0.334558
3583 0.334227
3584 0.317192
3585 0.325797
3586 0.327754
3587 0.331095
3588 0.303158
3589 0.313168
3590 0.390029
3591 0.348044
3592 0.340839
3593 0.36699
3594 0.315469
3595 0.293388
3596 0.362205
3597 0.428075
3598 0.367195
3599 0.364265
3600 0.389265
3601 0.317461
3602 0.384463
3603 0.33422
3604 0.310975
3605 0.345019
3606 0.323878
3607 0.391774
3608 0.307008
3609 0.320791
3610 0.312507
3611 0.328429
3612 0.360664
3613 0.316761
3614 0.332857
3615 0.326093
3616 0.331175
3617 0.311148
3618 0.344981
3619 0.346482
3620 0.33148
3621 0.304205
3622 0.362675
3623 0.34062
3624 0.379291
3625 0.358763
3626 0.35776
3627 0.328052
3628 0.338827
3629 0.327505
3630 0.310805
3631 0.355614
3632 0.32866
3633 0.362371
3634 0.393945
3635 0.328288
3636 0.325323
3637 0.344701
3638 0.36771
3639 0.336787
3640 0.339987
3641 0.326308
3642 0.345835
3643 0.381089
3644 0.338927
3645 0.335559
3646 0.355562
3647 0.342757
3648 0.328914
3649 0.32981
3650 0.355816
3651 0.341236
3652 0.317043
3653 0.31678
3654 0.334513
3655 0.308984
3656 0.336096
3657 0.309627
3658 0.326536
3659 0.40177
3660 0.312619
3661 0.396036
3662 0.323456
3663 0.328706
3664 0.344521
3665 0.364207
3666 0.318368
3667 0.394858
3668 0.369534
3669 0.321098
3670 0.326867
3671 0.326854
3672 0.394076
3673 0.342366
3674 0.311714
3675 0.334905
3676 0.295265
3677 0.332353
3678 0.345004
3679 0.34607
3680 0.375963
3681 0.339054
3682 0.376179
3683 0.358328
3684 0.323213
3685 0.338224
3686 0.350841
3687 0.314546
3688 0.298425
3689 0.344822
3690 0.33977
3691 0.358001
3692 0.353878
3693 0.309262
3694 0.297361
3695 0.298184
3696 0.347281
3697 0.39632
3698 0.392955
3699 0.320744
3700 0.297519
3701 0.384606
3702 0.326231
3703 0.305646
3704 0.318813
3705 0.35326
3706 0.306207
3707 0.372766
3708 0.3416
3709 0.309647
3710 0.31268
3711 0.35199
3712 0.381972
3713 0.346554
3714 0.346071
3715 0.340281
3716 0.335386
3717 0.349519
3718 0.321993
3719 0.31873
3720 0.318566
3721 0.39657
3722 0.430925
3723 0.34671
3724 0.354953
3725 0.358768
3726 0.343156
3727 0.329243
3728 0.315603
3729 0.303504
3730 0.311593
3731 0.327881
3732 0.318892
3733 0.3663
3734 0.353799
3735 0.309048
3736 0.344388
3737 0.380644
3738 0.314431
3739 0.320192
3740 0.335354
3741 0.326081
3742 0.298515
3743 0.35637
3744 0.317364
3745 0.3747
3746 0.34638
3747 0.287797
3748 0.337855
3749 0.342146
3750 0.368621
3751 0.326616
3752 0.391022
3753 0.348526
3754 0.306428
3755 0.32075
3756 0.319809
3757 0.348233
3758 0.335513
3759 0.396291
3760 0.352024
3761 0.31852
3762 0.3768
3763 0.391559
3764 0.380655
3765 0.347128
3766 0.318813
3767 0.295818
3768 0.311663
3769 0.321595
3770 0.30129
3771 0.28924
3772 0.407762
3773 0.369597
3774 0.321032
3775 0.307677
3776 0.299311
3777 0.399283
3778 0.348686
3779 0.317322
3780 0.351873
3781 0.291525
3782 0.334602
3783 0.351158
3784 0.35046
3785 0.342734
3786 0.337704
3787 0.318251
3788 0.323872
3789 0.330265
3790 0.354755
3791 0.338325
3792 0.326316
3793 0.319006
3794 0.332245
3795 0.306873
3796 0.346539
3797 0.337623
3798 0.323185
3799 0.322642
3800 0.302677
3801 0.297095
3802 0.348302
3803 0.35273
3804 0.433559
3805 0.336527
3806 0.346358
3807 0.303657
3808 0.336869
3809 0.365577
3810 0.33123
3811 0.328721
3812 0.342882
3813 0.323177
3814 0.293728
3815 0.309646
3816 0.324242
3817 0.303051
3818 0.319237
3819 0.370588
3820 0.317321
3821 0.299323
3822 0.370969
3823 0.318537
3824 0.303113
3825 0.33328
3826 0.321409
3827 0.322993
3828 0.325174
3829 0.333825
3830 0.324117
3831 0.362778
3832 0.324375
3833 0.328216
3834 0.297282
3835 0.291026
3836 0.319411
3837 0.310501
3838 0.32017
3839 0.319174
3840 0.32259
3841 0.311614
3842 0.298665
3843 0.316722
3844 0.301284
3845 0.289277
3846 0.281522
3847 0.280393
3848 0.30674
3849 0.311375
3850 0.317497
3851 0.286853
3852 0.286364
3853 0.30981
3854 0.358418
3855 0.275609
3856 0.321239
3857 0.423444
3858 0.476622
3859 0.360552
3860 0.304695
3861 0.307573
3862 0.369281
3863 0.375275
3864 0.339249
3865 0.313159
3866 0.326275
3867 0.316338
3868 0.319871
3869 0.353306
3870 0.316024
3871 0.312638
3872 0.387931
3873 0.313869
3874 0.357863
3875 0.333421
3876 0.335714
3877 0.311566
3878 0.308327
3879 0.317286
3880 0.316522
3881 0.336419
3882 0.299193
3883 0.35235
3884 0.30992
3885 0.335771
3886 0.309909
3887 0.385601
3888 0.335864
3889 0.331771
3890 0.31776
3891 0.336819
3892 0.333121
3893 0.301494
3894 0.314648
3895 0.307496
3896 0.294276
3897 0.305641
3898 0.340095
3899 0.373011
3900 0.291031
3901 0.311385
3902 0.282658
3903 0.324197
3904 0.285805
3905 0.342801
3906 0.322081
3907 0.276805
3908 0.310269
3909 0.343373
3910 0.334885
3911 0.340769
3912 0.319062
3913 0.313249
3914 0.300047
3915 0.312928
3916 0.297233
3917 0.324138
3918 0.337046
3919 0.327562
3920 0.307835
3921 0.321837
3922 0.308507
3923 0.311364
3924 0.334062
3925 0.321381
3926 0.326429
3927 0.324305
3928 0.30852
3929 0.299775
3930 0.314092
3931 0.332642
3932 0.317181
3933 0.342738
3934 0.345678
3935 0.287788
3936 0.307006
3937 0.299657
3938 0.29691
3939 0.316556
3940 0.295467
3941 0.309492
3942 0.344127
3943 0.334002
3944 0.311014
3945 0.325166
3946 0.286412
3947 0.298603
3948 0.303047
3949 0.333173
3950 0.321817
3951 0.292229
3952 0.312022
3953 0.287414
3954 0.282833
3955 0.320882
3956 0.35942
3957 0.364337
3958 0.322965
3959 0.347835
3960 0.300379
3961 0.318771
3962 0.339747
3963 0.284104
3964 0.331462
3965 0.301908
3966 0.301415
3967 0.290689
3968 0.310617
3969 0.311031
3970 0.335141
3971 0.310795
3972 0.300729
3973 0.296411
3974 0.325464
3975 0.326886
3976 0.328594
3977 0.299622
3978 0.320261
3979 0.289427
3980 0.334577
3981 0.351038
3982 0.329018
3983 0.296095
3984 0.312263
3985 0.273752
3986 0.312671
3987 0.342394
3988 0.32318
3989 0.294601
3990 0.307248
3991 0.302646
3992 0.379934
3993 0.319307
3994 0.322573
3995 0.338285
3996 0.33413
3997 0.278691
3998 0.299013
3999 0.305369
4000 0.296844
4001 0.299222
4002 0.297653
4003 0.308611
4004 0.337572
4005 0.294154
4006 0.302972
4007 0.295475
4008 0.324287
4009 0.278474
4010 0.316277
4011 0.310847
4012 0.288077
4013 0.293402
4014 0.276794
4015 0.34826
4016 0.300869
4017 0.306309
4018 0.341266
4019 0.288254
4020 0.322359
4021 0.303639
4022 0.278187
4023 0.302644
4024 0.284996
4025 0.37905
4026 0.380375
4027 0.332292
4028 0.334245
4029 0.322355
4030 0.265477
4031 0.331955
4032 0.300914
4033 0.311046
4034 0.298527
4035 0.31467
4036 0.347996
4037 0.281078
4038 0.316364
4039 0.315363
4040 0.319238
4041 0.287737
4042 0.32973
4043 0.329328
4044 0.272617
4045 0.312843
4046 0.287758
4047 0.330651
4048 0.324115
4049 0.303692
4050 0.296218
4051 0.29774
4052 0.308431
4053 0.337959
4054 0.309846
4055 0.286149
4056 0.293157
4057 0.306238
4058 0.294899
4059 0.272064
4060 0.321758
4061 0.304607
4062 0.327785
4063 0.338491
4064 0.295826
4065 0.330225
4066 0.359828
4067 0.36493
4068 0.29994
4069 0.327711
4070 0.27348
4071 0.307964
4072 0.36091
4073 0.287222
4074 0.293918
4075 0.325058
4076 0.273432
4077 0.289308
4078 0.29489
4079 0.28127
4080 0.295703
4081 0.279989
4082 0.320648
4083 0.29435
4084 0.27857
4085 0.306504
4086 0.283679
4087 0.303225
4088 0.312591
4089 0.30278
4090 0.332129
4091 0.361392
4092 0.293842
4093 0.323321
4094 0.315834
4095 0.341404
4096 0.36429
4097 0.365394
4098 0.28313
4099 0.315484
4100 0.332794
4101 0.321131
4102 0.275449
4103 0.336394
4104 0.273509
4105 0.286399
4106 0.331814
4107 0.293466
4108 0.314444
4109 0.325293
4110 0.310091
4111 0.350574
4112 0.275785
4113 0.313083
4114 0.369397
4115 0.262223
4116 0.28929
4117 0.287194
4118 0.330695
4119 0.284034
4120 0.338225
4121 0.309336
4122 0.285644
4123 0.277241
4124 0.297949
4125 0.340384
4126 0.377695
4127 0.30968
4128 0.298986
4129 0.305367
4130 0.311804
4131 0.314635
4132 0.291603
4133 0.295816
4134 0.323906
4135 0.270686
4136 0.28988
4137 0.289355
4138 0.277383
4139 0.318543
4140 0.32712
4141 0.335102
4142 0.300426
4143 0.292196
4144 0.303531
4145 0.313677
4146 0.32606
4147 0.307112
4148 0.268578
4149 0.296976
4150 0.33677
4151 0.390402
4152 0.299431
4153 0.309099
4154 0.376717
4155 0.317215
4156 0.265887
4157 0.29059
4158 0.296959
4159 0.291865
4160 0.303611
4161 0.310399
4162 0.32211
4163 0.298712
4164 0.291155
4165 0.292718
4166 0.354312
4167 0.315321
4168 0.285489
4169 0.299772
4170 0.301101
4171 0.319829
4172 0.30574
4173 0.285585
4174 0.345564
4175 0.319932
4176 0.290722
4177 0.28797
4178 0.287984
4179 0.304912
4180 0.322867
4181 0.311525
4182 0.256341
4183 0.260057
4184 0.313421
4185 0.305138
4186 0.288726
4187 0.282398
4188 0.389063
4189 0.288874
4190 0.320039
4191 0.394803
4192 0.315656
4193 0.296531
4194 0.315229
4195 0.27877
4196 0.284802
4197 0.281208
4198 0.3075
4199 0.263978
4200 0.293833
4201 0.360641
4202 0.333429
4203 0.308229
4204 0.272206
4205 0.311096
4206 0.324067
4207 0.310479
4208 0.310937
4209 0.318113
4210 0.30192
4211 0.289998
4212 0.334788
4213 0.326406
4214 0.265799
4215 0.320771
4216 0.285317
4217 0.281757
4218 0.276131
4219 0.356443
4220 0.273328
4221 0.306598
4222 0.29146
4223 0.298044
4224 0.344311
4225 0.285939
4226 0.300592
4227 0.295042
4228 0.281174
4229 0.274195
4230 0.304362
4231 0.293667
4232 0.389566
4233 0.295054
4234 0.297487
4235 0.286636
4236 0.32428
4237 0.271683
4238 0.314324
4239 0.295416
4240 0.314646
4241 0.286316
4242 0.274234
4243 0.283705
4244 0.289714
4245 0.284147
4246 0.28208
4247 0.327612
4248 0.302581
4249 0.270458
4250 0.281014
4251 0.30534
4252 0.300192
4253 0.276845
4254 0.280436
4255 0.294713
4256 0.272761
4257 0.292871
4258 0.280308
4259 0.287408
4260 0.300406
4261 0.365928
4262 0.312634
4263 0.279224
4264 0.266311
4265 0.309369
4266 0.297496
4267 0.27934
4268 0.285914
4269 0.307512
4270 0.297861
4271 0.283487
4272 0.305964
4273 0.273984
4274 0.289513
4275 0.265234
4276 0.253086
4277 0.266975
4278 0.276463
4279 0.254076
4280 0.265833
4281 0.252153
4282 0.307649
4283 0.267621
4284 0.283917
4285 0.412075
4286 0.284753
4287 0.323799
4288 0.306114
4289 0.290647
4290 0.29431
4291 0.298592
4292 0.29051
4293 0.296655
4294 0.283226
4295 0.295158
4296 0.303736
4297 0.282341
4298 0.259435
4299 0.277199
4300 0.26271
4301 0.37785
4302 0.318848
4303 0.305649
4304 0.355556
4305 0.267336
4306 0.323128
4307 0.289028
4308 0.299673
4309 0.290194
4310 0.306902
4311 0.304262
4312 0.289705
4313 0.269747
4314 0.272483
4315 0.296865
4316 0.325078
4317 0.302621
4318 0.264031
4319 0.302201
4320 0.269813
4321 0.266201
4322 0.267097
4323 0.250611
4324 0.261796
4325 0.287857
4326 0.290004
4327 0.337547
4328 0.312849
4329 0.264307
4330 0.29025
4331 0.272057
4332 0.308403
4333 0.333781
4334 0.274007
4335 0.32115
4336 0.280758
4337 0.296035
4338 0.299489
4339 0.321495
4340 0.291565
4341 0.271801
4342 0.26555
4343 0.274779
4344 0.289801
4345 0.284916
4346 0.311043
4347 0.264946
4348 0.302715
4349 0.265736
4350 0.306992
4351 0.25746
4352 0.290433
4353 0.279734
4354 0.298092
4355 0.268276
4356 0.284683
4357 0.3082
4358 0.30444
4359 0.306196
4360 0.285083
4361 0.274597
4362 0.28709
4363 0.339898
4364 0.293078
4365 0.292213
4366 0.306338
4367 0.2756
4368 0.305908
4369 0.265594
4370 0.279766
4371 0.317069
4372 0.30955
4373 0.270283
4374 0.296044
4375 0.266008
4376 0.262839
4377 0.268315
4378 0.290419
4379 0.259006
4380 0.288973
4381 0.288836
4382 0.318397
4383 0.283616
4384 0.27913
4385 0.298353
4386 0.322732
4387 0.271942
4388 0.290528
4389 0.280675
4390 0.301072
4391 0.276308
4392 0.282961
4393 0.288935
4394 0.293817
4395 0.26184
4396 0.296715
4397 0.290156
4398 0.300656
4399 0.26624
4400 0.289399
4401 0.261856
4402 0.268087
4403 0.295185
4404 0.298153
4405 0.305858
4406 0.288853
4407 0.251896
4408 0.282827
4409 0.331772
4410 0.32549
4411 0.291891
4412 0.304266
4413 0.266866
4414 0.281051
4415 0.288711
4416 0.291595
4417 0.259621
4418 0.29939
4419 0.256523
4420 0.258977
4421 0.325414
4422 0.26678
4423 0.286499
4424 0.335522
4425 0.287471
4426 0.288623
4427 0.265851
4428 0.291792
4429 0.261295
4430 0.287703
4431 0.264342
4432 0.286399
4433 0.311814
4434 0.294849
4435 0.284405
4436 0.280943
4437 0.298407
4438 0.300151
4439 0.304792
4440 0.284846
4441 0.279279
4442 0.26884
4443 0.25713
4444 0.284705
4445 0.275393
4446 0.263099
4447 0.300851
4448 0.284283
4449 0.268114
4450 0.270052
4451 0.277837
4452 0.253502
4453 0.290902
4454 0.309676
4455 0.389697
4456 0.320841
4457 0.339809
4458 0.270556
4459 0.270089
4460 0.29828
4461 0.24885
4462 0.28776
4463 0.252063
4464 0.29005
4465 0.359864
4466 0.253611
4467 0.274153
4468 0.293241
4469 0.283193
4470 0.275289
4471 0.274198
4472 0.289827
4473 0.293728
4474 0.255019
4475 0.288131
4476 0.281879
4477 0.282804
4478 0.272387
4479 0.269022
4480 0.294995
4481 0.29212
4482 0.290032
4483 0.271621
4484 0.268579
4485 0.260025
4486 0.288954
4487 0.264583
4488 0.248389
4489 0.290849
4490 0.261254
4491 0.330185
4492 0.302037
4493 0.278316
4494 0.290406
4495 0.309075
4496 0.310091
4497 0.291331
4498 0.264084
4499 0.30799
4500 0.287603
4501 0.362876
4502 0.268332
4503 0.287177
4504 0.313224
4505 0.241991
4506 0.263917
4507 0.272492
4508 0.293443
4509 0.266727
4510 0.260418
4511 0.294957
4512 0.260287
4513 0.310929
4514 0.27203
4515 0.261574
4516 0.325922
4517 0.305382
4518 0.313836
4519 0.292467
4520 0.305346
4521 0.284369
4522 0.302191
4523 0.285941
4524 0.31505
4525 0.302413
4526 0.323111
4527 0.280105
4528 0.278338
4529 0.291952
4530 0.278466
4531 0.243144
4532 0.301109
4533 0.27172
4534 0.268865
4535 0.272456
4536 0.277062
4537 0.321838
4538 0.307012
4539 0.299715
4540 0.293285
4541 0.269401
4542 0.276532
4543 0.328158
4544 0.287526
4545 0.266441
4546 0.272028
4547 0.299236
4548 0.290291
4549 0.303643
4550 0.295635
4551 0.267487
4552 0.26242
4553 0.263724
4554 0.28957
4555 0.340662
4556 0.280723
4557 0.296024
4558 0.306384
4559 0.269281
4560 0.281365
4561 0.24487
4562 0.281871
4563 0.278296
4564 0.294195
4565 0.308533
4566 0.266036
4567 0.30452
4568 0.281036
4569 0.311757
4570 0.3208
4571 0.268612
4572 0.308555
4573 0.253746
4574 0.249827
4575 0.307525
4576 0.271377
4577 0.273003
4578 0.272974
4579 0.309836
4580 0.309801
4581 0.30625
4582 0.316464
4583 0.315033
4584 0.290598
4585 0.247809
4586 0.248833
4587 0.257596
4588 0.301188
4589 0.259821
4590 0.279699
4591 0.269912
4592 0.272081
4593 0.27592
4594 0.256483
4595 0.336576
4596 0.257542
4597 0.268098
4598 0.306301
4599 0.292243
4600 0.307285
4601 0.273321
4602 0.295992
4603 0.267841
4604 0.303006
4605 0.268019
4606 0.305723
4607 0.290377
4608 0.281268
4609 0.304749
4610 0.303679
4611 0.268009
4612 0.26682
4613 0.297827
4614 0.271601
4615 0.272563
4616 0.265417
4617 0.30818
4618 0.277651
4619 0.318342
4620 0.304476
4621 0.290703
4622 0.2624
4623 0.248173
4624 0.257349
4625 0.294757
4626 0.280618
4627 0.283443
4628 0.253822
4629 0.284778
4630 0.341745
4631 0.272875
4632 0.283971
4633 0.273955
4634 0.322764
4635 0.282673
4636 0.277085
4637 0.3694
4638 0.26714
4639 0.275332
4640 0.283918
4641 0.329715
4642 0.283957
4643 0.260152
4644 0.25551
4645 0.276232
4646 0.25542
4647 0.276568
4648 0.298285
4649 0.278386
4650 0.261711
4651 0.259093
4652 0.260068
4653 0.288887
4654 0.300112
4655 0.313416
4656 0.259427
4657 0.268116
4658 0.263118
4659 0.281199
4660 0.272039
4661 0.330194
4662 0.265336
4663 0.309083
4664 0.264123
4665 0.275934
4666 0.324521
4667 0.256205
4668 0.299873
4669 0.262051
4670 0.271552
4671 0.300175
4672 0.265191
4673 0.269396
4674 0.275152
4675 0.237325
4676 0.300503
4677 0.271482
4678 0.254658
4679 0.280721
4680 0.321158
4681 0.246422
4682 0.242177
4683 0.292482
4684 0.291657
4685 0.261163
4686 0.258553
4687 0.259085
4688 0.286643
4689 0.267769
4690 0.278611
4691 0.251575
4692 0.247634
4693 0.301155
4694 0.235395
4695 0.267924
4696 0.268515
4697 0.250927
4698 0.284479
4699 0.271909
4700 0.260592
4701 0.274444
4702 0.233028
4703 0.248365
4704 0.252859
4705 0.242985
4706 0.253788
4707 0.279721
4708 0.23902
4709 0.238957
4710 0.243822
4711 0.278475
4712 0.238356
4713 0.258696
4714 0.347693
4715 0.362419
4716 0.288155
4717 0.270418
4718 0.273726
4719 0.279935
4720 0.279327
4721 0.302872
4722 0.260215
4723 0.257592
4724 0.260145
4725 0.283253
4726 0.269939
4727 0.252301
4728 0.270205
4729 0.264002
4730 0.337594
4731 0.282977
4732 0.259772
4733 0.325055
4734 0.247832
4735 0.280722
4736 0.277149
4737 0.292988
4738 0.289565
4739 0.286043
4740 0.292409
4741 0.292198
4742 0.29119
4743 0.235608
4744 0.33247
4745 0.276779
4746 0.298288
4747 0.268247
4748 0.283761
4749 0.295266
4750 0.242474
4751 0.249903
4752 0.248585
4753 0.222669
4754 0.283323
4755 0.257147
4756 0.397853
4757 0.258853
4758 0.254773
4759 0.240134
4760 0.260089
4761 0.272444
4762 0.275144
4763 0.270322
4764 0.26297
4765 0.261487
4766 0.25254
4767 0.27976
4768 0.276082
4769 0.270198
4770 0.292276
4771 0.258976
4772 0.277386
4773 0.26401
4774 0.261707
4775 0.282233
4776 0.256867
4777 0.264482
4778 0.269581
4779 0.299087
4780 0.258194
4781 0.262799
4782 0.276702
4783 0.285523
4784 0.284427
4785 0.272091
4786 0.257293
4787 0.298833
4788 0.259901
4789 0.25374
4790 0.244748
4791 0.244635
4792 0.269133
4793 0.250604
4794 0.286942
4795 0.306527
4796 0.256476
4797 0.256642
4798 0.258334
4799 0.266052
4800 0.27339
4801 0.296318
4802 0.277746
4803 0.243935
4804 0.251183
4805 0.25649
4806 0.250589
4807 0.265919
4808 0.292125
4809 0.24653
4810 0.271504
4811 0.246978
4812 0.268689
4813 0.29199
4814 0.302611
4815 0.2655
4816 0.248589
4817 0.267823
4818 0.232113
4819 0.26859
4820 0.27532
4821 0.238551
4822 0.248239
4823 0.260079
4824 0.240234
4825 0.309741
4826 0.248346
4827 0.299796
4828 0.290026
4829 0.248888
4830 0.23737
4831 0.253417
4832 0.258119
4833 0.252325
4834 0.266391
4835 0.289272
4836 0.271319
4837 0.266482
4838 0.305369
4839 0.282699
4840 0.26862
4841 0.28584
4842 0.236568
4843 0.259191
4844 0.237478
4845 0.283052
4846 0.225841
4847 0.269208
4848 0.235581
4849 0.287501
4850 0.247117
4851 0.235553
4852 0.310176
4853 0.27283
4854 0.260387
4855 0.226416
4856 0.259509
4857 0.277142
4858 0.232331
4859 0.270442
4860 0.255518
4861 0.245478
4862 0.252391
4863 0.266821
4864 0.247756
4865 0.269322
4866 0.275455
4867 0.23728
4868 0.266548
4869 0.25889
4870 0.268315
4871 0.252899
4872 0.253991
4873 0.29541
4874 0.247929
4875 0.26203
4876 0.272496
4877 0.248038
4878 0.252534
4879 0.23387
4880 0.255754
4881 0.268485
4882 0.26619
4883 0.337142
4884 0.302843
4885 0.345997
4886 0.307023
4887 0.241374
4888 0.250992
4889 0.301097
4890 0.268923
4891 0.266732
4892 0.264409
4893 0.245942
4894 0.290283
4895 0.233374
4896 0.266014
4897 0.255962
4898 0.283575
4899 0.246254
4900 0.277262
4901 0.246215
4902 0.244581
4903 0.259468
4904 0.270636
4905 0.275937
4906 0.249274
4907 0.233385
4908 0.260681
4909 0.255511
4910 0.26426
4911 0.267608
4912 0.244107
4913 0.228222
4914 0.276827
4915 0.241413
4916 0.269959
4917 0.25519
4918 0.253828
4919 0.248546
4920 0.281834
4921 0.288934
4922 0.277731
4923 0.302287
4924 0.291711
4925 0.257562
4926 0.266062
4927 0.280741
4928 0.259992
4929 0.285892
4930 0.309092
4931 0.265946
4932 0.251784
4933 0.277235
4934 0.253045
4935 0.231472
4936 0.238891
4937 0.267755
4938 0.269819
4939 0.241289
4940 0.254753
4941 0.236798
4942 0.253336
4943 0.225864
4944 0.241206
4945 0.2895
4946 0.245848
4947 0.320507
4948 0.264362
4949 0.295911
4950 0.253131
4951 0.292071
4952 0.25887
4953 0.293981
4954 0.283124
4955 0.230658
4956 0.252007
4957 0.248355
4958 0.331399
4959 0.277486
4960 0.230576
4961 0.274228
4962 0.237571
4963 0.264776
4964 0.268492
4965 0.278996
4966 0.283581
4967 0.257907
4968 0.276382
4969 0.28156
4970 0.260513
4971 0.272226
4972 0.282549
4973 0.240233
4974 0.305552
4975 0.250736
4976 0.259091
4977 0.269915
4978 0.261098
4979 0.23644
4980 0.24718
4981 0.227624
4982 0.28203
4983 0.305893
4984 0.326064
4985 0.27092
4986 0.242287
4987 0.279518
4988 0.242407
4989 0.231836
4990 0.23439
4991 0.246839
4992 0.227742
4993 0.243786
4994 0.269772
4995 0.251114
4996 0.263942
4997 0.258256
4998 0.299008
4999 0.285544
5000 0.248807
