0 4.24363
1 24.5352
2 16.92
3 7.07508
4 8.82068
5 7.33636
6 4.29527
7 3.07485
8 2.8165
9 2.70692
10 2.46829
11 2.3384
12 1.90244
13 1.98046
14 2.13193
15 2.5151
16 2.72397
17 2.76061
18 2.19459
19 1.97598
20 2.05549
21 2.02356
22 2.04051
23 1.96277
24 1.94946
25 2.2982
26 2.13538
27 2.21556
28 2.14868
29 2.05892
30 1.91194
31 1.74083
32 1.85497
33 1.79369
34 1.70566
35 1.64688
36 1.39917
37 1.66716
38 1.56183
39 1.57221
40 1.58715
41 1.66283
42 1.55111
43 1.63612
44 1.83784
45 1.55215
46 1.51369
47 1.41115
48 1.55557
49 1.55472
50 1.38934
51 1.80753
52 1.59662
53 1.52185
54 1.72525
55 1.71634
56 1.55086
57 1.54586
58 1.66082
59 1.69866
60 1.52515
61 1.45015
62 1.6886
63 1.85881
64 1.43661
65 1.59927
66 1.47517
67 1.4455
68 1.48255
69 1.44557
70 1.68115
71 1.52958
72 1.54422
73 1.55262
74 1.52643
75 1.76538
76 2.25902
77 1.5893
78 1.56148
79 1.43087
80 1.42013
81 1.50963
82 1.38173
83 1.39367
84 1.54202
85 1.46681
86 1.57731
87 1.30398
88 1.33777
89 1.29195
90 1.42103
91 1.49813
92 1.38796
93 1.39017
94 1.5283
95 1.41641
96 1.51874
97 1.50937
98 1.50079
99 1.52002
100 1.48049
101 1.29585
102 1.29979
103 1.25319
104 1.33828
105 1.31814
106 1.3917
107 1.35344
108 1.18931
109 1.33279
110 1.42131
111 1.43714
112 1.34175
113 1.43085
114 1.19325
115 1.34328
116 1.31756
117 1.55414
118 1.59869
119 1.2462
120 1.20947
121 1.33445
122 1.44776
123 1.41555
124 1.55338
125 1.33547
126 1.28843
127 1.40065
128 1.34058
129 1.31143
130 1.2799
131 1.15275
132 1.33374
133 1.41902
134 1.4033
135 1.23896
136 1.51119
137 1.5348
138 1.30342
139 1.30941
140 1.18424
141 1.34677
142 1.2262
143 1.26906
144 1.27764
145 1.3574
146 1.3539
147 1.32463
148 1.32006
149 1.20525
150 1.37969
151 1.23424
152 1.35311
153 1.51175
154 1.42832
155 1.31987
156 1.18247
157 1.33928
158 1.28562
159 1.14414
160 1.26747
161 1.227
162 1.32366
163 1.22891
164 1.18276
165 1.21108
166 1.22264
167 1.30139
168 1.45594
169 1.55953
170 1.53687
171 1.33544
172 1.33247
173 1.60744
174 1.38522
175 1.35274
176 1.21915
177 1.26708
178 1.26844
179 1.22386
180 1.21153
181 1.23632
182 1.34482
183 1.22869
184 1.32979
185 1.22439
186 1.25227
187 1.19811
188 1.3649
189 1.31339
190 1.25701
191 1.22549
192 1.19587
193 1.29476
194 1.34112
195 1.2646
196 1.32615
197 1.22395
198 1.19457
199 1.25476
200 1.30663
201 1.19974
202 1.29111
203 1.17072
204 1.35519
205 1.43145
206 1.37099
207 1.22767
208 1.43954
209 1.22129
210 1.19248
211 1.32463
212 1.23055
213 1.33181
214 1.36022
215 1.06707
216 1.21272
217 1.24749
218 1.18863
219 1.18886
220 1.08926
221 1.34848
222 1.21923
223 1.10027
224 1.32497
225 1.06337
226 1.15702
227 1.13018
228 1.09756
229 1.21071
230 1.22562
231 1.25951
232 1.24405
233 1.35006
234 1.12398
235 1.13647
236 1.15586
237 1.18525
238 1.26457
239 1.2557
240 1.14313
241 1.1815
242 1.16226
243 1.27275
244 1.14854
245 1.22697
246 1.15234
247 1.06744
248 1.17931
249 1.2122
250 1.35847
251 1.17683
252 1.36577
253 1.32806
254 1.22661
255 1.30083
256 1.19914
257 1.17698
258 1.07293
259 1.11656
260 1.13158
261 1.1704
262 1.18277
263 1.18507
264 0.999219
265 1.13096
266 1.06312
267 1.19037
268 1.34074
269 1.17608
270 1.20638
271 1.18274
272 1.19676
273 1.19608
274 1.11659
275 1.12895
276 1.11737
277 1.18643
278 1.19234
279 1.17176
280 1.0994
281 1.21118
282 1.08116
283 1.28082
284 1.29978
285 1.28438
286 1.05607
287 1.17843
288 1.12384
289 1.19377
290 1.15709
291 1.17597
292 1.34869
293 1.10779
294 1.19639
295 1.28563
296 1.25564
297 1.18552
298 1.18631
299 0.980129
300 1.09051
301 1.124
302 1.11278
303 1.15447
304 1.07524
305 1.15207
306 1.1344
307 1.15635
308 1.12597
309 1.04849
310 1.04319
311 1.21474
312 1.2316
313 1.13377
314 1.0946
315 1.17884
316 1.1863
317 1.14387
318 1.18558
319 1.20746
320 1.20618
321 1.15396
322 1.3848
323 1.42505
324 1.11435
325 1.09991
326 1.03268
327 1.1306
328 1.11004
329 1.0718
330 1.23087
331 1.16017
332 1.2057
333 1.23854
334 1.08896
335 1.32633
336 1.13683
337 1.03563
338 1.19471
339 1.08214
340 1.08987
341 1.0841
342 1.03638
343 1.45293
344 1.17667
345 1.15475
346 1.00305
347 1.35953
348 1.27295
349 1.11414
350 1.32566
351 1.11414
352 1.14089
353 1.17401
354 1.33082
355 1.12804
356 1.06021
357 1.09068
358 1.05348
359 1.00003
360 1.05795
361 1.17439
362 1.06764
363 1.03276
364 1.05216
365 1.06586
366 0.981223
367 1.21213
368 1.19692
369 1.08765
370 1.04975
371 1.00324
372 1.16584
373 1.14953
374 1.31383
375 1.10088
376 1.15419
377 0.935198
378 1.08982
379 1.14602
380 1.0806
381 1.16095
382 1.14354
383 1.05419
384 1.05875
385 1.02457
386 1.05567
387 1.03579
388 1.01123
389 1.1651
390 1.14092
391 1.05129
392 1.08767
393 1.06067
394 1.07528
395 1.00359
396 1.04597
397 1.09676
398 1.00453
399 1.05107
400 1.10154
401 1.08937
402 1.04072
403 1.01934
404 1.05037
405 1.00295
406 1.0919
407 0.933388
408 1.03405
409 0.969494
410 1.02221
411 1.16286
412 1.01792
413 0.962981
414 1.06288
415 0.932677
416 0.910699
417 0.999766
418 0.985469
419 0.96407
420 1.02616
421 0.938718
422 0.904829
423 0.918099
424 1.30536
425 0.956433
426 0.955017
427 1.26098
428 0.950662
429 1.11209
430 1.01152
431 1.17827
432 0.995039
433 1.02543
434 1.05805
435 1.13159
436 0.947272
437 1.04359
438 1.0482
439 1.03129
440 1.05632
441 1.06205
442 0.983458
443 1.07838
444 1.08094
445 1.01892
446 1.0328
447 1.05971
448 1.0825
449 0.995228
450 1.09894
451 1.04991
452 1.02527
453 1.15142
454 1.05135
455 1.12532
456 0.936115
457 1.22892
458 1.23105
459 1.23366
460 1.06684
461 1.0297
462 1.10454
463 1.03913
464 1.00427
465 0.953681
466 0.9761
467 0.928633
468 1.03893
469 1.52645
470 1.23151
471 1.33401
472 1.01726
473 1.05066
474 1.05541
475 1.05707
476 0.929581
477 0.992947
478 1.00578
479 1.04825
480 1.05817
481 1.04657
482 1.10278
483 1.0719
484 0.929991
485 1.02458
486 0.980587
487 1.05158
488 1.2026
489 0.991782
490 0.977923
491 1.12633
492 1.01209
493 0.97039
494 1.07603
495 0.988532
496 1.05794
497 1.00224
498 1.04388
499 1.05587
500 1.06176
501 1.08083
502 0.977638
503 0.967928
504 1.12619
505 1.12307
506 0.956061
507 0.964313
508 1.01415
509 0.976075
510 1.09852
511 0.950868
512 1.0943
513 1.01663
514 1.0938
515 0.962031
516 0.954659
517 0.889106
518 1.01706
519 1.0312
520 1.04886
521 0.98829
522 1.06906
523 1.05228
524 0.990979
525 0.961737
526 1.09763
527 1.03441
528 1.14994
529 0.952223
530 0.942567
531 0.900531
532 0.947888
533 0.958566
534 0.97393
535 0.907579
536 0.886838
537 0.91151
538 1.01781
539 1.01637
540 0.979318
541 0.99877
542 0.948449
543 0.892163
544 0.99444
545 0.986665
546 1.02961
547 1.10594
548 0.943148
549 0.892701
550 0.923735
551 1.11492
552 1.00309
553 1.0797
554 0.987079
555 0.883552
556 0.984279
557 0.892539
558 0.967509
559 0.916286
560 0.897259
561 0.992093
562 0.959466
563 0.963884
564 0.901117
565 1.10694
566 1.04335
567 1.01917
568 0.9482
569 0.887722
570 0.95144
571 0.885638
572 0.971121
573 0.973456
574 0.923035
575 0.915982
576 0.979192
577 0.909086
578 0.937543
579 0.962508
580 0.909391
581 1.00237
582 1.10383
583 1.11393
584 0.932404
585 0.985755
586 1.02182
587 0.959904
588 0.899594
589 0.995457
590 1.01255
591 1.00856
592 0.943844
593 0.889428
594 0.922523
595 1.05081
596 1.02491
597 1.09599
598 1.1266
599 1.04516
600 0.921355
601 1.00938
602 0.932767
603 0.898172
604 0.928442
605 0.973972
606 0.935747
607 0.930369
608 0.87076
609 0.897632
610 0.906126
611 0.982427
612 0.936482
613 1.01214
614 0.918941
615 0.888618
616 0.919231
617 0.980085
618 0.967161
619 0.902752
620 0.872328
621 0.931948
622 0.932433
623 0.920873
624 0.949829
625 0.900184
626 0.916596
627 0.952017
628 0.9318
629 0.921359
630 0.916277
631 0.950611
632 0.922277
633 0.983481
634 1.01292
635 0.986182
636 0.949098
637 1.0824
638 0.895565
639 0.985186
640 0.906914
641 0.935453
642 0.911445
643 0.874632
644 0.89767
645 0.904158
646 0.971934
647 0.859608
648 0.88486
649 0.90328
650 0.933239
651 0.837037
652 0.845706
653 0.979074
654 0.861422
655 0.897452
656 0.831614
657 0.840016
658 0.90985
659 0.937477
660 1.05287
661 1.11017
662 0.93923
663 0.879462
664 0.936339
665 0.874259
666 1.01663
667 0.905252
668 0.822342
669 0.932062
670 0.953904
671 1.00896
672 0.929141
673 0.813479
674 0.971095
675 0.846178
676 0.866185
677 0.887363
678 0.921377
679 0.947231
680 0.879611
681 1.02094
682 0.92904
683 0.876334
684 0.939255
685 0.98859
686 0.925327
687 0.811297
688 0.837165
689 0.892105
690 0.869582
691 0.961487
692 0.894353
693 0.887183
694 0.850102
695 0.934032
696 0.999541
697 1.06672
698 0.951863
699 0.906174
700 0.919763
701 1.05392
702 0.871655
703 0.859312
704 0.886907
705 0.966109
706 0.905328
707 0.85267
708 0.84299
709 0.861189
710 0.879262
711 0.835401
712 1.03045
713 0.991114
714 0.852869
715 0.903032
716 0.864267
717 0.948543
718 0.854986
719 0.86965
720 0.856426
721 1.0559
722 0.898587
723 0.930667
724 0.92054
725 1.00359
726 0.820806
727 0.820635
728 0.797764
729 0.895534
730 0.930163
731 0.847645
732 0.868921
733 0.884942
734 0.846745
735 0.873924
736 0.969047
737 0.837596
738 0.810846
739 0.80967
740 0.927175
741 0.844528
742 0.90866
743 0.865149
744 0.917054
745 0.942324
746 0.833234
747 0.9701
748 0.886772
749 0.891589
750 0.885704
751 1.02956
752 0.838712
753 0.802168
754 0.908996
755 0.803132
756 0.834969
757 0.815998
758 0.99519
759 0.893981
760 0.862129
761 0.960981
762 0.972056
763 0.864644
764 0.944499
765 0.88365
766 0.821058
767 0.865676
768 0.850885
769 0.876418
770 0.789722
771 0.908289
772 0.996494
773 0.8647
774 0.836591
775 0.799389
776 1.00794
777 0.89392
778 0.806522
779 1.05119
780 0.827988
781 0.840829
782 0.901502
783 1.04218
784 0.976277
785 0.851867
786 0.863581
787 0.81881
788 0.803726
789 0.829676
790 1.02047
791 0.810966
792 0.872517
793 0.843595
794 0.786692
795 0.810549
796 0.936798
797 0.860948
798 0.830039
799 0.813847
800 0.781277
801 0.916615
802 0.8963
803 1.03774
804 0.860155
805 0.821506
806 0.755421
807 0.847528
808 0.906258
809 0.946949
810 0.850594
811 0.862829
812 0.795824
813 0.779814
814 0.770291
815 0.84369
816 0.783716
817 0.748343
818 0.910433
819 0.816623
820 0.792466
821 0.919461
822 0.82223
823 0.808264
824 0.777122
825 0.862537
826 0.865267
827 0.792157
828 0.900794
829 0.786724
830 0.880935
831 0.780826
832 0.778585
833 0.8092
834 0.751916
835 0.797133
836 0.774925
837 0.819058
838 0.822135
839 0.802085
840 0.860573
841 0.79717
842 0.766954
843 0.822994
844 0.741705
845 0.728651
846 0.751482
847 0.768846
848 0.735303
849 0.820852
850 0.726587
851 0.726652
852 0.807851
853 0.81256
854 0.744651
855 0.751537
856 1.07679
857 0.793411
858 0.860757
859 0.806824
860 0.776542
861 0.809113
862 0.843492
863 0.891878
864 0.81805
865 0.76122
866 0.745896
867 0.804386
868 0.809106
869 0.764719
870 0.817468
871 0.815805
872 0.834851
873 0.867205
874 0.874206
875 0.824618
876 0.720997
877 0.884872
878 0.84657
879 0.880274
880 0.853037
881 0.796176
882 0.880607
883 0.801974
884 0.832504
885 0.807544
886 0.985199
887 0.99615
888 0.761289
889 0.827913
890 0.824629
891 0.806861
892 0.80641
893 0.82022
894 0.789
895 0.758151
896 0.798096
897 0.772755
898 1.07005
899 0.823289
900 0.766609
901 0.784944
902 0.843944
903 0.793705
904 0.817297
905 0.76115
906 0.7466
907 0.765483
908 0.860695
909 0.845265
910 0.801547
911 0.790897
912 0.787444
913 0.754631
914 0.815993
915 0.752362
916 0.949733
917 0.981113
918 0.790905
919 0.752886
920 0.861527
921 0.851248
922 0.795877
923 0.783129
924 0.761892
925 0.896936
926 0.7718
927 0.845899
928 0.810108
929 0.830942
930 0.872792
931 0.781958
932 0.859692
933 0.835285
934 0.773007
935 0.721791
936 0.820543
937 0.783998
938 0.856764
939 0.754651
940 0.737777
941 0.853139
942 0.858706
943 0.810567
944 0.819377
945 0.738239
946 0.751516
947 0.738033
948 0.791411
949 0.778701
950 0.826151
951 0.782386
952 0.826922
953 0.70151
954 0.854953
955 0.859577
956 0.80906
957 0.815501
958 0.797918
959 0.720884
960 0.706011
961 0.813959
962 0.794378
963 0.786723
964 0.755393
965 0.744224
966 0.728745
967 0.899326
968 0.795145
969 0.768653
970 0.827162
971 0.698426
972 0.702716
973 0.743515
974 0.762181
975 0.792363
976 0.754837
977 0.74781
978 0.69926
979 0.784908
980 0.811992
981 0.79753
982 0.791087
983 0.74354
984 0.722527
985 0.728184
986 0.753157
987 0.771369
988 0.718455
989 0.790681
990 0.688647
991 0.867062
992 0.715023
993 0.734968
994 0.879488
995 0.815296
996 0.766935
997 0.740622
998 0.745302
999 0.775938
1000 0.700134
1001 0.810321
1002 0.775432
1003 0.783938
1004 0.706521
1005 0.740386
1006 0.710502
1007 0.833896
1008 0.726317
1009 0.834564
1010 0.765097
1011 0.712086
1012 0.757676
1013 0.706502
1014 0.755663
1015 0.793697
1016 0.709963
1017 0.770732
1018 0.856104
1019 0.788024
1020 0.734453
1021 0.731428
1022 0.70494
1023 0.72865
1024 0.85624
1025 0.893858
1026 0.856762
1027 0.840237
1028 0.81113
1029 0.72393
1030 0.82078
1031 0.753485
1032 0.712266
1033 0.755792
1034 0.75291
1035 0.774187
1036 0.725113
1037 0.718621
1038 0.722692
1039 0.72991
1040 0.766351
1041 0.724126
1042 0.804741
1043 0.707419
1044 0.711109
1045 0.75176
1046 0.786644
1047 0.721063
1048 0.703029
1049 0.741127
1050 0.735391
1051 0.758868
1052 0.728928
1053 0.783611
1054 0.687407
1055 0.704915
1056 0.738061
1057 0.746664
1058 0.706378
1059 0.69097
1060 0.751888
1061 0.766943
1062 0.760393
1063 0.781752
1064 0.694971
1065 0.738928
1066 0.851675
1067 0.697883
1068 0.729225
1069 0.734179
1070 0.722711
1071 0.759374
1072 0.703555
1073 0.724901
1074 0.753639
1075 0.710423
1076 0.710157
1077 0.692175
1078 0.698751
1079 0.70456
1080 0.714775
1081 0.701893
1082 0.759691
1083 0.667811
1084 0.762952
1085 0.698661
1086 0.680042
1087 0.792597
1088 0.720277
1089 0.869128
1090 0.872666
1091 0.678603
1092 0.772962
1093 0.698371
1094 0.693232
1095 0.813252
1096 0.763309
1097 0.711662
1098 0.660286
1099 0.713312
1100 0.817277
1101 0.706067
1102 0.697907
1103 0.698162
1104 0.688597
1105 0.699642
1106 0.703864
1107 0.813072
1108 0.69391
1109 0.726146
1110 0.8476
1111 0.795687
1112 0.741637
1113 0.809206
1114 0.678859
1115 0.685919
1116 0.64844
1117 0.666769
1118 0.697875
1119 0.778687
1120 0.697921
1121 0.665974
1122 0.686745
1123 0.695546
1124 0.727131
1125 0.811671
1126 0.720804
1127 0.720207
1128 0.704142
1129 0.766
1130 0.726299
1131 0.722687
1132 0.6556
1133 0.732783
1134 0.709843
1135 0.668734
1136 0.712565
1137 0.659837
1138 0.724541
1139 0.668992
1140 0.801634
1141 0.80127
1142 0.757071
1143 0.702774
1144 0.687097
1145 0.695747
1146 0.714603
1147 0.69467
1148 0.679888
1149 0.769043
1150 0.873166
1151 0.679609
1152 0.750214
1153 0.788009
1154 0.782828
1155 0.653682
1156 0.660059
1157 0.649785
1158 0.755392
1159 0.752923
1160 0.647345
1161 0.789294
1162 0.68318
1163 0.69072
1164 0.683146
1165 0.806925
1166 0.693486
1167 0.650005
1168 0.703359
1169 0.655358
1170 0.732092
1171 0.670728
1172 0.628667
1173 0.762835
1174 0.72365
1175 0.653492
1176 0.761318
1177 0.67438
1178 0.742489
1179 0.715083
1180 0.782771
1181 0.645901
1182 0.689243
1183 0.728159
1184 0.668543
1185 0.742591
1186 0.654087
1187 0.849036
1188 0.733218
1189 0.687507
1190 0.850115
1191 0.746311
1192 0.755924
1193 0.670963
1194 0.670946
1195 0.660926
1196 0.645762
1197 0.707555
1198 0.644235
1199 0.61309
1200 0.832986
1201 0.767263
1202 0.67449
1203 0.637128
1204 0.661015
1205 0.724117
1206 0.755052
1207 0.612862
1208 0.767912
1209 0.642859
1210 0.752122
1211 0.726637
1212 0.766873
1213 0.680509
1214 0.644174
1215 0.660937
1216 0.657915
1217 0.633227
1218 0.701913
1219 0.649677
1220 0.67193
1221 0.679252
1222 0.663589
1223 0.619672
1224 0.684004
1225 0.773348
1226 0.665731
1227 0.636237
1228 0.613319
1229 0.632672
1230 0.692368
1231 0.768612
1232 0.758894
1233 0.662716
1234 0.680005
1235 0.611832
1236 0.770431
1237 0.710433
1238 0.652715
1239 0.68092
1240 0.757283
1241 0.639382
1242 0.687399
1243 0.660282
1244 0.715132
1245 0.641147
1246 0.667726
1247 0.728069
1248 0.674349
1249 0.667995
1250 0.75545
1251 0.665024
1252 0.649893
1253 0.673784
1254 0.677646
1255 0.63727
1256 0.628583
1257 0.690666
1258 0.669361
1259 0.678266
1260 0.623891
1261 0.64952
1262 0.666833
1263 0.630201
1264 0.623099
1265 0.688514
1266 0.645689
1267 0.658154
1268 0.655632
1269 0.680859
1270 0.600169
1271 0.649488
1272 0.63296
1273 0.637243
1274 0.586923
1275 0.596751
1276 0.601628
1277 0.627156
1278 0.62253
1279 0.582554
1280 0.586878
1281 0.736963
1282 0.694526
1283 0.632254
1284 0.863752
1285 0.679163
1286 0.734691
1287 0.670208
1288 0.706122
1289 0.599741
1290 0.643008
1291 0.787623
1292 0.686659
1293 0.654921
1294 0.6234
1295 0.652447
1296 0.623721
1297 0.633698
1298 0.642829
1299 0.644403
1300 0.681447
1301 0.700211
1302 0.646772
1303 0.672912
1304 0.639171
1305 0.607855
1306 0.676308
1307 0.649166
1308 0.696635
1309 0.660338
1310 0.621528
1311 0.765113
1312 0.642929
1313 0.631838
1314 0.709432
1315 0.815327
1316 0.816269
1317 0.632454
1318 0.645993
1319 0.701692
1320 0.690012
1321 0.651794
1322 0.615431
1323 0.640909
1324 0.569009
1325 0.661111
1326 0.700122
1327 0.660887
1328 0.601387
1329 0.569403
1330 0.669089
1331 0.659252
1332 0.623954
1333 0.618445
1334 0.624388
1335 0.589595
1336 0.623221
1337 0.707723
1338 0.637735
1339 0.645357
1340 0.612772
1341 0.603531
1342 0.599387
1343 0.638533
1344 0.644305
1345 0.720962
1346 0.630337
1347 0.665156
1348 0.646915
1349 0.681017
1350 0.62309
1351 0.663784
1352 0.584786
1353 0.658926
1354 0.667354
1355 0.644395
1356 0.674896
1357 0.622475
1358 0.66201
1359 0.663497
1360 0.58596
1361 0.639307
1362 0.698011
1363 0.572076
1364 0.578965
1365 0.683042
1366 0.635803
1367 0.62837
1368 0.600934
1369 0.604751
1370 0.685878
1371 0.653997
1372 0.659389
1373 0.605164
1374 0.5915
1375 0.631717
1376 0.601634
1377 0.633386
1378 0.680981
1379 0.611102
1380 0.698582
1381 0.633806
1382 0.59151
1383 0.605411
1384 0.700963
1385 0.723948
1386 0.641261
1387 0.606772
1388 0.606608
1389 0.580643
1390 0.63827
1391 0.581321
1392 0.616224
1393 0.593039
1394 0.558467
1395 0.599614
1396 0.68195
1397 0.602529
1398 0.623582
1399 0.63518
1400 0.575813
1401 0.604929
1402 0.607718
1403 0.618113
1404 0.683578
1405 0.634191
1406 0.553792
1407 0.606202
1408 0.665971
1409 0.696904
1410 0.716709
1411 0.608991
1412 0.647294
1413 0.586859
1414 0.621295
1415 0.663126
1416 0.594138
1417 0.55243
1418 0.640665
1419 0.57867
1420 0.660239
1421 0.556967
1422 0.602252
1423 0.760162
1424 0.664633
1425 0.631523
1426 0.596332
1427 0.611766
1428 0.588406
1429 0.638404
1430 0.608405
1431 0.650115
1432 0.581646
1433 0.599014
1434 0.612939
1435 0.567544
1436 0.661812
1437 0.547675
1438 0.600265
1439 0.637906
1440 0.582196
1441 0.626472
1442 0.573801
1443 0.624284
1444 0.662765
1445 0.564857
1446 0.647347
1447 0.630086
1448 0.694004
1449 0.573364
1450 0.597187
1451 0.562094
1452 0.608472
1453 0.671768
1454 0.68275
1455 0.73561
1456 0.618664
1457 0.63463
1458 0.586975
1459 0.742432
1460 0.625898
1461 0.677722
1462 0.584006
1463 0.588268
1464 0.69535
1465 0.57405
1466 0.571935
1467 0.588738
1468 0.620822
1469 0.596317
1470 0.707991
1471 0.582344
1472 0.596639
1473 0.614753
1474 0.633028
1475 0.642542
1476 0.591762
1477 0.553815
1478 0.589663
1479 0.622274
1480 0.594687
1481 0.6486
1482 0.635065
1483 0.591757
1484 0.552067
1485 0.560608
1486 0.590308
1487 0.557869
1488 0.636412
1489 0.549848
1490 0.66978
1491 0.658256
1492 0.595951
1493 0.564715
1494 0.686278
1495 0.660327
1496 0.643624
1497 0.635448
1498 0.590734
1499 0.597753
1500 0.623215
1501 0.540393
1502 0.662099
1503 0.634519
1504 0.564668
1505 0.559549
1506 0.572386
1507 0.608343
1508 0.613183
1509 0.562334
1510 0.647195
1511 0.536293
1512 0.536601
1513 0.589445
1514 0.531508
1515 0.662602
1516 0.572165
1517 0.653301
1518 0.63506
1519 0.66683
1520 0.54631
1521 0.587502
1522 0.593468
1523 0.561775
1524 0.674202
1525 0.586673
1526 0.564046
1527 0.59434
1528 0.638158
1529 0.630877
1530 0.575862
1531 0.585721
1532 0.57113
1533 0.531775
1534 0.567598
1535 0.540543
1536 0.641318
1537 0.537047
1538 0.66922
1539 0.656088
1540 0.591612
1541 0.632694
1542 0.62903
1543 0.545262
1544 0.559423
1545 0.565876
1546 0.621772
1547 0.62227
1548 0.589791
1549 0.609112
1550 0.538719
1551 0.56959
1552 0.55296
1553 0.612922
1554 0.736405
1555 0.599823
1556 0.65242
1557 0.580445
1558 0.575644
1559 0.597888
1560 0.561615
1561 0.610344
1562 0.581853
1563 0.578809
1564 0.591264
1565 0.608488
1566 0.535586
1567 0.58989
1568 0.579367
1569 0.670452
1570 0.633063
1571 0.554766
1572 0.581398
1573 0.603238
1574 0.594971
1575 0.579506
1576 0.556492
1577 0.582954
1578 0.610166
1579 0.654954
1580 0.589145
1581 0.688132
1582 0.626258
1583 0.659317
1584 0.552971
1585 0.541753
1586 0.56766
1587 0.556395
1588 0.542941
1589 0.539507
1590 0.646214
1591 0.611829
1592 0.549897
1593 0.573063
1594 0.643699
1595 0.557685
1596 0.576122
1597 0.584712
1598 0.537681
1599 0.572455
1600 0.560436
1601 0.552434
1602 0.571175
1603 0.623932
1604 0.580156
1605 0.572932
1606 0.581179
1607 0.582418
1608 0.668841
1609 0.600534
1610 0.535883
1611 0.556833
1612 0.592756
1613 0.542062
1614 0.621413
1615 0.537444
1616 0.663691
1617 0.620039
1618 0.564355
1619 0.619752
1620 0.567703
1621 0.656724
1622 0.584292
1623 0.539917
1624 0.553613
1625 0.564309
1626 0.569856
1627 0.531496
1628 0.53957
1629 0.754288
1630 0.628098
1631 0.556036
1632 0.518677
1633 0.583742
1634 0.630307
1635 0.561039
1636 0.636437
1637 0.531813
1638 0.593271
1639 0.562525
1640 0.645301
1641 0.611984
1642 0.57726
1643 0.577214
1644 0.531607
1645 0.525871
1646 0.541003
1647 0.683598
1648 0.558172
1649 0.581839
1650 0.544998
1651 0.548545
1652 0.560118
1653 0.536777
1654 0.645854
1655 0.552544
1656 0.51835
1657 0.51023
1658 0.537586
1659 0.60774
1660 0.634768
1661 0.493358
1662 0.572298
1663 0.532197
1664 0.527407
1665 0.540969
1666 0.597892
1667 0.597276
1668 0.554034
1669 0.551826
1670 0.519654
1671 0.531977
1672 0.532643
1673 0.513201
1674 0.530356
1675 0.567667
1676 0.541922
1677 0.517074
1678 0.571042
1679 0.557287
1680 0.566165
1681 0.547278
1682 0.503882
1683 0.564981
1684 0.542164
1685 0.519988
1686 0.535187
1687 0.509195
1688 0.586733
1689 0.520031
1690 0.550791
1691 0.525873
1692 0.564544
1693 0.491355
1694 0.564651
1695 0.501923
1696 0.551546
1697 0.598806
1698 0.536842
1699 0.549406
1700 0.556839
1701 0.526888
1702 0.509906
1703 0.536971
1704 0.506828
1705 0.510974
1706 0.544497
1707 0.474037
1708 0.476895
1709 0.476761
1710 0.615422
1711 0.47944
1712 0.481794
1713 0.805897
1714 0.468744
1715 0.639874
1716 0.565939
1717 0.560331
1718 0.551883
1719 0.534747
1720 0.543121
1721 0.583505
1722 0.513774
1723 0.521533
1724 0.533427
1725 0.531245
1726 0.568911
1727 0.519671
1728 0.511475
1729 0.610193
1730 0.560363
1731 0.539405
1732 0.5521
1733 0.540487
1734 0.502258
1735 0.577585
1736 0.54671
1737 0.609709
1738 0.535059
1739 0.624494
1740 0.561073
1741 0.542104
1742 0.510498
1743 0.680021
1744 0.635627
1745 0.588394
1746 0.531907
1747 0.517996
1748 0.543027
1749 0.598044
1750 0.541062
1751 0.531733
1752 0.509647
1753 0.490342
1754 0.617097
1755 0.797853
1756 0.545208
1757 0.552518
1758 0.466094
1759 0.560069
1760 0.525743
1761 0.589633
1762 0.498328
1763 0.495728
1764 0.468746
1765 0.541888
1766 0.592259
1767 0.544393
1768 0.625759
1769 0.566238
1770 0.520457
1771 0.520054
1772 0.517603
1773 0.551285
1774 0.568161
1775 0.496421
1776 0.512661
1777 0.543835
1778 0.546291
1779 0.465781
1780 0.546801
1781 0.524922
1782 0.507747
1783 0.534599
1784 0.560854
1785 0.549622
1786 0.550905
1787 0.581156
1788 0.493257
1789 0.56556
1790 0.554567
1791 0.586887
1792 0.47132
1793 0.528054
1794 0.490005
1795 0.502385
1796 0.497819
1797 0.505553
1798 0.570441
1799 0.578824
1800 0.585039
1801 0.546817
1802 0.532378
1803 0.488529
1804 0.50522
1805 0.549305
1806 0.53138
1807 0.50484
1808 0.548743
1809 0.604438
1810 0.528415
1811 0.522837
1812 0.577925
1813 0.509557
1814 0.623897
1815 0.520637
1816 0.594649
1817 0.50074
1818 0.505421
1819 0.51139
1820 0.537373
1821 0.495209
1822 0.491108
1823 0.498093
1824 0.534631
1825 0.539012
1826 0.547797
1827 0.50964
1828 0.538445
1829 0.481073
1830 0.541747
1831 0.485225
1832 0.504216
1833 0.603684
1834 0.537864
1835 0.499136
1836 0.500503
1837 0.677428
1838 0.5241
1839 0.503601
1840 0.517646
1841 0.477752
1842 0.492097
1843 0.527877
1844 0.532986
1845 0.487845
1846 0.490074
1847 0.502756
1848 0.539687
1849 0.555921
1850 0.488614
1851 0.577136
1852 0.557982
1853 0.493075
1854 0.49027
1855 0.472263
1856 0.480615
1857 0.492628
1858 0.511413
1859 0.552268
1860 0.481121
1861 0.518429
1862 0.547132
1863 0.509775
1864 0.511312
1865 0.506315
1866 0.498799
1867 0.530838
1868 0.510325
1869 0.556414
1870 0.514793
1871 0.472559
1872 0.54861
1873 0.475041
1874 0.483124
1875 0.549092
1876 0.544925
1877 0.592941
1878 0.481969
1879 0.523879
1880 0.497715
1881 0.558727
1882 0.56269
1883 0.589765
1884 0.566016
1885 0.606363
1886 0.467614
1887 0.56244
1888 0.572464
1889 0.452809
1890 0.527543
1891 0.530976
1892 0.512134
1893 0.5264
1894 0.472353
1895 0.521762
1896 0.458098
1897 0.541928
1898 0.481814
1899 0.530043
1900 0.484203
1901 0.516524
1902 0.51684
1903 0.520593
1904 0.525117
1905 0.487525
1906 0.467733
1907 0.475324
1908 0.493505
1909 0.470601
1910 0.519334
1911 0.505323
1912 0.450866
1913 0.502856
1914 0.509377
1915 0.496281
1916 0.481582
1917 0.498062
1918 0.487547
1919 0.550439
1920 0.528781
1921 0.505878
1922 0.521028
1923 0.603253
1924 0.499318
1925 0.524207
1926 0.506398
1927 0.527626
1928 0.498977
1929 0.470433
1930 0.479784
1931 0.496756
1932 0.527431
1933 0.47876
1934 0.495606
1935 0.452659
1936 0.523607
1937 0.508575
1938 0.508529
1939 0.514317
1940 0.440359
1941 0.473487
1942 0.461192
1943 0.469713
1944 0.55284
1945 0.5534
1946 0.544138
1947 0.511033
1948 0.534921
1949 0.493495
1950 0.504517
1951 0.472532
1952 0.560759
1953 0.491185
1954 0.45457
1955 0.511334
1956 0.479715
1957 0.567401
1958 0.491893
1959 0.435664
1960 0.52226
1961 0.485557
1962 0.464814
1963 0.493203
1964 0.491852
1965 0.618276
1966 0.465214
1967 0.627225
1968 0.506758
1969 0.503754
1970 0.488373
1971 0.57526
1972 0.473757
1973 0.439237
1974 0.456947
1975 0.512409
1976 0.50834
1977 0.480419
1978 0.493657
1979 0.455242
1980 0.475881
1981 0.484805
1982 0.499192
1983 0.614361
1984 0.507516
1985 0.478531
1986 0.481359
1987 0.500364
1988 0.462062
1989 0.470575
1990 0.493839
1991 0.461876
1992 0.47714
1993 0.500625
1994 0.48218
1995 0.504648
1996 0.481924
1997 0.47015
1998 0.540307
1999 0.486126
2000 0.496351
2001 0.476462
2002 0.462094
2003 0.552971
2004 0.485745
2005 0.462566
2006 0.475415
2007 0.618155
2008 0.47038
2009 0.51891
2010 0.54403
2011 0.547129
2012 0.473457
2013 0.467857
2014 0.476606
2015 0.478694
2016 0.553282
2017 0.458101
2018 0.484211
2019 0.489569
2020 0.469874
2021 0.49742
2022 0.473823
2023 0.51841
2024 0.449219
2025 0.467899
2026 0.475633
2027 0.482805
2028 0.465029
2029 0.450535
2030 0.521482
2031 0.491696
2032 0.481172
2033 0.474557
2034 0.479663
2035 0.54669
2036 0.483577
2037 0.545013
2038 0.482062
2039 0.431162
2040 0.501676
2041 0.504913
2042 0.47705
2043 0.496046
2044 0.573576
2045 0.504433
2046 0.534425
2047 0.534502
2048 0.549702
2049 0.457884
2050 0.534425
2051 0.472815
2052 0.458552
2053 0.494785
2054 0.48601
2055 0.460289
2056 0.437389
2057 0.488848
2058 0.515742
2059 0.506792
2060 0.49806
2061 0.440665
2062 0.589542
2063 0.501868
2064 0.463865
2065 0.610555
2066 0.482516
2067 0.476137
2068 0.492319
2069 0.488314
2070 0.514991
2071 0.44983
2072 0.480558
2073 0.448739
2074 0.436593
2075 0.444441
2076 0.528105
2077 0.480738
2078 0.443034
2079 0.448555
2080 0.43016
2081 0.47925
2082 0.488744
2083 0.536198
2084 0.476277
2085 0.456439
2086 0.438577
2087 0.517292
2088 0.507052
2089 0.54656
2090 0.459643
2091 0.509006
2092 0.473463
2093 0.467807
2094 0.47502
2095 0.447907
2096 0.46577
2097 0.454827
2098 0.434102
2099 0.495091
2100 0.429826
2101 0.440192
2102 0.462616
2103 0.43589
2104 0.481182
2105 0.46439
2106 0.437855
2107 0.456206
2108 0.467434
2109 0.476788
2110 0.427023
2111 0.460701
2112 0.474589
2113 0.43674
2114 0.494677
2115 0.46135
2116 0.501021
2117 0.453683
2118 0.449046
2119 0.441018
2120 0.40128
2121 0.459105
2122 0.412429
2123 0.504043
2124 0.446542
2125 0.426652
2126 0.524949
2127 0.45027
2128 0.437552
2129 0.46811
2130 0.439295
2131 0.427614
2132 0.409173
2133 0.426117
2134 0.395836
2135 0.470384
2136 0.413236
2137 0.406229
2138 0.418548
2139 0.486924
2140 0.398117
2141 0.467108
2142 0.630546
2143 0.559196
2144 0.517433
2145 0.451104
2146 0.485357
2147 0.455272
2148 0.497697
2149 0.532192
2150 0.486837
2151 0.461537
2152 0.441851
2153 0.46301
2154 0.484148
2155 0.427469
2156 0.484844
2157 0.472708
2158 0.489752
2159 0.511178
2160 0.449093
2161 0.472995
2162 0.414435
2163 0.477515
2164 0.493934
2165 0.467924
2166 0.456698
2167 0.442574
2168 0.516586
2169 0.466205
2170 0.496095
2171 0.422391
2172 0.507497
2173 0.49534
2174 0.451176
2175 0.487199
2176 0.45164
2177 0.461967
2178 0.470874
2179 0.440843
2180 0.447337
2181 0.404356
2182 0.474842
2183 0.504109
2184 0.626054
2185 0.443331
2186 0.497734
2187 0.411299
2188 0.472988
2189 0.472077
2190 0.462425
2191 0.434073
2192 0.402924
2193 0.414995
2194 0.492138
2195 0.512287
2196 0.454427
2197 0.471365
2198 0.426197
2199 0.41917
2200 0.431726
2201 0.436962
2202 0.437507
2203 0.485226
2204 0.450533
2205 0.442548
2206 0.445539
2207 0.417292
2208 0.426028
2209 0.456283
2210 0.426869
2211 0.476183
2212 0.454554
2213 0.48982
2214 0.457504
2215 0.431093
2216 0.475139
2217 0.420149
2218 0.445698
2219 0.514156
2220 0.403036
2221 0.400364
2222 0.483237
2223 0.479003
2224 0.464775
2225 0.425999
2226 0.429027
2227 0.501244
2228 0.483417
2229 0.474534
2230 0.458145
2231 0.413691
2232 0.419471
2233 0.442869
2234 0.428617
2235 0.442208
2236 0.474643
2237 0.422192
2238 0.480209
2239 0.406295
2240 0.428493
2241 0.501564
2242 0.465778
2243 0.492675
2244 0.420226
2245 0.46506
2246 0.388551
2247 0.448274
2248 0.456962
2249 0.457952
2250 0.431559
2251 0.406998
2252 0.437674
2253 0.441419
2254 0.429974
2255 0.463231
2256 0.455044
2257 0.419719
2258 0.426844
2259 0.424945
2260 0.426909
2261 0.428502
2262 0.48973
2263 0.455342
2264 0.393794
2265 0.478185
2266 0.491341
2267 0.527336
2268 0.457864
2269 0.422184
2270 0.392633
2271 0.434485
2272 0.398058
2273 0.467179
2274 0.385441
2275 0.449473
2276 0.414381
2277 0.504086
2278 0.437801
2279 0.412123
2280 0.458729
2281 0.439009
2282 0.423216
2283 0.427956
2284 0.412983
2285 0.459872
2286 0.404127
2287 0.429801
2288 0.453407
2289 0.435412
2290 0.407323
2291 0.432513
2292 0.41075
2293 0.450287
2294 0.425458
2295 0.422825
2296 0.414557
2297 0.423949
2298 0.46018
2299 0.4096
2300 0.4248
2301 0.424631
2302 0.419059
2303 0.463506
2304 0.508093
2305 0.481563
2306 0.401549
2307 0.414855
2308 0.415062
2309 0.406113
2310 0.517585
2311 0.570618
2312 0.474465
2313 0.445743
2314 0.469441
2315 0.405547
2316 0.477065
2317 0.479243
2318 0.419206
2319 0.455991
2320 0.437786
2321 0.488841
2322 0.403738
2323 0.415855
2324 0.444973
2325 0.407357
2326 0.443782
2327 0.41906
2328 0.499825
2329 0.431533
2330 0.444175
2331 0.437231
2332 0.434502
2333 0.424042
2334 0.439174
2335 0.419854
2336 0.451532
2337 0.40012
2338 0.396574
2339 0.481325
2340 0.420452
2341 0.389369
2342 0.44934
2343 0.407401
2344 0.394855
2345 0.401075
2346 0.393995
2347 0.420304
2348 0.481844
2349 0.43468
2350 0.407468
2351 0.441866
2352 0.466181
2353 0.457093
2354 0.455498
2355 0.399996
2356 0.419433
2357 0.496262
2358 0.442202
2359 0.478046
2360 0.422165
2361 0.45524
2362 0.413572
2363 0.41111
2364 0.421543
2365 0.462937
2366 0.469077
2367 0.398802
2368 0.429287
2369 0.366102
2370 0.4595
2371 0.393485
2372 0.390171
2373 0.42434
2374 0.421115
2375 0.546298
2376 0.461274
2377 0.402922
2378 0.453546
2379 0.43462
2380 0.391968
2381 0.490625
2382 0.466607
2383 0.386645
2384 0.402551
2385 0.454519
2386 0.510841
2387 0.43814
2388 0.418799
2389 0.422332
2390 0.383987
2391 0.419729
2392 0.431781
2393 0.485725
2394 0.447739
2395 0.391762
2396 0.516638
2397 0.412486
2398 0.442781
2399 0.470944
2400 0.433644
2401 0.406749
2402 0.367029
2403 0.410181
2404 0.393973
2405 0.463699
2406 0.429362
2407 0.409581
2408 0.392432
2409 0.377296
2410 0.454122
2411 0.428605
2412 0.48588
2413 0.419011
2414 0.534894
2415 0.434459
2416 0.39437
2417 0.405913
2418 0.392062
2419 0.424005
2420 0.419936
2421 0.388892
2422 0.414496
2423 0.400915
2424 0.443481
2425 0.413207
2426 0.463035
2427 0.456372
2428 0.450681
2429 0.389683
2430 0.43692
2431 0.43789
2432 0.416746
2433 0.385658
2434 0.371049
2435 0.418693
2436 0.520397
2437 0.416801
2438 0.409389
2439 0.462008
2440 0.447873
2441 0.399234
2442 0.394283
2443 0.425633
2444 0.416176
2445 0.452102
2446 0.396068
2447 0.414858
2448 0.455491
2449 0.395019
2450 0.413277
2451 0.472311
2452 0.396055
2453 0.413824
2454 0.406748
2455 0.396151
2456 0.414081
2457 0.501928
2458 0.385509
2459 0.456679
2460 0.45074
2461 0.393595
2462 0.421309
2463 0.402425
2464 0.473073
2465 0.46193
2466 0.469671
2467 0.395977
2468 0.37057
2469 0.405334
2470 0.396234
2471 0.489358
2472 0.384562
2473 0.481544
2474 0.438813
2475 0.389168
2476 0.500205
2477 0.412921
2478 0.449307
2479 0.397039
2480 0.375326
2481 0.396385
2482 0.397384
2483 0.42129
2484 0.397299
2485 0.359614
2486 0.471042
2487 0.470296
2488 0.408793
2489 0.371457
2490 0.375338
2491 0.461224
2492 0.460113
2493 0.388762
2494 0.448796
2495 0.385431
2496 0.407606
2497 0.406935
2498 0.411593
2499 0.444741
2500 0.368324
2501 0.406413
2502 0.405354
2503 0.40519
2504 0.46167
2505 0.420554
2506 0.439232
2507 0.427963
2508 0.375167
2509 0.361837
2510 0.431922
2511 0.439517
2512 0.434136
2513 0.376291
2514 0.398787
2515 0.382955
2516 0.43248
2517 0.458027
2518 0.440809
2519 0.378216
2520 0.45298
2521 0.360698
2522 0.492505
2523 0.389914
2524 0.390445
2525 0.390073
2526 0.396936
2527 0.390351
2528 0.390697
2529 0.402712
2530 0.420639
2531 0.380725
2532 0.410607
2533 0.395999
2534 0.395734
2535 0.406257
2536 0.422164
2537 0.401077
2538 0.394686
2539 0.366913
2540 0.367392
2541 0.377756
2542 0.351511
2543 0.430985
2544 0.394175
2545 0.411386
2546 0.364142
2547 0.400058
2548 0.362955
2549 0.396528
2550 0.383619
2551 0.372141
2552 0.400941
2553 0.430969
2554 0.383095
2555 0.393075
2556 0.397894
2557 0.367959
2558 0.374198
2559 0.370874
2560 0.378563
2561 0.375269
2562 0.36905
2563 0.348737
2564 0.380997
2565 0.343899
2566 0.34723
2567 0.372002
2568 0.373332
2569 0.33586
2570 0.494257
2571 0.369599
2572 0.508783
2573 0.424037
2574 0.397657
2575 0.41805
2576 0.39584
2577 0.42979
2578 0.412567
2579 0.389401
2580 0.379933
2581 0.367094
2582 0.361224
2583 0.408857
2584 0.374659
2585 0.386258
2586 0.407572
2587 0.418519
2588 0.414715
2589 0.413469
2590 0.387754
2591 0.356116
2592 0.414717
2593 0.368157
2594 0.443399
2595 0.388488
2596 0.377572
2597 0.450578
2598 0.366441
2599 0.457798
2600 0.393619
2601 0.448381
2602 0.476787
2603 0.375163
2604 0.404943
2605 0.431932
2606 0.409315
2607 0.387203
2608 0.374196
2609 0.367808
2610 0.35903
2611 0.417853
2612 0.396337
2613 0.437957
2614 0.37299
2615 0.344999
2616 0.366063
2617 0.433286
2618 0.430676
2619 0.373575
2620 0.386446
2621 0.39155
2622 0.352494
2623 0.426164
2624 0.432969
2625 0.393651
2626 0.396867
2627 0.34234
2628 0.380624
2629 0.380019
2630 0.350753
2631 0.37795
2632 0.386056
2633 0.421943
2634 0.361752
2635 0.360634
2636 0.341357
2637 0.391032
2638 0.347383
2639 0.35369
2640 0.374085
2641 0.344559
2642 0.403615
2643 0.379962
2644 0.413028
2645 0.379166
2646 0.40841
2647 0.375006
2648 0.414317
2649 0.350636
2650 0.367258
2651 0.394434
2652 0.371242
2653 0.401419
2654 0.349132
2655 0.386047
2656 0.433988
2657 0.375447
2658 0.383291
2659 0.368693
2660 0.394712
2661 0.373142
2662 0.359861
2663 0.40363
2664 0.382605
2665 0.379189
2666 0.394818
2667 0.439103
2668 0.336007
2669 0.378453
2670 0.407685
2671 0.463086
2672 0.402778
2673 0.413777
2674 0.378864
2675 0.368998
2676 0.402012
2677 0.351455
2678 0.366056
2679 0.347245
2680 0.349632
2681 0.352129
2682 0.39801
2683 0.379238
2684 0.428866
2685 0.37796
2686 0.363058
2687 0.375512
2688 0.396549
2689 0.406823
2690 0.39546
2691 0.3849
2692 0.36985
2693 0.381648
2694 0.423842
2695 0.458326
2696 0.440553
2697 0.363899
2698 0.369764
2699 0.335996
2700 0.420342
2701 0.409587
2702 0.365845
2703 0.330002
2704 0.403799
2705 0.367539
2706 0.411017
2707 0.353457
2708 0.353517
2709 0.456901
2710 0.371758
2711 0.438788
2712 0.342481
2713 0.396746
2714 0.379882
2715 0.37175
2716 0.361583
2717 0.3798
2718 0.361109
2719 0.380261
2720 0.371788
2721 0.359177
2722 0.402702
2723 0.329668
2724 0.351854
2725 0.425173
2726 0.381352
2727 0.367047
2728 0.342977
2729 0.381272
2730 0.369047
2731 0.339689
2732 0.429824
2733 0.393611
2734 0.389118
2735 0.358067
2736 0.380787
2737 0.345978
2738 0.382846
2739 0.408443
2740 0.488551
2741 0.491268
2742 0.399242
2743 0.396829
2744 0.332263
2745 0.460416
2746 0.346277
2747 0.41602
2748 0.369772
2749 0.355917
2750 0.41835
2751 0.371772
2752 0.360309
2753 0.367425
2754 0.351519
2755 0.369464
2756 0.397071
2757 0.380138
2758 0.351234
2759 0.349843
2760 0.392323
2761 0.366088
2762 0.371091
2763 0.360468
2764 0.347885
2765 0.408914
2766 0.342085
2767 0.385286
2768 0.399558
2769 0.37189
2770 0.337559
2771 0.337231
2772 0.370007
2773 0.3502
2774 0.340616
2775 0.360889
2776 0.377498
2777 0.403643
2778 0.365755
2779 0.35046
2780 0.39992
2781 0.395145
2782 0.37461
2783 0.381224
2784 0.369263
2785 0.353088
2786 0.396157
2787 0.334891
2788 0.398254
2789 0.3768
2790 0.340973
2791 0.341965
2792 0.384258
2793 0.379052
2794 0.372741
2795 0.382053
2796 0.447614
2797 0.336758
2798 0.322163
2799 0.376609
2800 0.314016
2801 0.368275
2802 0.377927
2803 0.392767
2804 0.402034
2805 0.422375
2806 0.362191
2807 0.382463
2808 0.367232
2809 0.380163
2810 0.461642
2811 0.374169
2812 0.337073
2813 0.358352
2814 0.384932
2815 0.436907
2816 0.342924
2817 0.35919
2818 0.386107
2819 0.349206
2820 0.376816
2821 0.350685
2822 0.397142
2823 0.363871
2824 0.356787
2825 0.422423
2826 0.373585
2827 0.375575
2828 0.388555
2829 0.367376
2830 0.326861
2831 0.329879
2832 0.347831
2833 0.323187
2834 0.410546
2835 0.38373
2836 0.31172
2837 0.322057
2838 0.351214
2839 0.402481
2840 0.432121
2841 0.390394
2842 0.360513
2843 0.36629
2844 0.37736
2845 0.345632
2846 0.33298
2847 0.366324
2848 0.377701
2849 0.331769
2850 0.360042
2851 0.328283
2852 0.324184
2853 0.405949
2854 0.365305
2855 0.398124
2856 0.368187
2857 0.385934
2858 0.390035
2859 0.353276
2860 0.402953
2861 0.368694
2862 0.350241
2863 0.351701
2864 0.416
2865 0.432613
2866 0.390387
2867 0.389512
2868 0.406129
2869 0.397455
2870 0.379715
2871 0.334891
2872 0.351929
2873 0.37399
2874 0.422092
2875 0.324007
2876 0.422362
2877 0.335569
2878 0.340794
2879 0.362002
2880 0.428471
2881 0.334402
2882 0.383116
2883 0.38484
2884 0.363178
2885 0.387619
2886 0.346403
2887 0.350289
2888 0.371665
2889 0.373383
2890 0.350387
2891 0.347098
2892 0.349667
2893 0.36544
2894 0.455334
2895 0.360099
2896 0.36317
2897 0.332892
2898 0.354163
2899 0.373048
2900 0.44354
2901 0.367221
2902 0.473197
2903 0.413639
2904 0.422862
2905 0.38178
2906 0.349788
2907 0.396552
2908 0.383918
2909 0.341708
2910 0.350841
2911 0.352943
2912 0.36394
2913 0.348462
2914 0.323536
2915 0.461481
2916 0.382961
2917 0.379159
2918 0.328808
2919 0.357275
2920 0.378427
2921 0.379731
2922 0.442775
2923 0.33908
2924 0.360829
2925 0.386288
2926 0.407113
2927 0.365869
2928 0.336727
2929 0.343408
2930 0.366445
2931 0.321972
2932 0.336531
2933 0.447931
2934 0.353916
2935 0.353846
2936 0.333893
2937 0.359461
2938 0.349461
2939 0.35234
2940 0.408504
2941 0.370215
2942 0.342449
2943 0.318764
2944 0.354095
2945 0.353633
2946 0.469089
2947 0.310864
2948 0.386459
2949 0.321098
2950 0.339068
2951 0.377573
2952 0.35304
2953 0.339544
2954 0.343592
2955 0.378133
2956 0.322011
2957 0.328939
2958 0.319845
2959 0.393557
2960 0.304332
2961 0.349288
2962 0.343069
2963 0.33309
2964 0.374315
2965 0.394262
2966 0.383314
2967 0.331645
2968 0.340663
2969 0.325972
2970 0.328431
2971 0.334161
2972 0.384656
2973 0.356305
2974 0.409591
2975 0.360721
2976 0.309762
2977 0.358053
2978 0.371512
2979 0.328873
2980 0.406328
2981 0.344078
2982 0.345125
2983 0.3547
2984 0.356318
2985 0.331714
2986 0.358277
2987 0.313203
2988 0.340733
2989 0.311657
2990 0.317171
2991 0.337549
2992 0.349432
2993 0.305166
2994 0.294374
2995 0.307326
2996 0.392344
2997 0.3126
2998 0.3108
2999 0.523877
3000 0.324911
3001 0.40427
3002 0.36943
3003 0.351139
3004 0.334197
3005 0.335485
3006 0.349659
3007 0.360942
3008 0.35177
3009 0.308772
3010 0.337553
3011 0.340829
3012 0.321436
3013 0.335997
3014 0.331336
3015 0.351474
3016 0.368459
3017 0.349429
3018 0.382788
3019 0.334399
3020 0.316593
3021 0.401038
3022 0.370812
3023 0.357598
3024 0.344978
3025 0.435484
3026 0.333664
3027 0.329795
3028 0.33029
3029 0.363544
3030 0.381648
3031 0.393917
3032 0.320331
3033 0.341371
3034 0.352114
3035 0.403702
3036 0.332329
3037 0.314304
3038 0.294764
3039 0.334132
3040 0.394554
3041 0.391662
3042 0.348627
3043 0.299935
3044 0.324179
3045 0.340824
3046 0.335476
3047 0.41071
3048 0.329123
3049 0.326641
3050 0.319291
3051 0.312905
3052 0.420339
3053 0.354267
3054 0.331525
3055 0.358931
3056 0.324131
3057 0.333056
3058 0.313038
3059 0.391977
3060 0.374519
3061 0.327629
3062 0.330005
3063 0.350614
3064 0.342368
3065 0.324392
3066 0.334466
3067 0.345681
3068 0.352206
3069 0.363108
3070 0.308683
3071 0.337513
3072 0.346058
3073 0.372816
3074 0.332631
3075 0.309017
3076 0.353615
3077 0.374065
3078 0.312338
3079 0.349476
3080 0.321505
3081 0.342468
3082 0.312919
3083 0.355437
3084 0.335558
3085 0.330948
3086 0.336962
3087 0.377265
3088 0.297109
3089 0.346789
3090 0.321318
3091 0.364912
3092 0.354712
3093 0.354761
3094 0.327456
3095 0.339149
3096 0.331135
3097 0.324569
3098 0.352381
3099 0.341029
3100 0.391146
3101 0.333468
3102 0.336997
3103 0.339077
3104 0.310386
3105 0.336398
3106 0.306187
3107 0.329988
3108 0.335005
3109 0.29123
3110 0.31952
3111 0.367814
3112 0.330855
3113 0.367688
3114 0.333828
3115 0.30443
3116 0.346031
3117 0.318975
3118 0.327268
3119 0.388298
3120 0.314995
3121 0.305911
3122 0.309681
3123 0.384245
3124 0.434039
3125 0.337338
3126 0.335517
3127 0.311699
3128 0.306642
3129 0.327749
3130 0.377047
3131 0.315399
3132 0.365279
3133 0.312521
3134 0.347617
3135 0.372103
3136 0.340258
3137 0.343309
3138 0.339838
3139 0.324921
3140 0.347155
3141 0.296204
3142 0.315237
3143 0.338859
3144 0.330858
3145 0.299629
3146 0.344441
3147 0.310555
3148 0.370221
3149 0.354129
3150 0.321584
3151 0.299506
3152 0.301894
3153 0.307426
3154 0.329457
3155 0.326242
3156 0.382138
3157 0.308808
3158 0.355721
3159 0.325571
3160 0.294047
3161 0.356721
3162 0.366337
3163 0.367124
3164 0.312886
3165 0.299476
3166 0.302803
3167 0.359716
3168 0.384711
3169 0.394443
3170 0.318007
3171 0.361131
3172 0.307146
3173 0.340903
3174 0.375566
3175 0.309395
3176 0.377216
3177 0.332653
3178 0.320116
3179 0.357038
3180 0.29724
3181 0.304947
3182 0.292684
3183 0.327266
3184 0.338342
3185 0.328003
3186 0.316053
3187 0.319562
3188 0.308329
3189 0.301213
3190 0.381559
3191 0.305305
3192 0.305098
3193 0.331078
3194 0.309718
3195 0.319643
3196 0.33131
3197 0.302941
3198 0.282067
3199 0.294627
3200 0.327856
3201 0.293487
3202 0.319107
3203 0.375337
3204 0.31265
3205 0.354302
3206 0.347562
3207 0.31435
3208 0.326767
3209 0.402392
3210 0.330578
3211 0.359883
3212 0.32378
3213 0.344833
3214 0.322198
3215 0.330327
3216 0.348332
3217 0.329742
3218 0.330335
3219 0.280047
3220 0.304078
3221 0.308006
3222 0.381539
3223 0.303132
3224 0.304656
3225 0.332377
3226 0.296724
3227 0.366431
3228 0.313893
3229 0.296767
3230 0.391199
3231 0.348536
3232 0.370737
3233 0.328145
3234 0.348943
3235 0.319529
3236 0.304286
3237 0.329782
3238 0.368661
3239 0.311869
3240 0.35422
3241 0.336544
3242 0.30894
3243 0.37533
3244 0.330705
3245 0.330013
3246 0.33877
3247 0.2999
3248 0.337429
3249 0.310818
3250 0.287816
3251 0.354168
3252 0.309886
3253 0.336894
3254 0.346913
3255 0.317903
3256 0.325911
3257 0.306493
3258 0.296441
3259 0.31762
3260 0.295985
3261 0.32969
3262 0.313605
3263 0.351247
3264 0.353971
3265 0.294792
3266 0.30014
3267 0.30263
3268 0.346141
3269 0.451029
3270 0.305665
3271 0.307719
3272 0.320784
3273 0.332752
3274 0.311021
3275 0.331961
3276 0.280808
3277 0.320375
3278 0.297789
3279 0.304475
3280 0.339839
3281 0.32268
3282 0.306269
3283 0.335919
3284 0.372202
3285 0.329645
3286 0.322344
3287 0.305725
3288 0.287018
3289 0.336707
3290 0.320864
3291 0.331076
3292 0.385366
3293 0.396016
3294 0.330103
3295 0.323699
3296 0.298204
3297 0.36955
3298 0.337477
3299 0.321281
3300 0.27934
3301 0.321907
3302 0.358797
3303 0.265634
3304 0.309429
3305 0.330707
3306 0.318447
3307 0.307919
3308 0.315144
3309 0.370008
3310 0.297295
3311 0.298723
3312 0.312555
3313 0.307111
3314 0.38182
3315 0.304943
3316 0.34192
3317 0.328126
3318 0.317519
3319 0.31242
3320 0.32992
3321 0.340198
3322 0.298206
3323 0.399116
3324 0.332143
3325 0.301796
3326 0.353449
3327 0.297192
3328 0.320459
3329 0.361663
3330 0.306628
3331 0.377989
3332 0.347511
3333 0.348359
3334 0.452855
3335 0.292125
3336 0.346059
3337 0.303156
3338 0.289068
3339 0.32255
3340 0.31271
3341 0.343612
3342 0.29694
3343 0.289882
3344 0.416538
3345 0.321564
3346 0.337692
3347 0.296986
3348 0.350334
3349 0.336198
3350 0.307497
3351 0.349401
3352 0.295063
3353 0.292931
3354 0.375284
3355 0.381716
3356 0.307258
3357 0.297681
3358 0.352059
3359 0.2879
3360 0.277832
3361 0.294354
3362 0.370265
3363 0.35407
3364 0.314444
3365 0.325174
3366 0.292684
3367 0.345027
3368 0.290862
3369 0.357364
3370 0.272925
3371 0.281078
3372 0.284794
3373 0.359969
3374 0.337917
3375 0.386232
3376 0.332719
3377 0.357467
3378 0.309832
3379 0.308317
3380 0.327372
3381 0.317164
3382 0.363378
3383 0.301818
3384 0.281865
3385 0.302693
3386 0.296567
3387 0.323791
3388 0.30575
3389 0.301244
3390 0.342382
3391 0.300128
3392 0.290746
3393 0.268673
3394 0.381745
3395 0.323871
3396 0.275364
3397 0.319156
3398 0.295051
3399 0.292741
3400 0.300904
3401 0.291469
3402 0.294747
3403 0.306705
3404 0.27343
3405 0.31623
3406 0.273611
3407 0.306827
3408 0.276406
3409 0.302096
3410 0.332958
3411 0.338244
3412 0.316341
3413 0.304143
3414 0.276773
3415 0.347734
3416 0.295722
3417 0.274729
3418 0.254944
3419 0.279998
3420 0.276782
3421 0.30959
3422 0.263764
3423 0.267206
3424 0.31811
3425 0.291826
3426 0.278906
3427 0.303701
3428 0.426853
3429 0.361472
3430 0.340244
3431 0.298186
3432 0.290671
3433 0.269651
3434 0.304214
3435 0.320844
3436 0.343011
3437 0.283268
3438 0.29818
3439 0.328732
3440 0.333789
3441 0.274947
3442 0.322142
3443 0.304021
3444 0.330966
3445 0.334499
3446 0.327341
3447 0.315629
3448 0.271581
3449 0.323364
3450 0.306023
3451 0.328039
3452 0.293501
3453 0.322047
3454 0.341052
3455 0.309284
3456 0.321731
3457 0.275278
3458 0.364436
3459 0.362607
3460 0.314184
3461 0.30497
3462 0.292797
3463 0.314741
3464 0.345652
3465 0.308241
3466 0.28696
3467 0.260169
3468 0.268995
3469 0.314174
3470 0.447442
3471 0.27217
3472 0.266704
3473 0.28667
3474 0.329939
3475 0.304854
3476 0.309581
3477 0.26915
3478 0.275849
3479 0.304057
3480 0.284031
3481 0.370522
3482 0.291772
3483 0.324638
3484 0.291115
3485 0.271636
3486 0.268643
3487 0.288885
3488 0.343246
3489 0.308103
3490 0.31257
3491 0.298642
3492 0.328909
3493 0.312725
3494 0.293096
3495 0.364559
3496 0.274745
3497 0.288329
3498 0.293962
3499 0.318897
3500 0.276942
3501 0.312073
3502 0.347657
3503 0.294481
3504 0.320186
3505 0.338394
3506 0.31018
3507 0.266739
3508 0.285203
3509 0.298566
3510 0.290692
3511 0.306109
3512 0.275153
3513 0.325722
3514 0.305258
3515 0.30645
3516 0.292618
3517 0.275093
3518 0.272241
3519 0.306387
3520 0.303176
3521 0.287701
3522 0.27411
3523 0.320722
3524 0.338194
3525 0.279718
3526 0.271272
3527 0.366422
3528 0.310481
3529 0.382928
3530 0.269134
3531 0.295922
3532 0.274579
3533 0.290963
3534 0.31224
3535 0.279384
3536 0.293934
3537 0.281978
3538 0.279984
3539 0.322678
3540 0.321431
3541 0.332341
3542 0.305374
3543 0.306889
3544 0.287577
3545 0.285494
3546 0.295296
3547 0.295842
3548 0.352038
3549 0.293022
3550 0.284762
3551 0.316723
3552 0.3651
3553 0.299608
3554 0.2897
3555 0.281351
3556 0.265498
3557 0.299851
3558 0.290248
3559 0.356836
3560 0.271235
3561 0.271376
3562 0.275716
3563 0.337348
3564 0.273618
3565 0.254655
3566 0.331812
3567 0.349875
3568 0.278517
3569 0.280695
3570 0.278556
3571 0.281233
3572 0.275461
3573 0.297093
3574 0.300763
3575 0.313816
3576 0.270098
3577 0.336309
3578 0.273524
3579 0.327804
3580 0.283473
3581 0.28515
3582 0.294196
3583 0.290627
3584 0.28903
3585 0.305509
3586 0.344091
3587 0.283827
3588 0.288745
3589 0.270732
3590 0.385955
3591 0.300248
3592 0.293685
3593 0.27849
3594 0.2525
3595 0.300314
3596 0.309173
3597 0.424918
3598 0.32661
3599 0.332365
3600 0.361285
3601 0.244217
3602 0.360855
3603 0.362927
3604 0.272069
3605 0.315554
3606 0.274796
3607 0.335492
3608 0.270645
3609 0.280732
3610 0.288329
3611 0.267447
3612 0.284419
3613 0.273556
3614 0.331837
3615 0.300815
3616 0.308241
3617 0.290023
3618 0.323763
3619 0.307881
3620 0.275802
3621 0.258498
3622 0.295227
3623 0.267633
3624 0.280059
3625 0.348895
3626 0.291376
3627 0.289754
3628 0.313437
3629 0.284446
3630 0.296738
3631 0.260557
3632 0.284119
3633 0.278988
3634 0.310017
3635 0.292626
3636 0.26977
3637 0.315837
3638 0.306016
3639 0.287097
3640 0.310738
3641 0.270966
3642 0.30648
3643 0.301252
3644 0.268791
3645 0.254986
3646 0.277599
3647 0.30185
3648 0.257816
3649 0.296673
3650 0.274119
3651 0.325884
3652 0.262782
3653 0.260772
3654 0.314852
3655 0.252471
3656 0.293775
3657 0.256667
3658 0.249998
3659 0.345466
3660 0.298191
3661 0.32626
3662 0.303822
3663 0.277649
3664 0.284388
3665 0.26762
3666 0.258669
3667 0.375072
3668 0.293946
3669 0.257838
3670 0.256802
3671 0.295604
3672 0.342101
3673 0.285526
3674 0.273084
3675 0.299215
3676 0.275756
3677 0.281078
3678 0.305187
3679 0.360725
3680 0.311764
3681 0.271289
3682 0.355443
3683 0.314364
3684 0.286045
3685 0.320278
3686 0.311118
3687 0.290014
3688 0.268814
3689 0.276732
3690 0.268736
3691 0.30388
3692 0.301261
3693 0.28798
3694 0.282923
3695 0.261254
3696 0.304415
3697 0.314505
3698 0.324862
3699 0.278998
3700 0.325086
3701 0.32857
3702 0.273771
3703 0.270013
3704 0.255123
3705 0.317907
3706 0.262087
3707 0.295512
3708 0.282061
3709 0.256108
3710 0.278582
3711 0.278149
3712 0.332622
3713 0.312695
3714 0.341862
3715 0.269575
3716 0.271112
3717 0.288926
3718 0.303898
3719 0.26757
3720 0.241997
3721 0.303786
3722 0.331158
3723 0.33131
3724 0.314708
3725 0.311312
3726 0.32836
3727 0.297506
3728 0.25371
3729 0.325965
3730 0.256031
3731 0.288915
3732 0.267315
3733 0.31943
3734 0.315264
3735 0.274123
3736 0.284233
3737 0.336042
3738 0.270148
3739 0.262584
3740 0.280304
3741 0.274042
3742 0.312353
3743 0.28309
3744 0.284457
3745 0.29011
3746 0.302193
3747 0.270794
3748 0.297757
3749 0.281745
3750 0.314335
3751 0.320295
3752 0.344531
3753 0.286929
3754 0.25538
3755 0.314352
3756 0.272589
3757 0.342281
3758 0.245951
3759 0.318881
3760 0.291831
3761 0.285261
3762 0.297354
3763 0.351392
3764 0.276152
3765 0.291834
3766 0.266098
3767 0.255872
3768 0.275908
3769 0.330099
3770 0.276104
3771 0.255381
3772 0.329036
3773 0.310062
3774 0.288024
3775 0.271646
3776 0.25749
3777 0.327704
3778 0.25697
3779 0.255855
3780 0.362748
3781 0.252763
3782 0.321438
3783 0.275026
3784 0.297234
3785 0.290593
3786 0.267162
3787 0.261079
3788 0.273358
3789 0.265045
3790 0.301387
3791 0.309269
3792 0.28054
3793 0.315652
3794 0.278769
3795 0.257198
3796 0.317776
3797 0.306661
3798 0.277949
3799 0.266067
3800 0.295374
3801 0.265469
3802 0.283595
3803 0.312289
3804 0.335736
3805 0.282576
3806 0.315987
3807 0.286076
3808 0.305475
3809 0.275877
3810 0.25961
3811 0.275786
3812 0.276334
3813 0.271431
3814 0.292314
3815 0.275295
3816 0.263436
3817 0.24991
3818 0.264694
3819 0.306702
3820 0.263951
3821 0.260002
3822 0.315435
3823 0.249033
3824 0.314981
3825 0.267309
3826 0.290034
3827 0.256955
3828 0.276093
3829 0.251159
3830 0.279849
3831 0.305825
3832 0.271867
3833 0.288677
3834 0.260114
3835 0.251088
3836 0.272569
3837 0.257292
3838 0.314636
3839 0.276251
3840 0.279926
3841 0.288187
3842 0.263744
3843 0.267592
3844 0.261612
3845 0.259617
3846 0.243702
3847 0.265111
3848 0.306273
3849 0.25253
3850 0.269444
3851 0.248458
3852 0.258117
3853 0.284561
3854 0.267001
3855 0.243446
3856 0.345686
3857 0.342502
3858 0.35867
3859 0.307058
3860 0.286979
3861 0.246366
3862 0.271348
3863 0.309004
3864 0.303615
3865 0.301006
3866 0.238346
3867 0.25794
3868 0.252963
3869 0.256147
3870 0.273974
3871 0.285812
3872 0.322587
3873 0.272803
3874 0.292484
3875 0.297
3876 0.273578
3877 0.282762
3878 0.293833
3879 0.287605
3880 0.33511
3881 0.297999
3882 0.270881
3883 0.349419
3884 0.250625
3885 0.309677
3886 0.272957
3887 0.321775
3888 0.379976
3889 0.258981
3890 0.30573
3891 0.333082
3892 0.337553
3893 0.286501
3894 0.259049
3895 0.258384
3896 0.245563
3897 0.284119
3898 0.278566
3899 0.318358
3900 0.242156
3901 0.239071
3902 0.27825
3903 0.281702
3904 0.263986
3905 0.312407
3906 0.268642
3907 0.24373
3908 0.270434
3909 0.302896
3910 0.31115
3911 0.280115
3912 0.273656
3913 0.266949
3914 0.249748
3915 0.259618
3916 0.255493
3917 0.267277
3918 0.261989
3919 0.274983
3920 0.264752
3921 0.269231
3922 0.26241
3923 0.265019
3924 0.27803
3925 0.239057
3926 0.244398
3927 0.253196
3928 0.276605
3929 0.268936
3930 0.270817
3931 0.26957
3932 0.264437
3933 0.257565
3934 0.288057
3935 0.248495
3936 0.229511
3937 0.260988
3938 0.288132
3939 0.26561
3940 0.23283
3941 0.2746
3942 0.291303
3943 0.277475
3944 0.257043
3945 0.290985
3946 0.254413
3947 0.245686
3948 0.229912
3949 0.277582
3950 0.265404
3951 0.304745
3952 0.277778
3953 0.281127
3954 0.261509
3955 0.273637
3956 0.293587
3957 0.306608
3958 0.322619
3959 0.28291
3960 0.249405
3961 0.265802
3962 0.311985
3963 0.251417
3964 0.244715
3965 0.248607
3966 0.23545
3967 0.229664
3968 0.287907
3969 0.25302
3970 0.289374
3971 0.285929
3972 0.24721
3973 0.235383
3974 0.265452
3975 0.266708
3976 0.303298
3977 0.278545
3978 0.248784
3979 0.272346
3980 0.308236
3981 0.313061
3982 0.302453
3983 0.261124
3984 0.291837
3985 0.256186
3986 0.269073
3987 0.294829
3988 0.231309
3989 0.246836
3990 0.277825
3991 0.246967
3992 0.331408
3993 0.269246
3994 0.260903
3995 0.31831
3996 0.313498
3997 0.294732
3998 0.250946
3999 0.255486
4000 0.257599
4001 0.255987
4002 0.252563
4003 0.281786
4004 0.263153
4005 0.287651
4006 0.253912
4007 0.254373
4008 0.246946
4009 0.218818
4010 0.270779
4011 0.240281
4012 0.272854
4013 0.267042
4014 0.235362
4015 0.280815
4016 0.254327
4017 0.229272
4018 0.325353
4019 0.263349
4020 0.321712
4021 0.247828
4022 0.274065
4023 0.261065
4024 0.262551
4025 0.338238
4026 0.336236
4027 0.30603
4028 0.283547
4029 0.277843
4030 0.234603
4031 0.294284
4032 0.268804
4033 0.26335
4034 0.256153
4035 0.272621
4036 0.297302
4037 0.264213
4038 0.268044
4039 0.275442
4040 0.295882
4041 0.234379
4042 0.285915
4043 0.238199
4044 0.27044
4045 0.257314
4046 0.248066
4047 0.284938
4048 0.262987
4049 0.285846
4050 0.259993
4051 0.262425
4052 0.254786
4053 0.297641
4054 0.274566
4055 0.238644
4056 0.273611
4057 0.268216
4058 0.257309
4059 0.274835
4060 0.243767
4061 0.264008
4062 0.289025
4063 0.276363
4064 0.290574
4065 0.249148
4066 0.294016
4067 0.252515
4068 0.257008
4069 0.260273
4070 0.265102
4071 0.257852
4072 0.280014
4073 0.267436
4074 0.270968
4075 0.261954
4076 0.239334
4077 0.239828
4078 0.260287
4079 0.279046
4080 0.248514
4081 0.245228
4082 0.294525
4083 0.243378
4084 0.225493
4085 0.251048
4086 0.245236
4087 0.318982
4088 0.240583
4089 0.30195
4090 0.290919
4091 0.302074
4092 0.260103
4093 0.251021
4094 0.234053
4095 0.279781
4096 0.309157
4097 0.306387
4098 0.230834
4099 0.258338
4100 0.274119
4101 0.298483
4102 0.272787
4103 0.278499
4104 0.240393
4105 0.222676
4106 0.261967
4107 0.255393
4108 0.272851
4109 0.244997
4110 0.256921
4111 0.313352
4112 0.264033
4113 0.250451
4114 0.351116
4115 0.241136
4116 0.271154
4117 0.261976
4118 0.303395
4119 0.241777
4120 0.309728
4121 0.250924
4122 0.226151
4123 0.246568
4124 0.242801
4125 0.262461
4126 0.319492
4127 0.304751
4128 0.258188
4129 0.267685
4130 0.238356
4131 0.252184
4132 0.253134
4133 0.242128
4134 0.282113
4135 0.230523
4136 0.262831
4137 0.260846
4138 0.236163
4139 0.29661
4140 0.249436
4141 0.338614
4142 0.268382
4143 0.295058
4144 0.2379
4145 0.256419
4146 0.294263
4147 0.238168
4148 0.24125
4149 0.231781
4150 0.268201
4151 0.34739
4152 0.250699
4153 0.285454
4154 0.316594
4155 0.24571
4156 0.252973
4157 0.241738
4158 0.273941
4159 0.293695
4160 0.258253
4161 0.238287
4162 0.273781
4163 0.244968
4164 0.251741
4165 0.253217
4166 0.3314
4167 0.236875
4168 0.272175
4169 0.267513
4170 0.228287
4171 0.275342
4172 0.234175
4173 0.253825
4174 0.242079
4175 0.277876
4176 0.257354
4177 0.264354
4178 0.250196
4179 0.264706
4180 0.334908
4181 0.25463
4182 0.239258
4183 0.254897
4184 0.245409
4185 0.25407
4186 0.267456
4187 0.253484
4188 0.306289
4189 0.264037
4190 0.286132
4191 0.330487
4192 0.312868
4193 0.260607
4194 0.254433
4195 0.231635
4196 0.240993
4197 0.258783
4198 0.278601
4199 0.229351
4200 0.245296
4201 0.278774
4202 0.322939
4203 0.294969
4204 0.246044
4205 0.288558
4206 0.272946
4207 0.256899
4208 0.263222
4209 0.24377
4210 0.240353
4211 0.271691
4212 0.315288
4213 0.281731
4214 0.259937
4215 0.23728
4216 0.236316
4217 0.23581
4218 0.246098
4219 0.32747
4220 0.242706
4221 0.259834
4222 0.22134
4223 0.236038
4224 0.250707
4225 0.228697
4226 0.278079
4227 0.275473
4228 0.257828
4229 0.235906
4230 0.241029
4231 0.231365
4232 0.33462
4233 0.269478
4234 0.307362
4235 0.240247
4236 0.240542
4237 0.275399
4238 0.250748
4239 0.227429
4240 0.264137
4241 0.249548
4242 0.238658
4243 0.238771
4244 0.251886
4245 0.255879
4246 0.249142
4247 0.250317
4248 0.276409
4249 0.214747
4250 0.237091
4251 0.275886
4252 0.312368
4253 0.231843
4254 0.261208
4255 0.235359
4256 0.227428
4257 0.234673
4258 0.26687
4259 0.264772
4260 0.283126
4261 0.249408
4262 0.238259
4263 0.220592
4264 0.234991
4265 0.250171
4266 0.243222
4267 0.251365
4268 0.263932
4269 0.283341
4270 0.242858
4271 0.237529
4272 0.254427
4273 0.249611
4274 0.255259
4275 0.221023
4276 0.217794
4277 0.218139
4278 0.259827
4279 0.219945
4280 0.231136
4281 0.218016
4282 0.249015
4283 0.228887
4284 0.223626
4285 0.361104
4286 0.228955
4287 0.263412
4288 0.249838
4289 0.256761
4290 0.222769
4291 0.274465
4292 0.258962
4293 0.249978
4294 0.235857
4295 0.235759
4296 0.276227
4297 0.24372
4298 0.276529
4299 0.250433
4300 0.210768
4301 0.285042
4302 0.299517
4303 0.239301
4304 0.259309
4305 0.206266
4306 0.238227
4307 0.257486
4308 0.242693
4309 0.286632
4310 0.272723
4311 0.283828
4312 0.250784
4313 0.233872
4314 0.269917
4315 0.244294
4316 0.311458
4317 0.266321
4318 0.22827
4319 0.246665
4320 0.287433
4321 0.246963
4322 0.243302
4323 0.211381
4324 0.24118
4325 0.237721
4326 0.27183
4327 0.30752
4328 0.283687
4329 0.22536
4330 0.223616
4331 0.22754
4332 0.25761
4333 0.252638
4334 0.260215
4335 0.2266
4336 0.238274
4337 0.223656
4338 0.300093
4339 0.260321
4340 0.235064
4341 0.237188
4342 0.212082
4343 0.236249
4344 0.249225
4345 0.252619
4346 0.251356
4347 0.241341
4348 0.249696
4349 0.239447
4350 0.247169
4351 0.242201
4352 0.26295
4353 0.243671
4354 0.231117
4355 0.241493
4356 0.254298
4357 0.245052
4358 0.265603
4359 0.253455
4360 0.220734
4361 0.247728
4362 0.234471
4363 0.259543
4364 0.232969
4365 0.247521
4366 0.228266
4367 0.243201
4368 0.25079
4369 0.221513
4370 0.256338
4371 0.271675
4372 0.276387
4373 0.278031
4374 0.238033
4375 0.220682
4376 0.251287
4377 0.232842
4378 0.247385
4379 0.267821
4380 0.238611
4381 0.22981
4382 0.254705
4383 0.224833
4384 0.283049
4385 0.25062
4386 0.282827
4387 0.263573
4388 0.249163
4389 0.287898
4390 0.215263
4391 0.250849
4392 0.242172
4393 0.256599
4394 0.223239
4395 0.236194
4396 0.27082
4397 0.268299
4398 0.261081
4399 0.252888
4400 0.272025
4401 0.236142
4402 0.232563
4403 0.245521
4404 0.244946
4405 0.261463
4406 0.249201
4407 0.210508
4408 0.226803
4409 0.30874
4410 0.255876
4411 0.259079
4412 0.246901
4413 0.233949
4414 0.235195
4415 0.251092
4416 0.269708
4417 0.237664
4418 0.217049
4419 0.257618
4420 0.229204
4421 0.304523
4422 0.229301
4423 0.269978
4424 0.27282
4425 0.258504
4426 0.265161
4427 0.222619
4428 0.208333
4429 0.214859
4430 0.247313
4431 0.223101
4432 0.275102
4433 0.266743
4434 0.251667
4435 0.236033
4436 0.212349
4437 0.235604
4438 0.212077
4439 0.225691
4440 0.239947
4441 0.234047
4442 0.237408
4443 0.234451
4444 0.293142
4445 0.230863
4446 0.208281
4447 0.274072
4448 0.230477
4449 0.27209
4450 0.22746
4451 0.202589
4452 0.286351
4453 0.248468
4454 0.310251
4455 0.293575
4456 0.272685
4457 0.293642
4458 0.20017
4459 0.281127
4460 0.247907
4461 0.205036
4462 0.243328
4463 0.229372
4464 0.238691
4465 0.265588
4466 0.219285
4467 0.241107
4468 0.208989
4469 0.220345
4470 0.231586
4471 0.22945
4472 0.25267
4473 0.227614
4474 0.224473
4475 0.257244
4476 0.237824
4477 0.256046
4478 0.217819
4479 0.2271
4480 0.215605
4481 0.245061
4482 0.259645
4483 0.261221
4484 0.209224
4485 0.222344
4486 0.22784
4487 0.268106
4488 0.237224
4489 0.242602
4490 0.212886
4491 0.235674
4492 0.240533
4493 0.224836
4494 0.236483
4495 0.259619
4496 0.253993
4497 0.242686
4498 0.242387
4499 0.237122
4500 0.230391
4501 0.248583
4502 0.250582
4503 0.224786
4504 0.227866
4505 0.190513
4506 0.236897
4507 0.21465
4508 0.286486
4509 0.239863
4510 0.230367
4511 0.260226
4512 0.203928
4513 0.237414
4514 0.250189
4515 0.219371
4516 0.309684
4517 0.234154
4518 0.266127
4519 0.230036
4520 0.238625
4521 0.242695
4522 0.245855
4523 0.237294
4524 0.268425
4525 0.236759
4526 0.275187
4527 0.22662
4528 0.21347
4529 0.301884
4530 0.260612
4531 0.240526
4532 0.255267
4533 0.225217
4534 0.256197
4535 0.289631
4536 0.215474
4537 0.290137
4538 0.231917
4539 0.231689
4540 0.275133
4541 0.244668
4542 0.254635
4543 0.252694
4544 0.239337
4545 0.208519
4546 0.214912
4547 0.244845
4548 0.230021
4549 0.250712
4550 0.242705
4551 0.231612
4552 0.221472
4553 0.243038
4554 0.244204
4555 0.305753
4556 0.254351
4557 0.266361
4558 0.249481
4559 0.238632
4560 0.25178
4561 0.200599
4562 0.254646
4563 0.219809
4564 0.225389
4565 0.242627
4566 0.223159
4567 0.27001
4568 0.252653
4569 0.253959
4570 0.264493
4571 0.258415
4572 0.249835
4573 0.222279
4574 0.214727
4575 0.220868
4576 0.239177
4577 0.268857
4578 0.254155
4579 0.315115
4580 0.25519
4581 0.229854
4582 0.236731
4583 0.282305
4584 0.277794
4585 0.202976
4586 0.194193
4587 0.263695
4588 0.288887
4589 0.225925
4590 0.228047
4591 0.240969
4592 0.265636
4593 0.226744
4594 0.219077
4595 0.264323
4596 0.205192
4597 0.236578
4598 0.251377
4599 0.235098
4600 0.240967
4601 0.217736
4602 0.26553
4603 0.260426
4604 0.225943
4605 0.228037
4606 0.26647
4607 0.279309
4608 0.23637
4609 0.30578
4610 0.249566
4611 0.223981
4612 0.244379
4613 0.243228
4614 0.268718
4615 0.24955
4616 0.247638
4617 0.259932
4618 0.264904
4619 0.242781
4620 0.291784
4621 0.226908
4622 0.244115
4623 0.236091
4624 0.257631
4625 0.246682
4626 0.221311
4627 0.227365
4628 0.193886
4629 0.224956
4630 0.332831
4631 0.24441
4632 0.244665
4633 0.216623
4634 0.287608
4635 0.280015
4636 0.213906
4637 0.313487
4638 0.221085
4639 0.20484
4640 0.261056
4641 0.272847
4642 0.257999
4643 0.221711
4644 0.225618
4645 0.23577
4646 0.222818
4647 0.215431
4648 0.261372
4649 0.273281
4650 0.239834
4651 0.220888
4652 0.209827
4653 0.237008
4654 0.232
4655 0.24574
4656 0.21211
4657 0.230716
4658 0.222227
4659 0.265545
4660 0.236605
4661 0.268673
4662 0.198827
4663 0.239352
4664 0.227653
4665 0.221768
4666 0.261279
4667 0.250387
4668 0.218552
4669 0.220216
4670 0.204885
4671 0.222269
4672 0.240078
4673 0.215402
4674 0.232339
4675 0.223158
4676 0.267474
4677 0.241117
4678 0.224612
4679 0.229142
4680 0.280823
4681 0.23566
4682 0.215222
4683 0.237507
4684 0.227421
4685 0.218049
4686 0.223837
4687 0.230527
4688 0.272836
4689 0.254757
4690 0.262565
4691 0.208721
4692 0.216998
4693 0.232117
4694 0.205937
4695 0.229561
4696 0.243355
4697 0.228602
4698 0.275041
4699 0.218598
4700 0.204053
4701 0.23762
4702 0.207297
4703 0.210284
4704 0.213714
4705 0.211744
4706 0.213898
4707 0.223712
4708 0.182706
4709 0.193513
4710 0.198621
4711 0.225512
4712 0.218329
4713 0.210647
4714 0.331998
4715 0.2963
4716 0.258811
4717 0.22682
4718 0.248174
4719 0.229211
4720 0.244849
4721 0.233784
4722 0.242677
4723 0.203433
4724 0.225652
4725 0.225654
4726 0.23494
4727 0.201482
4728 0.213406
4729 0.20386
4730 0.248144
4731 0.261729
4732 0.250077
4733 0.242498
4734 0.192356
4735 0.227294
4736 0.23327
4737 0.22283
4738 0.227001
4739 0.245409
4740 0.241512
4741 0.212678
4742 0.290459
4743 0.215878
4744 0.246779
4745 0.269267
4746 0.219302
4747 0.245382
4748 0.205136
4749 0.252699
4750 0.230621
4751 0.200822
4752 0.232613
4753 0.195796
4754 0.225371
4755 0.260456
4756 0.292591
4757 0.207683
4758 0.219584
4759 0.2135
4760 0.276074
4761 0.21283
4762 0.247316
4763 0.215982
4764 0.206974
4765 0.220995
4766 0.212601
4767 0.267965
4768 0.217213
4769 0.248877
4770 0.223274
4771 0.205566
4772 0.204465
4773 0.209347
4774 0.231389
4775 0.220129
4776 0.250189
4777 0.240656
4778 0.268107
4779 0.202299
4780 0.201729
4781 0.219097
4782 0.216918
4783 0.255259
4784 0.221688
4785 0.216933
4786 0.283298
4787 0.218594
4788 0.223096
4789 0.225413
4790 0.217987
4791 0.236435
4792 0.25412
4793 0.193396
4794 0.227645
4795 0.227536
4796 0.226814
4797 0.203994
4798 0.210382
4799 0.29774
4800 0.225643
4801 0.246973
4802 0.241198
4803 0.217672
4804 0.212603
4805 0.236064
4806 0.191605
4807 0.228799
4808 0.22835
4809 0.23593
4810 0.229626
4811 0.228195
4812 0.212037
4813 0.273636
4814 0.23651
4815 0.245294
4816 0.197982
4817 0.235157
4818 0.19979
4819 0.212406
4820 0.237588
4821 0.201818
4822 0.228582
4823 0.212475
4824 0.213566
4825 0.268507
4826 0.206792
4827 0.217462
4828 0.225498
4829 0.227645
4830 0.188282
4831 0.226987
4832 0.235999
4833 0.23231
4834 0.28256
4835 0.203321
4836 0.20198
4837 0.226496
4838 0.337702
4839 0.224523
4840 0.228138
4841 0.204724
4842 0.193137
4843 0.204711
4844 0.235365
4845 0.255198
4846 0.207684
4847 0.24438
4848 0.201257
4849 0.283181
4850 0.224375
4851 0.210085
4852 0.254588
4853 0.23446
4854 0.237965
4855 0.189397
4856 0.231538
4857 0.234429
4858 0.204466
4859 0.222293
4860 0.247656
4861 0.237179
4862 0.208385
4863 0.263905
4864 0.20386
4865 0.1995
4866 0.243585
4867 0.218164
4868 0.251251
4869 0.212526
4870 0.234198
4871 0.222782
4872 0.206115
4873 0.260491
4874 0.223281
4875 0.206509
4876 0.271112
4877 0.245824
4878 0.217784
4879 0.217626
4880 0.197541
4881 0.205568
4882 0.232902
4883 0.290872
4884 0.294844
4885 0.254655
4886 0.254266
4887 0.201735
4888 0.256579
4889 0.238942
4890 0.195488
4891 0.220492
4892 0.219465
4893 0.210641
4894 0.224341
4895 0.204355
4896 0.236121
4897 0.197279
4898 0.237399
4899 0.202942
4900 0.261869
4901 0.211382
4902 0.226185
4903 0.201146
4904 0.257587
4905 0.235359
4906 0.214171
4907 0.216101
4908 0.222444
4909 0.231531
4910 0.236129
4911 0.254437
4912 0.204166
4913 0.20154
4914 0.2085
4915 0.230852
4916 0.212499
4917 0.211088
4918 0.22425
4919 0.205997
4920 0.210116
4921 0.241645
4922 0.216831
4923 0.226757
4924 0.249235
4925 0.190117
4926 0.233238
4927 0.201071
4928 0.213407
4929 0.262133
4930 0.232972
4931 0.232199
4932 0.233244
4933 0.220164
4934 0.213381
4935 0.204015
4936 0.20704
4937 0.24847
4938 0.198823
4939 0.20359
4940 0.24873
4941 0.193359
4942 0.229322
4943 0.19816
4944 0.20373
4945 0.278952
4946 0.207091
4947 0.265581
4948 0.245753
4949 0.219728
4950 0.221288
4951 0.233791
4952 0.202289
4953 0.320774
4954 0.228926
4955 0.225681
4956 0.220305
4957 0.206273
4958 0.307114
4959 0.252621
4960 0.210495
4961 0.228528
4962 0.222373
4963 0.233537
4964 0.239291
4965 0.256882
4966 0.238398
4967 0.192917
4968 0.233398
4969 0.228879
4970 0.220275
4971 0.251773
4972 0.25576
4973 0.200533
4974 0.201209
4975 0.210978
4976 0.206714
4977 0.223603
4978 0.281093
4979 0.210826
4980 0.208706
4981 0.21371
4982 0.209347
4983 0.240391
4984 0.311
4985 0.207624
4986 0.234896
4987 0.242799
4988 0.197978
4989 0.223801
4990 0.216745
4991 0.244731
4992 0.192711
4993 0.248222
4994 0.206773
4995 0.192016
4996 0.215839
4997 0.219361
4998 0.230459
4999 0.250419
5000 0.260473
