0 4.92683
1 22.6975
2 23.0608
3 6.35751
4 5.54435
5 3.88355
6 3.10881
7 3.04572
8 5.60429
9 6.526
10 3.66974
11 3.69745
12 3.13541
13 2.70198
14 2.54647
15 2.46393
16 2.24609
17 2.21494
18 1.84691
19 1.95896
20 2.02656
21 2.24832
22 2.75002
23 2.2353
24 1.94783
25 2.12978
26 1.8862
27 1.89616
28 2.13904
29 2.05436
30 2.19695
31 1.82613
32 1.6904
33 1.70688
34 1.77268
35 1.72696
36 1.5137
37 1.58564
38 1.48161
39 1.5203
40 1.70336
41 1.74137
42 1.5287
43 1.50603
44 1.78217
45 1.77207
46 1.69608
47 1.42166
48 1.48204
49 1.47153
50 1.41594
51 1.80178
52 1.58921
53 1.4646
54 1.46348
55 1.43066
56 1.51813
57 1.47405
58 1.61038
59 1.64728
60 1.40979
61 1.38956
62 1.65253
63 1.7478
64 1.49218
65 1.66172
66 1.4834
67 1.48804
68 1.49831
69 1.44271
70 1.63067
71 1.53856
72 1.7438
73 1.62538
74 1.63538
75 1.64239
76 1.76944
77 1.29617
78 1.41553
79 1.44074
80 1.38202
81 1.38085
82 1.36653
83 1.35073
84 1.49996
85 1.56488
86 1.36491
87 1.29919
88 1.32327
89 1.31022
90 1.39016
91 1.48065
92 1.42534
93 1.40613
94 1.41127
95 1.42039
96 1.34549
97 1.45158
98 1.45901
99 1.47829
100 1.47932
101 1.32645
102 1.23763
103 1.22251
104 1.31851
105 1.32569
106 1.42538
107 1.34202
108 1.20182
109 1.29258
110 1.28839
111 1.35916
112 1.41957
113 1.47762
114 1.20672
115 1.27641
116 1.30858
117 1.51555
118 1.82129
119 1.50366
120 1.1982
121 1.34317
122 1.47809
123 1.53547
124 1.52671
125 1.27492
126 1.23939
127 1.35306
128 1.25699
129 1.41446
130 1.21199
131 1.20754
132 1.24161
133 1.34695
134 1.4158
135 1.22135
136 1.51381
137 1.45387
138 1.31065
139 1.29751
140 1.23016
141 1.30263
142 1.21434
143 1.24502
144 1.2326
145 1.38408
146 1.45799
147 1.3859
148 1.39838
149 1.24764
150 1.33239
151 1.28083
152 1.33789
153 1.33393
154 1.33685
155 1.25754
156 1.17105
157 1.32549
158 1.21515
159 1.11857
160 1.3245
161 1.20483
162 1.3301
163 1.23294
164 1.22884
165 1.19732
166 1.27007
167 1.37603
168 1.38076
169 1.5773
170 1.79759
171 1.38942
172 1.44285
173 1.60041
174 1.17232
175 1.31904
176 1.21528
177 1.27241
178 1.27665
179 1.19561
180 1.21237
181 1.17495
182 1.34118
183 1.25926
184 1.43742
185 1.25874
186 1.24894
187 1.20344
188 1.38035
189 1.32644
190 1.22726
191 1.18623
192 1.13714
193 1.30204
194 1.30494
195 1.30022
196 1.30855
197 1.16802
198 1.14118
199 1.19788
200 1.28428
201 1.25006
202 1.25595
203 1.29424
204 1.34845
205 1.40471
206 1.40844
207 1.20349
208 1.40371
209 1.2573
210 1.19063
211 1.26993
212 1.18861
213 1.31121
214 1.37671
215 1.12901
216 1.21239
217 1.28472
218 1.11182
219 1.18967
220 1.12055
221 1.29592
222 1.25137
223 1.14798
224 1.25282
225 1.09881
226 1.15319
227 1.10962
228 1.11802
229 1.18896
230 1.27601
231 1.27728
232 1.35429
233 1.43693
234 1.14228
235 1.2054
236 1.18996
237 1.07439
238 1.19716
239 1.18724
240 1.15262
241 1.14181
242 1.18333
243 1.24821
244 1.07799
245 1.20846
246 1.13367
247 1.10438
248 1.23869
249 1.17717
250 1.22387
251 1.16579
252 1.39162
253 1.2322
254 1.31189
255 1.41451
256 1.17556
257 1.11754
258 1.08239
259 1.09935
260 1.22642
261 1.18049
262 1.21366
263 1.10916
264 1.00047
265 1.12328
266 1.09989
267 1.20492
268 1.44833
269 1.24647
270 1.32608
271 1.16769
272 1.14253
273 1.16657
274 1.13414
275 1.16134
276 1.06512
277 1.14597
278 1.12384
279 1.11678
280 1.12625
281 1.23044
282 1.07066
283 1.25693
284 1.24834
285 1.26757
286 1.16657
287 1.11608
288 1.12674
289 1.16305
290 1.18815
291 1.12208
292 1.3848
293 1.17541
294 1.19074
295 1.26999
296 1.3291
297 1.0806
298 1.12503
299 1.01186
300 1.03965
301 1.10518
302 1.08994
303 1.06887
304 1.16495
305 1.11004
306 1.09745
307 1.16219
308 1.16355
309 0.997174
310 1.08198
311 1.16765
312 1.14035
313 1.20811
314 1.0687
315 1.14203
316 1.17931
317 1.17011
318 1.16501
319 1.18569
320 1.17374
321 1.16573
322 1.2175
323 1.2092
324 1.05916
325 1.09112
326 1.1491
327 1.09282
328 1.07642
329 1.15307
330 1.22613
331 1.24655
332 1.19864
333 1.14056
334 1.00091
335 1.22996
336 1.1045
337 1.02321
338 1.19516
339 1.06684
340 1.06206
341 1.17751
342 1.05957
343 1.38522
344 1.16415
345 1.17992
346 0.979056
347 1.53911
348 1.38843
349 1.14021
350 1.34746
351 1.06429
352 1.09693
353 1.19527
354 1.32483
355 1.11441
356 1.13856
357 1.11371
358 1.02233
359 0.954489
360 1.05128
361 1.17258
362 1.01984
363 1.06283
364 1.03818
365 1.07199
366 1.03766
367 1.1487
368 1.21808
369 1.11466
370 1.03674
371 0.994303
372 1.12406
373 1.14166
374 1.38003
375 1.1241
376 1.16612
377 0.959722
378 1.04655
379 1.10734
380 1.10278
381 1.12133
382 1.10733
383 1.002
384 1.02847
385 1.06488
386 1.119
387 1.09974
388 1.02717
389 1.14889
390 1.07718
391 1.05588
392 1.11328
393 1.04899
394 1.12123
395 0.951878
396 1.10743
397 1.09093
398 1.07226
399 1.03507
400 1.0594
401 1.05019
402 1.0653
403 1.04782
404 1.05594
405 1.03713
406 1.15969
407 0.970666
408 1.11365
409 1.01496
410 1.05035
411 1.1567
412 0.973508
413 0.986919
414 1.07797
415 0.919934
416 0.946917
417 1.01863
418 0.946195
419 0.948897
420 1.07067
421 0.926277
422 0.926251
423 0.909408
424 1.15395
425 1.06596
426 0.972994
427 1.29094
428 0.906577
429 1.09135
430 1.01795
431 1.14163
432 1.02024
433 1.05683
434 1.11798
435 1.09039
436 1.02535
437 0.999054
438 1.044
439 0.977971
440 1.04742
441 1.07861
442 0.999013
443 1.13785
444 1.07295
445 1.04415
446 1.16681
447 1.03111
448 1.02342
449 1.04332
450 1.11421
451 1.03961
452 1.0846
453 1.14337
454 0.99514
455 1.08644
456 0.956658
457 1.23771
458 1.22721
459 1.21963
460 1.14359
461 1.02586
462 0.999083
463 1.024
464 1.06961
465 0.956784
466 0.988271
467 0.979448
468 1.05073
469 1.36574
470 1.13527
471 1.00524
472 0.987019
473 1.04868
474 0.967283
475 1.06826
476 0.970451
477 1.03223
478 0.987363
479 1.00055
480 1.1142
481 1.07629
482 0.998505
483 1.0161
484 0.951123
485 1.02484
486 1.04204
487 1.0446
488 1.1593
489 1.04002
490 1.06571
491 1.09733
492 1.06078
493 0.957941
494 1.03515
495 0.941304
496 1.01964
497 1.05887
498 1.04603
499 0.998107
500 1.00112
501 1.07597
502 0.945262
503 0.947056
504 1.1464
505 1.18874
506 0.929435
507 1.02455
508 1.01389
509 1.00951
510 1.02344
511 0.93156
512 1.11476
513 1.00472
514 1.03638
515 0.994029
516 0.964892
517 0.908791
518 0.991482
519 0.962159
520 1.0412
521 0.9531
522 0.99886
523 0.976213
524 0.991403
525 0.931953
526 1.06499
527 0.966841
528 1.12809
529 1.02944
530 0.980367
531 0.886875
532 0.957392
533 0.971976
534 1.00077
535 1.00023
536 0.969763
537 0.903042
538 1.04131
539 1.02707
540 0.983789
541 0.99157
542 0.940881
543 0.94028
544 0.974378
545 0.943588
546 1.05386
547 1.06807
548 0.953382
549 0.921817
550 1.00397
551 1.14723
552 1.02562
553 1.09983
554 1.02417
555 0.911511
556 0.94269
557 0.990618
558 1.04159
559 0.938683
560 0.898604
561 0.992337
562 1.02212
563 1.01715
564 0.961091
565 1.09332
566 1.01172
567 1.02139
568 0.921273
569 0.910369
570 1.02246
571 0.879394
572 0.946448
573 0.924572
574 1.00674
575 1.04309
576 1.04611
577 0.941202
578 0.997638
579 0.915307
580 0.920478
581 0.965245
582 0.991455
583 0.960688
584 0.941252
585 0.9379
586 1.00444
587 0.949502
588 0.91496
589 0.966815
590 1.00584
591 0.996302
592 0.895472
593 0.926337
594 0.881958
595 0.989745
596 0.988376
597 1.08871
598 1.07975
599 1.13222
600 0.890732
601 1.05636
602 1.01454
603 0.933006
604 0.984903
605 0.919566
606 0.957963
607 0.911275
608 0.896503
609 0.923376
610 0.884097
611 1.02908
612 0.997866
613 1.11829
614 0.949983
615 0.969893
616 0.938375
617 1.00819
618 0.988661
619 0.886601
620 0.929059
621 0.93964
622 0.920347
623 0.981566
624 0.945007
625 0.943874
626 0.868834
627 0.911475
628 0.919475
629 0.953287
630 0.892229
631 0.948878
632 0.929502
633 0.953547
634 1.03219
635 0.998633
636 1.04292
637 1.02435
638 0.914812
639 0.965328
640 0.964189
641 0.904973
642 0.982907
643 0.907477
644 0.97173
645 0.932743
646 0.975344
647 0.916128
648 0.882159
649 0.924361
650 0.986617
651 0.894869
652 0.888084
653 0.944701
654 0.818883
655 0.936018
656 0.845082
657 0.834089
658 0.948356
659 1.00323
660 0.989066
661 1.11227
662 0.952895
663 0.872711
664 0.986294
665 0.871933
666 0.982171
667 0.891888
668 0.862882
669 0.887979
670 0.924236
671 0.996676
672 0.940022
673 0.833362
674 1.00069
675 0.890752
676 0.87063
677 0.980034
678 0.963998
679 1.01528
680 0.867747
681 1.07148
682 1.01682
683 1.00868
684 0.897981
685 1.01265
686 0.847945
687 0.846221
688 0.886767
689 0.923007
690 0.908823
691 1.00375
692 0.879069
693 0.849219
694 0.873197
695 0.943623
696 0.948786
697 1.05864
698 0.956526
699 0.926863
700 0.85474
701 0.935321
702 0.870114
703 0.841565
704 0.885983
705 0.942831
706 0.944477
707 0.876835
708 0.898423
709 0.898639
710 0.91477
711 0.889711
712 1.05132
713 1.00673
714 0.920133
715 0.937563
716 0.843616
717 0.987959
718 0.879274
719 0.859409
720 0.911191
721 1.09518
722 0.943124
723 0.962742
724 0.968318
725 0.993932
726 0.872746
727 0.844904
728 0.81353
729 0.891055
730 0.896561
731 0.836214
732 0.884075
733 0.865828
734 0.871736
735 0.9335
736 0.959486
737 0.853212
738 0.817581
739 0.870362
740 0.989942
741 0.887338
742 0.95616
743 0.925362
744 0.875376
745 0.930301
746 0.882578
747 0.972719
748 0.931033
749 0.950346
750 0.919761
751 1.0382
752 0.909518
753 0.811832
754 0.855138
755 0.917316
756 0.839624
757 0.926404
758 1.06836
759 0.9408
760 0.895804
761 0.917749
762 1.02071
763 0.814758
764 0.918456
765 0.875452
766 0.831278
767 0.853886
768 0.854303
769 0.855252
770 0.813389
771 0.936602
772 1.07202
773 0.872313
774 0.95593
775 0.786012
776 1.07269
777 0.931899
778 0.813134
779 1.09542
780 0.854739
781 0.869704
782 1.03666
783 1.04765
784 0.965243
785 0.947954
786 0.854122
787 0.824472
788 0.845566
789 0.84315
790 0.92871
791 0.880294
792 0.848017
793 0.825511
794 0.832332
795 0.912235
796 0.931841
797 0.905027
798 0.891179
799 0.834828
800 0.805472
801 0.890909
802 0.981909
803 1.1428
804 0.926063
805 0.863313
806 0.808045
807 0.821445
808 0.898676
809 0.867725
810 0.884276
811 0.853452
812 0.832225
813 0.808361
814 0.805989
815 0.875572
816 0.868753
817 0.819134
818 0.923175
819 0.845484
820 0.840942
821 0.927628
822 0.819189
823 0.877067
824 0.774941
825 0.943204
826 0.842268
827 0.829409
828 0.88314
829 0.804083
830 0.87428
831 0.774512
832 0.86378
833 0.778707
834 0.795271
835 0.84488
836 0.797238
837 0.848328
838 0.806165
839 0.817037
840 0.90974
841 0.806897
842 0.759887
843 0.824678
844 0.733728
845 0.77037
846 0.754028
847 0.800723
848 0.753004
849 0.850865
850 0.728057
851 0.736172
852 0.797304
853 0.860956
854 0.74493
855 0.784772
856 1.02235
857 0.893441
858 0.920285
859 0.832652
860 0.819888
861 0.856666
862 0.873092
863 0.873352
864 0.887131
865 0.824513
866 0.783271
867 0.82128
868 0.852431
869 0.825359
870 0.843191
871 0.874213
872 0.909342
873 0.833033
874 0.835441
875 0.864932
876 0.826215
877 0.878708
878 0.823455
879 0.870444
880 0.884927
881 0.82517
882 0.937151
883 0.827438
884 0.856795
885 0.783496
886 1.02227
887 1.04427
888 0.808498
889 0.867335
890 0.845995
891 0.817366
892 0.819481
893 0.802837
894 0.791581
895 0.788062
896 0.835129
897 0.833642
898 1.10757
899 0.961845
900 0.804969
901 0.801975
902 0.928292
903 0.81343
904 0.862553
905 0.80783
906 0.780843
907 0.774693
908 0.880371
909 0.905847
910 0.802972
911 0.803019
912 0.842616
913 0.748919
914 0.780271
915 0.778538
916 0.905819
917 0.87878
918 0.85503
919 0.849512
920 0.91596
921 0.809587
922 0.79177
923 0.860018
924 0.765433
925 0.827388
926 0.807147
927 0.828474
928 0.88413
929 0.838826
930 0.833051
931 0.776942
932 0.851499
933 0.942483
934 0.826605
935 0.761269
936 0.868266
937 0.793149
938 0.816971
939 0.786103
940 0.741646
941 0.865181
942 0.919728
943 0.812229
944 0.788215
945 0.71583
946 0.776052
947 0.760754
948 0.787594
949 0.853836
950 0.806455
951 0.810146
952 0.853497
953 0.721145
954 0.856693
955 0.890356
956 0.836165
957 0.853302
958 0.847485
959 0.724156
960 0.766603
961 0.814633
962 0.796187
963 0.817014
964 0.778725
965 0.76858
966 0.762456
967 0.845299
968 0.825942
969 0.848557
970 0.85103
971 0.783066
972 0.725586
973 0.754092
974 0.820566
975 0.877785
976 0.790543
977 0.769083
978 0.729401
979 0.915097
980 0.915836
981 0.853145
982 0.795347
983 0.784217
984 0.721112
985 0.773931
986 0.750207
987 0.826974
988 0.721316
989 0.763205
990 0.772782
991 0.81092
992 0.779471
993 0.769721
994 0.843103
995 0.811788
996 0.825171
997 0.738814
998 0.825994
999 0.826346
1000 0.758235
1001 0.838154
1002 0.797399
1003 0.788214
1004 0.795732
1005 0.841444
1006 0.756458
1007 0.798539
1008 0.707098
1009 0.74006
1010 0.813588
1011 0.768936
1012 0.799333
1013 0.743606
1014 0.765329
1015 0.752037
1016 0.713167
1017 0.801988
1018 0.824035
1019 0.892195
1020 0.724622
1021 0.76429
1022 0.70918
1023 0.741686
1024 0.825937
1025 0.93321
1026 0.839875
1027 0.847638
1028 0.820993
1029 0.717754
1030 0.85424
1031 0.779168
1032 0.725088
1033 0.765294
1034 0.763397
1035 0.846701
1036 0.742049
1037 0.725987
1038 0.795839
1039 0.743847
1040 0.772217
1041 0.78331
1042 0.895142
1043 0.713565
1044 0.790097
1045 0.784684
1046 0.81533
1047 0.79669
1048 0.71519
1049 0.723919
1050 0.822594
1051 0.804956
1052 0.734962
1053 0.87068
1054 0.732046
1055 0.733715
1056 0.741386
1057 0.735505
1058 0.730902
1059 0.813556
1060 0.737288
1061 0.808909
1062 0.832948
1063 0.829959
1064 0.738618
1065 0.850316
1066 0.83511
1067 0.781115
1068 0.754943
1069 0.793368
1070 0.759157
1071 0.858309
1072 0.807736
1073 0.73711
1074 0.851424
1075 0.760481
1076 0.744461
1077 0.741985
1078 0.78779
1079 0.791936
1080 0.794863
1081 0.701116
1082 0.77788
1083 0.673013
1084 0.772616
1085 0.683014
1086 0.714955
1087 0.838078
1088 0.745493
1089 0.846577
1090 0.834871
1091 0.710268
1092 0.777824
1093 0.743831
1094 0.727656
1095 0.839244
1096 0.742972
1097 0.732395
1098 0.704276
1099 0.752218
1100 0.810973
1101 0.752891
1102 0.733739
1103 0.75723
1104 0.714246
1105 0.763107
1106 0.82875
1107 0.765519
1108 0.778094
1109 0.722034
1110 0.902189
1111 0.774399
1112 0.760251
1113 0.913328
1114 0.72051
1115 0.7417
1116 0.673132
1117 0.704617
1118 0.732991
1119 0.833238
1120 0.738932
1121 0.696985
1122 0.73867
1123 0.720899
1124 0.724565
1125 0.892834
1126 0.815005
1127 0.741617
1128 0.771235
1129 0.765887
1130 0.744348
1131 0.725856
1132 0.706362
1133 0.805273
1134 0.712552
1135 0.749487
1136 0.789357
1137 0.712908
1138 0.783993
1139 0.705846
1140 0.840017
1141 0.756293
1142 0.827983
1143 0.733474
1144 0.727473
1145 0.746352
1146 0.755433
1147 0.734211
1148 0.721765
1149 0.820133
1150 0.811831
1151 0.7505
1152 0.759215
1153 0.792819
1154 0.78505
1155 0.693921
1156 0.666443
1157 0.702841
1158 0.757827
1159 0.792614
1160 0.697544
1161 0.799395
1162 0.72165
1163 0.703492
1164 0.742144
1165 0.779294
1166 0.686352
1167 0.686003
1168 0.738487
1169 0.759121
1170 0.822965
1171 0.753876
1172 0.682081
1173 0.801756
1174 0.770466
1175 0.704876
1176 0.786339
1177 0.742474
1178 0.785775
1179 0.76254
1180 0.784128
1181 0.674054
1182 0.731133
1183 0.775066
1184 0.704283
1185 0.757711
1186 0.687375
1187 0.832871
1188 0.759063
1189 0.726115
1190 0.803631
1191 0.735396
1192 0.764077
1193 0.687835
1194 0.694245
1195 0.673138
1196 0.719831
1197 0.755034
1198 0.683515
1199 0.675486
1200 0.827364
1201 0.864223
1202 0.778042
1203 0.722005
1204 0.746839
1205 0.838643
1206 0.76143
1207 0.70868
1208 0.809206
1209 0.686213
1210 0.788877
1211 0.783606
1212 0.774647
1213 0.756587
1214 0.717162
1215 0.714353
1216 0.688254
1217 0.699936
1218 0.796536
1219 0.774829
1220 0.730332
1221 0.695956
1222 0.75804
1223 0.645711
1224 0.723575
1225 0.830607
1226 0.719714
1227 0.696739
1228 0.67292
1229 0.710265
1230 0.750113
1231 0.832476
1232 0.844064
1233 0.744851
1234 0.70245
1235 0.650337
1236 0.807776
1237 0.782959
1238 0.715254
1239 0.698806
1240 0.732913
1241 0.652593
1242 0.685456
1243 0.691206
1244 0.748421
1245 0.677561
1246 0.741092
1247 0.773442
1248 0.707834
1249 0.753725
1250 0.722919
1251 0.697699
1252 0.65232
1253 0.737183
1254 0.689519
1255 0.732245
1256 0.657225
1257 0.680443
1258 0.694297
1259 0.738854
1260 0.66867
1261 0.670515
1262 0.684406
1263 0.7082
1264 0.664841
1265 0.718925
1266 0.690427
1267 0.697377
1268 0.741812
1269 0.718173
1270 0.66771
1271 0.674471
1272 0.700652
1273 0.631794
1274 0.630407
1275 0.641695
1276 0.646491
1277 0.672248
1278 0.644809
1279 0.634519
1280 0.653962
1281 0.705359
1282 0.701353
1283 0.620767
1284 0.876999
1285 0.642396
1286 0.821351
1287 0.693822
1288 0.780127
1289 0.653163
1290 0.693685
1291 0.778952
1292 0.755161
1293 0.710941
1294 0.703923
1295 0.66961
1296 0.642286
1297 0.70733
1298 0.659205
1299 0.734715
1300 0.754345
1301 0.722289
1302 0.666058
1303 0.727403
1304 0.68975
1305 0.674133
1306 0.713311
1307 0.684656
1308 0.746605
1309 0.673136
1310 0.674699
1311 0.825957
1312 0.68007
1313 0.695153
1314 0.72432
1315 0.850641
1316 0.847744
1317 0.674241
1318 0.650148
1319 0.696389
1320 0.680834
1321 0.700088
1322 0.627068
1323 0.672899
1324 0.640397
1325 0.742586
1326 0.745802
1327 0.681317
1328 0.622758
1329 0.622855
1330 0.679001
1331 0.651098
1332 0.707207
1333 0.704724
1334 0.717355
1335 0.636962
1336 0.63742
1337 0.735961
1338 0.747136
1339 0.679042
1340 0.67516
1341 0.631702
1342 0.642222
1343 0.638255
1344 0.679665
1345 0.7421
1346 0.689568
1347 0.697738
1348 0.741377
1349 0.698279
1350 0.653118
1351 0.675417
1352 0.672134
1353 0.693737
1354 0.700911
1355 0.712015
1356 0.725493
1357 0.663929
1358 0.770393
1359 0.696077
1360 0.647355
1361 0.66876
1362 0.764122
1363 0.649607
1364 0.619925
1365 0.730392
1366 0.665648
1367 0.67354
1368 0.649668
1369 0.632809
1370 0.698749
1371 0.667802
1372 0.680265
1373 0.668136
1374 0.636789
1375 0.619078
1376 0.618305
1377 0.716763
1378 0.681354
1379 0.641028
1380 0.666856
1381 0.690268
1382 0.64749
1383 0.638805
1384 0.728
1385 0.820017
1386 0.670616
1387 0.725094
1388 0.646729
1389 0.634156
1390 0.673567
1391 0.619266
1392 0.638752
1393 0.66329
1394 0.610638
1395 0.65958
1396 0.713049
1397 0.655305
1398 0.718628
1399 0.693459
1400 0.611136
1401 0.633791
1402 0.639357
1403 0.679264
1404 0.753742
1405 0.674955
1406 0.65509
1407 0.662617
1408 0.801955
1409 0.748437
1410 0.696524
1411 0.668508
1412 0.650963
1413 0.640461
1414 0.662725
1415 0.678787
1416 0.634745
1417 0.602729
1418 0.673136
1419 0.639872
1420 0.771114
1421 0.61581
1422 0.640348
1423 0.798549
1424 0.735754
1425 0.654948
1426 0.608991
1427 0.665108
1428 0.645011
1429 0.667675
1430 0.627777
1431 0.696022
1432 0.661392
1433 0.657314
1434 0.70047
1435 0.619638
1436 0.633824
1437 0.611297
1438 0.64924
1439 0.624364
1440 0.661105
1441 0.631988
1442 0.591517
1443 0.659472
1444 0.639516
1445 0.593707
1446 0.761529
1447 0.69568
1448 0.766984
1449 0.622384
1450 0.614202
1451 0.644898
1452 0.638552
1453 0.742138
1454 0.774442
1455 0.736477
1456 0.703763
1457 0.689606
1458 0.638774
1459 0.868607
1460 0.59383
1461 0.645883
1462 0.655003
1463 0.621184
1464 0.678975
1465 0.614766
1466 0.654797
1467 0.664554
1468 0.676392
1469 0.662368
1470 0.704242
1471 0.679265
1472 0.599137
1473 0.629015
1474 0.680831
1475 0.703562
1476 0.62199
1477 0.597138
1478 0.631901
1479 0.667045
1480 0.653365
1481 0.683485
1482 0.667488
1483 0.63545
1484 0.6273
1485 0.615157
1486 0.598987
1487 0.62315
1488 0.625093
1489 0.618149
1490 0.668101
1491 0.703064
1492 0.692018
1493 0.634074
1494 0.730609
1495 0.647617
1496 0.612629
1497 0.676246
1498 0.640591
1499 0.670826
1500 0.695274
1501 0.62531
1502 0.652753
1503 0.674194
1504 0.577606
1505 0.625749
1506 0.582377
1507 0.617333
1508 0.629812
1509 0.641121
1510 0.65692
1511 0.580712
1512 0.579732
1513 0.610461
1514 0.576352
1515 0.689803
1516 0.620308
1517 0.703249
1518 0.689713
1519 0.766571
1520 0.608247
1521 0.630668
1522 0.660807
1523 0.619956
1524 0.65595
1525 0.637102
1526 0.604239
1527 0.646221
1528 0.64966
1529 0.757684
1530 0.58721
1531 0.676167
1532 0.602452
1533 0.581974
1534 0.654314
1535 0.610525
1536 0.648955
1537 0.603347
1538 0.704196
1539 0.643231
1540 0.613335
1541 0.662012
1542 0.676431
1543 0.59103
1544 0.591161
1545 0.595168
1546 0.63864
1547 0.654019
1548 0.658236
1549 0.622372
1550 0.572901
1551 0.630721
1552 0.624444
1553 0.699092
1554 0.760029
1555 0.621959
1556 0.685063
1557 0.619719
1558 0.624008
1559 0.65889
1560 0.576727
1561 0.605324
1562 0.64226
1563 0.635427
1564 0.618182
1565 0.665377
1566 0.567278
1567 0.669487
1568 0.63664
1569 0.736553
1570 0.621539
1571 0.696879
1572 0.627638
1573 0.606155
1574 0.649194
1575 0.624044
1576 0.595163
1577 0.662656
1578 0.643844
1579 0.71801
1580 0.610817
1581 0.683699
1582 0.685375
1583 0.646531
1584 0.588079
1585 0.588422
1586 0.597167
1587 0.628396
1588 0.679666
1589 0.59796
1590 0.656992
1591 0.648343
1592 0.602877
1593 0.659186
1594 0.693623
1595 0.563493
1596 0.586799
1597 0.627966
1598 0.589855
1599 0.635403
1600 0.630269
1601 0.656995
1602 0.628604
1603 0.660105
1604 0.639331
1605 0.624272
1606 0.591399
1607 0.642893
1608 0.756659
1609 0.635489
1610 0.567623
1611 0.610229
1612 0.607859
1613 0.576757
1614 0.618936
1615 0.638198
1616 0.711957
1617 0.613279
1618 0.654762
1619 0.65899
1620 0.617075
1621 0.609753
1622 0.59862
1623 0.551018
1624 0.625708
1625 0.589326
1626 0.608832
1627 0.60784
1628 0.575519
1629 0.768682
1630 0.636663
1631 0.690662
1632 0.596238
1633 0.659598
1634 0.656841
1635 0.577687
1636 0.775643
1637 0.610555
1638 0.628844
1639 0.658995
1640 0.743032
1641 0.603936
1642 0.568626
1643 0.622007
1644 0.622853
1645 0.555828
1646 0.582507
1647 0.683988
1648 0.618638
1649 0.583904
1650 0.602147
1651 0.584893
1652 0.612029
1653 0.695537
1654 0.636997
1655 0.588826
1656 0.59802
1657 0.585145
1658 0.588948
1659 0.637748
1660 0.767976
1661 0.604745
1662 0.627176
1663 0.551993
1664 0.581137
1665 0.601323
1666 0.697109
1667 0.575675
1668 0.606382
1669 0.594064
1670 0.582788
1671 0.576255
1672 0.595032
1673 0.563428
1674 0.565822
1675 0.672004
1676 0.593446
1677 0.563856
1678 0.591733
1679 0.629631
1680 0.624509
1681 0.560548
1682 0.64875
1683 0.644302
1684 0.578224
1685 0.56318
1686 0.591854
1687 0.588314
1688 0.585462
1689 0.598534
1690 0.626796
1691 0.545912
1692 0.705957
1693 0.544598
1694 0.638091
1695 0.53971
1696 0.596428
1697 0.633041
1698 0.593414
1699 0.587209
1700 0.641651
1701 0.535967
1702 0.550961
1703 0.589161
1704 0.544487
1705 0.568924
1706 0.573763
1707 0.549886
1708 0.533759
1709 0.530442
1710 0.594102
1711 0.551663
1712 0.558194
1713 0.781557
1714 0.532613
1715 0.64637
1716 0.590878
1717 0.567691
1718 0.552609
1719 0.584786
1720 0.587919
1721 0.589313
1722 0.603702
1723 0.602046
1724 0.56507
1725 0.55201
1726 0.5977
1727 0.622086
1728 0.567728
1729 0.689825
1730 0.592664
1731 0.597208
1732 0.665349
1733 0.563494
1734 0.560383
1735 0.617032
1736 0.627961
1737 0.62996
1738 0.612732
1739 0.712861
1740 0.56604
1741 0.571924
1742 0.561291
1743 0.712059
1744 0.695486
1745 0.6143
1746 0.557692
1747 0.561554
1748 0.605332
1749 0.584631
1750 0.559832
1751 0.528403
1752 0.563401
1753 0.544364
1754 0.633809
1755 0.795414
1756 0.591051
1757 0.585443
1758 0.552848
1759 0.56888
1760 0.580118
1761 0.656615
1762 0.537744
1763 0.575865
1764 0.559056
1765 0.579321
1766 0.659243
1767 0.599019
1768 0.649296
1769 0.581638
1770 0.541308
1771 0.574475
1772 0.557974
1773 0.620796
1774 0.673652
1775 0.579686
1776 0.594204
1777 0.575107
1778 0.623172
1779 0.561571
1780 0.601941
1781 0.58011
1782 0.590368
1783 0.617706
1784 0.578213
1785 0.633668
1786 0.599349
1787 0.617274
1788 0.530643
1789 0.601672
1790 0.649331
1791 0.650161
1792 0.550858
1793 0.654992
1794 0.588927
1795 0.605108
1796 0.545514
1797 0.53196
1798 0.613967
1799 0.61068
1800 0.63223
1801 0.564868
1802 0.564613
1803 0.553605
1804 0.564142
1805 0.576288
1806 0.633693
1807 0.563569
1808 0.601111
1809 0.579169
1810 0.550695
1811 0.556438
1812 0.583473
1813 0.590288
1814 0.610618
1815 0.563275
1816 0.568097
1817 0.546914
1818 0.545938
1819 0.59127
1820 0.554204
1821 0.552461
1822 0.561825
1823 0.51281
1824 0.555759
1825 0.537793
1826 0.576738
1827 0.551694
1828 0.569608
1829 0.520134
1830 0.555836
1831 0.591626
1832 0.57385
1833 0.613733
1834 0.554262
1835 0.511365
1836 0.593351
1837 0.672808
1838 0.568629
1839 0.56142
1840 0.550382
1841 0.54034
1842 0.577048
1843 0.542426
1844 0.606915
1845 0.517252
1846 0.525506
1847 0.578807
1848 0.551688
1849 0.614901
1850 0.557913
1851 0.585084
1852 0.628726
1853 0.535861
1854 0.542935
1855 0.547651
1856 0.544845
1857 0.499653
1858 0.569125
1859 0.567887
1860 0.547756
1861 0.544204
1862 0.623873
1863 0.568955
1864 0.589765
1865 0.508955
1866 0.520121
1867 0.566114
1868 0.545935
1869 0.569209
1870 0.548282
1871 0.52574
1872 0.562587
1873 0.520956
1874 0.499799
1875 0.61299
1876 0.595464
1877 0.605469
1878 0.515499
1879 0.525335
1880 0.54106
1881 0.607183
1882 0.67108
1883 0.649312
1884 0.620824
1885 0.666416
1886 0.549305
1887 0.562719
1888 0.617645
1889 0.504718
1890 0.582963
1891 0.519635
1892 0.554709
1893 0.573904
1894 0.500623
1895 0.550583
1896 0.512443
1897 0.574531
1898 0.594706
1899 0.589648
1900 0.505911
1901 0.53244
1902 0.575147
1903 0.566695
1904 0.556102
1905 0.551717
1906 0.513751
1907 0.573515
1908 0.519369
1909 0.546052
1910 0.569931
1911 0.531484
1912 0.512261
1913 0.556289
1914 0.525639
1915 0.53719
1916 0.51305
1917 0.553553
1918 0.550218
1919 0.597051
1920 0.600177
1921 0.529165
1922 0.569945
1923 0.582596
1924 0.532783
1925 0.571037
1926 0.56032
1927 0.553329
1928 0.587289
1929 0.569552
1930 0.548222
1931 0.548578
1932 0.569233
1933 0.50725
1934 0.482342
1935 0.564485
1936 0.558233
1937 0.505286
1938 0.538577
1939 0.583116
1940 0.500072
1941 0.505538
1942 0.497622
1943 0.488745
1944 0.592436
1945 0.605568
1946 0.628584
1947 0.53306
1948 0.555872
1949 0.519083
1950 0.582152
1951 0.538423
1952 0.609666
1953 0.558973
1954 0.513145
1955 0.544962
1956 0.515701
1957 0.62977
1958 0.530467
1959 0.483144
1960 0.54535
1961 0.508821
1962 0.568211
1963 0.511652
1964 0.559169
1965 0.581111
1966 0.497914
1967 0.650335
1968 0.625126
1969 0.557832
1970 0.548051
1971 0.596206
1972 0.506436
1973 0.503781
1974 0.488405
1975 0.536181
1976 0.537602
1977 0.562618
1978 0.56944
1979 0.506797
1980 0.49229
1981 0.567018
1982 0.583857
1983 0.669903
1984 0.509355
1985 0.584354
1986 0.552296
1987 0.533652
1988 0.509616
1989 0.51026
1990 0.539406
1991 0.558629
1992 0.567447
1993 0.518993
1994 0.539442
1995 0.579919
1996 0.537661
1997 0.525782
1998 0.574428
1999 0.556421
2000 0.552383
2001 0.521975
2002 0.519508
2003 0.547087
2004 0.554468
2005 0.520828
2006 0.567991
2007 0.622015
2008 0.552674
2009 0.533215
2010 0.547641
2011 0.590106
2012 0.512489
2013 0.530792
2014 0.488355
2015 0.513707
2016 0.587173
2017 0.55315
2018 0.514099
2019 0.570877
2020 0.566526
2021 0.558751
2022 0.506838
2023 0.553855
2024 0.478718
2025 0.499974
2026 0.575063
2027 0.546137
2028 0.615586
2029 0.512808
2030 0.550422
2031 0.546449
2032 0.552412
2033 0.550181
2034 0.576077
2035 0.581443
2036 0.538155
2037 0.634275
2038 0.486575
2039 0.486434
2040 0.553317
2041 0.515462
2042 0.517712
2043 0.552122
2044 0.616192
2045 0.532092
2046 0.546492
2047 0.603924
2048 0.614204
2049 0.502049
2050 0.547549
2051 0.507975
2052 0.478519
2053 0.537042
2054 0.517593
2055 0.488481
2056 0.488405
2057 0.584817
2058 0.660974
2059 0.542434
2060 0.604307
2061 0.480134
2062 0.63266
2063 0.528992
2064 0.487292
2065 0.662547
2066 0.488743
2067 0.507017
2068 0.56797
2069 0.591904
2070 0.617551
2071 0.531968
2072 0.529698
2073 0.483113
2074 0.50794
2075 0.502467
2076 0.6306
2077 0.517797
2078 0.486765
2079 0.528432
2080 0.484068
2081 0.536681
2082 0.53666
2083 0.584569
2084 0.534116
2085 0.471139
2086 0.488867
2087 0.503845
2088 0.596199
2089 0.672093
2090 0.549138
2091 0.556681
2092 0.490534
2093 0.509121
2094 0.587368
2095 0.516095
2096 0.504807
2097 0.56641
2098 0.499696
2099 0.541798
2100 0.480173
2101 0.53523
2102 0.491269
2103 0.466412
2104 0.53642
2105 0.489179
2106 0.493687
2107 0.511193
2108 0.525678
2109 0.54518
2110 0.48708
2111 0.527042
2112 0.542658
2113 0.504346
2114 0.565613
2115 0.467744
2116 0.60539
2117 0.506704
2118 0.522613
2119 0.46961
2120 0.504228
2121 0.530076
2122 0.467171
2123 0.58405
2124 0.502088
2125 0.500646
2126 0.554876
2127 0.502313
2128 0.472068
2129 0.547534
2130 0.45114
2131 0.468646
2132 0.47595
2133 0.481996
2134 0.458406
2135 0.488534
2136 0.443957
2137 0.452416
2138 0.49471
2139 0.538218
2140 0.452905
2141 0.47475
2142 0.658916
2143 0.619146
2144 0.579647
2145 0.486757
2146 0.499993
2147 0.492073
2148 0.520665
2149 0.546072
2150 0.583802
2151 0.474843
2152 0.482716
2153 0.487984
2154 0.551508
2155 0.49493
2156 0.50742
2157 0.52604
2158 0.552729
2159 0.569783
2160 0.489758
2161 0.529276
2162 0.476211
2163 0.560604
2164 0.534328
2165 0.474748
2166 0.501886
2167 0.536102
2168 0.602323
2169 0.496337
2170 0.523501
2171 0.452274
2172 0.624669
2173 0.629034
2174 0.508364
2175 0.529558
2176 0.539769
2177 0.483874
2178 0.518815
2179 0.491452
2180 0.474867
2181 0.472112
2182 0.470263
2183 0.518142
2184 0.852468
2185 0.604348
2186 0.48834
2187 0.484701
2188 0.532534
2189 0.556566
2190 0.546388
2191 0.479042
2192 0.454111
2193 0.493035
2194 0.566205
2195 0.550293
2196 0.501952
2197 0.516753
2198 0.509785
2199 0.474448
2200 0.489825
2201 0.469571
2202 0.460828
2203 0.519822
2204 0.500682
2205 0.590162
2206 0.507962
2207 0.488353
2208 0.489596
2209 0.518144
2210 0.468077
2211 0.518232
2212 0.475974
2213 0.524111
2214 0.515784
2215 0.53467
2216 0.550565
2217 0.449478
2218 0.488244
2219 0.592178
2220 0.501908
2221 0.484545
2222 0.516922
2223 0.479689
2224 0.527275
2225 0.472874
2226 0.476635
2227 0.521429
2228 0.558969
2229 0.514123
2230 0.46172
2231 0.457759
2232 0.508757
2233 0.485436
2234 0.485485
2235 0.503646
2236 0.499986
2237 0.475759
2238 0.501418
2239 0.446224
2240 0.474183
2241 0.559218
2242 0.53379
2243 0.559649
2244 0.550664
2245 0.47615
2246 0.448996
2247 0.483086
2248 0.511052
2249 0.494991
2250 0.463775
2251 0.448628
2252 0.453625
2253 0.535616
2254 0.529452
2255 0.512253
2256 0.520181
2257 0.478797
2258 0.473333
2259 0.465778
2260 0.553548
2261 0.50655
2262 0.565814
2263 0.528875
2264 0.449134
2265 0.549956
2266 0.547948
2267 0.493761
2268 0.470889
2269 0.491369
2270 0.493321
2271 0.456995
2272 0.447382
2273 0.498779
2274 0.449744
2275 0.488839
2276 0.468892
2277 0.548221
2278 0.464674
2279 0.462024
2280 0.521781
2281 0.459957
2282 0.464784
2283 0.496615
2284 0.480136
2285 0.485451
2286 0.443654
2287 0.472392
2288 0.503359
2289 0.476129
2290 0.495725
2291 0.53046
2292 0.445611
2293 0.514992
2294 0.451879
2295 0.448717
2296 0.489877
2297 0.492091
2298 0.53504
2299 0.467383
2300 0.525277
2301 0.481117
2302 0.497042
2303 0.531874
2304 0.537198
2305 0.526104
2306 0.458519
2307 0.459307
2308 0.431428
2309 0.432858
2310 0.503731
2311 0.595509
2312 0.516308
2313 0.518391
2314 0.518322
2315 0.436604
2316 0.547487
2317 0.514098
2318 0.46007
2319 0.487421
2320 0.482978
2321 0.552018
2322 0.462766
2323 0.457061
2324 0.492095
2325 0.457872
2326 0.502483
2327 0.470724
2328 0.50718
2329 0.464193
2330 0.473166
2331 0.473398
2332 0.505047
2333 0.547536
2334 0.442547
2335 0.43881
2336 0.530545
2337 0.503807
2338 0.441828
2339 0.520182
2340 0.434153
2341 0.43372
2342 0.465881
2343 0.462395
2344 0.502957
2345 0.46072
2346 0.448815
2347 0.476065
2348 0.50769
2349 0.450849
2350 0.491528
2351 0.50187
2352 0.508299
2353 0.466612
2354 0.492145
2355 0.529416
2356 0.468406
2357 0.55936
2358 0.501228
2359 0.466841
2360 0.543778
2361 0.47577
2362 0.454023
2363 0.47738
2364 0.524221
2365 0.46528
2366 0.486465
2367 0.446432
2368 0.490662
2369 0.431625
2370 0.466421
2371 0.42888
2372 0.461021
2373 0.558914
2374 0.468923
2375 0.599491
2376 0.525485
2377 0.476535
2378 0.502381
2379 0.520269
2380 0.455485
2381 0.54796
2382 0.502598
2383 0.458845
2384 0.458619
2385 0.467193
2386 0.512774
2387 0.43516
2388 0.457465
2389 0.470216
2390 0.451026
2391 0.468053
2392 0.499377
2393 0.495534
2394 0.488366
2395 0.423799
2396 0.594034
2397 0.465745
2398 0.466865
2399 0.586499
2400 0.46518
2401 0.44319
2402 0.454594
2403 0.460221
2404 0.461005
2405 0.529109
2406 0.491892
2407 0.451009
2408 0.419069
2409 0.449968
2410 0.518392
2411 0.530631
2412 0.55192
2413 0.46994
2414 0.51327
2415 0.470862
2416 0.470834
2417 0.46578
2418 0.452193
2419 0.502084
2420 0.434129
2421 0.510484
2422 0.513159
2423 0.460634
2424 0.453047
2425 0.431442
2426 0.546988
2427 0.526318
2428 0.507546
2429 0.447632
2430 0.443222
2431 0.470958
2432 0.487269
2433 0.487519
2434 0.43398
2435 0.533808
2436 0.545853
2437 0.465547
2438 0.465588
2439 0.522274
2440 0.476378
2441 0.488327
2442 0.479322
2443 0.459254
2444 0.471596
2445 0.506211
2446 0.4511
2447 0.518602
2448 0.450845
2449 0.44339
2450 0.48281
2451 0.547823
2452 0.429763
2453 0.43478
2454 0.476024
2455 0.431534
2456 0.413604
2457 0.496997
2458 0.455217
2459 0.496029
2460 0.498985
2461 0.437885
2462 0.49781
2463 0.446261
2464 0.485182
2465 0.483022
2466 0.501089
2467 0.439863
2468 0.451333
2469 0.487341
2470 0.464899
2471 0.468245
2472 0.418725
2473 0.556113
2474 0.503517
2475 0.440002
2476 0.535664
2477 0.44962
2478 0.476287
2479 0.412942
2480 0.447886
2481 0.412835
2482 0.440517
2483 0.441256
2484 0.439687
2485 0.417468
2486 0.541887
2487 0.558856
2488 0.529926
2489 0.438459
2490 0.436158
2491 0.5423
2492 0.451624
2493 0.474954
2494 0.496191
2495 0.463285
2496 0.467596
2497 0.483584
2498 0.474188
2499 0.490602
2500 0.447044
2501 0.444778
2502 0.445143
2503 0.420376
2504 0.457377
2505 0.459118
2506 0.446006
2507 0.418514
2508 0.490147
2509 0.405886
2510 0.460698
2511 0.481506
2512 0.476495
2513 0.45241
2514 0.448341
2515 0.448961
2516 0.469378
2517 0.472476
2518 0.53074
2519 0.436878
2520 0.461204
2521 0.418928
2522 0.510313
2523 0.504806
2524 0.411909
2525 0.440688
2526 0.479427
2527 0.497572
2528 0.441155
2529 0.425415
2530 0.439588
2531 0.447859
2532 0.491285
2533 0.472921
2534 0.422167
2535 0.447054
2536 0.492607
2537 0.434533
2538 0.487137
2539 0.508644
2540 0.439895
2541 0.452211
2542 0.441799
2543 0.461837
2544 0.447052
2545 0.459955
2546 0.444301
2547 0.448076
2548 0.428725
2549 0.414554
2550 0.445771
2551 0.448547
2552 0.479823
2553 0.440992
2554 0.452321
2555 0.473108
2556 0.474442
2557 0.421975
2558 0.436756
2559 0.406573
2560 0.411202
2561 0.403439
2562 0.407223
2563 0.399326
2564 0.408179
2565 0.416754
2566 0.388568
2567 0.420701
2568 0.471323
2569 0.398865
2570 0.599562
2571 0.425244
2572 0.521416
2573 0.452191
2574 0.440396
2575 0.437556
2576 0.408752
2577 0.498878
2578 0.449972
2579 0.450124
2580 0.43092
2581 0.413248
2582 0.399415
2583 0.445539
2584 0.43038
2585 0.425048
2586 0.509926
2587 0.493541
2588 0.437282
2589 0.46013
2590 0.43625
2591 0.467222
2592 0.477054
2593 0.425471
2594 0.482955
2595 0.420635
2596 0.424777
2597 0.518695
2598 0.42812
2599 0.445685
2600 0.422414
2601 0.563247
2602 0.526432
2603 0.445244
2604 0.435105
2605 0.460154
2606 0.467836
2607 0.427335
2608 0.401132
2609 0.446739
2610 0.394946
2611 0.436252
2612 0.488924
2613 0.533648
2614 0.396586
2615 0.383086
2616 0.449097
2617 0.433381
2618 0.475723
2619 0.39914
2620 0.434816
2621 0.397101
2622 0.423564
2623 0.481833
2624 0.45975
2625 0.443375
2626 0.424979
2627 0.416133
2628 0.411745
2629 0.43915
2630 0.400703
2631 0.420178
2632 0.434664
2633 0.438457
2634 0.471703
2635 0.428902
2636 0.424425
2637 0.444347
2638 0.451067
2639 0.431286
2640 0.436766
2641 0.451506
2642 0.491063
2643 0.430252
2644 0.467686
2645 0.434578
2646 0.420075
2647 0.435947
2648 0.492029
2649 0.418704
2650 0.416864
2651 0.417779
2652 0.435391
2653 0.428557
2654 0.417285
2655 0.410648
2656 0.464179
2657 0.438444
2658 0.432073
2659 0.442806
2660 0.4073
2661 0.395473
2662 0.408989
2663 0.488227
2664 0.460808
2665 0.448325
2666 0.433359
2667 0.458851
2668 0.389015
2669 0.440823
2670 0.466143
2671 0.460605
2672 0.415309
2673 0.474047
2674 0.423621
2675 0.452384
2676 0.448222
2677 0.408335
2678 0.455087
2679 0.413405
2680 0.427415
2681 0.411267
2682 0.480289
2683 0.434903
2684 0.4851
2685 0.432082
2686 0.421894
2687 0.406956
2688 0.402096
2689 0.453118
2690 0.495391
2691 0.429457
2692 0.433806
2693 0.389974
2694 0.517524
2695 0.484895
2696 0.436694
2697 0.410333
2698 0.443698
2699 0.44764
2700 0.431753
2701 0.43332
2702 0.405192
2703 0.384905
2704 0.437166
2705 0.408793
2706 0.500492
2707 0.443865
2708 0.452182
2709 0.550182
2710 0.418826
2711 0.414033
2712 0.436356
2713 0.409029
2714 0.414692
2715 0.39675
2716 0.389833
2717 0.435347
2718 0.401182
2719 0.464133
2720 0.462331
2721 0.408488
2722 0.418229
2723 0.410525
2724 0.399584
2725 0.412182
2726 0.411915
2727 0.423634
2728 0.375719
2729 0.423494
2730 0.407186
2731 0.391017
2732 0.486437
2733 0.441209
2734 0.432164
2735 0.392228
2736 0.385636
2737 0.383532
2738 0.395529
2739 0.467782
2740 0.488443
2741 0.457835
2742 0.477763
2743 0.459441
2744 0.381393
2745 0.608201
2746 0.388019
2747 0.461278
2748 0.431861
2749 0.396146
2750 0.475443
2751 0.367123
2752 0.39745
2753 0.425219
2754 0.420282
2755 0.419308
2756 0.445867
2757 0.433503
2758 0.383199
2759 0.410365
2760 0.407933
2761 0.455452
2762 0.450585
2763 0.42556
2764 0.413791
2765 0.459618
2766 0.461628
2767 0.39417
2768 0.440764
2769 0.40488
2770 0.390647
2771 0.408014
2772 0.419525
2773 0.379471
2774 0.415477
2775 0.395086
2776 0.444577
2777 0.447493
2778 0.399711
2779 0.39604
2780 0.491894
2781 0.458373
2782 0.423489
2783 0.432232
2784 0.421192
2785 0.454881
2786 0.449492
2787 0.383785
2788 0.412504
2789 0.475921
2790 0.406264
2791 0.389528
2792 0.388266
2793 0.428962
2794 0.400208
2795 0.391006
2796 0.459758
2797 0.433652
2798 0.368797
2799 0.391866
2800 0.372527
2801 0.448425
2802 0.426102
2803 0.477895
2804 0.405132
2805 0.43988
2806 0.405485
2807 0.439753
2808 0.420646
2809 0.422463
2810 0.511555
2811 0.424657
2812 0.38926
2813 0.402621
2814 0.414823
2815 0.459511
2816 0.371596
2817 0.430129
2818 0.400375
2819 0.377078
2820 0.4074
2821 0.43554
2822 0.45676
2823 0.435812
2824 0.433694
2825 0.450876
2826 0.421
2827 0.405395
2828 0.495621
2829 0.381897
2830 0.422903
2831 0.389588
2832 0.429578
2833 0.398672
2834 0.484904
2835 0.419088
2836 0.384915
2837 0.412537
2838 0.407269
2839 0.43512
2840 0.447105
2841 0.475467
2842 0.414776
2843 0.395706
2844 0.395703
2845 0.414987
2846 0.396368
2847 0.391477
2848 0.414738
2849 0.377543
2850 0.415695
2851 0.403122
2852 0.415469
2853 0.449654
2854 0.388912
2855 0.467915
2856 0.422234
2857 0.453001
2858 0.403651
2859 0.381088
2860 0.419163
2861 0.442162
2862 0.40245
2863 0.392614
2864 0.458352
2865 0.448771
2866 0.41882
2867 0.433556
2868 0.433204
2869 0.478386
2870 0.371776
2871 0.356463
2872 0.408356
2873 0.407259
2874 0.469328
2875 0.385726
2876 0.436913
2877 0.388133
2878 0.395557
2879 0.413785
2880 0.439896
2881 0.357906
2882 0.41302
2883 0.40994
2884 0.397032
2885 0.434112
2886 0.392302
2887 0.377241
2888 0.420458
2889 0.450092
2890 0.379975
2891 0.425692
2892 0.437403
2893 0.414488
2894 0.482226
2895 0.428974
2896 0.389874
2897 0.391072
2898 0.419018
2899 0.391838
2900 0.401617
2901 0.387389
2902 0.457982
2903 0.426457
2904 0.478106
2905 0.445105
2906 0.45313
2907 0.467953
2908 0.419598
2909 0.363403
2910 0.382787
2911 0.41346
2912 0.39392
2913 0.39224
2914 0.385003
2915 0.481154
2916 0.437603
2917 0.463395
2918 0.395604
2919 0.48189
2920 0.433544
2921 0.459891
2922 0.479491
2923 0.413156
2924 0.41137
2925 0.398541
2926 0.46773
2927 0.490775
2928 0.397506
2929 0.429642
2930 0.428031
2931 0.380516
2932 0.372808
2933 0.452413
2934 0.425849
2935 0.397318
2936 0.393211
2937 0.39076
2938 0.39393
2939 0.441629
2940 0.411526
2941 0.396222
2942 0.357693
2943 0.362962
2944 0.440748
2945 0.416077
2946 0.460619
2947 0.371126
2948 0.441286
2949 0.39617
2950 0.371477
2951 0.415588
2952 0.518702
2953 0.396371
2954 0.377877
2955 0.414534
2956 0.393797
2957 0.434455
2958 0.41594
2959 0.399359
2960 0.389422
2961 0.45719
2962 0.395521
2963 0.400988
2964 0.395727
2965 0.431952
2966 0.41557
2967 0.374983
2968 0.420758
2969 0.389082
2970 0.414223
2971 0.37916
2972 0.401136
2973 0.401225
2974 0.404233
2975 0.357143
2976 0.379442
2977 0.390813
2978 0.467492
2979 0.361321
2980 0.445078
2981 0.375027
2982 0.396779
2983 0.375677
2984 0.406573
2985 0.376584
2986 0.390326
2987 0.346344
2988 0.3924
2989 0.35315
2990 0.371891
2991 0.347572
2992 0.377512
2993 0.351788
2994 0.355479
2995 0.342377
2996 0.375046
2997 0.38417
2998 0.34437
2999 0.554875
3000 0.336726
3001 0.47096
3002 0.399151
3003 0.407926
3004 0.36246
3005 0.38654
3006 0.400894
3007 0.475019
3008 0.397558
3009 0.404703
3010 0.404958
3011 0.39634
3012 0.413897
3013 0.410245
3014 0.373988
3015 0.47889
3016 0.412865
3017 0.422354
3018 0.421737
3019 0.399194
3020 0.366981
3021 0.411477
3022 0.404231
3023 0.41646
3024 0.38818
3025 0.460096
3026 0.414794
3027 0.400361
3028 0.362467
3029 0.450931
3030 0.427632
3031 0.409726
3032 0.416724
3033 0.387938
3034 0.399726
3035 0.375602
3036 0.397296
3037 0.368212
3038 0.404335
3039 0.366996
3040 0.425666
3041 0.512462
3042 0.415762
3043 0.352284
3044 0.34398
3045 0.372634
3046 0.414224
3047 0.39377
3048 0.393545
3049 0.377983
3050 0.360966
3051 0.412991
3052 0.429003
3053 0.401905
3054 0.355902
3055 0.387885
3056 0.378275
3057 0.423408
3058 0.366209
3059 0.38874
3060 0.385893
3061 0.380985
3062 0.391
3063 0.359841
3064 0.361002
3065 0.35821
3066 0.397365
3067 0.360541
3068 0.389143
3069 0.401135
3070 0.372112
3071 0.409228
3072 0.39138
3073 0.396844
3074 0.388167
3075 0.375764
3076 0.411327
3077 0.463463
3078 0.379525
3079 0.392712
3080 0.37839
3081 0.397362
3082 0.366967
3083 0.38581
3084 0.395172
3085 0.408775
3086 0.403748
3087 0.39356
3088 0.363798
3089 0.376807
3090 0.395279
3091 0.395878
3092 0.424465
3093 0.373634
3094 0.38526
3095 0.386265
3096 0.380889
3097 0.362328
3098 0.408656
3099 0.372737
3100 0.43233
3101 0.392351
3102 0.404873
3103 0.333382
3104 0.380307
3105 0.405578
3106 0.357928
3107 0.392781
3108 0.389064
3109 0.339931
3110 0.388242
3111 0.394173
3112 0.373981
3113 0.37673
3114 0.393987
3115 0.360807
3116 0.354289
3117 0.347309
3118 0.414505
3119 0.403327
3120 0.409618
3121 0.357154
3122 0.350336
3123 0.449465
3124 0.375335
3125 0.382958
3126 0.393102
3127 0.345892
3128 0.378774
3129 0.372308
3130 0.414233
3131 0.348659
3132 0.374043
3133 0.390788
3134 0.390365
3135 0.416429
3136 0.350829
3137 0.398831
3138 0.423024
3139 0.39719
3140 0.369791
3141 0.373839
3142 0.382258
3143 0.358838
3144 0.374006
3145 0.377483
3146 0.414135
3147 0.372805
3148 0.412245
3149 0.379689
3150 0.376218
3151 0.380063
3152 0.355937
3153 0.359676
3154 0.391252
3155 0.405318
3156 0.351581
3157 0.356855
3158 0.418332
3159 0.355517
3160 0.345564
3161 0.428784
3162 0.397579
3163 0.384725
3164 0.338505
3165 0.356673
3166 0.328926
3167 0.429601
3168 0.487116
3169 0.462279
3170 0.44616
3171 0.423355
3172 0.342547
3173 0.397437
3174 0.397247
3175 0.351408
3176 0.418948
3177 0.397017
3178 0.372885
3179 0.3844
3180 0.34033
3181 0.395022
3182 0.350879
3183 0.409975
3184 0.362428
3185 0.397919
3186 0.440202
3187 0.392527
3188 0.372531
3189 0.370876
3190 0.433165
3191 0.36276
3192 0.335804
3193 0.375045
3194 0.396055
3195 0.384631
3196 0.38554
3197 0.368527
3198 0.340115
3199 0.375295
3200 0.35852
3201 0.341546
3202 0.366591
3203 0.388037
3204 0.379652
3205 0.412525
3206 0.41956
3207 0.356922
3208 0.418822
3209 0.450432
3210 0.394391
3211 0.351386
3212 0.354634
3213 0.371423
3214 0.392108
3215 0.38659
3216 0.364735
3217 0.348155
3218 0.402741
3219 0.329056
3220 0.343908
3221 0.351826
3222 0.421939
3223 0.361919
3224 0.358843
3225 0.355435
3226 0.31756
3227 0.390147
3228 0.353687
3229 0.339084
3230 0.36667
3231 0.356922
3232 0.421251
3233 0.408163
3234 0.409389
3235 0.408919
3236 0.369789
3237 0.391776
3238 0.45147
3239 0.344123
3240 0.365883
3241 0.356012
3242 0.349044
3243 0.398818
3244 0.363939
3245 0.353287
3246 0.378348
3247 0.347443
3248 0.372659
3249 0.348396
3250 0.340643
3251 0.423572
3252 0.356807
3253 0.454901
3254 0.368615
3255 0.352327
3256 0.365692
3257 0.380346
3258 0.363562
3259 0.349217
3260 0.345455
3261 0.361282
3262 0.378541
3263 0.382375
3264 0.361582
3265 0.332286
3266 0.350096
3267 0.361346
3268 0.389447
3269 0.426394
3270 0.37384
3271 0.389833
3272 0.396927
3273 0.361747
3274 0.347871
3275 0.423229
3276 0.360812
3277 0.366922
3278 0.363223
3279 0.346544
3280 0.398378
3281 0.418121
3282 0.337637
3283 0.352834
3284 0.485611
3285 0.34764
3286 0.373395
3287 0.373105
3288 0.341089
3289 0.423124
3290 0.375491
3291 0.369037
3292 0.374248
3293 0.409685
3294 0.320588
3295 0.379403
3296 0.354083
3297 0.391253
3298 0.38846
3299 0.353372
3300 0.329775
3301 0.32677
3302 0.469115
3303 0.356223
3304 0.346101
3305 0.372491
3306 0.377922
3307 0.395607
3308 0.385171
3309 0.413028
3310 0.354222
3311 0.34203
3312 0.366807
3313 0.372987
3314 0.417108
3315 0.357861
3316 0.395919
3317 0.378126
3318 0.380273
3319 0.366119
3320 0.358973
3321 0.383102
3322 0.329927
3323 0.486394
3324 0.497665
3325 0.331187
3326 0.392814
3327 0.357732
3328 0.351257
3329 0.438185
3330 0.382467
3331 0.407739
3332 0.342665
3333 0.423125
3334 0.427582
3335 0.334994
3336 0.370741
3337 0.338386
3338 0.332137
3339 0.356476
3340 0.352212
3341 0.384201
3342 0.335667
3343 0.334479
3344 0.492554
3345 0.373329
3346 0.463457
3347 0.332944
3348 0.399381
3349 0.390922
3350 0.343895
3351 0.397559
3352 0.35191
3353 0.348286
3354 0.397935
3355 0.42909
3356 0.37258
3357 0.366984
3358 0.363491
3359 0.341254
3360 0.326478
3361 0.344434
3362 0.45896
3363 0.346801
3364 0.345859
3365 0.355154
3366 0.353395
3367 0.38871
3368 0.3633
3369 0.414447
3370 0.340302
3371 0.319303
3372 0.3088
3373 0.341883
3374 0.370089
3375 0.474715
3376 0.327479
3377 0.37126
3378 0.336971
3379 0.360209
3380 0.386407
3381 0.362762
3382 0.376366
3383 0.378227
3384 0.330589
3385 0.322486
3386 0.347211
3387 0.374469
3388 0.368243
3389 0.336152
3390 0.39886
3391 0.32427
3392 0.351261
3393 0.358123
3394 0.386683
3395 0.365023
3396 0.351974
3397 0.359778
3398 0.328517
3399 0.355876
3400 0.370122
3401 0.360063
3402 0.355387
3403 0.347601
3404 0.336115
3405 0.328734
3406 0.333861
3407 0.38345
3408 0.322773
3409 0.342489
3410 0.3602
3411 0.36683
3412 0.370738
3413 0.335038
3414 0.322095
3415 0.35655
3416 0.325113
3417 0.337295
3418 0.325768
3419 0.329142
3420 0.306282
3421 0.373568
3422 0.311502
3423 0.298048
3424 0.314584
3425 0.342666
3426 0.316976
3427 0.323551
3428 0.490511
3429 0.491599
3430 0.395963
3431 0.353372
3432 0.331887
3433 0.331131
3434 0.315324
3435 0.383008
3436 0.339287
3437 0.337449
3438 0.331985
3439 0.344202
3440 0.378305
3441 0.3347
3442 0.346379
3443 0.358934
3444 0.353505
3445 0.365682
3446 0.337366
3447 0.397589
3448 0.323686
3449 0.374498
3450 0.35132
3451 0.359428
3452 0.344911
3453 0.357354
3454 0.408153
3455 0.325544
3456 0.424074
3457 0.32782
3458 0.395723
3459 0.40673
3460 0.324553
3461 0.362795
3462 0.320456
3463 0.372968
3464 0.341817
3465 0.343775
3466 0.329547
3467 0.31851
3468 0.313504
3469 0.378091
3470 0.53197
3471 0.362447
3472 0.392719
3473 0.326417
3474 0.353822
3475 0.369263
3476 0.408957
3477 0.329391
3478 0.348721
3479 0.343695
3480 0.351024
3481 0.40092
3482 0.363584
3483 0.346418
3484 0.35288
3485 0.33353
3486 0.353478
3487 0.332936
3488 0.338226
3489 0.330065
3490 0.403274
3491 0.349707
3492 0.35524
3493 0.315814
3494 0.360246
3495 0.384603
3496 0.325837
3497 0.381051
3498 0.333725
3499 0.350252
3500 0.354201
3501 0.356242
3502 0.39952
3503 0.330689
3504 0.34366
3505 0.382809
3506 0.345485
3507 0.304888
3508 0.38924
3509 0.369903
3510 0.334761
3511 0.347223
3512 0.335706
3513 0.348003
3514 0.36814
3515 0.336501
3516 0.352503
3517 0.301342
3518 0.32587
3519 0.330384
3520 0.33715
3521 0.350799
3522 0.366819
3523 0.333582
3524 0.373824
3525 0.340509
3526 0.329977
3527 0.356535
3528 0.342421
3529 0.384524
3530 0.353879
3531 0.347615
3532 0.309206
3533 0.318402
3534 0.346642
3535 0.343815
3536 0.336345
3537 0.336756
3538 0.31696
3539 0.35388
3540 0.334207
3541 0.395817
3542 0.358446
3543 0.33364
3544 0.317489
3545 0.312956
3546 0.34472
3547 0.342611
3548 0.42836
3549 0.32875
3550 0.305287
3551 0.344099
3552 0.391187
3553 0.346335
3554 0.34659
3555 0.329687
3556 0.314986
3557 0.346906
3558 0.331036
3559 0.350933
3560 0.324425
3561 0.313438
3562 0.327394
3563 0.362724
3564 0.338901
3565 0.323952
3566 0.357595
3567 0.337028
3568 0.328478
3569 0.327605
3570 0.325192
3571 0.329523
3572 0.339998
3573 0.323882
3574 0.377839
3575 0.329802
3576 0.316286
3577 0.418247
3578 0.351348
3579 0.335177
3580 0.312794
3581 0.338923
3582 0.352897
3583 0.308309
3584 0.33824
3585 0.34309
3586 0.352518
3587 0.305988
3588 0.320355
3589 0.31048
3590 0.407845
3591 0.371125
3592 0.361356
3593 0.302734
3594 0.335198
3595 0.331253
3596 0.359991
3597 0.473025
3598 0.378815
3599 0.334404
3600 0.396409
3601 0.300537
3602 0.413332
3603 0.373079
3604 0.308085
3605 0.349262
3606 0.34484
3607 0.392035
3608 0.310657
3609 0.292405
3610 0.343032
3611 0.321295
3612 0.345673
3613 0.327085
3614 0.382584
3615 0.306576
3616 0.337569
3617 0.316975
3618 0.370497
3619 0.356769
3620 0.319456
3621 0.316685
3622 0.345399
3623 0.332612
3624 0.341248
3625 0.327887
3626 0.298114
3627 0.332341
3628 0.333966
3629 0.334455
3630 0.343011
3631 0.312755
3632 0.334626
3633 0.321529
3634 0.384298
3635 0.321955
3636 0.315366
3637 0.356313
3638 0.394024
3639 0.380489
3640 0.367029
3641 0.331697
3642 0.351276
3643 0.3789
3644 0.321106
3645 0.326633
3646 0.349765
3647 0.334026
3648 0.337172
3649 0.297739
3650 0.330297
3651 0.337876
3652 0.352258
3653 0.345004
3654 0.339788
3655 0.310794
3656 0.349654
3657 0.297166
3658 0.309958
3659 0.381648
3660 0.3389
3661 0.410795
3662 0.354544
3663 0.357551
3664 0.349157
3665 0.333237
3666 0.318864
3667 0.387354
3668 0.369017
3669 0.306346
3670 0.35497
3671 0.32903
3672 0.364749
3673 0.325045
3674 0.322487
3675 0.333831
3676 0.308652
3677 0.34324
3678 0.341123
3679 0.347693
3680 0.31199
3681 0.346973
3682 0.393755
3683 0.327701
3684 0.333871
3685 0.362607
3686 0.365222
3687 0.316658
3688 0.318707
3689 0.353807
3690 0.321926
3691 0.359479
3692 0.361283
3693 0.29103
3694 0.319236
3695 0.323948
3696 0.332314
3697 0.332778
3698 0.348944
3699 0.321188
3700 0.339801
3701 0.356774
3702 0.315323
3703 0.299188
3704 0.302529
3705 0.390284
3706 0.347022
3707 0.347809
3708 0.366829
3709 0.329326
3710 0.366576
3711 0.331237
3712 0.358143
3713 0.34876
3714 0.366557
3715 0.302745
3716 0.308788
3717 0.334131
3718 0.347503
3719 0.341431
3720 0.294339
3721 0.35909
3722 0.389329
3723 0.370415
3724 0.315043
3725 0.359443
3726 0.317478
3727 0.319973
3728 0.319806
3729 0.341878
3730 0.323019
3731 0.377491
3732 0.321664
3733 0.347736
3734 0.336564
3735 0.303055
3736 0.350862
3737 0.361193
3738 0.339497
3739 0.333816
3740 0.30558
3741 0.35992
3742 0.34053
3743 0.348119
3744 0.305234
3745 0.345673
3746 0.369455
3747 0.291852
3748 0.342065
3749 0.314603
3750 0.363182
3751 0.342831
3752 0.373405
3753 0.321046
3754 0.307682
3755 0.335713
3756 0.30032
3757 0.383688
3758 0.295091
3759 0.406461
3760 0.355466
3761 0.352413
3762 0.347526
3763 0.348195
3764 0.354986
3765 0.298018
3766 0.292245
3767 0.318859
3768 0.337852
3769 0.34578
3770 0.332336
3771 0.30548
3772 0.345243
3773 0.362853
3774 0.348108
3775 0.313877
3776 0.319182
3777 0.399481
3778 0.338656
3779 0.304096
3780 0.411591
3781 0.32003
3782 0.336704
3783 0.372406
3784 0.382288
3785 0.370894
3786 0.324835
3787 0.332012
3788 0.310331
3789 0.294933
3790 0.376715
3791 0.361995
3792 0.370959
3793 0.304209
3794 0.33733
3795 0.283472
3796 0.344947
3797 0.343089
3798 0.346109
3799 0.310335
3800 0.320784
3801 0.30304
3802 0.333309
3803 0.378343
3804 0.367399
3805 0.302452
3806 0.307903
3807 0.306212
3808 0.315978
3809 0.355011
3810 0.30259
3811 0.289719
3812 0.333866
3813 0.34262
3814 0.304272
3815 0.309833
3816 0.341977
3817 0.323466
3818 0.310794
3819 0.398304
3820 0.312889
3821 0.291983
3822 0.365942
3823 0.327581
3824 0.345786
3825 0.340119
3826 0.318142
3827 0.311585
3828 0.297986
3829 0.343793
3830 0.291872
3831 0.391237
3832 0.319717
3833 0.354873
3834 0.300681
3835 0.307641
3836 0.343863
3837 0.281577
3838 0.363616
3839 0.37576
3840 0.334156
3841 0.31242
3842 0.313992
3843 0.327932
3844 0.311834
3845 0.306458
3846 0.296656
3847 0.279996
3848 0.297724
3849 0.276073
3850 0.298135
3851 0.27144
3852 0.2796
3853 0.289605
3854 0.341436
3855 0.289367
3856 0.394356
3857 0.401363
3858 0.405108
3859 0.321522
3860 0.299954
3861 0.293353
3862 0.312338
3863 0.35336
3864 0.358664
3865 0.330468
3866 0.296546
3867 0.323028
3868 0.29647
3869 0.326382
3870 0.290102
3871 0.338607
3872 0.412421
3873 0.338509
3874 0.326345
3875 0.330148
3876 0.339425
3877 0.325555
3878 0.386679
3879 0.316387
3880 0.323475
3881 0.309411
3882 0.321013
3883 0.393386
3884 0.309647
3885 0.345141
3886 0.318141
3887 0.466866
3888 0.399155
3889 0.291212
3890 0.341613
3891 0.33801
3892 0.329276
3893 0.281995
3894 0.299586
3895 0.297513
3896 0.28849
3897 0.337844
3898 0.35297
3899 0.320052
3900 0.282378
3901 0.283357
3902 0.287298
3903 0.304317
3904 0.306751
3905 0.341532
3906 0.308368
3907 0.269897
3908 0.288313
3909 0.3279
3910 0.346001
3911 0.352943
3912 0.336688
3913 0.314955
3914 0.288705
3915 0.329613
3916 0.31275
3917 0.309601
3918 0.308107
3919 0.318021
3920 0.353
3921 0.318005
3922 0.302438
3923 0.325351
3924 0.318493
3925 0.299487
3926 0.321828
3927 0.330766
3928 0.316025
3929 0.304041
3930 0.37181
3931 0.354627
3932 0.29367
3933 0.32849
3934 0.351776
3935 0.269802
3936 0.300221
3937 0.317047
3938 0.313802
3939 0.306779
3940 0.276189
3941 0.302973
3942 0.372877
3943 0.322542
3944 0.307554
3945 0.329178
3946 0.346193
3947 0.299829
3948 0.292104
3949 0.366581
3950 0.311245
3951 0.320819
3952 0.30589
3953 0.330505
3954 0.280626
3955 0.331583
3956 0.357168
3957 0.370785
3958 0.299228
3959 0.338052
3960 0.304311
3961 0.278384
3962 0.350671
3963 0.297574
3964 0.29151
3965 0.333483
3966 0.281975
3967 0.300747
3968 0.339384
3969 0.326615
3970 0.329674
3971 0.302084
3972 0.289427
3973 0.284649
3974 0.300818
3975 0.288617
3976 0.343646
3977 0.286426
3978 0.306907
3979 0.297284
3980 0.344781
3981 0.394953
3982 0.321299
3983 0.299372
3984 0.303735
3985 0.284535
3986 0.31003
3987 0.311185
3988 0.290716
3989 0.307593
3990 0.352241
3991 0.303228
3992 0.313275
3993 0.321993
3994 0.309938
3995 0.341146
3996 0.324241
3997 0.297277
3998 0.277398
3999 0.285951
4000 0.281231
4001 0.29746
4002 0.302074
4003 0.339089
4004 0.323187
4005 0.319984
4006 0.310124
4007 0.316839
4008 0.290359
4009 0.285325
4010 0.28591
4011 0.290682
4012 0.313482
4013 0.32033
4014 0.284782
4015 0.335452
4016 0.313161
4017 0.277827
4018 0.351147
4019 0.282759
4020 0.373766
4021 0.292913
4022 0.272783
4023 0.285234
4024 0.272572
4025 0.386149
4026 0.401757
4027 0.380747
4028 0.318521
4029 0.34535
4030 0.27716
4031 0.363522
4032 0.320704
4033 0.312975
4034 0.279112
4035 0.281745
4036 0.348661
4037 0.289972
4038 0.30168
4039 0.312923
4040 0.310421
4041 0.306978
4042 0.351632
4043 0.286829
4044 0.298898
4045 0.312426
4046 0.295559
4047 0.295025
4048 0.306399
4049 0.275468
4050 0.307282
4051 0.30549
4052 0.337163
4053 0.303095
4054 0.330806
4055 0.274181
4056 0.276297
4057 0.30486
4058 0.318272
4059 0.272962
4060 0.279111
4061 0.313462
4062 0.367514
4063 0.308058
4064 0.301025
4065 0.311694
4066 0.364173
4067 0.318579
4068 0.310297
4069 0.323508
4070 0.283414
4071 0.312108
4072 0.333799
4073 0.295526
4074 0.298049
4075 0.358578
4076 0.290089
4077 0.294686
4078 0.288147
4079 0.294166
4080 0.300232
4081 0.296113
4082 0.291453
4083 0.261218
4084 0.275608
4085 0.287637
4086 0.274818
4087 0.289001
4088 0.273786
4089 0.337969
4090 0.347309
4091 0.320969
4092 0.278456
4093 0.316749
4094 0.328485
4095 0.31644
4096 0.356037
4097 0.344216
4098 0.269208
4099 0.300732
4100 0.32661
4101 0.353295
4102 0.287755
4103 0.323774
4104 0.268152
4105 0.283661
4106 0.324015
4107 0.312786
4108 0.348928
4109 0.316704
4110 0.301328
4111 0.344973
4112 0.292735
4113 0.316641
4114 0.355273
4115 0.268357
4116 0.29382
4117 0.314059
4118 0.349644
4119 0.292289
4120 0.369121
4121 0.31611
4122 0.276979
4123 0.281574
4124 0.29702
4125 0.308511
4126 0.372936
4127 0.340579
4128 0.307259
4129 0.310448
4130 0.314914
4131 0.304291
4132 0.268344
4133 0.284741
4134 0.355583
4135 0.275663
4136 0.309011
4137 0.281409
4138 0.313568
4139 0.334401
4140 0.296302
4141 0.373024
4142 0.30929
4143 0.3496
4144 0.282408
4145 0.311248
4146 0.323652
4147 0.292057
4148 0.281705
4149 0.279376
4150 0.343331
4151 0.327769
4152 0.301971
4153 0.342697
4154 0.348609
4155 0.357624
4156 0.277511
4157 0.274423
4158 0.284597
4159 0.292613
4160 0.32825
4161 0.289326
4162 0.312021
4163 0.299879
4164 0.289792
4165 0.28631
4166 0.318565
4167 0.286892
4168 0.297288
4169 0.307757
4170 0.282943
4171 0.3323
4172 0.286496
4173 0.278813
4174 0.318008
4175 0.364039
4176 0.291325
4177 0.276114
4178 0.282702
4179 0.297016
4180 0.351535
4181 0.310665
4182 0.270195
4183 0.299222
4184 0.302987
4185 0.255846
4186 0.328334
4187 0.280134
4188 0.379468
4189 0.276955
4190 0.302638
4191 0.378328
4192 0.27696
4193 0.298245
4194 0.297496
4195 0.272751
4196 0.314818
4197 0.308634
4198 0.277437
4199 0.283044
4200 0.271472
4201 0.318775
4202 0.317587
4203 0.328166
4204 0.300408
4205 0.359267
4206 0.316333
4207 0.288604
4208 0.345024
4209 0.274437
4210 0.282848
4211 0.293219
4212 0.344464
4213 0.341387
4214 0.286779
4215 0.317082
4216 0.276566
4217 0.273958
4218 0.248466
4219 0.378025
4220 0.279289
4221 0.312473
4222 0.271041
4223 0.298036
4224 0.275262
4225 0.289822
4226 0.34043
4227 0.311179
4228 0.294134
4229 0.275367
4230 0.296727
4231 0.314777
4232 0.362917
4233 0.311787
4234 0.337871
4235 0.270749
4236 0.304987
4237 0.292582
4238 0.368406
4239 0.296387
4240 0.295854
4241 0.30105
4242 0.274317
4243 0.28982
4244 0.313534
4245 0.33485
4246 0.286574
4247 0.318176
4248 0.31172
4249 0.292332
4250 0.324754
4251 0.327
4252 0.312044
4253 0.276468
4254 0.29066
4255 0.309619
4256 0.276463
4257 0.297513
4258 0.281185
4259 0.306453
4260 0.294344
4261 0.315257
4262 0.305956
4263 0.291579
4264 0.296021
4265 0.282015
4266 0.302268
4267 0.291185
4268 0.325445
4269 0.271354
4270 0.289891
4271 0.271456
4272 0.275807
4273 0.266114
4274 0.260064
4275 0.249206
4276 0.262698
4277 0.264728
4278 0.263973
4279 0.271112
4280 0.249555
4281 0.272585
4282 0.289266
4283 0.268871
4284 0.261631
4285 0.452525
4286 0.279227
4287 0.356115
4288 0.290272
4289 0.264221
4290 0.279403
4291 0.304419
4292 0.301607
4293 0.312054
4294 0.273276
4295 0.292074
4296 0.30127
4297 0.300546
4298 0.286891
4299 0.283332
4300 0.272101
4301 0.325981
4302 0.317049
4303 0.278734
4304 0.341958
4305 0.278585
4306 0.278821
4307 0.322207
4308 0.279787
4309 0.300115
4310 0.323595
4311 0.341456
4312 0.281821
4313 0.273249
4314 0.248328
4315 0.351095
4316 0.366315
4317 0.311624
4318 0.274895
4319 0.307103
4320 0.310548
4321 0.305798
4322 0.266538
4323 0.269471
4324 0.290462
4325 0.262377
4326 0.329764
4327 0.37323
4328 0.286929
4329 0.270665
4330 0.268457
4331 0.267596
4332 0.299108
4333 0.3023
4334 0.280161
4335 0.289098
4336 0.270076
4337 0.2806
4338 0.33077
4339 0.304426
4340 0.291864
4341 0.287016
4342 0.252009
4343 0.27115
4344 0.276549
4345 0.310282
4346 0.286074
4347 0.268683
4348 0.316301
4349 0.292689
4350 0.288592
4351 0.283006
4352 0.284013
4353 0.29623
4354 0.276803
4355 0.276757
4356 0.282269
4357 0.305881
4358 0.297049
4359 0.298248
4360 0.273673
4361 0.284273
4362 0.287092
4363 0.318317
4364 0.270502
4365 0.317025
4366 0.269239
4367 0.272843
4368 0.283701
4369 0.282698
4370 0.267042
4371 0.288569
4372 0.324523
4373 0.321782
4374 0.286329
4375 0.268331
4376 0.277619
4377 0.275014
4378 0.29612
4379 0.301932
4380 0.306746
4381 0.287124
4382 0.318723
4383 0.284713
4384 0.289227
4385 0.288096
4386 0.35375
4387 0.254877
4388 0.290642
4389 0.268736
4390 0.270435
4391 0.271842
4392 0.248135
4393 0.284073
4394 0.262659
4395 0.275115
4396 0.337899
4397 0.282702
4398 0.27628
4399 0.281955
4400 0.275991
4401 0.24783
4402 0.281156
4403 0.313583
4404 0.283448
4405 0.293806
4406 0.306396
4407 0.258669
4408 0.290376
4409 0.366554
4410 0.309025
4411 0.292268
4412 0.308875
4413 0.292905
4414 0.279967
4415 0.272262
4416 0.291974
4417 0.271458
4418 0.266134
4419 0.268759
4420 0.25748
4421 0.312773
4422 0.267296
4423 0.305099
4424 0.326253
4425 0.370134
4426 0.273582
4427 0.255178
4428 0.322772
4429 0.241981
4430 0.275655
4431 0.268687
4432 0.32884
4433 0.275068
4434 0.29345
4435 0.302766
4436 0.29631
4437 0.283874
4438 0.242587
4439 0.286469
4440 0.296539
4441 0.29593
4442 0.263414
4443 0.272966
4444 0.31127
4445 0.335026
4446 0.269236
4447 0.343311
4448 0.257541
4449 0.300445
4450 0.261267
4451 0.25127
4452 0.257677
4453 0.291312
4454 0.348114
4455 0.340603
4456 0.340398
4457 0.331322
4458 0.252955
4459 0.277377
4460 0.331681
4461 0.246745
4462 0.32016
4463 0.280021
4464 0.270747
4465 0.309653
4466 0.277151
4467 0.289195
4468 0.260222
4469 0.308658
4470 0.265366
4471 0.310413
4472 0.302892
4473 0.275546
4474 0.280345
4475 0.280919
4476 0.317406
4477 0.298671
4478 0.252257
4479 0.270387
4480 0.268042
4481 0.272137
4482 0.302535
4483 0.309872
4484 0.257233
4485 0.264709
4486 0.280807
4487 0.278998
4488 0.261711
4489 0.293129
4490 0.269152
4491 0.299933
4492 0.320546
4493 0.278703
4494 0.299215
4495 0.339101
4496 0.295935
4497 0.281661
4498 0.28105
4499 0.260861
4500 0.310434
4501 0.300742
4502 0.271332
4503 0.294129
4504 0.315705
4505 0.245042
4506 0.284809
4507 0.254157
4508 0.295435
4509 0.261361
4510 0.278814
4511 0.322264
4512 0.248872
4513 0.291658
4514 0.24538
4515 0.257275
4516 0.360457
4517 0.290789
4518 0.346647
4519 0.341284
4520 0.298611
4521 0.254829
4522 0.263088
4523 0.329682
4524 0.334003
4525 0.319495
4526 0.297801
4527 0.275796
4528 0.303687
4529 0.343435
4530 0.304209
4531 0.260017
4532 0.267344
4533 0.282258
4534 0.271853
4535 0.268867
4536 0.278993
4537 0.314908
4538 0.266403
4539 0.312646
4540 0.30703
4541 0.27492
4542 0.280609
4543 0.339102
4544 0.248324
4545 0.294196
4546 0.28101
4547 0.292059
4548 0.275322
4549 0.29052
4550 0.293929
4551 0.273772
4552 0.251685
4553 0.273699
4554 0.280975
4555 0.342315
4556 0.257091
4557 0.261444
4558 0.291054
4559 0.270336
4560 0.291527
4561 0.255212
4562 0.261737
4563 0.28798
4564 0.284144
4565 0.337085
4566 0.270483
4567 0.292082
4568 0.25238
4569 0.258193
4570 0.31718
4571 0.283748
4572 0.294851
4573 0.254171
4574 0.257899
4575 0.324719
4576 0.275626
4577 0.260831
4578 0.272816
4579 0.323727
4580 0.300198
4581 0.25691
4582 0.290888
4583 0.320766
4584 0.256409
4585 0.253599
4586 0.261215
4587 0.281375
4588 0.308333
4589 0.249313
4590 0.272023
4591 0.28897
4592 0.25627
4593 0.317253
4594 0.264288
4595 0.304639
4596 0.259517
4597 0.253502
4598 0.289046
4599 0.28223
4600 0.317665
4601 0.251254
4602 0.268467
4603 0.286227
4604 0.26255
4605 0.279182
4606 0.267712
4607 0.299642
4608 0.256784
4609 0.317188
4610 0.270248
4611 0.268856
4612 0.249579
4613 0.243149
4614 0.25574
4615 0.274444
4616 0.277694
4617 0.343379
4618 0.303907
4619 0.320132
4620 0.33205
4621 0.265388
4622 0.282717
4623 0.269448
4624 0.262269
4625 0.263668
4626 0.27032
4627 0.265986
4628 0.250074
4629 0.29062
4630 0.382129
4631 0.272133
4632 0.270627
4633 0.270436
4634 0.334889
4635 0.297775
4636 0.256158
4637 0.36483
4638 0.252706
4639 0.284778
4640 0.298077
4641 0.343663
4642 0.297169
4643 0.273458
4644 0.280043
4645 0.280196
4646 0.26316
4647 0.260286
4648 0.318439
4649 0.250154
4650 0.26854
4651 0.251484
4652 0.282589
4653 0.30272
4654 0.278364
4655 0.310528
4656 0.25687
4657 0.259619
4658 0.246728
4659 0.301405
4660 0.280306
4661 0.352538
4662 0.262064
4663 0.297587
4664 0.271557
4665 0.279808
4666 0.319218
4667 0.278784
4668 0.278179
4669 0.265651
4670 0.27228
4671 0.279324
4672 0.241086
4673 0.279403
4674 0.292887
4675 0.258371
4676 0.299869
4677 0.259237
4678 0.263335
4679 0.266416
4680 0.287568
4681 0.272535
4682 0.244497
4683 0.288348
4684 0.24616
4685 0.28516
4686 0.24178
4687 0.279724
4688 0.271705
4689 0.300488
4690 0.260858
4691 0.238713
4692 0.238102
4693 0.292862
4694 0.242492
4695 0.284038
4696 0.26915
4697 0.262943
4698 0.294337
4699 0.265398
4700 0.256978
4701 0.291251
4702 0.228203
4703 0.251439
4704 0.254872
4705 0.243132
4706 0.283068
4707 0.244287
4708 0.224788
4709 0.236694
4710 0.231892
4711 0.279514
4712 0.240343
4713 0.2488
4714 0.371916
4715 0.355124
4716 0.267171
4717 0.265783
4718 0.262221
4719 0.265022
4720 0.303348
4721 0.279182
4722 0.306102
4723 0.240936
4724 0.28231
4725 0.273957
4726 0.321829
4727 0.291507
4728 0.288964
4729 0.299037
4730 0.316811
4731 0.315806
4732 0.265854
4733 0.305869
4734 0.257783
4735 0.267368
4736 0.277008
4737 0.264848
4738 0.25182
4739 0.28829
4740 0.355871
4741 0.270601
4742 0.300353
4743 0.255091
4744 0.310238
4745 0.336945
4746 0.273013
4747 0.258545
4748 0.272676
4749 0.274322
4750 0.279145
4751 0.277192
4752 0.256389
4753 0.259915
4754 0.274709
4755 0.272339
4756 0.317486
4757 0.251619
4758 0.241764
4759 0.234816
4760 0.267522
4761 0.239314
4762 0.27979
4763 0.259318
4764 0.271012
4765 0.256316
4766 0.230859
4767 0.300181
4768 0.270854
4769 0.264659
4770 0.249361
4771 0.242868
4772 0.264183
4773 0.23901
4774 0.280948
4775 0.267354
4776 0.268636
4777 0.281047
4778 0.26989
4779 0.243939
4780 0.266002
4781 0.26876
4782 0.2698
4783 0.29555
4784 0.274273
4785 0.267463
4786 0.269975
4787 0.278288
4788 0.28066
4789 0.245977
4790 0.265939
4791 0.275683
4792 0.283047
4793 0.249512
4794 0.277422
4795 0.255526
4796 0.263632
4797 0.24185
4798 0.236586
4799 0.284492
4800 0.27114
4801 0.290951
4802 0.2399
4803 0.238661
4804 0.254263
4805 0.26474
4806 0.279085
4807 0.27549
4808 0.254072
4809 0.306728
4810 0.246036
4811 0.230685
4812 0.260991
4813 0.268809
4814 0.295976
4815 0.270757
4816 0.271919
4817 0.255365
4818 0.226736
4819 0.265786
4820 0.286085
4821 0.247875
4822 0.2471
4823 0.231992
4824 0.238708
4825 0.299447
4826 0.287587
4827 0.301758
4828 0.299372
4829 0.243112
4830 0.249186
4831 0.251615
4832 0.237771
4833 0.28271
4834 0.311856
4835 0.299161
4836 0.227343
4837 0.242187
4838 0.307944
4839 0.243158
4840 0.288227
4841 0.253715
4842 0.236908
4843 0.25466
4844 0.236072
4845 0.2508
4846 0.231958
4847 0.237802
4848 0.23866
4849 0.330599
4850 0.293455
4851 0.264656
4852 0.301419
4853 0.261854
4854 0.262045
4855 0.247919
4856 0.263009
4857 0.244156
4858 0.240727
4859 0.245861
4860 0.256449
4861 0.255874
4862 0.255904
4863 0.328722
4864 0.283764
4865 0.275034
4866 0.251834
4867 0.268341
4868 0.254772
4869 0.282293
4870 0.247162
4871 0.253664
4872 0.250733
4873 0.246072
4874 0.250059
4875 0.217566
4876 0.322688
4877 0.245492
4878 0.24296
4879 0.226336
4880 0.24691
4881 0.231212
4882 0.256673
4883 0.361772
4884 0.313925
4885 0.29235
4886 0.341128
4887 0.237973
4888 0.268993
4889 0.28914
4890 0.267654
4891 0.267797
4892 0.265012
4893 0.251071
4894 0.281863
4895 0.245881
4896 0.23457
4897 0.254174
4898 0.28435
4899 0.244347
4900 0.323055
4901 0.229262
4902 0.227061
4903 0.269254
4904 0.275164
4905 0.286798
4906 0.249944
4907 0.228296
4908 0.252603
4909 0.235997
4910 0.280627
4911 0.284619
4912 0.260369
4913 0.237576
4914 0.250513
4915 0.251711
4916 0.249991
4917 0.245921
4918 0.275174
4919 0.262301
4920 0.310074
4921 0.281094
4922 0.238476
4923 0.290064
4924 0.297916
4925 0.241137
4926 0.258794
4927 0.240627
4928 0.229683
4929 0.298637
4930 0.299105
4931 0.252659
4932 0.269992
4933 0.240997
4934 0.239282
4935 0.264428
4936 0.251628
4937 0.241529
4938 0.249529
4939 0.247392
4940 0.259698
4941 0.257555
4942 0.23891
4943 0.238548
4944 0.223509
4945 0.295348
4946 0.248823
4947 0.286787
4948 0.264851
4949 0.242763
4950 0.261968
4951 0.288606
4952 0.236316
4953 0.330606
4954 0.265993
4955 0.255453
4956 0.277236
4957 0.259656
4958 0.306369
4959 0.244419
4960 0.243357
4961 0.275135
4962 0.232751
4963 0.237344
4964 0.271905
4965 0.264654
4966 0.260028
4967 0.249436
4968 0.290388
4969 0.247205
4970 0.243428
4971 0.295146
4972 0.280483
4973 0.250106
4974 0.24672
4975 0.248407
4976 0.276864
4977 0.282441
4978 0.2911
4979 0.22786
4980 0.234841
4981 0.261752
4982 0.274144
4983 0.299477
4984 0.317315
4985 0.243093
4986 0.301461
4987 0.275172
4988 0.277795
4989 0.253871
4990 0.233955
4991 0.259284
4992 0.251861
4993 0.265453
4994 0.244642
4995 0.23608
4996 0.265591
4997 0.256232
4998 0.313866
4999 0.289011
5000 0.297276
