0 4.35115
1 23.9613
2 27.5352
3 6.10874
4 5.5626
5 4.01178
6 3.43282
7 8.25652
8 5.6031
9 5.09995
10 4.92257
11 8.85261
12 6.64157
13 24.4293
14 3.77987
15 4.36717
16 5.06771
17 4.79066
18 4.43549
19 4.52139
20 2.96233
21 2.80745
22 2.53515
23 2.47258
24 2.33386
25 2.79066
26 2.815
27 2.5952
28 2.63015
29 2.64344
30 2.60617
31 2.04109
32 2.05168
33 1.89442
34 2.05041
35 1.96967
36 1.96845
37 1.98059
38 1.71364
39 1.84994
40 1.8415
41 1.99826
42 1.81917
43 1.96223
44 2.10792
45 1.85259
46 1.7419
47 1.76253
48 1.76257
49 1.58858
50 1.64943
51 1.87346
52 1.8027
53 1.79941
54 1.83445
55 2.06506
56 1.85093
57 1.66193
58 1.72264
59 1.75397
60 1.63117
61 1.68726
62 1.92009
63 1.95284
64 1.75316
65 1.77757
66 1.5656
67 1.63845
68 1.62458
69 1.5515
70 1.84861
71 1.75508
72 2.06623
73 1.75854
74 1.72764
75 1.66379
76 1.99655
77 1.51825
78 1.50485
79 1.4706
80 1.50478
81 1.52131
82 1.54507
83 1.47417
84 1.71756
85 1.64704
86 1.57215
87 1.47396
88 1.45886
89 1.46892
90 1.67901
91 1.52895
92 1.43279
93 1.45901
94 1.46402
95 1.50686
96 1.37214
97 1.54157
98 1.61438
99 1.64342
100 1.72095
101 1.41578
102 1.30066
103 1.3431
104 1.5328
105 1.50419
106 1.51576
107 1.52008
108 1.38452
109 1.36545
110 1.41881
111 1.51767
112 1.50304
113 1.53403
114 1.27522
115 1.38986
116 1.42291
117 1.65448
118 1.83319
119 1.4219
120 1.31919
121 1.45561
122 1.51711
123 1.61428
124 1.55037
125 1.4176
126 1.35184
127 1.42064
128 1.38299
129 1.51286
130 1.39114
131 1.21204
132 1.33899
133 1.39199
134 1.49326
135 1.28279
136 1.60089
137 1.68825
138 1.72716
139 1.74847
140 1.35282
141 1.42377
142 1.31628
143 1.21983
144 1.32573
145 1.37953
146 1.54849
147 1.52089
148 1.67966
149 1.44962
150 1.47415
151 1.37247
152 1.41613
153 1.38701
154 1.49127
155 1.34735
156 1.27239
157 1.39557
158 1.34995
159 1.21141
160 1.31812
161 1.28198
162 1.49075
163 1.3916
164 1.2828
165 1.29467
166 1.38086
167 1.42537
168 1.41949
169 1.58008
170 1.90625
171 1.51118
172 1.57237
173 2.11555
174 1.58866
175 1.52968
176 1.31137
177 1.31195
178 1.35976
179 1.31115
180 1.28864
181 1.31895
182 1.51205
183 1.18475
184 1.4553
185 1.27788
186 1.33186
187 1.32496
188 1.41957
189 1.3925
190 1.3496
191 1.30656
192 1.24007
193 1.40001
194 1.39456
195 1.48025
196 1.35403
197 1.251
198 1.26821
199 1.36646
200 1.34592
201 1.2511
202 1.33887
203 1.26156
204 1.53659
205 1.51746
206 1.41976
207 1.31039
208 1.54314
209 1.29659
210 1.23839
211 1.42656
212 1.34388
213 1.398
214 1.5276
215 1.29445
216 1.29042
217 1.3685
218 1.25684
219 1.25859
220 1.20611
221 1.2829
222 1.27741
223 1.20636
224 1.36497
225 1.21176
226 1.34104
227 1.18903
228 1.27043
229 1.3277
230 1.25932
231 1.3579
232 1.32902
233 1.43002
234 1.16279
235 1.22488
236 1.24788
237 1.16765
238 1.29493
239 1.23084
240 1.16679
241 1.19305
242 1.30164
243 1.2939
244 1.18299
245 1.27029
246 1.16118
247 1.09832
248 1.30354
249 1.23401
250 1.33201
251 1.23495
252 1.46658
253 1.35791
254 1.30209
255 1.49447
256 1.29695
257 1.25729
258 1.17511
259 1.24902
260 1.27192
261 1.20647
262 1.33125
263 1.28703
264 1.08273
265 1.20909
266 1.14856
267 1.17339
268 1.59685
269 1.31552
270 1.34138
271 1.36518
272 1.2328
273 1.20865
274 1.18816
275 1.22728
276 1.24779
277 1.20538
278 1.22387
279 1.18282
280 1.14651
281 1.29813
282 1.15308
283 1.36825
284 1.35663
285 1.33839
286 1.17021
287 1.18933
288 1.19316
289 1.27147
290 1.23523
291 1.30531
292 1.3417
293 1.20758
294 1.18573
295 1.26716
296 1.37696
297 1.09981
298 1.25131
299 1.06561
300 1.1488
301 1.2682
302 1.19817
303 1.18512
304 1.19483
305 1.22214
306 1.14276
307 1.15976
308 1.24978
309 1.07175
310 1.19089
311 1.29241
312 1.2113
313 1.25458
314 1.21445
315 1.15577
316 1.27027
317 1.23081
318 1.25495
319 1.31314
320 1.24991
321 1.21854
322 1.41309
323 1.27813
324 1.09529
325 1.20273
326 1.15835
327 1.22309
328 1.12956
329 1.16257
330 1.28139
331 1.26051
332 1.32441
333 1.26385
334 1.09253
335 1.3062
336 1.20435
337 1.09149
338 1.34145
339 1.10207
340 1.18721
341 1.24233
342 1.11337
343 1.4518
344 1.31743
345 1.30703
346 1.07193
347 1.41415
348 1.26297
349 1.24559
350 1.39037
351 1.18109
352 1.1732
353 1.27511
354 1.50896
355 1.29411
356 1.22254
357 1.22158
358 1.09549
359 1.06012
360 1.08419
361 1.20469
362 1.14098
363 1.14627
364 1.1051
365 1.08266
366 1.13653
367 1.22672
368 1.25841
369 1.17342
370 1.12013
371 1.0395
372 1.2015
373 1.24234
374 1.44459
375 1.12831
376 1.2029
377 1.04707
378 1.15628
379 1.19698
380 1.11325
381 1.14327
382 1.23775
383 1.10992
384 1.09577
385 1.17917
386 1.199
387 1.13919
388 1.04921
389 1.22995
390 1.1272
391 1.08296
392 1.12724
393 1.15926
394 1.1108
395 1.0643
396 1.14358
397 1.18951
398 1.08342
399 1.04017
400 1.18212
401 1.10107
402 1.17574
403 1.22146
404 1.14953
405 1.06506
406 1.15054
407 1.01327
408 1.14786
409 1.10443
410 1.08188
411 1.2546
412 1.08845
413 1.06453
414 1.11547
415 0.994024
416 1.02737
417 1.11454
418 1.05496
419 1.07599
420 1.0864
421 0.964168
422 0.942812
423 1.05362
424 1.40256
425 1.33795
426 1.23928
427 1.40704
428 0.96542
429 1.23198
430 1.14634
431 1.18685
432 1.06735
433 1.07752
434 1.18926
435 1.22446
436 1.02119
437 1.0333
438 1.14029
439 1.06501
440 1.16841
441 1.10729
442 1.14611
443 1.24733
444 1.18922
445 1.12208
446 1.23238
447 1.05459
448 1.12222
449 1.13328
450 1.14699
451 1.09132
452 1.02946
453 1.28082
454 1.13054
455 1.17526
456 1.03755
457 1.39639
458 1.32523
459 1.18201
460 1.13886
461 1.09742
462 1.12096
463 1.15169
464 1.07778
465 1.04687
466 1.05974
467 1.03193
468 1.08724
469 1.29687
470 1.13822
471 1.0633
472 1.07359
473 1.15992
474 1.08455
475 1.10343
476 1.01186
477 1.05987
478 0.973927
479 1.11134
480 1.23363
481 1.22075
482 1.1121
483 1.07264
484 0.988447
485 1.06747
486 1.03023
487 1.1515
488 1.708
489 1.35614
490 1.14958
491 1.267
492 1.09679
493 1.02221
494 1.07794
495 1.05074
496 1.13192
497 1.11629
498 1.09288
499 1.15984
500 1.14224
501 1.16183
502 1.0463
503 1.0811
504 1.21911
505 1.22398
506 1.02852
507 1.07095
508 1.12292
509 1.13016
510 1.14077
511 1.02776
512 1.15258
513 1.15345
514 1.17054
515 1.03
516 1.0245
517 0.959351
518 1.1242
519 1.09365
520 1.08526
521 1.06035
522 1.09136
523 1.11833
524 1.08363
525 1.0123
526 1.17072
527 1.0519
528 1.19862
529 1.09112
530 1.0319
531 0.985805
532 1.01153
533 1.00653
534 1.06463
535 1.08445
536 1.00234
537 0.947708
538 1.08336
539 1.04848
540 1.07384
541 1.06952
542 1.03154
543 0.956707
544 1.06266
545 1.01504
546 1.0398
547 1.18346
548 1.0433
549 0.961359
550 1.08543
551 1.18767
552 1.09344
553 1.11042
554 1.03065
555 0.960675
556 1.06726
557 0.995318
558 1.11442
559 0.977676
560 0.985569
561 1.07907
562 1.10153
563 1.10383
564 0.984825
565 1.16527
566 1.10136
567 1.08421
568 1.02483
569 0.976478
570 1.03161
571 0.920394
572 1.0573
573 1.00459
574 1.08546
575 1.07297
576 1.11762
577 1.00165
578 1.00584
579 1.05803
580 0.949363
581 1.02617
582 1.05555
583 1.0704
584 0.975689
585 1.01543
586 1.07714
587 1.0232
588 0.95118
589 1.03888
590 1.02058
591 1.08695
592 0.970612
593 1.00373
594 0.927667
595 1.11009
596 1.08873
597 1.13217
598 1.12785
599 1.2327
600 0.982134
601 1.20174
602 1.06736
603 0.965183
604 1.05989
605 1.02828
606 1.06947
607 1.04595
608 0.985283
609 0.983794
610 1.02019
611 1.12329
612 0.978868
613 1.10934
614 0.948413
615 0.993748
616 1.0213
617 1.11689
618 1.07396
619 1.0296
620 1.0342
621 0.976452
622 1.00675
623 1.04481
624 1.15233
625 0.938359
626 1.0068
627 1.01668
628 1.00783
629 1.0608
630 0.969032
631 0.942705
632 1.02363
633 1.06772
634 1.13573
635 1.0289
636 1.0483
637 1.18502
638 1.05312
639 1.06209
640 0.978662
641 1.02709
642 1.06664
643 0.969172
644 1.02019
645 0.999043
646 1.00583
647 0.957379
648 0.891417
649 0.947483
650 0.990107
651 1.01887
652 0.967056
653 1.00233
654 0.91889
655 0.989314
656 0.955458
657 0.892896
658 1.03133
659 0.987204
660 1.16077
661 1.16385
662 0.973849
663 0.982537
664 1.0006
665 0.944098
666 1.08497
667 0.975778
668 0.961385
669 0.941849
670 0.971536
671 1.08372
672 0.973163
673 0.907334
674 1.08824
675 0.914219
676 0.976342
677 0.959915
678 1.02303
679 1.04271
680 0.913349
681 1.07957
682 1.05207
683 0.945368
684 1.04185
685 1.03366
686 0.969142
687 0.87662
688 0.916634
689 0.995293
690 0.967419
691 1.02081
692 0.953904
693 0.888689
694 0.928945
695 0.978213
696 1.06029
697 1.18813
698 1.03534
699 1.02372
700 0.982553
701 1.05614
702 0.964329
703 0.933401
704 0.945303
705 0.983323
706 0.944173
707 0.955874
708 0.973506
709 0.986858
710 0.956602
711 0.996073
712 1.12145
713 1.05019
714 1.04881
715 0.94503
716 0.95636
717 1.00453
718 0.980711
719 0.918721
720 1.00514
721 1.18732
722 0.96428
723 1.0244
724 0.972913
725 1.10131
726 0.887674
727 0.892066
728 0.883715
729 0.935008
730 1.03164
731 0.93944
732 0.980935
733 0.983621
734 0.925938
735 0.95793
736 0.995529
737 0.892637
738 0.890202
739 0.94357
740 0.958266
741 0.961371
742 0.998152
743 0.95596
744 1.01561
745 1.02471
746 0.908118
747 0.983586
748 0.965785
749 1.03544
750 0.988608
751 1.10261
752 0.981129
753 0.918106
754 0.982326
755 0.952928
756 0.910276
757 0.884106
758 1.07455
759 1.02356
760 0.961943
761 0.95158
762 1.10177
763 0.929901
764 0.999905
765 0.925433
766 0.919623
767 0.96637
768 0.907116
769 0.968768
770 0.881043
771 0.972966
772 1.23229
773 0.908855
774 0.964047
775 0.855482
776 1.12953
777 1.01954
778 0.902078
779 1.04924
780 0.914279
781 0.946772
782 1.05216
783 1.13821
784 1.06651
785 0.915646
786 0.891546
787 0.90185
788 0.865036
789 0.904862
790 0.990165
791 0.865871
792 0.967335
793 0.908094
794 0.882393
795 0.894063
796 0.977545
797 0.975461
798 0.932405
799 0.884133
800 0.824218
801 0.958473
802 1.01699
803 1.06098
804 0.913137
805 0.927359
806 0.916669
807 0.926231
808 0.971739
809 0.946552
810 0.922185
811 0.916038
812 0.847142
813 0.880542
814 0.878994
815 0.900274
816 0.887113
817 0.852806
818 0.992743
819 0.921427
820 0.901453
821 0.939119
822 0.86905
823 0.928371
824 0.851874
825 0.945434
826 0.929732
827 0.87861
828 0.960107
829 0.878735
830 0.946904
831 0.853078
832 0.898176
833 0.819253
834 0.807263
835 0.900116
836 0.86991
837 0.906891
838 0.869868
839 0.885255
840 0.960616
841 0.825084
842 0.837461
843 0.888954
844 0.805708
845 0.821072
846 0.867511
847 0.849147
848 0.791664
849 0.912746
850 0.789206
851 0.834049
852 0.819637
853 0.954477
854 0.830126
855 0.867246
856 1.05552
857 0.891851
858 0.915957
859 0.919118
860 0.862516
861 0.918893
862 0.938515
863 0.933101
864 0.941803
865 0.816596
866 0.818331
867 0.875207
868 0.863775
869 0.858678
870 0.906404
871 0.933038
872 0.928744
873 0.912608
874 0.951106
875 0.941112
876 0.869485
877 0.952996
878 0.882557
879 0.88921
880 0.848707
881 0.896834
882 0.99412
883 0.86807
884 0.919387
885 0.864494
886 1.10035
887 1.09928
888 0.88168
889 0.879102
890 0.910736
891 0.871069
892 0.915355
893 0.861095
894 0.870579
895 0.832789
896 0.89909
897 0.825753
898 1.27725
899 1.12348
900 0.809606
901 0.825264
902 0.953156
903 0.902252
904 0.924325
905 0.87147
906 0.825212
907 0.821412
908 1.02579
909 0.973018
910 0.873686
911 0.939624
912 0.872576
913 0.887512
914 0.927063
915 0.832167
916 0.935406
917 0.935329
918 0.91214
919 0.890738
920 1.06141
921 0.908003
922 0.860157
923 0.897481
924 0.839698
925 0.95472
926 0.861044
927 0.944218
928 0.889161
929 0.893902
930 0.927537
931 0.843618
932 0.85033
933 1.01747
934 0.865456
935 0.804134
936 0.91794
937 0.895188
938 0.917494
939 0.847637
940 0.835122
941 0.909744
942 0.945655
943 0.894795
944 0.84571
945 0.809765
946 0.854025
947 0.901362
948 0.884199
949 0.876584
950 0.92161
951 0.828303
952 0.908174
953 0.809069
954 0.891431
955 0.92168
956 0.889858
957 0.90962
958 0.876872
959 0.853275
960 0.839188
961 0.841419
962 0.881169
963 0.806072
964 0.873738
965 0.806832
966 0.836545
967 0.947013
968 0.837283
969 0.912556
970 0.900039
971 0.837457
972 0.817731
973 0.867409
974 0.92478
975 0.948754
976 0.891393
977 0.830278
978 0.767182
979 0.88789
980 0.969257
981 0.862901
982 0.866379
983 0.845514
984 0.794245
985 0.825966
986 0.804152
987 0.897518
988 0.78568
989 0.825348
990 0.84947
991 0.942151
992 0.794307
993 0.832982
994 0.974818
995 0.869224
996 0.888451
997 0.842391
998 0.901017
999 0.834963
1000 0.799015
1001 0.883321
1002 0.861058
1003 0.842216
1004 0.795322
1005 0.85882
1006 0.793046
1007 0.906919
1008 0.789284
1009 0.838483
1010 0.865841
1011 0.828133
1012 0.897345
1013 0.81285
1014 0.865778
1015 0.827317
1016 0.783083
1017 0.86965
1018 0.904918
1019 0.921919
1020 0.818935
1021 0.829387
1022 0.840621
1023 0.862018
1024 0.926989
1025 0.950043
1026 0.882295
1027 0.858462
1028 0.919393
1029 0.794475
1030 0.910328
1031 0.843037
1032 0.822639
1033 0.852131
1034 0.866661
1035 0.87848
1036 0.77335
1037 0.789916
1038 0.806285
1039 0.856256
1040 0.846656
1041 0.799654
1042 0.899947
1043 0.837428
1044 0.83358
1045 0.871192
1046 0.872545
1047 0.873747
1048 0.81967
1049 0.776557
1050 0.835368
1051 0.829635
1052 0.849824
1053 0.909842
1054 0.781973
1055 0.782996
1056 0.844175
1057 0.803083
1058 0.823201
1059 0.8259
1060 0.793584
1061 0.868767
1062 0.886147
1063 0.811843
1064 0.786574
1065 0.928504
1066 0.916128
1067 0.827717
1068 0.844213
1069 0.829443
1070 0.840078
1071 0.913695
1072 0.836936
1073 0.776156
1074 0.825647
1075 0.850086
1076 0.82668
1077 0.758187
1078 0.809802
1079 0.81695
1080 0.841683
1081 0.807887
1082 0.801732
1083 0.76693
1084 0.813113
1085 0.76809
1086 0.769091
1087 0.938168
1088 0.787572
1089 0.926597
1090 0.847564
1091 0.771855
1092 0.863889
1093 0.78984
1094 0.800583
1095 0.883952
1096 0.799427
1097 0.831999
1098 0.781622
1099 0.83775
1100 0.891102
1101 0.786161
1102 0.777238
1103 0.835115
1104 0.746818
1105 0.815726
1106 0.795955
1107 0.831518
1108 0.848638
1109 0.803094
1110 0.910902
1111 0.891649
1112 0.812562
1113 0.938808
1114 0.785439
1115 0.809208
1116 0.775361
1117 0.827488
1118 0.803225
1119 0.873238
1120 0.787047
1121 0.825199
1122 0.771277
1123 0.757425
1124 0.811896
1125 0.902012
1126 0.868178
1127 0.784293
1128 0.839093
1129 0.862533
1130 0.798073
1131 0.789418
1132 0.77794
1133 0.820198
1134 0.810534
1135 0.764495
1136 0.802228
1137 0.790484
1138 0.845508
1139 0.796492
1140 0.924795
1141 0.874531
1142 0.87666
1143 0.805276
1144 0.774662
1145 0.751716
1146 0.812971
1147 0.844122
1148 0.781708
1149 0.872902
1150 0.947973
1151 0.826119
1152 0.806401
1153 0.801606
1154 0.850075
1155 0.803884
1156 0.73585
1157 0.774326
1158 0.807804
1159 0.866103
1160 0.756232
1161 0.837552
1162 0.74122
1163 0.768284
1164 0.821365
1165 0.858904
1166 0.753574
1167 0.72805
1168 0.807841
1169 0.762033
1170 0.842106
1171 0.757564
1172 0.738232
1173 0.804455
1174 0.831701
1175 0.764711
1176 0.845591
1177 0.767828
1178 0.878388
1179 0.886115
1180 0.878155
1181 0.725541
1182 0.777998
1183 0.806646
1184 0.744455
1185 0.808964
1186 0.751784
1187 0.881365
1188 0.800461
1189 0.780543
1190 0.91445
1191 0.769584
1192 0.806286
1193 0.799728
1194 0.758905
1195 0.722901
1196 0.774981
1197 0.760622
1198 0.762122
1199 0.741382
1200 0.957096
1201 0.938955
1202 0.846677
1203 0.758172
1204 0.736769
1205 0.827887
1206 0.821849
1207 0.750554
1208 0.900957
1209 0.739789
1210 0.816882
1211 0.813534
1212 0.84432
1213 0.81557
1214 0.783963
1215 0.756309
1216 0.729239
1217 0.766189
1218 0.814282
1219 0.777528
1220 0.807314
1221 0.729643
1222 0.791446
1223 0.717362
1224 0.772485
1225 0.850028
1226 0.824665
1227 0.727086
1228 0.711711
1229 0.736344
1230 0.802146
1231 0.894955
1232 0.854778
1233 0.758909
1234 0.765146
1235 0.69945
1236 0.836741
1237 0.80099
1238 0.765851
1239 0.735135
1240 0.822632
1241 0.729689
1242 0.720539
1243 0.738322
1244 0.748941
1245 0.700212
1246 0.776292
1247 0.819534
1248 0.760024
1249 0.776587
1250 0.795395
1251 0.743881
1252 0.722484
1253 0.720875
1254 0.769431
1255 0.766218
1256 0.723531
1257 0.797521
1258 0.811915
1259 0.778455
1260 0.738568
1261 0.706778
1262 0.735539
1263 0.697141
1264 0.701355
1265 0.74601
1266 0.740167
1267 0.768217
1268 0.756627
1269 0.765745
1270 0.718914
1271 0.729795
1272 0.704276
1273 0.679504
1274 0.713977
1275 0.689748
1276 0.716864
1277 0.707988
1278 0.703472
1279 0.691254
1280 0.687895
1281 0.733602
1282 0.733032
1283 0.66625
1284 0.919034
1285 0.708059
1286 0.838526
1287 0.778715
1288 0.732628
1289 0.702735
1290 0.753289
1291 0.784013
1292 0.759284
1293 0.78205
1294 0.715287
1295 0.761654
1296 0.709702
1297 0.707329
1298 0.749521
1299 0.717574
1300 0.771241
1301 0.811771
1302 0.746575
1303 0.757098
1304 0.721628
1305 0.749758
1306 0.760976
1307 0.768896
1308 0.772711
1309 0.726175
1310 0.753407
1311 0.847892
1312 0.783589
1313 0.7364
1314 0.729896
1315 0.808392
1316 0.867661
1317 0.726878
1318 0.751746
1319 0.741403
1320 0.781301
1321 0.723241
1322 0.665183
1323 0.695431
1324 0.712393
1325 0.765556
1326 0.843622
1327 0.773046
1328 0.690426
1329 0.667718
1330 0.769531
1331 0.740143
1332 0.769947
1333 0.732643
1334 0.709414
1335 0.677042
1336 0.687886
1337 0.8315
1338 0.77012
1339 0.783906
1340 0.723219
1341 0.678556
1342 0.727042
1343 0.726073
1344 0.73411
1345 0.748446
1346 0.773548
1347 0.73049
1348 0.768742
1349 0.73858
1350 0.746265
1351 0.743624
1352 0.751112
1353 0.686815
1354 0.741762
1355 0.742064
1356 0.748189
1357 0.703196
1358 0.812137
1359 0.78237
1360 0.690836
1361 0.695355
1362 0.823294
1363 0.671115
1364 0.668741
1365 0.80605
1366 0.732748
1367 0.760778
1368 0.710631
1369 0.71796
1370 0.785057
1371 0.755286
1372 0.717606
1373 0.685901
1374 0.708635
1375 0.742998
1376 0.702759
1377 0.773521
1378 0.778628
1379 0.736908
1380 0.764352
1381 0.746167
1382 0.718177
1383 0.717406
1384 0.822029
1385 0.847727
1386 0.774159
1387 0.717621
1388 0.695659
1389 0.69967
1390 0.726864
1391 0.732619
1392 0.695717
1393 0.674612
1394 0.697364
1395 0.701453
1396 0.77134
1397 0.730007
1398 0.711349
1399 0.743604
1400 0.698675
1401 0.703138
1402 0.689164
1403 0.762263
1404 0.735538
1405 0.740007
1406 0.675751
1407 0.690568
1408 0.796947
1409 0.784406
1410 0.7625
1411 0.709023
1412 0.686957
1413 0.725317
1414 0.711868
1415 0.79908
1416 0.66987
1417 0.661243
1418 0.75529
1419 0.709541
1420 0.835564
1421 0.665681
1422 0.748754
1423 0.815023
1424 0.74096
1425 0.715465
1426 0.64057
1427 0.680287
1428 0.689466
1429 0.672852
1430 0.665366
1431 0.70931
1432 0.72133
1433 0.715746
1434 0.738241
1435 0.630636
1436 0.750953
1437 0.675363
1438 0.700772
1439 0.695076
1440 0.775294
1441 0.697672
1442 0.642156
1443 0.754613
1444 0.67772
1445 0.661917
1446 0.723163
1447 0.700458
1448 0.773278
1449 0.689186
1450 0.660286
1451 0.669341
1452 0.698028
1453 0.721822
1454 0.822109
1455 0.807282
1456 0.681208
1457 0.790667
1458 0.642714
1459 0.873103
1460 0.695585
1461 0.746871
1462 0.695143
1463 0.713295
1464 0.756012
1465 0.683654
1466 0.677747
1467 0.664068
1468 0.727363
1469 0.669631
1470 0.790343
1471 0.707021
1472 0.693662
1473 0.71041
1474 0.700961
1475 0.715612
1476 0.701324
1477 0.660742
1478 0.663427
1479 0.711255
1480 0.699374
1481 0.743492
1482 0.687636
1483 0.650218
1484 0.661808
1485 0.72047
1486 0.72402
1487 0.690735
1488 0.714244
1489 0.66596
1490 0.762195
1491 0.757753
1492 0.682813
1493 0.708884
1494 0.764687
1495 0.746129
1496 0.677661
1497 0.685965
1498 0.699427
1499 0.711075
1500 0.757459
1501 0.650742
1502 0.692824
1503 0.727133
1504 0.635385
1505 0.652029
1506 0.631132
1507 0.670975
1508 0.698767
1509 0.689667
1510 0.758175
1511 0.667821
1512 0.641655
1513 0.689364
1514 0.656301
1515 0.710712
1516 0.713546
1517 0.706285
1518 0.707305
1519 0.743697
1520 0.693945
1521 0.678012
1522 0.690026
1523 0.672279
1524 0.78751
1525 0.722834
1526 0.634985
1527 0.675536
1528 0.725465
1529 0.780037
1530 0.637653
1531 0.738597
1532 0.706435
1533 0.655244
1534 0.697202
1535 0.663524
1536 0.673119
1537 0.706002
1538 0.775262
1539 0.701782
1540 0.727472
1541 0.733263
1542 0.730992
1543 0.649752
1544 0.684489
1545 0.650381
1546 0.727807
1547 0.689563
1548 0.702746
1549 0.736952
1550 0.61131
1551 0.650172
1552 0.630777
1553 0.724646
1554 0.919554
1555 0.681602
1556 0.698647
1557 0.682735
1558 0.659295
1559 0.674574
1560 0.640256
1561 0.701424
1562 0.644924
1563 0.643769
1564 0.670466
1565 0.675646
1566 0.620263
1567 0.740851
1568 0.660937
1569 0.773677
1570 0.691106
1571 0.759051
1572 0.644063
1573 0.640265
1574 0.674452
1575 0.678177
1576 0.669248
1577 0.690907
1578 0.749052
1579 0.736169
1580 0.647488
1581 0.69946
1582 0.715094
1583 0.6767
1584 0.650693
1585 0.621916
1586 0.669862
1587 0.688017
1588 0.751827
1589 0.688177
1590 0.650133
1591 0.697874
1592 0.631073
1593 0.651075
1594 0.749279
1595 0.614451
1596 0.616004
1597 0.682478
1598 0.670656
1599 0.636532
1600 0.707544
1601 0.686054
1602 0.657032
1603 0.662077
1604 0.67641
1605 0.681267
1606 0.688192
1607 0.705662
1608 0.758507
1609 0.714131
1610 0.614914
1611 0.607716
1612 0.697729
1613 0.652439
1614 0.691542
1615 0.631076
1616 0.748837
1617 0.697295
1618 0.696823
1619 0.704492
1620 0.643172
1621 0.696086
1622 0.772532
1623 0.618692
1624 0.633573
1625 0.617725
1626 0.657862
1627 0.607118
1628 0.618921
1629 0.87729
1630 0.830048
1631 0.690993
1632 0.629262
1633 0.656379
1634 0.709235
1635 0.678394
1636 0.774983
1637 0.640559
1638 0.631483
1639 0.676648
1640 0.740021
1641 0.684845
1642 0.650885
1643 0.676777
1644 0.621426
1645 0.595683
1646 0.604972
1647 0.756752
1648 0.6295
1649 0.648031
1650 0.633213
1651 0.650342
1652 0.616484
1653 0.64655
1654 0.690073
1655 0.658108
1656 0.633164
1657 0.612436
1658 0.692294
1659 0.721029
1660 0.769441
1661 0.627405
1662 0.692525
1663 0.59507
1664 0.623645
1665 0.680446
1666 0.644154
1667 0.676722
1668 0.625946
1669 0.615227
1670 0.66448
1671 0.646547
1672 0.645066
1673 0.655466
1674 0.648453
1675 0.65261
1676 0.647749
1677 0.60619
1678 0.684007
1679 0.645296
1680 0.623603
1681 0.617978
1682 0.623328
1683 0.667308
1684 0.651328
1685 0.628562
1686 0.678967
1687 0.64625
1688 0.622868
1689 0.609702
1690 0.634516
1691 0.596936
1692 0.655188
1693 0.618272
1694 0.661485
1695 0.636334
1696 0.627692
1697 0.6606
1698 0.622888
1699 0.639734
1700 0.614828
1701 0.611319
1702 0.581665
1703 0.619196
1704 0.598676
1705 0.626462
1706 0.650335
1707 0.562218
1708 0.572238
1709 0.600392
1710 0.687149
1711 0.614506
1712 0.580793
1713 0.759908
1714 0.606733
1715 0.681204
1716 0.676217
1717 0.631831
1718 0.650487
1719 0.666802
1720 0.631438
1721 0.654061
1722 0.614244
1723 0.601393
1724 0.619463
1725 0.584149
1726 0.630377
1727 0.630845
1728 0.620943
1729 0.764311
1730 0.761172
1731 0.633127
1732 0.68344
1733 0.591833
1734 0.590962
1735 0.64252
1736 0.626201
1737 0.660922
1738 0.620332
1739 0.715834
1740 0.625768
1741 0.642996
1742 0.596678
1743 0.702602
1744 0.775354
1745 0.696911
1746 0.627478
1747 0.636922
1748 0.664806
1749 0.663366
1750 0.596413
1751 0.599566
1752 0.622217
1753 0.597872
1754 0.690188
1755 0.885308
1756 0.677094
1757 0.657658
1758 0.565006
1759 0.662772
1760 0.624626
1761 0.720165
1762 0.599965
1763 0.62907
1764 0.596627
1765 0.610472
1766 0.715931
1767 0.638654
1768 0.641363
1769 0.621481
1770 0.565784
1771 0.640429
1772 0.597447
1773 0.660949
1774 0.664322
1775 0.644043
1776 0.617759
1777 0.675474
1778 0.621634
1779 0.606826
1780 0.617414
1781 0.616882
1782 0.658862
1783 0.652503
1784 0.643222
1785 0.641242
1786 0.639937
1787 0.645902
1788 0.609104
1789 0.599032
1790 0.636551
1791 0.643577
1792 0.574501
1793 0.62999
1794 0.665196
1795 0.672031
1796 0.625613
1797 0.603147
1798 0.70947
1799 0.6415
1800 0.660859
1801 0.604288
1802 0.579629
1803 0.582726
1804 0.63587
1805 0.668745
1806 0.654189
1807 0.598271
1808 0.65227
1809 0.630438
1810 0.629318
1811 0.607318
1812 0.663496
1813 0.608595
1814 0.705423
1815 0.600213
1816 0.598034
1817 0.582158
1818 0.590732
1819 0.607792
1820 0.62159
1821 0.585283
1822 0.572054
1823 0.547679
1824 0.648999
1825 0.592735
1826 0.686458
1827 0.626798
1828 0.623329
1829 0.568896
1830 0.594504
1831 0.611478
1832 0.602551
1833 0.692615
1834 0.635449
1835 0.557419
1836 0.606859
1837 0.736364
1838 0.613693
1839 0.622931
1840 0.655629
1841 0.586713
1842 0.619089
1843 0.585829
1844 0.68186
1845 0.571277
1846 0.577968
1847 0.59875
1848 0.686248
1849 0.619854
1850 0.629914
1851 0.682942
1852 0.671498
1853 0.638795
1854 0.606221
1855 0.56907
1856 0.612102
1857 0.590435
1858 0.602307
1859 0.589401
1860 0.585366
1861 0.629365
1862 0.641005
1863 0.571687
1864 0.588715
1865 0.574036
1866 0.56576
1867 0.625944
1868 0.595909
1869 0.620978
1870 0.587532
1871 0.560601
1872 0.612952
1873 0.565535
1874 0.569912
1875 0.662233
1876 0.612449
1877 0.620822
1878 0.567547
1879 0.609375
1880 0.552685
1881 0.68853
1882 0.695108
1883 0.693519
1884 0.675928
1885 0.691174
1886 0.601098
1887 0.625908
1888 0.603189
1889 0.566825
1890 0.638397
1891 0.612445
1892 0.582152
1893 0.650105
1894 0.553592
1895 0.618321
1896 0.584883
1897 0.619533
1898 0.557647
1899 0.646169
1900 0.604867
1901 0.60409
1902 0.630846
1903 0.595763
1904 0.603388
1905 0.639689
1906 0.559846
1907 0.609822
1908 0.588214
1909 0.620088
1910 0.613149
1911 0.597008
1912 0.549751
1913 0.597328
1914 0.573552
1915 0.593826
1916 0.591049
1917 0.575188
1918 0.601852
1919 0.66008
1920 0.601513
1921 0.564854
1922 0.637483
1923 0.653322
1924 0.674898
1925 0.61576
1926 0.598139
1927 0.610341
1928 0.650747
1929 0.607913
1930 0.581933
1931 0.602993
1932 0.641617
1933 0.547894
1934 0.587374
1935 0.550188
1936 0.590306
1937 0.57132
1938 0.580985
1939 0.596244
1940 0.578051
1941 0.596215
1942 0.55703
1943 0.539823
1944 0.643668
1945 0.60649
1946 0.661417
1947 0.627605
1948 0.618504
1949 0.613085
1950 0.595654
1951 0.548783
1952 0.676424
1953 0.608661
1954 0.604001
1955 0.566091
1956 0.578057
1957 0.66354
1958 0.572296
1959 0.549317
1960 0.601192
1961 0.547239
1962 0.593206
1963 0.56171
1964 0.591379
1965 0.634266
1966 0.567692
1967 0.654854
1968 0.632878
1969 0.587186
1970 0.584058
1971 0.693266
1972 0.589705
1973 0.537428
1974 0.57485
1975 0.644119
1976 0.55875
1977 0.597914
1978 0.623422
1979 0.577705
1980 0.543186
1981 0.565621
1982 0.634533
1983 0.707505
1984 0.575992
1985 0.610308
1986 0.568048
1987 0.647161
1988 0.580995
1989 0.560364
1990 0.548352
1991 0.584309
1992 0.588686
1993 0.571355
1994 0.591609
1995 0.563491
1996 0.585974
1997 0.594667
1998 0.681664
1999 0.646991
2000 0.613342
2001 0.570743
2002 0.554017
2003 0.612363
2004 0.56927
2005 0.605911
2006 0.626075
2007 0.685883
2008 0.565388
2009 0.609908
2010 0.56169
2011 0.684294
2012 0.560635
2013 0.532755
2014 0.550488
2015 0.575155
2016 0.67127
2017 0.566307
2018 0.562557
2019 0.588426
2020 0.570788
2021 0.552053
2022 0.598194
2023 0.595696
2024 0.577845
2025 0.54922
2026 0.570958
2027 0.536433
2028 0.576809
2029 0.579346
2030 0.628108
2031 0.609949
2032 0.566653
2033 0.615572
2034 0.615546
2035 0.578351
2036 0.620038
2037 0.673679
2038 0.594143
2039 0.525441
2040 0.613226
2041 0.558062
2042 0.580619
2043 0.568899
2044 0.594634
2045 0.567259
2046 0.588115
2047 0.653285
2048 0.625375
2049 0.543137
2050 0.59935
2051 0.595429
2052 0.572332
2053 0.614379
2054 0.575513
2055 0.565472
2056 0.562926
2057 0.633591
2058 0.736149
2059 0.574395
2060 0.592507
2061 0.54421
2062 0.670882
2063 0.576018
2064 0.588047
2065 0.694437
2066 0.559364
2067 0.573381
2068 0.58494
2069 0.687422
2070 0.614573
2071 0.557821
2072 0.551587
2073 0.565751
2074 0.524742
2075 0.546084
2076 0.636706
2077 0.563238
2078 0.535889
2079 0.549248
2080 0.521167
2081 0.564884
2082 0.598465
2083 0.60815
2084 0.544347
2085 0.572041
2086 0.51332
2087 0.593184
2088 0.634746
2089 0.668849
2090 0.554937
2091 0.607256
2092 0.557274
2093 0.592615
2094 0.597257
2095 0.587699
2096 0.558263
2097 0.533733
2098 0.531667
2099 0.617859
2100 0.557212
2101 0.549969
2102 0.5542
2103 0.516742
2104 0.587595
2105 0.555115
2106 0.542586
2107 0.545987
2108 0.54702
2109 0.56315
2110 0.521098
2111 0.539401
2112 0.588079
2113 0.530191
2114 0.551464
2115 0.547917
2116 0.58562
2117 0.539619
2118 0.552016
2119 0.547276
2120 0.512488
2121 0.567994
2122 0.51697
2123 0.577314
2124 0.542252
2125 0.5145
2126 0.616862
2127 0.571221
2128 0.537084
2129 0.595067
2130 0.507813
2131 0.544712
2132 0.529462
2133 0.524338
2134 0.49279
2135 0.541864
2136 0.515415
2137 0.501758
2138 0.525172
2139 0.551989
2140 0.513312
2141 0.553037
2142 0.668958
2143 0.602975
2144 0.590427
2145 0.550353
2146 0.532395
2147 0.533076
2148 0.572143
2149 0.585564
2150 0.563748
2151 0.544432
2152 0.508354
2153 0.573908
2154 0.570942
2155 0.495313
2156 0.555801
2157 0.589919
2158 0.587532
2159 0.586723
2160 0.56261
2161 0.576474
2162 0.545288
2163 0.554585
2164 0.573929
2165 0.59075
2166 0.527921
2167 0.539198
2168 0.67608
2169 0.55308
2170 0.616229
2171 0.521724
2172 0.655009
2173 0.629308
2174 0.530677
2175 0.575065
2176 0.565184
2177 0.54135
2178 0.55331
2179 0.523055
2180 0.552114
2181 0.509892
2182 0.563043
2183 0.549479
2184 0.743402
2185 0.55758
2186 0.54669
2187 0.491634
2188 0.598858
2189 0.532553
2190 0.596051
2191 0.584527
2192 0.485005
2193 0.506675
2194 0.566415
2195 0.587164
2196 0.53822
2197 0.565893
2198 0.54189
2199 0.580367
2200 0.552269
2201 0.528401
2202 0.583679
2203 0.566411
2204 0.53397
2205 0.546933
2206 0.525696
2207 0.508806
2208 0.553317
2209 0.536211
2210 0.529752
2211 0.56907
2212 0.539432
2213 0.573234
2214 0.534012
2215 0.565649
2216 0.572164
2217 0.505226
2218 0.592923
2219 0.601964
2220 0.54833
2221 0.499052
2222 0.544676
2223 0.513365
2224 0.560502
2225 0.503136
2226 0.500117
2227 0.597651
2228 0.568182
2229 0.540137
2230 0.505818
2231 0.479014
2232 0.542976
2233 0.546515
2234 0.599127
2235 0.536248
2236 0.560995
2237 0.558736
2238 0.5974
2239 0.504901
2240 0.557074
2241 0.64273
2242 0.5452
2243 0.601399
2244 0.541915
2245 0.528636
2246 0.532706
2247 0.525702
2248 0.569794
2249 0.510041
2250 0.52262
2251 0.506369
2252 0.51774
2253 0.539311
2254 0.565948
2255 0.568751
2256 0.570079
2257 0.514359
2258 0.494786
2259 0.543014
2260 0.584724
2261 0.55501
2262 0.550893
2263 0.552134
2264 0.503266
2265 0.643494
2266 0.59731
2267 0.522967
2268 0.520295
2269 0.515576
2270 0.492315
2271 0.507786
2272 0.497479
2273 0.543974
2274 0.47944
2275 0.529699
2276 0.531383
2277 0.596907
2278 0.507637
2279 0.476769
2280 0.594154
2281 0.592655
2282 0.529809
2283 0.475733
2284 0.530445
2285 0.507854
2286 0.515043
2287 0.538846
2288 0.562185
2289 0.554885
2290 0.498133
2291 0.605868
2292 0.504806
2293 0.534158
2294 0.500718
2295 0.49666
2296 0.560189
2297 0.526207
2298 0.548273
2299 0.520043
2300 0.532847
2301 0.513808
2302 0.500821
2303 0.527293
2304 0.538817
2305 0.557108
2306 0.532882
2307 0.539382
2308 0.498303
2309 0.482678
2310 0.607918
2311 0.685149
2312 0.545745
2313 0.582874
2314 0.620011
2315 0.505991
2316 0.563871
2317 0.539083
2318 0.550119
2319 0.559358
2320 0.550815
2321 0.55513
2322 0.496696
2323 0.508308
2324 0.530225
2325 0.499428
2326 0.512257
2327 0.495159
2328 0.587089
2329 0.513239
2330 0.550766
2331 0.512649
2332 0.542377
2333 0.533706
2334 0.504291
2335 0.495719
2336 0.549973
2337 0.521074
2338 0.522869
2339 0.574028
2340 0.491363
2341 0.504186
2342 0.521814
2343 0.504338
2344 0.536598
2345 0.510758
2346 0.481909
2347 0.504132
2348 0.576193
2349 0.519047
2350 0.50418
2351 0.563305
2352 0.561537
2353 0.559848
2354 0.521249
2355 0.523796
2356 0.473124
2357 0.549879
2358 0.52117
2359 0.560754
2360 0.532883
2361 0.519091
2362 0.52016
2363 0.474299
2364 0.480741
2365 0.543693
2366 0.527514
2367 0.516432
2368 0.524971
2369 0.478176
2370 0.521494
2371 0.485907
2372 0.504995
2373 0.562217
2374 0.472311
2375 0.60292
2376 0.533291
2377 0.53434
2378 0.525194
2379 0.511132
2380 0.493722
2381 0.581038
2382 0.55157
2383 0.525269
2384 0.487692
2385 0.510296
2386 0.601363
2387 0.507066
2388 0.50321
2389 0.506413
2390 0.515015
2391 0.495672
2392 0.529589
2393 0.539958
2394 0.518888
2395 0.511577
2396 0.569861
2397 0.503336
2398 0.509466
2399 0.625975
2400 0.476699
2401 0.507402
2402 0.481293
2403 0.535444
2404 0.485977
2405 0.573005
2406 0.531617
2407 0.515868
2408 0.471969
2409 0.474113
2410 0.553116
2411 0.546985
2412 0.598099
2413 0.495377
2414 0.545842
2415 0.530827
2416 0.506603
2417 0.489037
2418 0.469481
2419 0.55518
2420 0.499333
2421 0.517114
2422 0.551173
2423 0.463779
2424 0.49562
2425 0.506676
2426 0.547968
2427 0.554167
2428 0.561258
2429 0.514329
2430 0.504719
2431 0.529861
2432 0.512688
2433 0.502232
2434 0.459227
2435 0.553682
2436 0.605909
2437 0.486867
2438 0.503316
2439 0.532681
2440 0.552277
2441 0.506169
2442 0.482215
2443 0.501234
2444 0.53346
2445 0.606638
2446 0.526379
2447 0.544033
2448 0.526801
2449 0.47162
2450 0.518605
2451 0.578532
2452 0.48222
2453 0.498003
2454 0.506286
2455 0.483327
2456 0.460835
2457 0.54836
2458 0.490051
2459 0.510676
2460 0.56502
2461 0.494683
2462 0.512435
2463 0.480566
2464 0.548825
2465 0.591681
2466 0.585374
2467 0.500163
2468 0.478254
2469 0.522977
2470 0.49981
2471 0.512779
2472 0.452827
2473 0.568111
2474 0.525631
2475 0.495191
2476 0.53555
2477 0.500176
2478 0.558656
2479 0.499617
2480 0.477957
2481 0.487508
2482 0.522335
2483 0.526315
2484 0.531589
2485 0.443508
2486 0.656016
2487 0.621469
2488 0.540383
2489 0.464252
2490 0.487489
2491 0.624355
2492 0.519544
2493 0.4826
2494 0.647035
2495 0.47032
2496 0.523615
2497 0.523343
2498 0.541251
2499 0.506745
2500 0.489564
2501 0.474581
2502 0.474655
2503 0.482005
2504 0.508481
2505 0.503895
2506 0.498923
2507 0.498868
2508 0.496124
2509 0.491544
2510 0.560679
2511 0.55012
2512 0.508836
2513 0.46926
2514 0.49186
2515 0.477189
2516 0.49874
2517 0.559082
2518 0.564912
2519 0.510377
2520 0.500624
2521 0.4636
2522 0.553741
2523 0.516963
2524 0.501446
2525 0.546604
2526 0.505327
2527 0.496195
2528 0.481875
2529 0.472348
2530 0.500933
2531 0.455898
2532 0.543581
2533 0.512569
2534 0.461235
2535 0.489097
2536 0.524055
2537 0.457205
2538 0.491631
2539 0.471581
2540 0.478144
2541 0.493095
2542 0.461456
2543 0.464482
2544 0.505303
2545 0.489274
2546 0.497848
2547 0.482109
2548 0.456419
2549 0.447164
2550 0.4699
2551 0.460707
2552 0.530239
2553 0.485701
2554 0.503774
2555 0.546725
2556 0.473576
2557 0.501754
2558 0.472707
2559 0.445708
2560 0.49201
2561 0.441778
2562 0.446031
2563 0.500287
2564 0.434515
2565 0.439925
2566 0.435746
2567 0.465971
2568 0.464586
2569 0.440265
2570 0.585208
2571 0.510366
2572 0.50931
2573 0.518229
2574 0.490788
2575 0.44075
2576 0.473195
2577 0.458716
2578 0.477881
2579 0.462864
2580 0.438243
2581 0.463962
2582 0.471974
2583 0.506807
2584 0.463331
2585 0.469423
2586 0.52988
2587 0.543038
2588 0.478356
2589 0.475264
2590 0.447634
2591 0.452013
2592 0.495568
2593 0.480983
2594 0.485043
2595 0.482808
2596 0.451491
2597 0.527778
2598 0.472874
2599 0.481085
2600 0.454795
2601 0.528798
2602 0.547661
2603 0.469605
2604 0.465533
2605 0.539137
2606 0.474233
2607 0.451042
2608 0.443883
2609 0.485783
2610 0.452421
2611 0.481804
2612 0.513748
2613 0.475646
2614 0.442153
2615 0.440682
2616 0.475605
2617 0.51079
2618 0.464953
2619 0.488276
2620 0.489074
2621 0.45384
2622 0.458663
2623 0.512861
2624 0.493325
2625 0.444901
2626 0.468113
2627 0.458143
2628 0.431973
2629 0.507772
2630 0.457946
2631 0.507233
2632 0.489592
2633 0.484404
2634 0.457289
2635 0.48298
2636 0.476632
2637 0.467852
2638 0.469008
2639 0.462612
2640 0.45029
2641 0.506748
2642 0.498515
2643 0.511672
2644 0.466935
2645 0.551642
2646 0.486713
2647 0.476415
2648 0.530407
2649 0.46171
2650 0.457422
2651 0.501681
2652 0.484118
2653 0.521859
2654 0.432745
2655 0.490156
2656 0.494654
2657 0.48471
2658 0.466436
2659 0.435575
2660 0.437284
2661 0.470309
2662 0.456967
2663 0.503943
2664 0.487619
2665 0.491877
2666 0.483814
2667 0.494688
2668 0.438825
2669 0.495855
2670 0.47729
2671 0.503523
2672 0.492459
2673 0.478
2674 0.464798
2675 0.456155
2676 0.478705
2677 0.431204
2678 0.471206
2679 0.474952
2680 0.435378
2681 0.458782
2682 0.462103
2683 0.493102
2684 0.488001
2685 0.506675
2686 0.458045
2687 0.460516
2688 0.492829
2689 0.48132
2690 0.515783
2691 0.477488
2692 0.462887
2693 0.451376
2694 0.550011
2695 0.547628
2696 0.472677
2697 0.448311
2698 0.448162
2699 0.44424
2700 0.430522
2701 0.490611
2702 0.428999
2703 0.419012
2704 0.485044
2705 0.447077
2706 0.514004
2707 0.461959
2708 0.462095
2709 0.524709
2710 0.487679
2711 0.472954
2712 0.43134
2713 0.44556
2714 0.460718
2715 0.452825
2716 0.441694
2717 0.473776
2718 0.47187
2719 0.519205
2720 0.493098
2721 0.482588
2722 0.482229
2723 0.448506
2724 0.460159
2725 0.50232
2726 0.481891
2727 0.473811
2728 0.434466
2729 0.464047
2730 0.443871
2731 0.420997
2732 0.555633
2733 0.478542
2734 0.467304
2735 0.478413
2736 0.436409
2737 0.444352
2738 0.44104
2739 0.521623
2740 0.599852
2741 0.511138
2742 0.535887
2743 0.503289
2744 0.450119
2745 0.598967
2746 0.427881
2747 0.448317
2748 0.481433
2749 0.457698
2750 0.495074
2751 0.42144
2752 0.433549
2753 0.450955
2754 0.44679
2755 0.434767
2756 0.483066
2757 0.45143
2758 0.405711
2759 0.473153
2760 0.454493
2761 0.470836
2762 0.472447
2763 0.430779
2764 0.417717
2765 0.452317
2766 0.449521
2767 0.488265
2768 0.458449
2769 0.422753
2770 0.429734
2771 0.425737
2772 0.472022
2773 0.463769
2774 0.497431
2775 0.44564
2776 0.511362
2777 0.464448
2778 0.456446
2779 0.463201
2780 0.504864
2781 0.525804
2782 0.439686
2783 0.491009
2784 0.459436
2785 0.450495
2786 0.457054
2787 0.458557
2788 0.451004
2789 0.468516
2790 0.416923
2791 0.433695
2792 0.44484
2793 0.470124
2794 0.448442
2795 0.432717
2796 0.480029
2797 0.411775
2798 0.433665
2799 0.488995
2800 0.437491
2801 0.494884
2802 0.471503
2803 0.472913
2804 0.516709
2805 0.478911
2806 0.438224
2807 0.420132
2808 0.461758
2809 0.427282
2810 0.534983
2811 0.511279
2812 0.414487
2813 0.430555
2814 0.459984
2815 0.556046
2816 0.414161
2817 0.455884
2818 0.412346
2819 0.438237
2820 0.489036
2821 0.437292
2822 0.489897
2823 0.43776
2824 0.46987
2825 0.489862
2826 0.506109
2827 0.474626
2828 0.552
2829 0.442885
2830 0.421553
2831 0.418761
2832 0.484526
2833 0.446839
2834 0.492571
2835 0.47932
2836 0.421086
2837 0.436159
2838 0.405571
2839 0.456284
2840 0.498969
2841 0.51924
2842 0.491423
2843 0.432249
2844 0.481958
2845 0.46462
2846 0.428858
2847 0.465791
2848 0.449344
2849 0.426649
2850 0.484576
2851 0.44431
2852 0.432772
2853 0.467712
2854 0.443136
2855 0.508865
2856 0.473256
2857 0.502857
2858 0.426778
2859 0.452269
2860 0.467313
2861 0.441063
2862 0.446772
2863 0.419531
2864 0.481845
2865 0.519523
2866 0.481192
2867 0.451063
2868 0.479529
2869 0.487947
2870 0.450874
2871 0.409137
2872 0.455735
2873 0.465407
2874 0.523261
2875 0.423038
2876 0.500417
2877 0.460425
2878 0.48219
2879 0.447743
2880 0.494022
2881 0.431117
2882 0.419404
2883 0.439349
2884 0.419339
2885 0.458009
2886 0.438078
2887 0.451003
2888 0.454596
2889 0.454753
2890 0.435266
2891 0.473638
2892 0.486305
2893 0.505288
2894 0.541911
2895 0.465866
2896 0.408433
2897 0.409001
2898 0.443633
2899 0.452659
2900 0.505178
2901 0.429217
2902 0.484083
2903 0.455598
2904 0.483379
2905 0.476577
2906 0.440955
2907 0.481877
2908 0.464114
2909 0.417851
2910 0.447679
2911 0.419137
2912 0.436324
2913 0.408818
2914 0.411072
2915 0.589123
2916 0.54044
2917 0.466207
2918 0.418243
2919 0.479388
2920 0.459547
2921 0.476539
2922 0.546211
2923 0.467183
2924 0.438873
2925 0.489811
2926 0.484312
2927 0.503506
2928 0.434741
2929 0.454246
2930 0.441149
2931 0.407142
2932 0.427687
2933 0.556037
2934 0.436575
2935 0.463326
2936 0.447937
2937 0.419165
2938 0.449343
2939 0.425198
2940 0.480243
2941 0.448083
2942 0.407552
2943 0.412963
2944 0.477822
2945 0.492528
2946 0.537764
2947 0.416908
2948 0.447129
2949 0.407443
2950 0.421674
2951 0.456031
2952 0.516916
2953 0.480445
2954 0.435499
2955 0.422462
2956 0.443731
2957 0.446174
2958 0.403254
2959 0.443008
2960 0.392651
2961 0.44907
2962 0.45748
2963 0.423544
2964 0.431745
2965 0.46345
2966 0.406592
2967 0.394796
2968 0.438312
2969 0.44939
2970 0.420632
2971 0.386289
2972 0.443964
2973 0.430894
2974 0.449009
2975 0.448691
2976 0.431981
2977 0.435777
2978 0.428306
2979 0.405188
2980 0.44561
2981 0.438579
2982 0.410133
2983 0.455785
2984 0.437677
2985 0.401285
2986 0.43116
2987 0.402275
2988 0.39924
2989 0.437157
2990 0.409776
2991 0.400415
2992 0.422474
2993 0.39774
2994 0.387885
2995 0.389192
2996 0.407213
2997 0.396582
2998 0.371915
2999 0.569756
3000 0.398162
3001 0.492145
3002 0.447824
3003 0.448896
3004 0.40885
3005 0.440266
3006 0.397049
3007 0.46846
3008 0.415475
3009 0.427984
3010 0.400614
3011 0.444305
3012 0.407913
3013 0.394785
3014 0.402756
3015 0.514905
3016 0.473768
3017 0.426845
3018 0.448761
3019 0.426741
3020 0.425772
3021 0.464322
3022 0.431727
3023 0.522151
3024 0.457728
3025 0.512067
3026 0.432997
3027 0.415105
3028 0.422953
3029 0.50897
3030 0.48386
3031 0.418847
3032 0.410136
3033 0.453976
3034 0.441763
3035 0.422592
3036 0.432836
3037 0.401459
3038 0.418133
3039 0.411353
3040 0.445838
3041 0.557344
3042 0.454183
3043 0.400577
3044 0.436115
3045 0.395479
3046 0.466164
3047 0.494982
3048 0.398723
3049 0.430251
3050 0.383107
3051 0.443229
3052 0.488319
3053 0.450827
3054 0.425175
3055 0.441639
3056 0.408448
3057 0.412894
3058 0.421053
3059 0.405519
3060 0.456393
3061 0.452063
3062 0.443624
3063 0.445407
3064 0.417047
3065 0.398468
3066 0.44678
3067 0.405638
3068 0.425116
3069 0.430802
3070 0.425047
3071 0.416441
3072 0.437467
3073 0.438672
3074 0.433435
3075 0.428212
3076 0.431697
3077 0.415494
3078 0.431683
3079 0.406807
3080 0.427268
3081 0.437506
3082 0.452517
3083 0.405055
3084 0.430594
3085 0.447529
3086 0.440406
3087 0.398722
3088 0.389963
3089 0.394852
3090 0.441817
3091 0.405289
3092 0.441655
3093 0.438549
3094 0.429631
3095 0.418095
3096 0.417299
3097 0.398072
3098 0.420724
3099 0.417466
3100 0.514521
3101 0.41179
3102 0.430943
3103 0.390962
3104 0.400257
3105 0.413626
3106 0.412063
3107 0.418138
3108 0.399985
3109 0.375869
3110 0.420443
3111 0.421637
3112 0.425244
3113 0.397199
3114 0.431149
3115 0.407817
3116 0.406318
3117 0.406667
3118 0.398008
3119 0.44405
3120 0.43144
3121 0.391402
3122 0.381886
3123 0.488866
3124 0.449015
3125 0.409358
3126 0.416147
3127 0.399356
3128 0.415254
3129 0.391579
3130 0.497239
3131 0.366236
3132 0.375762
3133 0.406792
3134 0.396994
3135 0.443719
3136 0.377985
3137 0.456011
3138 0.438452
3139 0.419472
3140 0.420982
3141 0.41225
3142 0.414362
3143 0.398002
3144 0.394011
3145 0.423603
3146 0.426971
3147 0.428263
3148 0.432793
3149 0.382338
3150 0.406201
3151 0.378042
3152 0.376848
3153 0.398992
3154 0.41904
3155 0.416201
3156 0.39675
3157 0.404474
3158 0.454166
3159 0.421116
3160 0.437337
3161 0.441389
3162 0.386191
3163 0.480315
3164 0.400985
3165 0.37891
3166 0.385806
3167 0.429165
3168 0.501256
3169 0.475529
3170 0.435546
3171 0.454722
3172 0.399435
3173 0.408807
3174 0.407849
3175 0.37399
3176 0.465666
3177 0.389237
3178 0.399209
3179 0.437212
3180 0.380935
3181 0.38682
3182 0.395202
3183 0.414644
3184 0.40093
3185 0.445427
3186 0.428512
3187 0.395125
3188 0.39956
3189 0.442343
3190 0.437281
3191 0.437779
3192 0.382614
3193 0.384877
3194 0.393348
3195 0.396886
3196 0.417946
3197 0.400846
3198 0.391712
3199 0.377253
3200 0.38481
3201 0.394948
3202 0.371816
3203 0.42156
3204 0.411783
3205 0.451253
3206 0.422676
3207 0.39875
3208 0.421015
3209 0.442127
3210 0.421881
3211 0.430806
3212 0.390534
3213 0.394679
3214 0.439291
3215 0.501094
3216 0.427783
3217 0.434081
3218 0.422178
3219 0.373254
3220 0.383105
3221 0.389299
3222 0.435127
3223 0.405673
3224 0.417593
3225 0.444452
3226 0.381783
3227 0.41114
3228 0.418014
3229 0.389572
3230 0.474512
3231 0.417524
3232 0.454694
3233 0.43898
3234 0.412578
3235 0.412828
3236 0.389766
3237 0.424453
3238 0.475422
3239 0.394045
3240 0.431666
3241 0.3997
3242 0.38239
3243 0.441186
3244 0.43759
3245 0.394599
3246 0.394587
3247 0.387615
3248 0.437737
3249 0.385479
3250 0.36818
3251 0.432779
3252 0.371861
3253 0.438631
3254 0.44402
3255 0.413783
3256 0.418158
3257 0.45067
3258 0.412217
3259 0.368178
3260 0.400606
3261 0.424372
3262 0.415364
3263 0.406892
3264 0.415177
3265 0.387592
3266 0.377376
3267 0.412564
3268 0.443384
3269 0.510394
3270 0.396215
3271 0.461935
3272 0.419558
3273 0.455617
3274 0.37188
3275 0.381861
3276 0.38119
3277 0.439881
3278 0.398725
3279 0.401516
3280 0.374619
3281 0.422098
3282 0.374109
3283 0.393902
3284 0.465338
3285 0.435595
3286 0.449725
3287 0.373716
3288 0.396138
3289 0.395886
3290 0.386364
3291 0.409976
3292 0.378166
3293 0.470928
3294 0.395061
3295 0.403234
3296 0.370077
3297 0.424871
3298 0.394962
3299 0.388913
3300 0.355675
3301 0.385237
3302 0.481822
3303 0.348415
3304 0.461128
3305 0.427143
3306 0.366305
3307 0.461365
3308 0.409817
3309 0.433775
3310 0.382182
3311 0.368353
3312 0.408746
3313 0.381795
3314 0.433568
3315 0.377104
3316 0.440983
3317 0.440087
3318 0.386465
3319 0.373664
3320 0.39729
3321 0.491134
3322 0.388993
3323 0.484658
3324 0.404212
3325 0.393629
3326 0.435763
3327 0.377717
3328 0.427901
3329 0.348453
3330 0.389505
3331 0.424536
3332 0.410814
3333 0.409596
3334 0.437378
3335 0.384717
3336 0.435691
3337 0.394722
3338 0.405175
3339 0.446164
3340 0.397662
3341 0.398769
3342 0.356895
3343 0.361298
3344 0.541821
3345 0.391336
3346 0.417661
3347 0.348213
3348 0.454156
3349 0.40331
3350 0.377097
3351 0.442884
3352 0.376416
3353 0.357428
3354 0.417834
3355 0.483172
3356 0.450857
3357 0.388949
3358 0.380439
3359 0.394581
3360 0.389652
3361 0.387207
3362 0.483455
3363 0.388414
3364 0.389443
3365 0.366294
3366 0.384696
3367 0.375962
3368 0.439038
3369 0.445101
3370 0.398296
3371 0.407463
3372 0.347413
3373 0.389403
3374 0.450215
3375 0.469397
3376 0.368781
3377 0.408875
3378 0.367641
3379 0.414578
3380 0.411093
3381 0.394426
3382 0.404671
3383 0.400187
3384 0.389313
3385 0.408448
3386 0.370794
3387 0.360564
3388 0.379738
3389 0.353348
3390 0.430114
3391 0.365068
3392 0.367178
3393 0.418192
3394 0.391353
3395 0.398594
3396 0.380461
3397 0.386985
3398 0.376478
3399 0.368425
3400 0.385185
3401 0.377172
3402 0.407758
3403 0.391151
3404 0.404803
3405 0.379286
3406 0.382428
3407 0.400958
3408 0.352259
3409 0.397338
3410 0.386607
3411 0.374789
3412 0.423565
3413 0.372863
3414 0.379705
3415 0.389036
3416 0.351876
3417 0.350426
3418 0.36196
3419 0.389987
3420 0.361334
3421 0.414737
3422 0.368565
3423 0.346187
3424 0.374023
3425 0.37856
3426 0.344128
3427 0.369497
3428 0.497281
3429 0.478738
3430 0.429683
3431 0.409059
3432 0.382843
3433 0.402212
3434 0.39995
3435 0.443748
3436 0.397214
3437 0.345269
3438 0.35106
3439 0.390941
3440 0.350811
3441 0.353079
3442 0.368499
3443 0.383948
3444 0.425055
3445 0.368546
3446 0.36382
3447 0.375649
3448 0.36011
3449 0.396728
3450 0.386507
3451 0.368073
3452 0.379352
3453 0.361116
3454 0.42803
3455 0.381096
3456 0.418847
3457 0.374995
3458 0.504181
3459 0.482548
3460 0.382516
3461 0.386102
3462 0.403104
3463 0.405802
3464 0.402493
3465 0.353578
3466 0.372403
3467 0.349307
3468 0.401484
3469 0.403527
3470 0.535331
3471 0.363139
3472 0.37257
3473 0.361915
3474 0.430458
3475 0.413512
3476 0.464085
3477 0.348022
3478 0.388517
3479 0.374095
3480 0.42211
3481 0.400682
3482 0.385341
3483 0.373068
3484 0.372097
3485 0.399828
3486 0.365772
3487 0.361289
3488 0.395666
3489 0.352303
3490 0.385974
3491 0.380994
3492 0.384744
3493 0.384964
3494 0.396831
3495 0.392266
3496 0.353707
3497 0.393144
3498 0.361411
3499 0.390041
3500 0.361168
3501 0.378047
3502 0.431782
3503 0.349656
3504 0.421797
3505 0.432851
3506 0.375526
3507 0.346406
3508 0.40048
3509 0.378112
3510 0.397174
3511 0.396507
3512 0.354353
3513 0.388954
3514 0.414655
3515 0.389248
3516 0.362667
3517 0.352007
3518 0.378416
3519 0.338061
3520 0.400066
3521 0.389458
3522 0.370096
3523 0.373525
3524 0.387118
3525 0.342444
3526 0.369404
3527 0.422121
3528 0.439526
3529 0.368934
3530 0.360093
3531 0.370231
3532 0.352007
3533 0.367707
3534 0.365681
3535 0.37549
3536 0.375638
3537 0.358149
3538 0.369254
3539 0.36819
3540 0.366509
3541 0.455236
3542 0.391179
3543 0.400717
3544 0.34501
3545 0.366886
3546 0.377586
3547 0.341832
3548 0.437689
3549 0.375166
3550 0.330631
3551 0.438173
3552 0.395389
3553 0.3683
3554 0.380815
3555 0.365841
3556 0.359691
3557 0.343416
3558 0.36998
3559 0.392772
3560 0.333522
3561 0.356539
3562 0.370193
3563 0.418777
3564 0.381414
3565 0.348773
3566 0.434058
3567 0.410038
3568 0.370192
3569 0.361506
3570 0.358955
3571 0.342851
3572 0.381309
3573 0.375034
3574 0.368044
3575 0.366043
3576 0.356619
3577 0.444975
3578 0.348061
3579 0.350373
3580 0.361316
3581 0.362441
3582 0.349232
3583 0.365111
3584 0.381404
3585 0.366386
3586 0.387682
3587 0.364913
3588 0.355277
3589 0.325336
3590 0.424599
3591 0.371392
3592 0.389318
3593 0.35494
3594 0.356098
3595 0.344937
3596 0.43249
3597 0.450356
3598 0.40812
3599 0.376431
3600 0.424627
3601 0.343385
3602 0.375999
3603 0.372654
3604 0.351806
3605 0.383679
3606 0.399476
3607 0.398491
3608 0.356517
3609 0.338235
3610 0.351742
3611 0.362
3612 0.378418
3613 0.34926
3614 0.41479
3615 0.360551
3616 0.399959
3617 0.354402
3618 0.389817
3619 0.360141
3620 0.357671
3621 0.345655
3622 0.367401
3623 0.338479
3624 0.373456
3625 0.383118
3626 0.338803
3627 0.370877
3628 0.350617
3629 0.344216
3630 0.367896
3631 0.354627
3632 0.396086
3633 0.367406
3634 0.414682
3635 0.385801
3636 0.385294
3637 0.401744
3638 0.44075
3639 0.410695
3640 0.389656
3641 0.360185
3642 0.397914
3643 0.416779
3644 0.353653
3645 0.342512
3646 0.366972
3647 0.372114
3648 0.327527
3649 0.340468
3650 0.366179
3651 0.368167
3652 0.364258
3653 0.354903
3654 0.396442
3655 0.344117
3656 0.365445
3657 0.3281
3658 0.325484
3659 0.42105
3660 0.347345
3661 0.438343
3662 0.391019
3663 0.345536
3664 0.436477
3665 0.372122
3666 0.340159
3667 0.416893
3668 0.36802
3669 0.36019
3670 0.366779
3671 0.349819
3672 0.408597
3673 0.383117
3674 0.356465
3675 0.365607
3676 0.331519
3677 0.355585
3678 0.352727
3679 0.356655
3680 0.381657
3681 0.340491
3682 0.395568
3683 0.379261
3684 0.354306
3685 0.412617
3686 0.433511
3687 0.354002
3688 0.354486
3689 0.385439
3690 0.366104
3691 0.419175
3692 0.358914
3693 0.34947
3694 0.35134
3695 0.368211
3696 0.381868
3697 0.397586
3698 0.454361
3699 0.366877
3700 0.365253
3701 0.387985
3702 0.359822
3703 0.36132
3704 0.357678
3705 0.376675
3706 0.374737
3707 0.373767
3708 0.362973
3709 0.32684
3710 0.351035
3711 0.370787
3712 0.403311
3713 0.41174
3714 0.367585
3715 0.348839
3716 0.346435
3717 0.367265
3718 0.346463
3719 0.356988
3720 0.350121
3721 0.440679
3722 0.396824
3723 0.345913
3724 0.358315
3725 0.392686
3726 0.371138
3727 0.362443
3728 0.387469
3729 0.32502
3730 0.395166
3731 0.408082
3732 0.343982
3733 0.400397
3734 0.349467
3735 0.335822
3736 0.359407
3737 0.407341
3738 0.347142
3739 0.35427
3740 0.410895
3741 0.366694
3742 0.341044
3743 0.430991
3744 0.332823
3745 0.428247
3746 0.44942
3747 0.385229
3748 0.403754
3749 0.367121
3750 0.413612
3751 0.380095
3752 0.472544
3753 0.364673
3754 0.347127
3755 0.39984
3756 0.341278
3757 0.384482
3758 0.338245
3759 0.439466
3760 0.360831
3761 0.351574
3762 0.394895
3763 0.400223
3764 0.399345
3765 0.349872
3766 0.389124
3767 0.341158
3768 0.376607
3769 0.37778
3770 0.348631
3771 0.349859
3772 0.380679
3773 0.403366
3774 0.360754
3775 0.346812
3776 0.328193
3777 0.47019
3778 0.35101
3779 0.383414
3780 0.440277
3781 0.333794
3782 0.365241
3783 0.351161
3784 0.412896
3785 0.349516
3786 0.392203
3787 0.327968
3788 0.352616
3789 0.314463
3790 0.373403
3791 0.39246
3792 0.369146
3793 0.38629
3794 0.363916
3795 0.322816
3796 0.362022
3797 0.415314
3798 0.353073
3799 0.331266
3800 0.335741
3801 0.375982
3802 0.360183
3803 0.398736
3804 0.431056
3805 0.335168
3806 0.372595
3807 0.336977
3808 0.377056
3809 0.374262
3810 0.335005
3811 0.348424
3812 0.362493
3813 0.332422
3814 0.338181
3815 0.349305
3816 0.352827
3817 0.325672
3818 0.36244
3819 0.385214
3820 0.347657
3821 0.328896
3822 0.381912
3823 0.327846
3824 0.338433
3825 0.356646
3826 0.344816
3827 0.372621
3828 0.333213
3829 0.369104
3830 0.341952
3831 0.404033
3832 0.360064
3833 0.378909
3834 0.35322
3835 0.320282
3836 0.358577
3837 0.340982
3838 0.34302
3839 0.355052
3840 0.370373
3841 0.380524
3842 0.322002
3843 0.351613
3844 0.335224
3845 0.319836
3846 0.318841
3847 0.320369
3848 0.3246
3849 0.315883
3850 0.351642
3851 0.315571
3852 0.336362
3853 0.342854
3854 0.362102
3855 0.304136
3856 0.399735
3857 0.371522
3858 0.487192
3859 0.374283
3860 0.356349
3861 0.336928
3862 0.335445
3863 0.354131
3864 0.372916
3865 0.337297
3866 0.348795
3867 0.32618
3868 0.342169
3869 0.362347
3870 0.329394
3871 0.319504
3872 0.360044
3873 0.425511
3874 0.348905
3875 0.391907
3876 0.316217
3877 0.331595
3878 0.388008
3879 0.344209
3880 0.348718
3881 0.365277
3882 0.326109
3883 0.420132
3884 0.326247
3885 0.364416
3886 0.322133
3887 0.438066
3888 0.445382
3889 0.342627
3890 0.341105
3891 0.366029
3892 0.37311
3893 0.330297
3894 0.305441
3895 0.360786
3896 0.338217
3897 0.322167
3898 0.347614
3899 0.409047
3900 0.326619
3901 0.309343
3902 0.327668
3903 0.355378
3904 0.348464
3905 0.354771
3906 0.332169
3907 0.351429
3908 0.333004
3909 0.383409
3910 0.369563
3911 0.326411
3912 0.375963
3913 0.349418
3914 0.334437
3915 0.375979
3916 0.331678
3917 0.352923
3918 0.343839
3919 0.358581
3920 0.311215
3921 0.341654
3922 0.306217
3923 0.357418
3924 0.340093
3925 0.322706
3926 0.359177
3927 0.355981
3928 0.377181
3929 0.330646
3930 0.344277
3931 0.351027
3932 0.345654
3933 0.369262
3934 0.391589
3935 0.365234
3936 0.328996
3937 0.38049
3938 0.35767
3939 0.399142
3940 0.325122
3941 0.336916
3942 0.421332
3943 0.357934
3944 0.334139
3945 0.328693
3946 0.319322
3947 0.334995
3948 0.340027
3949 0.379682
3950 0.367095
3951 0.351298
3952 0.367671
3953 0.346612
3954 0.30447
3955 0.353949
3956 0.363575
3957 0.358206
3958 0.369668
3959 0.352614
3960 0.305769
3961 0.339229
3962 0.371598
3963 0.332162
3964 0.313863
3965 0.332257
3966 0.341029
3967 0.319751
3968 0.39795
3969 0.329114
3970 0.368197
3971 0.348084
3972 0.305551
3973 0.312568
3974 0.366366
3975 0.336959
3976 0.338988
3977 0.34703
3978 0.317269
3979 0.323596
3980 0.385413
3981 0.414897
3982 0.391391
3983 0.322073
3984 0.341698
3985 0.358547
3986 0.358807
3987 0.382061
3988 0.337673
3989 0.291118
3990 0.382254
3991 0.309817
3992 0.354738
3993 0.329958
3994 0.343287
3995 0.389933
3996 0.389748
3997 0.359803
3998 0.313478
3999 0.333453
4000 0.308141
4001 0.310142
4002 0.31973
4003 0.351912
4004 0.34129
4005 0.343424
4006 0.347885
4007 0.323798
4008 0.351577
4009 0.299871
4010 0.313885
4011 0.321969
4012 0.367986
4013 0.311647
4014 0.325097
4015 0.33764
4016 0.317578
4017 0.296901
4018 0.36922
4019 0.318017
4020 0.360495
4021 0.328717
4022 0.32679
4023 0.316103
4024 0.321279
4025 0.435659
4026 0.464645
4027 0.349348
4028 0.368656
4029 0.345966
4030 0.314902
4031 0.361816
4032 0.329202
4033 0.337699
4034 0.390335
4035 0.321431
4036 0.378306
4037 0.307884
4038 0.305074
4039 0.302669
4040 0.372665
4041 0.318175
4042 0.320117
4043 0.346854
4044 0.304714
4045 0.348369
4046 0.322747
4047 0.38918
4048 0.361545
4049 0.348733
4050 0.326492
4051 0.360619
4052 0.34274
4053 0.337966
4054 0.32187
4055 0.299854
4056 0.306517
4057 0.333438
4058 0.338667
4059 0.30855
4060 0.343589
4061 0.330852
4062 0.410027
4063 0.330346
4064 0.317217
4065 0.349492
4066 0.432246
4067 0.335917
4068 0.32558
4069 0.337813
4070 0.358111
4071 0.332542
4072 0.345749
4073 0.30243
4074 0.333874
4075 0.332015
4076 0.315381
4077 0.369862
4078 0.350975
4079 0.333262
4080 0.338645
4081 0.323991
4082 0.386183
4083 0.307804
4084 0.314411
4085 0.340101
4086 0.324176
4087 0.387902
4088 0.348299
4089 0.325118
4090 0.375239
4091 0.360083
4092 0.315066
4093 0.324405
4094 0.331181
4095 0.317342
4096 0.389391
4097 0.375104
4098 0.315942
4099 0.328089
4100 0.34975
4101 0.378617
4102 0.341787
4103 0.328892
4104 0.305211
4105 0.313638
4106 0.331349
4107 0.356345
4108 0.332636
4109 0.327673
4110 0.349493
4111 0.39937
4112 0.325713
4113 0.329544
4114 0.396767
4115 0.317097
4116 0.298444
4117 0.333012
4118 0.343968
4119 0.303529
4120 0.351431
4121 0.331328
4122 0.307265
4123 0.301501
4124 0.323974
4125 0.351708
4126 0.408349
4127 0.399133
4128 0.320118
4129 0.346027
4130 0.35055
4131 0.341336
4132 0.355667
4133 0.336496
4134 0.366164
4135 0.324953
4136 0.310954
4137 0.332581
4138 0.30598
4139 0.330756
4140 0.354792
4141 0.401484
4142 0.355361
4143 0.374369
4144 0.309949
4145 0.334021
4146 0.328154
4147 0.323172
4148 0.296403
4149 0.373158
4150 0.349891
4151 0.363985
4152 0.323178
4153 0.334408
4154 0.322092
4155 0.365147
4156 0.355883
4157 0.312296
4158 0.295788
4159 0.313384
4160 0.355028
4161 0.340278
4162 0.383052
4163 0.326217
4164 0.316728
4165 0.350379
4166 0.36616
4167 0.319708
4168 0.334085
4169 0.315416
4170 0.332893
4171 0.312545
4172 0.35327
4173 0.321769
4174 0.385663
4175 0.332476
4176 0.33606
4177 0.338209
4178 0.330435
4179 0.373136
4180 0.406066
4181 0.344958
4182 0.30204
4183 0.297112
4184 0.35628
4185 0.313059
4186 0.326121
4187 0.326728
4188 0.382576
4189 0.306091
4190 0.347886
4191 0.39942
4192 0.360464
4193 0.333769
4194 0.321986
4195 0.296506
4196 0.328804
4197 0.315236
4198 0.339801
4199 0.325132
4200 0.313076
4201 0.423373
4202 0.374744
4203 0.361081
4204 0.3049
4205 0.325836
4206 0.362065
4207 0.338146
4208 0.398696
4209 0.315676
4210 0.326795
4211 0.341172
4212 0.334375
4213 0.341344
4214 0.295515
4215 0.326719
4216 0.309839
4217 0.294227
4218 0.300709
4219 0.366796
4220 0.309833
4221 0.359364
4222 0.308819
4223 0.312762
4224 0.315263
4225 0.313796
4226 0.326548
4227 0.324452
4228 0.286432
4229 0.300317
4230 0.305199
4231 0.326395
4232 0.376263
4233 0.314203
4234 0.368585
4235 0.315055
4236 0.333007
4237 0.31952
4238 0.332323
4239 0.31806
4240 0.308896
4241 0.315323
4242 0.315354
4243 0.33138
4244 0.312838
4245 0.308578
4246 0.313565
4247 0.332427
4248 0.342635
4249 0.320246
4250 0.318283
4251 0.334703
4252 0.311992
4253 0.292412
4254 0.306433
4255 0.322113
4256 0.293992
4257 0.318159
4258 0.303216
4259 0.335085
4260 0.31674
4261 0.326944
4262 0.28992
4263 0.357422
4264 0.30014
4265 0.30851
4266 0.334904
4267 0.319058
4268 0.316946
4269 0.340521
4270 0.309412
4271 0.298687
4272 0.298372
4273 0.316122
4274 0.312258
4275 0.285683
4276 0.281827
4277 0.303798
4278 0.317614
4279 0.283947
4280 0.27961
4281 0.303088
4282 0.321088
4283 0.286009
4284 0.289209
4285 0.3914
4286 0.287941
4287 0.378398
4288 0.312679
4289 0.292953
4290 0.308704
4291 0.334504
4292 0.334499
4293 0.333481
4294 0.303123
4295 0.326252
4296 0.324695
4297 0.327025
4298 0.332719
4299 0.285899
4300 0.301011
4301 0.368591
4302 0.375034
4303 0.320325
4304 0.333943
4305 0.311501
4306 0.341296
4307 0.350973
4308 0.301282
4309 0.306386
4310 0.331082
4311 0.398344
4312 0.330977
4313 0.310372
4314 0.300386
4315 0.306238
4316 0.375987
4317 0.340156
4318 0.324333
4319 0.327857
4320 0.322925
4321 0.321093
4322 0.295647
4323 0.306728
4324 0.300761
4325 0.315047
4326 0.344176
4327 0.41319
4328 0.335745
4329 0.297373
4330 0.282091
4331 0.309225
4332 0.307083
4333 0.304592
4334 0.278814
4335 0.310219
4336 0.280507
4337 0.326902
4338 0.332412
4339 0.348907
4340 0.34658
4341 0.340727
4342 0.282588
4343 0.32539
4344 0.300584
4345 0.330178
4346 0.3222
4347 0.32347
4348 0.316854
4349 0.314328
4350 0.313258
4351 0.312296
4352 0.322352
4353 0.328127
4354 0.317669
4355 0.311
4356 0.331972
4357 0.333632
4358 0.371838
4359 0.34333
4360 0.354272
4361 0.31714
4362 0.336663
4363 0.335513
4364 0.282468
4365 0.33009
4366 0.319829
4367 0.290018
4368 0.320424
4369 0.301511
4370 0.35553
4371 0.324016
4372 0.295771
4373 0.353317
4374 0.282334
4375 0.316983
4376 0.335392
4377 0.300556
4378 0.330818
4379 0.326614
4380 0.340583
4381 0.320114
4382 0.31662
4383 0.306164
4384 0.328829
4385 0.297937
4386 0.357138
4387 0.320428
4388 0.290025
4389 0.287195
4390 0.294319
4391 0.293502
4392 0.330433
4393 0.308425
4394 0.28629
4395 0.28155
4396 0.334156
4397 0.313784
4398 0.316643
4399 0.294423
4400 0.315493
4401 0.299245
4402 0.30687
4403 0.33748
4404 0.310306
4405 0.317767
4406 0.320548
4407 0.276913
4408 0.292992
4409 0.35791
4410 0.287537
4411 0.329548
4412 0.359651
4413 0.28955
4414 0.29092
4415 0.284477
4416 0.32948
4417 0.307569
4418 0.284493
4419 0.329776
4420 0.325005
4421 0.361136
4422 0.286593
4423 0.309718
4424 0.34979
4425 0.286332
4426 0.287124
4427 0.27699
4428 0.308726
4429 0.323583
4430 0.312415
4431 0.334047
4432 0.325331
4433 0.373237
4434 0.366021
4435 0.303572
4436 0.294184
4437 0.290889
4438 0.297154
4439 0.31236
4440 0.33681
4441 0.313388
4442 0.305948
4443 0.304973
4444 0.340675
4445 0.349269
4446 0.268283
4447 0.335379
4448 0.287564
4449 0.332681
4450 0.308738
4451 0.304611
4452 0.291779
4453 0.330411
4454 0.404215
4455 0.34885
4456 0.340653
4457 0.367399
4458 0.352674
4459 0.303987
4460 0.349829
4461 0.324584
4462 0.361136
4463 0.294858
4464 0.320098
4465 0.362402
4466 0.305514
4467 0.356263
4468 0.314642
4469 0.326516
4470 0.305652
4471 0.342778
4472 0.299918
4473 0.333153
4474 0.307601
4475 0.322254
4476 0.31028
4477 0.347829
4478 0.283325
4479 0.287581
4480 0.318495
4481 0.319603
4482 0.311449
4483 0.30234
4484 0.307227
4485 0.302485
4486 0.311599
4487 0.302188
4488 0.302248
4489 0.308497
4490 0.296633
4491 0.332878
4492 0.341028
4493 0.286106
4494 0.308315
4495 0.362841
4496 0.316759
4497 0.305813
4498 0.303043
4499 0.32482
4500 0.323859
4501 0.327782
4502 0.330801
4503 0.313073
4504 0.300923
4505 0.295102
4506 0.308766
4507 0.2941
4508 0.302749
4509 0.315478
4510 0.318731
4511 0.347742
4512 0.291832
4513 0.289365
4514 0.301856
4515 0.275645
4516 0.355249
4517 0.295716
4518 0.392055
4519 0.322134
4520 0.330007
4521 0.288025
4522 0.305193
4523 0.317741
4524 0.307614
4525 0.333105
4526 0.306265
4527 0.282549
4528 0.309172
4529 0.3071
4530 0.288393
4531 0.273658
4532 0.321018
4533 0.265318
4534 0.274345
4535 0.302756
4536 0.306504
4537 0.313817
4538 0.295642
4539 0.309841
4540 0.329722
4541 0.297759
4542 0.327817
4543 0.366192
4544 0.295509
4545 0.282751
4546 0.322527
4547 0.365475
4548 0.334263
4549 0.331064
4550 0.297992
4551 0.295098
4552 0.28493
4553 0.3125
4554 0.305309
4555 0.37294
4556 0.274776
4557 0.299569
4558 0.316687
4559 0.291
4560 0.324724
4561 0.277733
4562 0.300912
4563 0.337469
4564 0.276664
4565 0.298145
4566 0.293073
4567 0.318524
4568 0.286256
4569 0.311627
4570 0.372227
4571 0.3151
4572 0.326375
4573 0.33927
4574 0.279304
4575 0.348191
4576 0.282631
4577 0.330206
4578 0.32089
4579 0.367625
4580 0.300863
4581 0.319036
4582 0.317497
4583 0.330503
4584 0.315012
4585 0.312552
4586 0.263787
4587 0.301637
4588 0.351931
4589 0.27109
4590 0.326165
4591 0.323114
4592 0.301315
4593 0.29262
4594 0.304546
4595 0.312046
4596 0.289593
4597 0.296715
4598 0.302383
4599 0.278963
4600 0.343811
4601 0.308923
4602 0.329656
4603 0.320298
4604 0.276947
4605 0.291125
4606 0.336551
4607 0.314146
4608 0.316224
4609 0.347864
4610 0.332171
4611 0.28811
4612 0.359173
4613 0.285819
4614 0.287903
4615 0.337827
4616 0.307353
4617 0.369912
4618 0.298692
4619 0.31438
4620 0.335785
4621 0.286853
4622 0.303927
4623 0.302655
4624 0.285798
4625 0.284847
4626 0.26704
4627 0.276474
4628 0.290208
4629 0.293295
4630 0.384226
4631 0.276903
4632 0.2954
4633 0.298593
4634 0.304381
4635 0.315104
4636 0.307051
4637 0.359935
4638 0.27125
4639 0.296373
4640 0.306104
4641 0.370919
4642 0.309501
4643 0.268989
4644 0.288976
4645 0.307101
4646 0.271412
4647 0.278451
4648 0.340109
4649 0.338023
4650 0.282699
4651 0.286677
4652 0.335212
4653 0.329475
4654 0.299624
4655 0.338609
4656 0.299211
4657 0.276309
4658 0.270547
4659 0.315688
4660 0.312737
4661 0.337955
4662 0.281036
4663 0.34641
4664 0.306093
4665 0.322224
4666 0.300783
4667 0.291818
4668 0.333886
4669 0.305386
4670 0.276982
4671 0.292467
4672 0.285958
4673 0.30286
4674 0.302408
4675 0.266782
4676 0.293784
4677 0.299002
4678 0.276545
4679 0.311735
4680 0.301476
4681 0.321623
4682 0.265251
4683 0.301329
4684 0.306697
4685 0.299575
4686 0.2993
4687 0.301501
4688 0.300884
4689 0.299943
4690 0.277257
4691 0.281877
4692 0.270634
4693 0.29395
4694 0.260625
4695 0.295161
4696 0.307636
4697 0.290554
4698 0.325845
4699 0.284021
4700 0.269531
4701 0.291355
4702 0.260148
4703 0.273217
4704 0.273817
4705 0.264416
4706 0.263159
4707 0.299111
4708 0.256868
4709 0.274228
4710 0.268958
4711 0.295314
4712 0.257191
4713 0.262606
4714 0.383321
4715 0.381216
4716 0.366821
4717 0.294519
4718 0.291533
4719 0.326508
4720 0.276247
4721 0.313305
4722 0.328928
4723 0.265061
4724 0.268331
4725 0.284279
4726 0.307077
4727 0.260171
4728 0.269988
4729 0.303818
4730 0.347672
4731 0.3406
4732 0.254161
4733 0.322939
4734 0.271581
4735 0.332018
4736 0.292204
4737 0.278262
4738 0.275745
4739 0.287544
4740 0.338341
4741 0.317516
4742 0.348267
4743 0.293602
4744 0.354157
4745 0.348303
4746 0.324611
4747 0.299774
4748 0.271601
4749 0.321113
4750 0.294202
4751 0.285059
4752 0.273326
4753 0.24919
4754 0.26072
4755 0.317287
4756 0.44636
4757 0.266344
4758 0.275107
4759 0.272472
4760 0.29641
4761 0.290441
4762 0.33016
4763 0.268067
4764 0.290398
4765 0.300951
4766 0.298493
4767 0.322669
4768 0.267032
4769 0.319425
4770 0.296228
4771 0.261001
4772 0.300076
4773 0.281488
4774 0.278459
4775 0.291806
4776 0.292981
4777 0.283819
4778 0.28625
4779 0.265707
4780 0.282737
4781 0.309477
4782 0.266464
4783 0.276755
4784 0.281329
4785 0.303392
4786 0.281407
4787 0.29012
4788 0.291629
4789 0.295639
4790 0.316217
4791 0.313227
4792 0.284403
4793 0.256379
4794 0.300318
4795 0.288266
4796 0.298203
4797 0.271594
4798 0.277944
4799 0.303658
4800 0.296402
4801 0.316933
4802 0.268721
4803 0.268369
4804 0.280781
4805 0.304603
4806 0.290183
4807 0.32429
4808 0.265525
4809 0.302868
4810 0.289175
4811 0.29355
4812 0.290405
4813 0.308263
4814 0.306365
4815 0.332325
4816 0.29071
4817 0.336123
4818 0.252179
4819 0.282581
4820 0.295169
4821 0.286769
4822 0.281967
4823 0.25736
4824 0.272367
4825 0.292901
4826 0.292738
4827 0.302775
4828 0.305126
4829 0.2693
4830 0.249806
4831 0.308908
4832 0.298414
4833 0.282879
4834 0.311689
4835 0.286933
4836 0.252285
4837 0.27499
4838 0.355957
4839 0.303611
4840 0.26723
4841 0.289086
4842 0.294489
4843 0.288593
4844 0.271021
4845 0.304035
4846 0.276349
4847 0.29226
4848 0.280513
4849 0.267104
4850 0.312057
4851 0.26327
4852 0.308219
4853 0.309838
4854 0.279576
4855 0.289397
4856 0.275057
4857 0.304203
4858 0.259753
4859 0.287694
4860 0.317526
4861 0.29385
4862 0.256832
4863 0.299127
4864 0.264386
4865 0.26001
4866 0.303925
4867 0.277416
4868 0.288038
4869 0.318903
4870 0.268686
4871 0.268782
4872 0.305885
4873 0.285378
4874 0.274316
4875 0.278402
4876 0.306113
4877 0.280252
4878 0.299579
4879 0.253599
4880 0.255861
4881 0.263594
4882 0.333256
4883 0.337125
4884 0.338208
4885 0.314323
4886 0.324491
4887 0.260416
4888 0.270908
4889 0.287304
4890 0.259034
4891 0.308336
4892 0.324857
4893 0.275163
4894 0.319125
4895 0.257279
4896 0.272377
4897 0.275449
4898 0.306854
4899 0.289716
4900 0.30939
4901 0.267015
4902 0.274339
4903 0.281907
4904 0.304796
4905 0.296268
4906 0.265357
4907 0.272806
4908 0.302476
4909 0.294277
4910 0.276478
4911 0.318257
4912 0.273636
4913 0.24556
4914 0.278498
4915 0.272742
4916 0.272946
4917 0.302063
4918 0.27486
4919 0.304074
4920 0.290751
4921 0.267473
4922 0.29697
4923 0.320176
4924 0.331843
4925 0.285355
4926 0.293347
4927 0.282285
4928 0.284299
4929 0.338139
4930 0.296305
4931 0.265571
4932 0.266638
4933 0.306152
4934 0.263218
4935 0.288456
4936 0.278231
4937 0.267652
4938 0.278968
4939 0.276293
4940 0.277148
4941 0.248876
4942 0.30896
4943 0.253523
4944 0.277154
4945 0.338399
4946 0.259262
4947 0.312507
4948 0.289874
4949 0.273891
4950 0.290627
4951 0.261948
4952 0.250713
4953 0.368826
4954 0.338761
4955 0.288087
4956 0.262592
4957 0.285019
4958 0.354195
4959 0.287404
4960 0.274999
4961 0.289297
4962 0.274331
4963 0.31794
4964 0.2801
4965 0.281934
4966 0.301562
4967 0.276957
4968 0.303035
4969 0.282436
4970 0.284128
4971 0.311542
4972 0.330773
4973 0.277475
4974 0.252306
4975 0.315891
4976 0.288632
4977 0.278566
4978 0.309442
4979 0.264306
4980 0.265488
4981 0.246656
4982 0.276141
4983 0.32058
4984 0.371444
4985 0.252506
4986 0.293552
4987 0.302756
4988 0.290576
4989 0.254949
4990 0.275072
4991 0.287898
4992 0.26505
4993 0.282739
4994 0.286898
4995 0.25259
4996 0.299255
4997 0.266975
4998 0.272001
4999 0.305943
5000 0.283723
