-5.900000 -0.997268
-5.800000 -0.996982
-5.700000 -0.996665
-5.600000 -0.996316
-5.500000 -0.995930
-5.400000 -0.995504
-5.300000 -0.995033
-5.200000 -0.994514
-5.100000 -0.993940
-5.000000 -0.993307
-4.900000 -0.992608
-4.800000 -0.991837
-4.700000 -0.990987
-4.600000 -0.990048
-4.500000 -0.989013
-4.400000 -0.987872
-4.300000 -0.986613
-4.200000 -0.985226
-4.100000 -0.983698
-4.000000 -0.982014
-3.900000 -0.980160
-3.800000 -0.978119
-3.700000 -0.975873
-3.600000 -0.973403
-3.500000 -0.970688
-3.400000 -0.967705
-3.300000 -0.964429
-3.200000 -0.960834
-3.100000 -0.956893
-3.000000 -0.952574
-2.900000 -0.947846
-2.800000 -0.942676
-2.700000 -0.937027
-2.600000 -0.930862
-2.500000 -0.924142
-2.400000 -0.916827
-2.300000 -0.908877
-2.200000 -0.900250
-2.100000 -0.890903
-2.000000 -0.880797
-1.900000 -0.869892
-1.800000 -0.858149
-1.700000 -0.845535
-1.600000 -0.832018
-1.500000 -0.817574
-1.400000 -0.802184
-1.300000 -0.785835
-1.200000 -0.768525
-1.100000 -0.750260
-1.000000 -0.731059
-0.900000 -0.710950
-0.800000 -0.689974
-0.700000 -0.668188
-0.600000 -0.645656
-0.500000 -0.622459
-0.400000 -0.598688
-0.300000 -0.574443
-0.200000 -0.549834
-0.100000 -0.524979
0.000000 -0.500000
0.100000 -0.475021
0.200000 -0.450166
0.300000 -0.425557
0.400000 -0.401312
0.500000 -0.377541
0.600000 -0.354344
0.700000 -0.331812
0.800000 -0.310026
0.900000 -0.289050
1.000000 -0.268941
1.100000 -0.249740
1.200000 -0.231475
1.300000 -0.214165
1.400000 -0.197816
1.500000 -0.182426
1.600000 -0.167982
1.700000 -0.154465
1.800000 -0.141851
1.900000 -0.130108
2.000000 -0.119203
2.100000 -0.109097
2.200000 -0.099750
2.300000 -0.091123
2.400000 -0.083173
2.500000 -0.075858
2.600000 -0.069138
2.700000 -0.062973
2.800000 -0.057324
2.900000 -0.052154
3.000000 -0.047426
3.100000 -0.043107
3.200000 -0.039166
3.300000 -0.035571
3.400000 -0.032295
3.500000 -0.029312
3.600000 -0.026597
3.700000 -0.024127
3.800000 -0.021881
3.900000 -0.019840
4.000000 -0.017986
4.100000 -0.016302
4.200000 -0.014774
4.300000 -0.013387
4.400000 -0.012128
4.500000 -0.010987
4.600000 -0.009952
4.700000 -0.009013
4.800000 -0.008163
4.900000 -0.007392
5.000000 -0.006693
