0 7.20508
1 126.478
2 77.7473
3 66.0827
4 55.0521
5 32.065
6 21.3184
7 155.111
8 34.0241
9 17.2106
10 21.5329
11 323.574
12 23.553
13 26.1826
14 31.2122
15 34.557
16 82.9805
17 179.101
18 53.383
19 109.388
20 42.3499
21 26.0158
22 17.1496
23 18.6636
24 17.0265
25 15.2443
26 14.9794
27 14.9239
28 15.4179
29 15.7282
30 15.4008
31 15.3104
32 15.3599
33 15.3734
34 14.9285
35 15.4899
36 14.8995
37 15.0009
38 14.8387
39 14.7996
40 14.5628
41 14.4856
42 15.2393
43 17.378
44 15.6808
45 14.8616
46 14.7348
47 14.6527
48 14.8751
49 14.5768
50 14.4735
51 14.454
52 14.4397
53 14.4071
54 14.6731
55 14.797
56 14.9229
57 14.5774
58 14.5271
59 14.3091
60 14.1211
61 14.0433
62 14.698
63 14.2225
64 14.0642
65 14.0586
66 13.7562
67 14.2612
68 14.4984
69 14.638
70 14.5458
71 14.4435
72 14.4806
73 14.1805
74 14.1288
75 13.9852
76 13.9352
77 14.0642
78 13.7101
79 13.6096
80 13.5736
81 13.6553
82 13.5042
83 13.5892
84 13.6863
85 13.5935
86 13.6775
87 13.5547
88 13.7767
89 14.2832
90 14.1111
91 13.9697
92 13.6729
93 13.8312
94 13.5535
95 13.5386
96 13.6347
97 13.6527
98 13.7507
99 13.6887
100 13.3441
101 13.2926
102 13.3323
103 13.3312
104 13.3984
105 13.2776
106 13.292
107 13.2527
108 13.1395
109 13.2209
110 13.3224
111 13.341
112 13.4028
113 13.4408
114 13.3067
115 13.5939
116 13.2009
117 13.4373
118 13.667
119 13.2627
120 13.0859
121 13.3317
122 13.2997
123 13.4216
124 13.4502
125 13.1567
126 13.1108
127 13.0442
128 13.1522
129 13.192
130 13.0278
131 12.8874
132 12.8458
133 13.0828
134 13.295
135 12.85
136 13.0267
137 13.0963
138 12.9211
139 12.8087
140 12.7229
141 12.951
142 12.8553
143 12.8134
144 12.8157
145 12.8573
146 12.8686
147 12.9178
148 13.0632
149 12.6692
150 12.799
151 12.7002
152 12.8383
153 12.8483
154 12.8187
155 12.7402
156 12.5935
157 12.8213
158 12.72
159 12.5464
160 12.6288
161 12.5611
162 12.7253
163 12.5784
164 12.6615
165 12.6433
166 12.6785
167 12.709
168 12.6935
169 12.6894
170 12.7558
171 12.6195
172 12.8665
173 13.1276
174 12.8305
175 12.8606
176 12.6422
177 12.5609
178 12.7312
179 12.5594
180 12.4756
181 12.4911
182 12.5979
183 12.4078
184 12.5895
185 12.5038
186 12.4508
187 12.4668
188 12.5981
189 12.4623
190 12.4927
191 12.6908
192 12.7453
193 12.6462
194 12.4768
195 12.4152
196 12.4935
197 12.3088
198 12.3856
199 12.3413
200 12.4203
201 12.4424
202 12.6824
203 12.3991
204 12.3832
205 12.3902
206 12.3987
207 12.2022
208 12.6596
209 12.2048
210 12.1991
211 12.4076
212 12.5347
213 12.612
214 12.6178
215 12.1613
216 12.274
217 12.3107
218 12.1036
219 12.3009
220 12.2129
221 12.2458
222 12.2542
223 12.0999
224 12.2644
225 11.8897
226 12.0865
227 12.0752
228 12.0284
229 12.1052
230 12.1998
231 12.124
232 12.3706
233 12.3247
234 12.0581
235 12.0458
236 12.0831
237 12.0296
238 12.1069
239 12.0286
240 11.9642
241 12.1026
242 12.1688
243 12.1748
244 12.0928
245 12.1194
246 12.0146
247 11.9214
248 12.0343
249 11.9201
250 12.0871
251 12.0731
252 12.2551
253 12.0754
254 12.0278
255 12.2055
256 12.0573
257 11.9691
258 11.9659
259 11.9027
260 11.9621
261 11.8756
262 11.9737
263 11.8893
264 11.7507
265 11.8328
266 11.8356
267 11.9779
268 12.3423
269 12.0513
270 12.1314
271 11.945
272 12.0107
273 11.9234
274 11.8056
275 11.8271
276 11.7706
277 11.808
278 11.9231
279 11.7327
280 11.8216
281 11.8584
282 11.7124
283 11.8369
284 11.9619
285 12.0501
286 11.6936
287 11.7754
288 11.8454
289 11.7687
290 11.7649
291 11.8673
292 11.8942
293 11.6615
294 11.8164
295 11.8711
296 11.9499
297 11.8071
298 11.702
299 11.5298
300 11.5156
301 11.5813
302 11.669
303 11.6573
304 11.7155
305 11.5849
306 11.675
307 11.8438
308 11.6744
309 11.5372
310 11.5385
311 11.6841
312 11.6839
313 11.746
314 11.638
315 11.5746
316 11.5959
317 11.6365
318 11.5716
319 11.6188
320 11.6334
321 11.5916
322 11.7027
323 11.7759
324 11.4636
325 11.5847
326 11.4121
327 11.4913
328 11.405
329 11.6028
330 11.6511
331 11.6376
332 11.5081
333 11.4932
334 11.3001
335 11.5822
336 11.4011
337 11.3453
338 11.5665
339 11.39
340 11.4856
341 11.4849
342 11.3263
343 11.7263
344 11.5233
345 11.4714
346 11.2549
347 11.7076
348 11.4359
349 11.3896
350 11.4812
351 11.3403
352 11.3388
353 11.4555
354 11.7362
355 11.3879
356 11.3036
357 11.3339
358 11.2209
359 11.1733
360 11.3687
361 11.3625
362 11.2101
363 11.2196
364 11.2211
365 11.2066
366 11.1533
367 11.3551
368 11.314
369 11.4011
370 11.2647
371 11.1565
372 11.2638
373 11.2581
374 11.5661
375 11.19
376 11.3088
377 11.1069
378 11.1476
379 11.244
380 11.172
381 11.2874
382 11.2641
383 11.1896
384 11.2116
385 11.1787
386 11.1266
387 11.1536
388 11.0824
389 11.1783
390 11.1928
391 11.0681
392 11.1562
393 11.1122
394 11.13
395 11.0926
396 11.0677
397 11.0322
398 10.9725
399 11.1127
400 11.1322
401 11.1062
402 11.1304
403 11.0506
404 10.9479
405 11.023
406 11.037
407 10.9126
408 10.9681
409 10.9917
410 11.0351
411 11.1381
412 10.9985
413 10.9012
414 10.9054
415 10.7897
416 10.8237
417 11.005
418 10.946
419 10.8674
420 10.9056
421 10.7554
422 10.7453
423 10.8295
424 11.1767
425 10.9655
426 10.9079
427 11.1211
428 10.9812
429 11.0863
430 10.8668
431 11.0259
432 10.8334
433 10.8838
434 10.8991
435 10.9523
436 10.8582
437 10.898
438 11.0179
439 10.8946
440 10.7886
441 10.821
442 10.748
443 10.9855
444 10.8712
445 10.813
446 11.0934
447 10.7608
448 10.7966
449 10.81
450 10.7264
451 10.7859
452 10.7603
453 10.8994
454 10.7264
455 10.9232
456 10.7397
457 11.1368
458 11.0334
459 10.791
460 10.7607
461 10.7837
462 10.7602
463 10.7105
464 10.7903
465 10.617
466 10.6604
467 10.6385
468 10.7824
469 10.8637
470 10.6754
471 10.6813
472 10.619
473 10.7676
474 10.61
475 10.7468
476 10.5418
477 10.6678
478 10.576
479 10.5495
480 10.766
481 10.8092
482 10.647
483 10.5657
484 10.4739
485 10.738
486 10.6292
487 10.6694
488 10.7237
489 10.6106
490 10.6281
491 10.8965
492 10.5463
493 10.5336
494 10.5408
495 10.5742
496 10.6531
497 10.575
498 10.6056
499 10.5606
500 10.641
501 10.729
502 10.5106
503 10.5205
504 10.7933
505 10.5968
506 10.4369
507 10.4795
508 10.5341
509 10.4387
510 10.4583
511 10.3711
512 10.5887
513 10.5677
514 10.6321
515 10.3752
516 10.368
517 10.3869
518 10.4553
519 10.4502
520 10.4532
521 10.3496
522 10.4557
523 10.4476
524 10.4091
525 10.3662
526 10.3702
527 10.4245
528 10.3979
529 10.3769
530 10.3514
531 10.3302
532 10.3595
533 10.2781
534 10.2696
535 10.4437
536 10.2
537 10.2205
538 10.3731
539 10.3128
540 10.3445
541 10.2622
542 10.3208
543 10.1828
544 10.264
545 10.305
546 10.3037
547 10.3776
548 10.1831
549 10.2217
550 10.3679
551 10.4618
552 10.2919
553 10.4384
554 10.2353
555 10.2244
556 10.3444
557 10.2715
558 10.1928
559 10.1161
560 10.1011
561 10.1971
562 10.2687
563 10.2283
564 10.13
565 10.3703
566 10.2287
567 10.3122
568 10.0949
569 10.0484
570 10.219
571 10.0445
572 10.0884
573 10.0828
574 10.1378
575 10.1833
576 10.2231
577 10.0573
578 10.0912
579 10.0803
580 10.0201
581 10.2349
582 10.2211
583 10.1217
584 10.0614
585 9.9865
586 10.1615
587 10.1312
588 9.95349
589 10.108
590 9.9972
591 10.0561
592 10.0071
593 9.94452
594 9.9629
595 10.1344
596 10.1208
597 10.1725
598 10.249
599 10.3222
600 9.93309
601 10.074
602 10.0452
603 9.96046
604 9.97851
605 10.037
606 9.93379
607 10.0146
608 9.88839
609 10.0089
610 9.90352
611 10.0028
612 10.048
613 10.0898
614 9.83167
615 9.90273
616 9.93983
617 10.0206
618 9.96896
619 9.91446
620 9.88552
621 9.91185
622 9.96717
623 9.92444
624 9.95468
625 9.97072
626 9.77051
627 9.84545
628 9.80906
629 9.86283
630 9.87015
631 9.76156
632 9.87643
633 9.86787
634 9.96735
635 9.7269
636 9.74944
637 10.0041
638 9.81848
639 9.86778
640 9.84709
641 9.8474
642 9.86789
643 9.95336
644 9.8234
645 9.72894
646 9.80331
647 9.72838
648 9.72146
649 9.76879
650 9.84789
651 9.71975
652 9.71935
653 9.77264
654 9.58908
655 9.737
656 9.62128
657 9.58506
658 9.76038
659 9.76983
660 9.77742
661 9.84158
662 9.74099
663 9.72119
664 9.71915
665 9.5906
666 9.69949
667 9.60863
668 9.5805
669 9.58796
670 9.682
671 9.73041
672 9.62906
673 9.53828
674 9.62438
675 9.5633
676 9.58362
677 9.64418
678 9.59979
679 9.64805
680 9.56808
681 9.81935
682 9.6966
683 9.56811
684 9.66133
685 9.62586
686 9.57569
687 9.49148
688 9.49678
689 9.66585
690 9.52492
691 9.63023
692 9.49185
693 9.44734
694 9.47716
695 9.60134
696 9.59675
697 9.71563
698 9.46015
699 9.59533
700 9.54654
701 9.53181
702 9.44917
703 9.42581
704 9.49953
705 9.48163
706 9.48161
707 9.46936
708 9.40704
709 9.40779
710 9.52649
711 9.42598
712 9.76608
713 9.62855
714 9.63597
715 9.47345
716 9.3205
717 9.44059
718 9.4176
719 9.44142
720 9.47773
721 9.48559
722 9.42616
723 9.41715
724 9.48182
725 9.56076
726 9.41939
727 9.33191
728 9.29602
729 9.32614
730 9.38651
731 9.23942
732 9.3591
733 9.39848
734 9.35794
735 9.39362
736 9.39586
737 9.27201
738 9.28063
739 9.26021
740 9.41648
741 9.34595
742 9.33522
743 9.2759
744 9.24383
745 9.38141
746 9.35313
747 9.36753
748 9.33497
749 9.39482
750 9.33556
751 9.4238
752 9.34955
753 9.20352
754 9.31337
755 9.28901
756 9.19306
757 9.24434
758 9.31457
759 9.23722
760 9.27662
761 9.25545
762 9.31514
763 9.14486
764 9.21217
765 9.15751
766 9.14731
767 9.26777
768 9.21117
769 9.2389
770 9.0642
771 9.1942
772 9.44423
773 9.22769
774 9.21788
775 9.02787
776 9.45205
777 9.226
778 9.11254
779 9.26988
780 9.14346
781 9.11309
782 9.20086
783 9.2987
784 9.25122
785 9.07638
786 9.10644
787 8.98999
788 9.00803
789 9.09206
790 9.17725
791 9.07428
792 9.09459
793 9.05946
794 9.05029
795 9.15685
796 9.1294
797 9.12613
798 9.01599
799 9.02508
800 8.94799
801 9.08379
802 9.11495
803 9.15227
804 8.98349
805 8.99341
806 8.94065
807 8.99973
808 9.0767
809 8.94393
810 9.04446
811 8.97459
812 8.96887
813 8.95215
814 8.92744
815 8.96894
816 8.904
817 8.92916
818 9.07519
819 8.94882
820 8.96131
821 8.94646
822 8.89205
823 8.9243
824 8.81921
825 8.96764
826 8.91673
827 8.88449
828 8.98708
829 8.88585
830 8.99263
831 8.9009
832 8.84055
833 8.8371
834 8.89718
835 8.83039
836 8.82652
837 8.87605
838 8.82221
839 8.79946
840 8.97457
841 8.81551
842 8.798
843 8.80172
844 8.74244
845 8.78994
846 8.7794
847 8.82438
848 8.70018
849 8.80501
850 8.70379
851 8.7201
852 8.77885
853 8.89524
854 8.73556
855 8.75484
856 9.03012
857 8.88217
858 8.93274
859 8.82667
860 8.7389
861 8.74252
862 8.78289
863 8.89064
864 8.84887
865 8.72688
866 8.76735
867 8.75478
868 8.81123
869 8.65472
870 8.72219
871 8.71167
872 8.77548
873 8.7371
874 8.75137
875 8.75418
876 8.65454
877 8.72912
878 8.68569
879 8.80369
880 8.72573
881 8.69601
882 8.72275
883 8.60729
884 8.76671
885 8.64599
886 8.9201
887 8.83148
888 8.65324
889 8.68762
890 8.69809
891 8.72093
892 8.65158
893 8.63815
894 8.6424
895 8.57546
896 8.69352
897 8.61135
898 8.9386
899 8.65969
900 8.52585
901 8.58823
902 8.69939
903 8.5729
904 8.60256
905 8.59878
906 8.613
907 8.55396
908 8.76084
909 8.71638
910 8.65875
911 8.64153
912 8.54574
913 8.51902
914 8.67599
915 8.58097
916 8.64714
917 8.77966
918 8.59467
919 8.57381
920 8.7408
921 8.55289
922 8.51436
923 8.50772
924 8.47179
925 8.6115
926 8.5232
927 8.57902
928 8.54998
929 8.61977
930 8.61979
931 8.4336
932 8.55522
933 8.62833
934 8.44205
935 8.38241
936 8.56063
937 8.41153
938 8.62062
939 8.42298
940 8.44097
941 8.55021
942 8.60164
943 8.56998
944 8.48897
945 8.42067
946 8.43462
947 8.51366
948 8.49694
949 8.445
950 8.49516
951 8.47648
952 8.46285
953 8.35418
954 8.57668
955 8.5359
956 8.4386
957 8.44325
958 8.49694
959 8.3262
960 8.34649
961 8.36669
962 8.44301
963 8.35912
964 8.37551
965 8.31931
966 8.32922
967 8.46408
968 8.40189
969 8.38061
970 8.31643
971 8.31754
972 8.30942
973 8.35024
974 8.35824
975 8.41973
976 8.39897
977 8.34124
978 8.31596
979 8.44073
980 8.42265
981 8.3701
982 8.37113
983 8.34043
984 8.26626
985 8.27953
986 8.25299
987 8.31208
988 8.21508
989 8.27781
990 8.27651
991 8.44374
992 8.22092
993 8.25523
994 8.47495
995 8.31475
996 8.27763
997 8.17646
998 8.26113
999 8.25855
1000 8.14509
1001 8.28744
1002 8.2409
1003 8.2392
1004 8.20624
1005 8.20057
1006 8.22259
1007 8.29029
1008 8.17568
1009 8.1989
1010 8.30231
1011 8.18488
1012 8.3019
1013 8.1755
1014 8.14482
1015 8.16338
1016 8.17239
1017 8.19547
1018 8.24648
1019 8.1899
1020 8.2492
1021 8.10863
1022 8.13056
1023 8.15045
1024 8.30032
1025 8.28815
1026 8.21935
1027 8.2375
1028 8.16443
1029 8.08331
1030 8.23918
1031 8.15962
1032 8.1155
1033 8.16095
1034 8.21319
1035 8.21056
1036 8.0508
1037 8.07763
1038 8.16124
1039 8.15299
1040 8.07985
1041 8.14138
1042 8.23231
1043 8.08039
1044 8.11975
1045 8.2378
1046 8.06929
1047 8.12165
1048 8.05639
1049 8.05497
1050 8.05474
1051 8.04341
1052 8.12047
1053 8.19972
1054 8.00189
1055 7.98004
1056 8.10847
1057 8.02135
1058 8.02297
1059 8.09026
1060 8.04846
1061 8.08061
1062 8.13116
1063 8.08765
1064 8.00122
1065 8.05938
1066 8.14143
1067 8.0442
1068 8.02152
1069 8.03669
1070 8.03877
1071 8.03877
1072 8.02236
1073 8.0471
1074 8.00695
1075 7.95855
1076 7.9986
1077 7.91623
1078 8.01355
1079 8.00229
1080 7.95275
1081 7.91269
1082 8.061
1083 7.86032
1084 7.98155
1085 7.90998
1086 7.8569
1087 8.05544
1088 7.91531
1089 8.01982
1090 7.97874
1091 7.90367
1092 7.93122
1093 7.87474
1094 7.8887
1095 7.95044
1096 7.86849
1097 7.8629
1098 7.85264
1099 7.93479
1100 7.86792
1101 7.81023
1102 7.92151
1103 7.85029
1104 7.83568
1105 7.88533
1106 7.88165
1107 7.91043
1108 7.91965
1109 7.83786
1110 8.00762
1111 7.89177
1112 7.86956
1113 7.96581
1114 7.78432
1115 7.79769
1116 7.76752
1117 7.7752
1118 7.85754
1119 7.93998
1120 7.84432
1121 7.81082
1122 7.79007
1123 7.7642
1124 7.77141
1125 8.03242
1126 7.87076
1127 7.82615
1128 7.81648
1129 7.81019
1130 7.81727
1131 7.77935
1132 7.72684
1133 7.80587
1134 7.78638
1135 7.78952
1136 7.76083
1137 7.73152
1138 7.78687
1139 7.73311
1140 7.88652
1141 7.83998
1142 7.86029
1143 7.7146
1144 7.77832
1145 7.73535
1146 7.73945
1147 7.75769
1148 7.71769
1149 7.88199
1150 7.74971
1151 7.74233
1152 7.75772
1153 7.77733
1154 7.68166
1155 7.73187
1156 7.62699
1157 7.66279
1158 7.69788
1159 7.68716
1160 7.64143
1161 7.75904
1162 7.66434
1163 7.59608
1164 7.71788
1165 7.74335
1166 7.65429
1167 7.66796
1168 7.67958
1169 7.64414
1170 7.74409
1171 7.62758
1172 7.55682
1173 7.68347
1174 7.6439
1175 7.6658
1176 7.73644
1177 7.65642
1178 7.7899
1179 7.71333
1180 7.76242
1181 7.56545
1182 7.56123
1183 7.65964
1184 7.54473
1185 7.65884
1186 7.57795
1187 7.68046
1188 7.67244
1189 7.59913
1190 7.67661
1191 7.60779
1192 7.56785
1193 7.54761
1194 7.54545
1195 7.59086
1196 7.59401
1197 7.58495
1198 7.53858
1199 7.49467
1200 7.79929
1201 7.65717
1202 7.68721
1203 7.50211
1204 7.52072
1205 7.69006
1206 7.67475
1207 7.52668
1208 7.66482
1209 7.49632
1210 7.62028
1211 7.61334
1212 7.67254
1213 7.55351
1214 7.46171
1215 7.46265
1216 7.39673
1217 7.47779
1218 7.5609
1219 7.55062
1220 7.42368
1221 7.50229
1222 7.53147
1223 7.42513
1224 7.46134
1225 7.58347
1226 7.48749
1227 7.4209
1228 7.40233
1229 7.4352
1230 7.49119
1231 7.5321
1232 7.57621
1233 7.43957
1234 7.41023
1235 7.35315
1236 7.53631
1237 7.48203
1238 7.3777
1239 7.3883
1240 7.42312
1241 7.43308
1242 7.39145
1243 7.41705
1244 7.46922
1245 7.36846
1246 7.3621
1247 7.46716
1248 7.35987
1249 7.38069
1250 7.34882
1251 7.35123
1252 7.35453
1253 7.34598
1254 7.35365
1255 7.32716
1256 7.28942
1257 7.36264
1258 7.39412
1259 7.40124
1260 7.36195
1261 7.34043
1262 7.31635
1263 7.30781
1264 7.30745
1265 7.28272
1266 7.26579
1267 7.29428
1268 7.33535
1269 7.35617
1270 7.25518
1271 7.25118
1272 7.24296
1273 7.23427
1274 7.21306
1275 7.22389
1276 7.25697
1277 7.259
1278 7.23998
1279 7.18531
1280 7.17045
1281 7.3037
1282 7.33832
1283 7.18014
1284 7.52713
1285 7.18264
1286 7.30304
1287 7.29384
1288 7.26317
1289 7.20628
1290 7.31135
1291 7.31227
1292 7.29638
1293 7.18715
1294 7.18172
1295 7.28352
1296 7.21623
1297 7.18173
1298 7.19958
1299 7.18846
1300 7.29267
1301 7.27051
1302 7.21525
1303 7.29197
1304 7.18977
1305 7.19454
1306 7.25315
1307 7.1794
1308 7.37529
1309 7.22162
1310 7.13868
1311 7.243
1312 7.13104
1313 7.23289
1314 7.18126
1315 7.3645
1316 7.31756
1317 7.10878
1318 7.23026
1319 7.20627
1320 7.17977
1321 7.12744
1322 7.08209
1323 7.10936
1324 7.11373
1325 7.18744
1326 7.30527
1327 7.15634
1328 7.0867
1329 7.0912
1330 7.11026
1331 7.13696
1332 7.07594
1333 7.14048
1334 7.13189
1335 7.04219
1336 7.12292
1337 7.24669
1338 7.15482
1339 7.13739
1340 7.10307
1341 7.11356
1342 7.02768
1343 7.11224
1344 7.06536
1345 7.21188
1346 7.0716
1347 7.0473
1348 7.202
1349 7.11573
1350 7.00894
1351 7.03876
1352 7.05632
1353 7.04931
1354 7.026
1355 7.02236
1356 7.09656
1357 7.04649
1358 7.13209
1359 7.07657
1360 7.01418
1361 6.99726
1362 7.16906
1363 6.98406
1364 6.97707
1365 7.08614
1366 7.06398
1367 7.06009
1368 6.97941
1369 6.9631
1370 7.07867
1371 7.04228
1372 6.96609
1373 6.97463
1374 6.97972
1375 7.04717
1376 7.00328
1377 7.02141
1378 6.99717
1379 6.99778
1380 7.09337
1381 6.95999
1382 6.97569
1383 6.93713
1384 7.09112
1385 7.07054
1386 6.99899
1387 6.96129
1388 6.91281
1389 6.93213
1390 6.99304
1391 6.88499
1392 6.94357
1393 6.89382
1394 6.87753
1395 6.88718
1396 6.99327
1397 6.9216
1398 7.0088
1399 6.90655
1400 6.85826
1401 6.9039
1402 6.89567
1403 6.93534
1404 6.94829
1405 6.91666
1406 6.87703
1407 6.88016
1408 6.98244
1409 6.96062
1410 6.92749
1411 6.84827
1412 6.86284
1413 6.81206
1414 6.83725
1415 6.86906
1416 6.84485
1417 6.76526
1418 6.94649
1419 6.78797
1420 6.85625
1421 6.77651
1422 6.89181
1423 7.01178
1424 6.87155
1425 6.81046
1426 6.75466
1427 6.79744
1428 6.77314
1429 6.76257
1430 6.76486
1431 6.76847
1432 6.86875
1433 6.80211
1434 6.8333
1435 6.76432
1436 6.82186
1437 6.74352
1438 6.84148
1439 6.8104
1440 6.79461
1441 6.80528
1442 6.71806
1443 6.79396
1444 6.75855
1445 6.76011
1446 6.84227
1447 6.79511
1448 6.74835
1449 6.71347
1450 6.74225
1451 6.69753
1452 6.67752
1453 6.81587
1454 6.85312
1455 6.83689
1456 6.80115
1457 6.71946
1458 6.74925
1459 6.98479
1460 6.66578
1461 6.73382
1462 6.74608
1463 6.69786
1464 6.7691
1465 6.64684
1466 6.66886
1467 6.74067
1468 6.80238
1469 6.78226
1470 6.78653
1471 6.76055
1472 6.69685
1473 6.68333
1474 6.76291
1475 6.70632
1476 6.75869
1477 6.60506
1478 6.74351
1479 6.64724
1480 6.65353
1481 6.73316
1482 6.66725
1483 6.59175
1484 6.61796
1485 6.69688
1486 6.63369
1487 6.63612
1488 6.63043
1489 6.6366
1490 6.71198
1491 6.71286
1492 6.66052
1493 6.6412
1494 6.71689
1495 6.68639
1496 6.62877
1497 6.58062
1498 6.65748
1499 6.62642
1500 6.71662
1501 6.64288
1502 6.56719
1503 6.6623
1504 6.59587
1505 6.6601
1506 6.62871
1507 6.59105
1508 6.62206
1509 6.55318
1510 6.65417
1511 6.531
1512 6.52279
1513 6.55966
1514 6.50671
1515 6.62195
1516 6.59143
1517 6.55599
1518 6.65987
1519 6.6863
1520 6.50466
1521 6.50784
1522 6.5523
1523 6.54579
1524 6.5256
1525 6.50732
1526 6.4625
1527 6.50159
1528 6.5399
1529 6.57493
1530 6.48185
1531 6.57545
1532 6.49405
1533 6.50043
1534 6.5014
1535 6.47856
1536 6.59408
1537 6.52085
1538 6.59928
1539 6.55115
1540 6.50589
1541 6.53687
1542 6.54386
1543 6.46477
1544 6.44001
1545 6.43335
1546 6.45213
1547 6.47654
1548 6.46275
1549 6.47039
1550 6.37396
1551 6.5109
1552 6.43996
1553 6.44799
1554 6.53243
1555 6.408
1556 6.4545
1557 6.48215
1558 6.39729
1559 6.52217
1560 6.42582
1561 6.39868
1562 6.3873
1563 6.45729
1564 6.4194
1565 6.40292
1566 6.3921
1567 6.40471
1568 6.38071
1569 6.55405
1570 6.51061
1571 6.50099
1572 6.35577
1573 6.41302
1574 6.39507
1575 6.39505
1576 6.40111
1577 6.37392
1578 6.38652
1579 6.42753
1580 6.37487
1581 6.50613
1582 6.43
1583 6.40663
1584 6.35872
1585 6.3069
1586 6.2943
1587 6.38752
1588 6.37926
1589 6.31584
1590 6.40113
1591 6.36973
1592 6.34484
1593 6.35272
1594 6.37512
1595 6.28439
1596 6.30246
1597 6.35127
1598 6.36263
1599 6.34369
1600 6.32087
1601 6.31812
1602 6.32802
1603 6.35189
1604 6.38699
1605 6.37642
1606 6.37948
1607 6.32532
1608 6.39193
1609 6.37777
1610 6.23741
1611 6.28134
1612 6.36359
1613 6.24152
1614 6.31593
1615 6.29202
1616 6.36639
1617 6.3633
1618 6.31384
1619 6.33116
1620 6.24442
1621 6.31572
1622 6.30023
1623 6.19105
1624 6.25786
1625 6.24311
1626 6.24536
1627 6.22039
1628 6.18265
1629 6.433
1630 6.29483
1631 6.32773
1632 6.17672
1633 6.2935
1634 6.36578
1635 6.23725
1636 6.33097
1637 6.19563
1638 6.19786
1639 6.27395
1640 6.3675
1641 6.26288
1642 6.20921
1643 6.23646
1644 6.20533
1645 6.15855
1646 6.20406
1647 6.28137
1648 6.14713
1649 6.15272
1650 6.17985
1651 6.17518
1652 6.1294
1653 6.23858
1654 6.23301
1655 6.19869
1656 6.17917
1657 6.09364
1658 6.23451
1659 6.21305
1660 6.43681
1661 6.16242
1662 6.21159
1663 6.09297
1664 6.16724
1665 6.20976
1666 6.17138
1667 6.14119
1668 6.13235
1669 6.15211
1670 6.1261
1671 6.11079
1672 6.109
1673 6.13036
1674 6.08627
1675 6.15989
1676 6.10695
1677 6.11619
1678 6.13376
1679 6.11493
1680 6.14062
1681 6.06879
1682 6.12715
1683 6.14062
1684 6.04104
1685 6.09789
1686 6.09095
1687 6.06709
1688 6.11508
1689 6.03865
1690 6.10183
1691 6.0496
1692 6.1287
1693 6.02807
1694 6.09004
1695 6.0329
1696 6.04978
1697 6.092
1698 6.07362
1699 6.07126
1700 6.07475
1701 6.00348
1702 6.04828
1703 6.02345
1704 5.98243
1705 6.01114
1706 6.04609
1707 5.97551
1708 5.96486
1709 5.97667
1710 6.0531
1711 5.948
1712 5.93673
1713 6.30152
1714 5.97334
1715 6.0468
1716 6.02809
1717 6.08037
1718 6.00994
1719 6.04032
1720 6.06388
1721 6.02533
1722 6.02413
1723 5.96671
1724 6.02261
1725 5.96389
1726 6.02363
1727 5.99226
1728 5.98549
1729 6.06754
1730 6.07407
1731 6.03605
1732 6.02039
1733 5.94055
1734 5.96831
1735 6.00793
1736 5.99605
1737 6.06423
1738 6.0092
1739 6.04323
1740 6.02184
1741 6.03252
1742 5.93063
1743 6.13568
1744 6.11374
1745 6.00373
1746 5.92332
1747 5.98305
1748 5.98501
1749 6.01894
1750 5.94161
1751 5.90879
1752 5.92686
1753 5.94555
1754 6.03288
1755 6.1956
1756 5.90197
1757 5.967
1758 5.85089
1759 5.94372
1760 5.87677
1761 5.94191
1762 5.87626
1763 5.91818
1764 5.87458
1765 5.93537
1766 6.01257
1767 5.99503
1768 5.94304
1769 5.91466
1770 5.85892
1771 5.87928
1772 5.89132
1773 5.87257
1774 5.8909
1775 5.96766
1776 5.96871
1777 5.95208
1778 5.9085
1779 5.86082
1780 5.84971
1781 5.88859
1782 5.89665
1783 5.89601
1784 5.8331
1785 5.96366
1786 5.8871
1787 5.91763
1788 5.81749
1789 5.82172
1790 5.88589
1791 5.89871
1792 5.77213
1793 5.89691
1794 5.84201
1795 5.90152
1796 5.85886
1797 5.80107
1798 5.99067
1799 5.87865
1800 5.85803
1801 5.84773
1802 5.81696
1803 5.781
1804 5.85325
1805 5.82297
1806 5.86387
1807 5.8119
1808 5.86812
1809 5.81249
1810 5.76472
1811 5.79282
1812 5.84477
1813 5.84925
1814 5.85179
1815 5.77498
1816 5.81521
1817 5.73845
1818 5.78193
1819 5.84645
1820 5.81002
1821 5.77419
1822 5.76925
1823 5.71868
1824 5.78932
1825 5.76752
1826 5.83325
1827 5.71162
1828 5.78356
1829 5.7198
1830 5.79792
1831 5.72527
1832 5.81008
1833 5.83503
1834 5.7347
1835 5.70228
1836 5.74102
1837 5.87066
1838 5.71573
1839 5.78048
1840 5.7115
1841 5.68017
1842 5.76672
1843 5.75818
1844 5.77876
1845 5.70015
1846 5.70479
1847 5.76976
1848 5.70302
1849 5.77189
1850 5.6699
1851 5.83767
1852 5.77013
1853 5.67653
1854 5.66903
1855 5.64244
1856 5.66816
1857 5.68158
1858 5.73718
1859 5.67916
1860 5.73309
1861 5.72335
1862 5.71216
1863 5.7071
1864 5.69001
1865 5.67906
1866 5.6647
1867 5.73044
1868 5.69537
1869 5.77594
1870 5.68014
1871 5.68136
1872 5.6706
1873 5.63285
1874 5.68933
1875 5.67963
1876 5.65634
1877 5.66955
1878 5.60624
1879 5.63273
1880 5.6186
1881 5.73783
1882 5.7496
1883 5.8205
1884 5.68374
1885 5.66127
1886 5.60078
1887 5.68233
1888 5.67296
1889 5.6125
1890 5.69874
1891 5.58244
1892 5.60825
1893 5.66032
1894 5.59957
1895 5.60364
1896 5.61616
1897 5.70761
1898 5.62907
1899 5.66292
1900 5.55196
1901 5.5863
1902 5.59146
1903 5.64386
1904 5.61176
1905 5.59447
1906 5.55301
1907 5.58116
1908 5.58015
1909 5.58924
1910 5.61994
1911 5.6082
1912 5.55458
1913 5.53136
1914 5.58934
1915 5.60145
1916 5.5606
1917 5.54261
1918 5.55943
1919 5.54284
1920 5.62568
1921 5.51227
1922 5.59196
1923 5.69267
1924 5.68464
1925 5.53574
1926 5.5753
1927 5.57345
1928 5.63428
1929 5.6091
1930 5.54969
1931 5.50778
1932 5.55195
1933 5.48958
1934 5.50819
1935 5.49775
1936 5.54194
1937 5.53523
1938 5.53839
1939 5.5609
1940 5.45289
1941 5.52213
1942 5.47877
1943 5.45635
1944 5.60105
1945 5.55888
1946 5.54465
1947 5.56293
1948 5.54867
1949 5.51388
1950 5.54495
1951 5.45688
1952 5.548
1953 5.45058
1954 5.46148
1955 5.4252
1956 5.51313
1957 5.56135
1958 5.46693
1959 5.42159
1960 5.5772
1961 5.42647
1962 5.4701
1963 5.47831
1964 5.45279
1965 5.54986
1966 5.47017
1967 5.53298
1968 5.47411
1969 5.47918
1970 5.44144
1971 5.50903
1972 5.47953
1973 5.40001
1974 5.4339
1975 5.51117
1976 5.42025
1977 5.51081
1978 5.45276
1979 5.40454
1980 5.45069
1981 5.42308
1982 5.54599
1983 5.55289
1984 5.42638
1985 5.4313
1986 5.45452
1987 5.43562
1988 5.37222
1989 5.37631
1990 5.38953
1991 5.46621
1992 5.4382
1993 5.3899
1994 5.36506
1995 5.39684
1996 5.40756
1997 5.44057
1998 5.57951
1999 5.48937
2000 5.39795
2001 5.38608
2002 5.38033
2003 5.37588
2004 5.36547
2005 5.38412
2006 5.39628
2007 5.46976
2008 5.38838
2009 5.35092
2010 5.3537
2011 5.51568
2012 5.3347
2013 5.31088
2014 5.33541
2015 5.33176
2016 5.42076
2017 5.32697
2018 5.33625
2019 5.39345
2020 5.40916
2021 5.34471
2022 5.39213
2023 5.42083
2024 5.28902
2025 5.31297
2026 5.3342
2027 5.33765
2028 5.35704
2029 5.30187
2030 5.36646
2031 5.3668
2032 5.30552
2033 5.37999
2034 5.34138
2035 5.34957
2036 5.3737
2037 5.42204
2038 5.3029
2039 5.25806
2040 5.31212
2041 5.34396
2042 5.27391
2043 5.31966
2044 5.36009
2045 5.31933
2046 5.34774
2047 5.36249
2048 5.34812
2049 5.29044
2050 5.33006
2051 5.29225
2052 5.22396
2053 5.2557
2054 5.28779
2055 5.25078
2056 5.26812
2057 5.35682
2058 5.47176
2059 5.2594
2060 5.30386
2061 5.18481
2062 5.42425
2063 5.30247
2064 5.25668
2065 5.33039
2066 5.22255
2067 5.24416
2068 5.29357
2069 5.33957
2070 5.31006
2071 5.25817
2072 5.24806
2073 5.18238
2074 5.1894
2075 5.21974
2076 5.30129
2077 5.18964
2078 5.25177
2079 5.19577
2080 5.24631
2081 5.20701
2082 5.23118
2083 5.30106
2084 5.17511
2085 5.18573
2086 5.16625
2087 5.2662
2088 5.31853
2089 5.31608
2090 5.14916
2091 5.17985
2092 5.18835
2093 5.2311
2094 5.23274
2095 5.1783
2096 5.27557
2097 5.15166
2098 5.14276
2099 5.17631
2100 5.13489
2101 5.24164
2102 5.16657
2103 5.14329
2104 5.23867
2105 5.1436
2106 5.16801
2107 5.1451
2108 5.18347
2109 5.16902
2110 5.13026
2111 5.17386
2112 5.16161
2113 5.09891
2114 5.18407
2115 5.10071
2116 5.1606
2117 5.12343
2118 5.13262
2119 5.14281
2120 5.08569
2121 5.16004
2122 5.08595
2123 5.14317
2124 5.09549
2125 5.08375
2126 5.21643
2127 5.11792
2128 5.10834
2129 5.07987
2130 5.04806
2131 5.0483
2132 5.05465
2133 5.10754
2134 5.04044
2135 5.10235
2136 5.03449
2137 5.03903
2138 5.08261
2139 5.1036
2140 5.00411
2141 5.06589
2142 5.22817
2143 5.16155
2144 5.12579
2145 5.0749
2146 5.11572
2147 5.08541
2148 5.08064
2149 5.14975
2150 5.12843
2151 5.01818
2152 5.01407
2153 5.10575
2154 5.07726
2155 5.02713
2156 5.09972
2157 5.11033
2158 5.15364
2159 5.07861
2160 5.07596
2161 5.07498
2162 4.9944
2163 5.06645
2164 5.10375
2165 5.05743
2166 5.03841
2167 5.02608
2168 5.14264
2169 5.01974
2170 5.13167
2171 5.00537
2172 5.14388
2173 5.17285
2174 5.06616
2175 5.05559
2176 5.0735
2177 5.00632
2178 5.02684
2179 5.02786
2180 5.0404
2181 4.95858
2182 5.01691
2183 5.03573
2184 5.43127
2185 5.23299
2186 4.96095
2187 4.99167
2188 5.00696
2189 5.07408
2190 5.05273
2191 4.99902
2192 4.95718
2193 4.97845
2194 5.11495
2195 5.03618
2196 4.99522
2197 4.99765
2198 4.94639
2199 4.92778
2200 4.97144
2201 4.96377
2202 4.99414
2203 5.02436
2204 5.00288
2205 4.95305
2206 5.06943
2207 4.98483
2208 4.93942
2209 4.96706
2210 4.92735
2211 5.03627
2212 4.95072
2213 4.99548
2214 4.99406
2215 5.01206
2216 4.9789
2217 4.91493
2218 5.0143
2219 5.03933
2220 4.8951
2221 4.89497
2222 4.98251
2223 4.93653
2224 5.01836
2225 4.90829
2226 4.90698
2227 5.06309
2228 4.99123
2229 4.96072
2230 4.94265
2231 4.9726
2232 4.9078
2233 4.95866
2234 4.9133
2235 4.93277
2236 4.91513
2237 4.92026
2238 4.95251
2239 4.87723
2240 4.87139
2241 4.95265
2242 4.91495
2243 4.90727
2244 4.88612
2245 4.9528
2246 4.85218
2247 4.90193
2248 4.91794
2249 4.86689
2250 4.83364
2251 4.81909
2252 4.83155
2253 4.95677
2254 4.88543
2255 4.86632
2256 4.84058
2257 4.85792
2258 4.83036
2259 4.87634
2260 4.88349
2261 4.94764
2262 4.87966
2263 4.87847
2264 4.79272
2265 4.90851
2266 4.87555
2267 4.84231
2268 4.86774
2269 4.86099
2270 4.82803
2271 4.82928
2272 4.80658
2273 4.90594
2274 4.83275
2275 4.80232
2276 4.8708
2277 4.95472
2278 4.77202
2279 4.81113
2280 4.88386
2281 4.84926
2282 4.79199
2283 4.75591
2284 4.81981
2285 4.78703
2286 4.78539
2287 4.81973
2288 4.86649
2289 4.93372
2290 4.81387
2291 4.80485
2292 4.78565
2293 4.80504
2294 4.76568
2295 4.75357
2296 4.81735
2297 4.78897
2298 4.79059
2299 4.75584
2300 4.77045
2301 4.77019
2302 4.75258
2303 4.74549
2304 4.8068
2305 4.76649
2306 4.76369
2307 4.76704
2308 4.74397
2309 4.72776
2310 4.80522
2311 4.95815
2312 4.81797
2313 4.85075
2314 4.73741
2315 4.71326
2316 4.80946
2317 4.73167
2318 4.71434
2319 4.78154
2320 4.82313
2321 4.78828
2322 4.68116
2323 4.71565
2324 4.76206
2325 4.74844
2326 4.8406
2327 4.75893
2328 4.7695
2329 4.69041
2330 4.69337
2331 4.79821
2332 4.71674
2333 4.76235
2334 4.7873
2335 4.68337
2336 4.74612
2337 4.71574
2338 4.67914
2339 4.85248
2340 4.65343
2341 4.65514
2342 4.6792
2343 4.69615
2344 4.64441
2345 4.6816
2346 4.67768
2347 4.6847
2348 4.75044
2349 4.71755
2350 4.69985
2351 4.75955
2352 4.79234
2353 4.71304
2354 4.73173
2355 4.67749
2356 4.66304
2357 4.76714
2358 4.67102
2359 4.64965
2360 4.73659
2361 4.69651
2362 4.67408
2363 4.63215
2364 4.67058
2365 4.67922
2366 4.65465
2367 4.66966
2368 4.71762
2369 4.60797
2370 4.686
2371 4.60313
2372 4.58035
2373 4.72495
2374 4.63459
2375 4.70242
2376 4.65517
2377 4.68505
2378 4.65654
2379 4.59646
2380 4.62483
2381 4.66544
2382 4.59312
2383 4.61508
2384 4.62394
2385 4.60367
2386 4.71291
2387 4.5931
2388 4.62935
2389 4.60472
2390 4.57404
2391 4.66263
2392 4.61167
2393 4.63392
2394 4.65909
2395 4.62051
2396 4.66752
2397 4.65143
2398 4.55951
2399 4.68097
2400 4.56685
2401 4.59528
2402 4.54587
2403 4.57512
2404 4.58903
2405 4.61916
2406 4.62903
2407 4.58151
2408 4.56075
2409 4.57158
2410 4.58278
2411 4.64513
2412 4.74689
2413 4.58233
2414 4.5896
2415 4.62101
2416 4.63616
2417 4.58085
2418 4.54744
2419 4.60761
2420 4.58085
2421 4.67488
2422 4.54285
2423 4.53077
2424 4.54611
2425 4.53323
2426 4.63837
2427 4.60545
2428 4.56042
2429 4.52151
2430 4.56756
2431 4.53672
2432 4.52593
2433 4.51821
2434 4.50297
2435 4.62609
2436 4.63008
2437 4.53436
2438 4.58109
2439 4.6223
2440 4.56262
2441 4.54624
2442 4.47436
2443 4.50423
2444 4.51127
2445 4.56481
2446 4.49334
2447 4.53981
2448 4.56417
2449 4.49494
2450 4.53797
2451 4.59017
2452 4.49182
2453 4.46126
2454 4.49068
2455 4.53082
2456 4.54009
2457 4.51999
2458 4.46898
2459 4.52317
2460 4.59272
2461 4.532
2462 4.58134
2463 4.51139
2464 4.54761
2465 4.53651
2466 4.5719
2467 4.46053
2468 4.46247
2469 4.47829
2470 4.49181
2471 4.52624
2472 4.49692
2473 4.70808
2474 4.54124
2475 4.4721
2476 4.5783
2477 4.49057
2478 4.53623
2479 4.44208
2480 4.4545
2481 4.51266
2482 4.44442
2483 4.46944
2484 4.43726
2485 4.40732
2486 4.5544
2487 4.50933
2488 4.5108
2489 4.45156
2490 4.4028
2491 4.58509
2492 4.51093
2493 4.44981
2494 4.48921
2495 4.42577
2496 4.47758
2497 4.44919
2498 4.42376
2499 4.53149
2500 4.41424
2501 4.42822
2502 4.39388
2503 4.40476
2504 4.48449
2505 4.44662
2506 4.41735
2507 4.36795
2508 4.46534
2509 4.40575
2510 4.44317
2511 4.46354
2512 4.45681
2513 4.47613
2514 4.38658
2515 4.40039
2516 4.49376
2517 4.47446
2518 4.46674
2519 4.41724
2520 4.43682
2521 4.35813
2522 4.53643
2523 4.44027
2524 4.37728
2525 4.40304
2526 4.42283
2527 4.36596
2528 4.40086
2529 4.3542
2530 4.42142
2531 4.33121
2532 4.43344
2533 4.39395
2534 4.34152
2535 4.33065
2536 4.38482
2537 4.3459
2538 4.37566
2539 4.39383
2540 4.39732
2541 4.37342
2542 4.33669
2543 4.3701
2544 4.40426
2545 4.37831
2546 4.32741
2547 4.32111
2548 4.31329
2549 4.30053
2550 4.36525
2551 4.31025
2552 4.36857
2553 4.3661
2554 4.38065
2555 4.33376
2556 4.36061
2557 4.30682
2558 4.32496
2559 4.30971
2560 4.29491
2561 4.28808
2562 4.32706
2563 4.32614
2564 4.31318
2565 4.26158
2566 4.27246
2567 4.32252
2568 4.32348
2569 4.26714
2570 4.45083
2571 4.34059
2572 4.39221
2573 4.36404
2574 4.31486
2575 4.2794
2576 4.32852
2577 4.37251
2578 4.36818
2579 4.3397
2580 4.28223
2581 4.29363
2582 4.31427
2583 4.30235
2584 4.28685
2585 4.29063
2586 4.35526
2587 4.35879
2588 4.31475
2589 4.34656
2590 4.27503
2591 4.27793
2592 4.29317
2593 4.27333
2594 4.37596
2595 4.31739
2596 4.31647
2597 4.34074
2598 4.27796
2599 4.36789
2600 4.32912
2601 4.35461
2602 4.37454
2603 4.22418
2604 4.27517
2605 4.32341
2606 4.32263
2607 4.25099
2608 4.25713
2609 4.2591
2610 4.22871
2611 4.30073
2612 4.43099
2613 4.28351
2614 4.20458
2615 4.19559
2616 4.219
2617 4.26303
2618 4.26173
2619 4.24594
2620 4.28391
2621 4.19765
2622 4.26676
2623 4.30434
2624 4.31206
2625 4.26306
2626 4.24055
2627 4.19919
2628 4.20332
2629 4.22787
2630 4.1934
2631 4.24549
2632 4.20951
2633 4.2725
2634 4.25755
2635 4.28075
2636 4.18455
2637 4.22506
2638 4.25087
2639 4.19906
2640 4.23416
2641 4.25867
2642 4.24057
2643 4.23166
2644 4.23896
2645 4.24227
2646 4.21081
2647 4.22005
2648 4.24582
2649 4.17727
2650 4.18935
2651 4.25143
2652 4.1674
2653 4.31983
2654 4.17491
2655 4.24942
2656 4.34143
2657 4.24064
2658 4.20903
2659 4.14749
2660 4.17276
2661 4.2459
2662 4.17257
2663 4.19652
2664 4.24368
2665 4.18786
2666 4.1922
2667 4.17297
2668 4.11108
2669 4.24305
2670 4.21157
2671 4.19979
2672 4.16819
2673 4.20821
2674 4.12028
2675 4.13488
2676 4.21843
2677 4.12934
2678 4.1568
2679 4.15596
2680 4.14049
2681 4.14203
2682 4.1893
2683 4.153
2684 4.16988
2685 4.11453
2686 4.10241
2687 4.14059
2688 4.16432
2689 4.18239
2690 4.20054
2691 4.16697
2692 4.1557
2693 4.1524
2694 4.18538
2695 4.18259
2696 4.15643
2697 4.10357
2698 4.16763
2699 4.13228
2700 4.19463
2701 4.14357
2702 4.13275
2703 4.07186
2704 4.12893
2705 4.13548
2706 4.1808
2707 4.10171
2708 4.14158
2709 4.2534
2710 4.09565
2711 4.11555
2712 4.07721
2713 4.071
2714 4.09169
2715 4.0835
2716 4.08118
2717 4.10716
2718 4.14334
2719 4.15687
2720 4.135
2721 4.08558
2722 4.11685
2723 4.04855
2724 4.073
2725 4.09271
2726 4.10167
2727 4.08445
2728 4.03098
2729 4.09982
2730 4.06824
2731 4.04372
2732 4.12069
2733 4.09308
2734 4.05334
2735 4.08651
2736 4.0653
2737 4.06679
2738 4.03872
2739 4.14944
2740 4.18239
2741 4.07928
2742 4.14741
2743 4.05964
2744 4.01347
2745 4.18078
2746 4.03124
2747 4.07306
2748 4.0664
2749 4.0927
2750 4.13785
2751 4.04491
2752 4.10471
2753 4.0517
2754 4.09549
2755 4.05532
2756 4.07678
2757 4.0947
2758 4.03032
2759 4.05127
2760 4.07163
2761 4.03358
2762 4.02592
2763 4.07416
2764 4.05123
2765 4.08336
2766 4.04717
2767 4.03965
2768 4.03064
2769 3.99169
2770 3.98466
2771 4.03243
2772 4.04042
2773 4.00771
2774 4.04877
2775 4.00025
2776 4.02039
2777 4.05003
2778 3.99133
2779 4.02678
2780 4.11086
2781 4.03575
2782 4.02808
2783 4.00881
2784 3.98026
2785 4.04017
2786 4.07753
2787 3.96602
2788 4.02478
2789 4.03915
2790 3.96653
2791 4.00353
2792 3.98504
2793 4.01433
2794 3.99961
2795 4.0219
2796 4.02452
2797 3.96997
2798 3.99097
2799 4.04855
2800 3.96952
2801 4.099
2802 3.98912
2803 4.05061
2804 3.98479
2805 4.08848
2806 3.96432
2807 4.00616
2808 4.00701
2809 3.94913
2810 4.02791
2811 3.96729
2812 3.93469
2813 3.98186
2814 3.99688
2815 4.04649
2816 3.94263
2817 3.97521
2818 3.95253
2819 3.91954
2820 3.98746
2821 3.93631
2822 3.99189
2823 3.98417
2824 4.00819
2825 4.07126
2826 3.93276
2827 3.93912
2828 4.02621
2829 3.95695
2830 3.92259
2831 3.96204
2832 3.9259
2833 3.92766
2834 4.0246
2835 3.93321
2836 3.8847
2837 3.92438
2838 3.91472
2839 3.94401
2840 4.01291
2841 3.96209
2842 3.9721
2843 3.91976
2844 3.96059
2845 3.89431
2846 3.87907
2847 3.90177
2848 3.90388
2849 3.95895
2850 3.95153
2851 3.86259
2852 3.86147
2853 3.91312
2854 3.89734
2855 4.03483
2856 3.93009
2857 3.97244
2858 3.89953
2859 3.9097
2860 3.92396
2861 3.88697
2862 3.90537
2863 3.88279
2864 3.93467
2865 3.90283
2866 3.96444
2867 3.98468
2868 3.92623
2869 3.89209
2870 3.86935
2871 3.82704
2872 3.86576
2873 3.91215
2874 3.89827
2875 3.85554
2876 3.87367
2877 3.90065
2878 3.86183
2879 3.88711
2880 3.96187
2881 3.81922
2882 3.833
2883 3.89366
2884 3.86846
2885 3.8646
2886 3.87474
2887 3.86631
2888 3.94769
2889 3.88433
2890 3.91495
2891 3.95988
2892 3.8817
2893 3.95834
2894 3.96479
2895 3.87206
2896 3.85667
2897 3.82561
2898 3.90434
2899 3.86084
2900 3.85684
2901 3.83302
2902 3.97292
2903 3.88256
2904 3.87206
2905 3.86338
2906 3.80275
2907 3.90401
2908 3.86569
2909 3.77977
2910 3.82995
2911 3.84388
2912 3.80639
2913 3.81253
2914 3.79908
2915 4.01999
2916 3.88825
2917 3.85025
2918 3.79919
2919 3.86708
2920 3.84711
2921 3.87639
2922 3.89041
2923 3.80345
2924 3.8007
2925 3.79693
2926 3.90024
2927 3.86304
2928 3.7857
2929 3.84631
2930 3.81235
2931 3.77902
2932 3.7608
2933 3.94175
2934 3.76349
2935 3.778
2936 3.79565
2937 3.79584
2938 3.81004
2939 3.81662
2940 3.84731
2941 3.78519
2942 3.81199
2943 3.79541
2944 3.82508
2945 3.81674
2946 3.93294
2947 3.76991
2948 3.85359
2949 3.76348
2950 3.75968
2951 3.80271
2952 3.82174
2953 3.82212
2954 3.74558
2955 3.76429
2956 3.7326
2957 3.81117
2958 3.80472
2959 3.78022
2960 3.71688
2961 3.72741
2962 3.74492
2963 3.74674
2964 3.78088
2965 3.7579
2966 3.81053
2967 3.73396
2968 3.75458
2969 3.79793
2970 3.71625
2971 3.72314
2972 3.76928
2973 3.76348
2974 3.79317
2975 3.72804
2976 3.72464
2977 3.70776
2978 3.76043
2979 3.70251
2980 3.74159
2981 3.71274
2982 3.7421
2983 3.78313
2984 3.74246
2985 3.70109
2986 3.76716
2987 3.71255
2988 3.69464
2989 3.70928
2990 3.67853
2991 3.70545
2992 3.72876
2993 3.66539
2994 3.66946
2995 3.67823
2996 3.71566
2997 3.69155
2998 3.67189
2999 3.94846
3000 3.6593
3001 3.80201
3002 3.71542
3003 3.74063
3004 3.6806
3005 3.71831
3006 3.70613
3007 3.72656
3008 3.68788
3009 3.6742
3010 3.70421
3011 3.73822
3012 3.66966
3013 3.68923
3014 3.67141
3015 3.76583
3016 3.70131
3017 3.7268
3018 3.82018
3019 3.6611
3020 3.6798
3021 3.66481
3022 3.71771
3023 3.71252
3024 3.69644
3025 3.73514
3026 3.70207
3027 3.68359
3028 3.67174
3029 3.79495
3030 3.70269
3031 3.68292
3032 3.66118
3033 3.66271
3034 3.72382
3035 3.69967
3036 3.65923
3037 3.62633
3038 3.65321
3039 3.64307
3040 3.68547
3041 3.81822
3042 3.69097
3043 3.66231
3044 3.60976
3045 3.64374
3046 3.61174
3047 3.64188
3048 3.64638
3049 3.67677
3050 3.60645
3051 3.6597
3052 3.77079
3053 3.67659
3054 3.6739
3055 3.69434
3056 3.63523
3057 3.67287
3058 3.62201
3059 3.6273
3060 3.64561
3061 3.67175
3062 3.65913
3063 3.64368
3064 3.62674
3065 3.59738
3066 3.62383
3067 3.62508
3068 3.66228
3069 3.6373
3070 3.63514
3071 3.66869
3072 3.68105
3073 3.62045
3074 3.63321
3075 3.59163
3076 3.64711
3077 3.67007
3078 3.57565
3079 3.64375
3080 3.63049
3081 3.66074
3082 3.60514
3083 3.58568
3084 3.63421
3085 3.63751
3086 3.6022
3087 3.61953
3088 3.55409
3089 3.59809
3090 3.60619
3091 3.60048
3092 3.65538
3093 3.56945
3094 3.57701
3095 3.61824
3096 3.61616
3097 3.57477
3098 3.60722
3099 3.65328
3100 3.66526
3101 3.56739
3102 3.58996
3103 3.59808
3104 3.54604
3105 3.63657
3106 3.57772
3107 3.56204
3108 3.52927
3109 3.52802
3110 3.59717
3111 3.60109
3112 3.58004
3113 3.60624
3114 3.58343
3115 3.52794
3116 3.56613
3117 3.58015
3118 3.59727
3119 3.655
3120 3.54617
3121 3.54905
3122 3.55631
3123 3.64986
3124 3.54992
3125 3.60891
3126 3.58995
3127 3.53084
3128 3.52997
3129 3.54056
3130 3.60447
3131 3.53341
3132 3.51274
3133 3.54448
3134 3.53747
3135 3.59535
3136 3.51297
3137 3.61423
3138 3.66329
3139 3.53204
3140 3.51065
3141 3.51006
3142 3.52496
3143 3.49799
3144 3.51052
3145 3.51887
3146 3.54849
3147 3.54886
3148 3.55059
3149 3.54143
3150 3.53461
3151 3.50927
3152 3.47268
3153 3.5616
3154 3.49934
3155 3.52999
3156 3.49855
3157 3.46814
3158 3.51505
3159 3.48188
3160 3.48137
3161 3.55444
3162 3.50307
3163 3.49518
3164 3.52656
3165 3.48713
3166 3.44602
3167 3.52608
3168 3.56061
3169 3.58069
3170 3.56171
3171 3.51653
3172 3.47095
3173 3.49933
3174 3.50518
3175 3.48235
3176 3.53896
3177 3.50773
3178 3.48423
3179 3.53433
3180 3.49407
3181 3.48296
3182 3.50794
3183 3.56733
3184 3.47555
3185 3.53266
3186 3.51007
3187 3.48215
3188 3.49109
3189 3.48892
3190 3.4842
3191 3.49884
3192 3.48085
3193 3.45987
3194 3.46139
3195 3.48795
3196 3.59661
3197 3.4328
3198 3.44797
3199 3.45133
3200 3.49553
3201 3.45803
3202 3.41519
3203 3.46441
3204 3.44973
3205 3.44335
3206 3.48582
3207 3.44464
3208 3.47621
3209 3.54083
3210 3.45692
3211 3.44456
3212 3.46461
3213 3.45924
3214 3.45907
3215 3.46413
3216 3.44868
3217 3.42247
3218 3.46004
3219 3.41442
3220 3.40943
3221 3.4916
3222 3.52716
3223 3.43678
3224 3.41292
3225 3.44678
3226 3.38329
3227 3.45472
3228 3.40055
3229 3.37687
3230 3.52373
3231 3.42113
3232 3.46447
3233 3.44902
3234 3.46751
3235 3.416
3236 3.41165
3237 3.44103
3238 3.4485
3239 3.35664
3240 3.40079
3241 3.39742
3242 3.36376
3243 3.46507
3244 3.45121
3245 3.36773
3246 3.40668
3247 3.36116
3248 3.38804
3249 3.41975
3250 3.4081
3251 3.45749
3252 3.38265
3253 3.49562
3254 3.44578
3255 3.44588
3256 3.40354
3257 3.41936
3258 3.37334
3259 3.36844
3260 3.37019
3261 3.40443
3262 3.38783
3263 3.43595
3264 3.39226
3265 3.37925
3266 3.38814
3267 3.42596
3268 3.41862
3269 3.496
3270 3.40951
3271 3.3855
3272 3.36348
3273 3.38876
3274 3.34967
3275 3.35384
3276 3.3455
3277 3.39533
3278 3.41451
3279 3.38614
3280 3.33548
3281 3.40243
3282 3.41569
3283 3.34306
3284 3.48105
3285 3.36459
3286 3.37453
3287 3.40064
3288 3.34829
3289 3.43361
3290 3.39911
3291 3.37761
3292 3.35526
3293 3.41434
3294 3.37613
3295 3.39477
3296 3.3634
3297 3.43782
3298 3.36103
3299 3.30935
3300 3.36177
3301 3.36839
3302 3.41556
3303 3.32013
3304 3.31529
3305 3.37233
3306 3.36493
3307 3.35354
3308 3.33039
3309 3.3724
3310 3.32061
3311 3.36844
3312 3.38948
3313 3.34039
3314 3.3657
3315 3.32644
3316 3.39474
3317 3.38719
3318 3.32233
3319 3.36013
3320 3.37468
3321 3.40652
3322 3.31525
3323 3.4852
3324 3.36024
3325 3.29523
3326 3.34107
3327 3.29798
3328 3.30037
3329 3.33738
3330 3.37052
3331 3.35789
3332 3.34005
3333 3.35257
3334 3.34869
3335 3.3193
3336 3.36341
3337 3.34759
3338 3.29816
3339 3.31854
3340 3.28951
3341 3.33459
3342 3.28289
3343 3.27748
3344 3.51182
3345 3.31324
3346 3.41732
3347 3.28405
3348 3.40881
3349 3.33323
3350 3.30442
3351 3.40005
3352 3.30005
3353 3.34214
3354 3.33607
3355 3.36595
3356 3.33971
3357 3.26351
3358 3.29125
3359 3.25227
3360 3.24116
3361 3.3135
3362 3.3056
3363 3.31089
3364 3.27099
3365 3.27547
3366 3.25143
3367 3.36168
3368 3.31154
3369 3.3356
3370 3.26329
3371 3.26041
3372 3.23504
3373 3.35381
3374 3.39416
3375 3.37968
3376 3.26602
3377 3.32192
3378 3.28255
3379 3.26983
3380 3.30699
3381 3.26925
3382 3.35783
3383 3.27514
3384 3.2805
3385 3.27095
3386 3.23066
3387 3.27255
3388 3.2705
3389 3.22596
3390 3.27798
3391 3.22397
3392 3.24618
3393 3.22511
3394 3.28942
3395 3.2512
3396 3.25087
3397 3.26713
3398 3.25725
3399 3.21932
3400 3.25981
3401 3.24221
3402 3.27786
3403 3.24052
3404 3.23635
3405 3.22594
3406 3.19986
3407 3.3144
3408 3.1988
3409 3.22259
3410 3.20645
3411 3.23442
3412 3.29424
3413 3.18542
3414 3.22292
3415 3.24704
3416 3.18511
3417 3.19233
3418 3.20721
3419 3.20843
3420 3.15811
3421 3.2517
3422 3.17308
3423 3.16839
3424 3.2064
3425 3.23252
3426 3.17544
3427 3.19437
3428 3.36935
3429 3.26895
3430 3.23781
3431 3.21368
3432 3.22419
3433 3.2266
3434 3.24101
3435 3.23689
3436 3.23454
3437 3.17917
3438 3.22663
3439 3.24882
3440 3.18063
3441 3.17262
3442 3.23328
3443 3.20089
3444 3.26104
3445 3.25646
3446 3.1969
3447 3.25349
3448 3.15732
3449 3.18931
3450 3.20022
3451 3.16932
3452 3.18968
3453 3.23663
3454 3.20917
3455 3.18398
3456 3.26348
3457 3.16688
3458 3.25124
3459 3.20233
3460 3.22414
3461 3.21302
3462 3.19574
3463 3.18203
3464 3.23615
3465 3.16523
3466 3.16496
3467 3.16298
3468 3.2135
3469 3.20223
3470 3.49994
3471 3.41532
3472 3.19342
3473 3.13882
3474 3.23548
3475 3.16933
3476 3.16457
3477 3.12863
3478 3.14941
3479 3.14241
3480 3.22002
3481 3.19975
3482 3.18586
3483 3.16847
3484 3.13097
3485 3.15574
3486 3.18906
3487 3.12955
3488 3.18836
3489 3.1546
3490 3.1484
3491 3.17076
3492 3.20607
3493 3.17996
3494 3.14559
3495 3.15435
3496 3.12443
3497 3.15585
3498 3.17372
3499 3.14938
3500 3.16124
3501 3.1766
3502 3.13733
3503 3.12656
3504 3.14888
3505 3.20054
3506 3.14406
3507 3.10928
3508 3.14677
3509 3.13694
3510 3.1927
3511 3.13791
3512 3.08519
3513 3.16399
3514 3.19203
3515 3.20302
3516 3.12867
3517 3.1062
3518 3.10146
3519 3.1442
3520 3.12566
3521 3.11887
3522 3.16256
3523 3.14917
3524 3.20178
3525 3.09602
3526 3.12898
3527 3.15459
3528 3.1963
3529 3.15375
3530 3.11121
3531 3.09993
3532 3.0809
3533 3.12903
3534 3.13889
3535 3.12182
3536 3.13426
3537 3.08609
3538 3.09794
3539 3.13449
3540 3.14516
3541 3.11989
3542 3.14082
3543 3.07774
3544 3.05716
3545 3.07597
3546 3.12537
3547 3.09385
3548 3.1468
3549 3.10782
3550 3.07502
3551 3.13819
3552 3.17168
3553 3.11474
3554 3.08801
3555 3.17233
3556 3.08287
3557 3.11258
3558 3.08699
3559 3.20417
3560 3.04924
3561 3.07035
3562 3.07677
3563 3.14538
3564 3.05888
3565 3.04863
3566 3.11202
3567 3.1147
3568 3.06317
3569 3.05108
3570 3.10262
3571 3.09056
3572 3.04847
3573 3.05549
3574 3.08368
3575 3.12589
3576 3.06621
3577 3.13507
3578 3.07993
3579 3.02641
3580 3.06413
3581 3.09766
3582 3.08013
3583 3.05154
3584 3.07852
3585 3.03577
3586 3.06717
3587 3.03758
3588 3.04607
3589 3.0353
3590 3.09434
3591 3.06187
3592 3.09678
3593 3.03573
3594 3.02955
3595 3.07183
3596 3.10386
3597 3.15133
3598 3.10928
3599 3.15594
3600 3.10929
3601 3.00478
3602 3.07761
3603 3.08428
3604 3.05823
3605 3.06863
3606 3.05647
3607 3.14527
3608 3.03232
3609 3.01471
3610 3.08954
3611 3.04808
3612 3.06326
3613 3.03176
3614 3.10964
3615 3.01278
3616 3.05737
3617 3.0713
3618 3.02246
3619 3.069
3620 2.99793
3621 2.99305
3622 3.06479
3623 3.00126
3624 3.08233
3625 3.0536
3626 2.98256
3627 2.98065
3628 3.01383
3629 2.98069
3630 3.02246
3631 3.00498
3632 3.03297
3633 2.99476
3634 3.12775
3635 3.03447
3636 2.97815
3637 3.04899
3638 3.08326
3639 3.01829
3640 3.01637
3641 3.02278
3642 2.99131
3643 3.04205
3644 2.98398
3645 3.01736
3646 3.03634
3647 3.02325
3648 3.00687
3649 3.01936
3650 2.99527
3651 3.0086
3652 2.99485
3653 3.00028
3654 3.04578
3655 2.95653
3656 3.03329
3657 2.97165
3658 2.95035
3659 3.08061
3660 2.98696
3661 3.03413
3662 3.04068
3663 2.98121
3664 3.00201
3665 2.9932
3666 2.99037
3667 3.00285
3668 2.99275
3669 2.97
3670 2.98641
3671 2.97903
3672 3.01879
3673 2.95126
3674 2.96918
3675 2.97366
3676 2.97384
3677 2.98032
3678 2.95936
3679 2.99719
3680 3.04755
3681 2.97487
3682 3.07518
3683 3.05417
3684 2.97215
3685 2.99285
3686 2.97817
3687 2.96005
3688 2.93794
3689 2.94845
3690 2.96377
3691 2.99734
3692 2.9972
3693 2.97209
3694 2.93888
3695 2.96912
3696 2.95795
3697 3.03918
3698 3.11668
3699 2.98421
3700 3.0127
3701 2.96707
3702 3.00888
3703 2.93773
3704 2.95246
3705 3.00433
3706 2.92842
3707 2.97872
3708 2.94648
3709 2.94038
3710 2.95091
3711 2.91079
3712 3.05112
3713 2.9517
3714 2.9878
3715 2.90926
3716 2.95253
3717 2.94497
3718 2.94758
3719 2.93882
3720 2.90923
3721 2.97578
3722 3.02772
3723 2.9168
3724 2.96063
3725 2.98199
3726 2.92047
3727 2.93815
3728 2.89859
3729 2.91789
3730 2.89396
3731 2.99809
3732 2.87135
3733 2.93533
3734 2.94213
3735 2.89623
3736 2.93726
3737 3.07461
3738 2.9129
3739 2.88756
3740 2.91123
3741 2.88012
3742 2.93299
3743 2.99955
3744 2.9504
3745 3.04237
3746 2.99636
3747 2.95579
3748 2.9674
3749 2.94412
3750 2.92209
3751 2.92726
3752 3.00461
3753 2.90949
3754 2.86992
3755 2.92805
3756 2.86662
3757 2.93121
3758 2.86332
3759 3.01953
3760 2.93847
3761 2.88884
3762 2.98837
3763 2.91762
3764 2.94016
3765 2.85883
3766 2.87513
3767 2.89806
3768 2.88849
3769 2.90187
3770 2.89235
3771 2.89072
3772 2.96762
3773 2.92725
3774 2.90681
3775 2.86828
3776 2.87691
3777 3.01527
3778 2.87882
3779 2.87535
3780 2.98399
3781 2.86994
3782 2.90183
3783 2.90822
3784 2.92667
3785 2.92345
3786 2.85498
3787 2.89384
3788 2.87409
3789 2.87157
3790 2.88754
3791 2.92778
3792 2.90503
3793 2.83811
3794 2.88145
3795 2.85849
3796 2.92636
3797 2.91884
3798 2.88348
3799 2.84519
3800 2.85049
3801 2.84493
3802 2.91459
3803 2.91447
3804 2.96491
3805 2.84189
3806 2.87975
3807 2.83518
3808 2.858
3809 2.88531
3810 2.83115
3811 2.86039
3812 2.86712
3813 2.83918
3814 2.85468
3815 2.82181
3816 2.85267
3817 2.82095
3818 2.81496
3819 2.91047
3820 2.8234
3821 2.84284
3822 2.87329
3823 2.83378
3824 2.83615
3825 2.85291
3826 2.8409
3827 2.83259
3828 2.80687
3829 2.8439
3830 2.81479
3831 2.89363
3832 2.8218
3833 2.80873
3834 2.81244
3835 2.80831
3836 2.80514
3837 2.80683
3838 2.84549
3839 2.83071
3840 2.84374
3841 2.83575
3842 2.79576
3843 2.79071
3844 2.82981
3845 2.78862
3846 2.78701
3847 2.7949
3848 2.80489
3849 2.77675
3850 2.83097
3851 2.77962
3852 2.77248
3853 2.7951
3854 2.84734
3855 2.76752
3856 2.8866
3857 2.87897
3858 2.89441
3859 2.8048
3860 2.80573
3861 2.81639
3862 2.78874
3863 2.81085
3864 2.82476
3865 2.80211
3866 2.7869
3867 2.80845
3868 2.78422
3869 2.81809
3870 2.80363
3871 2.81829
3872 2.84723
3873 2.83186
3874 2.82953
3875 2.86286
3876 2.80244
3877 2.80455
3878 2.79886
3879 2.76865
3880 2.8455
3881 2.77252
3882 2.75902
3883 2.87118
3884 2.79394
3885 2.8159
3886 2.74082
3887 2.89194
3888 2.8409
3889 2.76018
3890 2.76208
3891 2.84167
3892 2.79262
3893 2.8022
3894 2.72505
3895 2.79821
3896 2.75301
3897 2.78443
3898 2.83589
3899 2.86345
3900 2.75149
3901 2.74842
3902 2.75446
3903 2.82103
3904 2.73266
3905 2.77987
3906 2.78653
3907 2.74353
3908 2.73343
3909 2.80953
3910 2.79568
3911 2.79828
3912 2.74999
3913 2.73267
3914 2.72246
3915 2.79369
3916 2.76176
3917 2.73517
3918 2.73935
3919 2.77692
3920 2.7458
3921 2.78657
3922 2.72766
3923 2.78976
3924 2.76384
3925 2.72049
3926 2.79054
3927 2.75645
3928 2.76312
3929 2.76776
3930 2.80103
3931 2.76919
3932 2.70985
3933 2.76821
3934 2.8156
3935 2.72454
3936 2.70643
3937 2.75262
3938 2.76139
3939 2.8154
3940 2.7119
3941 2.70738
3942 2.83806
3943 2.76648
3944 2.73958
3945 2.73616
3946 2.76188
3947 2.76117
3948 2.73326
3949 2.76947
3950 2.77691
3951 2.72925
3952 2.72511
3953 2.72719
3954 2.70898
3955 2.7185
3956 2.83932
3957 2.77598
3958 2.72825
3959 2.76362
3960 2.68775
3961 2.704
3962 2.72097
3963 2.69125
3964 2.70346
3965 2.69649
3966 2.66451
3967 2.69028
3968 2.77842
3969 2.69129
3970 2.74795
3971 2.71652
3972 2.70874
3973 2.66825
3974 2.7209
3975 2.69454
3976 2.74737
3977 2.73571
3978 2.7195
3979 2.67072
3980 2.73421
3981 2.73433
3982 2.76582
3983 2.72514
3984 2.67775
3985 2.71754
3986 2.66241
3987 2.71155
3988 2.68667
3989 2.65612
3990 2.71054
3991 2.68122
3992 2.77266
3993 2.64856
3994 2.71601
3995 2.7525
3996 2.74502
3997 2.67851
3998 2.65101
3999 2.70133
4000 2.6916
4001 2.67277
4002 2.66226
4003 2.69979
4004 2.68977
4005 2.69066
4006 2.69885
4007 2.67049
4008 2.67385
4009 2.65363
4010 2.662
4011 2.69272
4012 2.6836
4013 2.66489
4014 2.63345
4015 2.65942
4016 2.6863
4017 2.62659
4018 2.6913
4019 2.67067
4020 2.67075
4021 2.69098
4022 2.68406
4023 2.67874
4024 2.63783
4025 2.70102
4026 2.72893
4027 2.73824
4028 2.71169
4029 2.62398
4030 2.69328
4031 2.72627
4032 2.687
4033 2.69058
4034 2.69034
4035 2.6768
4036 2.71733
4037 2.6783
4038 2.62759
4039 2.64611
4040 2.70499
4041 2.63987
4042 2.7273
4043 2.62954
4044 2.64483
4045 2.67133
4046 2.71521
4047 2.71647
4048 2.66514
4049 2.63474
4050 2.66933
4051 2.69726
4052 2.66586
4053 2.63915
4054 2.64707
4055 2.60133
4056 2.60956
4057 2.63949
4058 2.68755
4059 2.67204
4060 2.65929
4061 2.63051
4062 2.67255
4063 2.64381
4064 2.68846
4065 2.64996
4066 2.71561
4067 2.67299
4068 2.63567
4069 2.62391
4070 2.63522
4071 2.6815
4072 2.73395
4073 2.63804
4074 2.64205
4075 2.62105
4076 2.62028
4077 2.65474
4078 2.58275
4079 2.66905
4080 2.6891
4081 2.58442
4082 2.60098
4083 2.58679
4084 2.62023
4085 2.6217
4086 2.58616
4087 2.68129
4088 2.60163
4089 2.58757
4090 2.66495
4091 2.70515
4092 2.59168
4093 2.63744
4094 2.66521
4095 2.58462
4096 2.6544
4097 2.60246
4098 2.57657
4099 2.60548
4100 2.6299
4101 2.62831
4102 2.56886
4103 2.59868
4104 2.57848
4105 2.61357
4106 2.62722
4107 2.60399
4108 2.6539
4109 2.60675
4110 2.61354
4111 2.65504
4112 2.63041
4113 2.5872
4114 2.69676
4115 2.57216
4116 2.57719
4117 2.58997
4118 2.627
4119 2.58634
4120 2.64244
4121 2.62137
4122 2.56051
4123 2.59177
4124 2.58831
4125 2.6237
4126 2.71463
4127 2.63755
4128 2.58046
4129 2.60807
4130 2.58577
4131 2.61528
4132 2.57385
4133 2.55651
4134 2.59682
4135 2.58732
4136 2.63382
4137 2.56817
4138 2.55798
4139 2.58172
4140 2.5847
4141 2.67262
4142 2.60145
4143 2.58779
4144 2.60023
4145 2.57567
4146 2.61099
4147 2.58394
4148 2.58853
4149 2.58608
4150 2.61194
4151 2.63654
4152 2.55546
4153 2.59975
4154 2.59044
4155 2.57082
4156 2.56297
4157 2.54418
4158 2.55917
4159 2.5817
4160 2.5742
4161 2.54975
4162 2.61889
4163 2.567
4164 2.55769
4165 2.59525
4166 2.61217
4167 2.54041
4168 2.55099
4169 2.53226
4170 2.5886
4171 2.56039
4172 2.58352
4173 2.55778
4174 2.58744
4175 2.58197
4176 2.568
4177 2.61131
4178 2.54708
4179 2.57805
4180 2.64953
4181 2.55453
4182 2.52827
4183 2.52113
4184 2.55954
4185 2.55685
4186 2.58813
4187 2.52529
4188 2.64593
4189 2.56654
4190 2.58818
4191 2.6689
4192 2.57341
4193 2.57979
4194 2.53541
4195 2.51492
4196 2.56274
4197 2.55163
4198 2.52356
4199 2.53074
4200 2.51139
4201 2.64398
4202 2.58956
4203 2.59103
4204 2.52499
4205 2.58624
4206 2.57335
4207 2.54108
4208 2.62305
4209 2.53937
4210 2.52204
4211 2.55853
4212 2.54509
4213 2.58272
4214 2.53598
4215 2.52002
4216 2.52797
4217 2.51236
4218 2.49122
4219 2.60412
4220 2.51166
4221 2.50191
4222 2.54929
4223 2.55517
4224 2.5262
4225 2.53342
4226 2.52953
4227 2.52948
4228 2.51402
4229 2.48677
4230 2.5368
4231 2.54297
4232 2.57974
4233 2.5453
4234 2.55399
4235 2.53459
4236 2.4969
4237 2.53032
4238 2.53645
4239 2.5243
4240 2.51916
4241 2.51429
4242 2.48751
4243 2.51515
4244 2.48743
4245 2.52526
4246 2.47132
4247 2.51727
4248 2.4965
4249 2.50757
4250 2.49802
4251 2.49636
4252 2.5065
4253 2.49281
4254 2.50674
4255 2.53785
4256 2.46397
4257 2.47985
4258 2.50206
4259 2.49316
4260 2.52694
4261 2.4711
4262 2.47188
4263 2.47587
4264 2.48001
4265 2.48664
4266 2.54465
4267 2.47139
4268 2.50982
4269 2.47974
4270 2.48851
4271 2.47415
4272 2.48832
4273 2.44421
4274 2.44498
4275 2.466
4276 2.45503
4277 2.46031
4278 2.47592
4279 2.45871
4280 2.42372
4281 2.46124
4282 2.46192
4283 2.43211
4284 2.45729
4285 2.64244
4286 2.43442
4287 2.55302
4288 2.47781
4289 2.5115
4290 2.47058
4291 2.46177
4292 2.4917
4293 2.50427
4294 2.46631
4295 2.45683
4296 2.47063
4297 2.43054
4298 2.4696
4299 2.48841
4300 2.47275
4301 2.55041
4302 2.50245
4303 2.45149
4304 2.51486
4305 2.45035
4306 2.45513
4307 2.46124
4308 2.45493
4309 2.4694
4310 2.48498
4311 2.52012
4312 2.43666
4313 2.48368
4314 2.4612
4315 2.51156
4316 2.57986
4317 2.50651
4318 2.43575
4319 2.45247
4320 2.50187
4321 2.43159
4322 2.46005
4323 2.399
4324 2.4556
4325 2.44196
4326 2.4735
4327 2.70198
4328 2.4462
4329 2.44439
4330 2.42771
4331 2.4527
4332 2.43388
4333 2.44031
4334 2.48776
4335 2.45636
4336 2.39563
4337 2.47145
4338 2.56032
4339 2.50551
4340 2.44483
4341 2.43966
4342 2.40517
4343 2.45775
4344 2.40674
4345 2.44422
4346 2.43221
4347 2.43179
4348 2.44405
4349 2.44172
4350 2.49874
4351 2.41688
4352 2.42829
4353 2.45183
4354 2.45959
4355 2.42843
4356 2.41259
4357 2.44248
4358 2.4058
4359 2.47088
4360 2.43355
4361 2.44496
4362 2.43872
4363 2.48628
4364 2.41084
4365 2.43539
4366 2.41882
4367 2.50738
4368 2.42201
4369 2.40884
4370 2.4374
4371 2.46595
4372 2.43263
4373 2.42662
4374 2.40878
4375 2.43179
4376 2.40304
4377 2.41205
4378 2.44027
4379 2.43501
4380 2.39334
4381 2.43928
4382 2.42868
4383 2.41763
4384 2.41156
4385 2.38556
4386 2.50772
4387 2.43305
4388 2.41537
4389 2.40263
4390 2.39321
4391 2.43568
4392 2.42026
4393 2.40131
4394 2.37403
4395 2.37867
4396 2.39896
4397 2.43525
4398 2.39943
4399 2.38435
4400 2.39313
4401 2.36791
4402 2.37379
4403 2.41117
4404 2.4123
4405 2.41779
4406 2.39319
4407 2.35651
4408 2.41561
4409 2.51488
4410 2.39396
4411 2.40137
4412 2.45443
4413 2.37556
4414 2.39315
4415 2.40558
4416 2.41521
4417 2.37618
4418 2.39768
4419 2.39579
4420 2.40357
4421 2.4188
4422 2.35136
4423 2.42548
4424 2.43753
4425 2.36996
4426 2.38705
4427 2.35457
4428 2.35166
4429 2.34456
4430 2.37492
4431 2.33225
4432 2.40228
4433 2.44579
4434 2.40403
4435 2.40648
4436 2.38392
4437 2.40981
4438 2.36659
4439 2.37095
4440 2.36673
4441 2.37586
4442 2.35449
4443 2.33216
4444 2.36908
4445 2.36407
4446 2.36662
4447 2.42483
4448 2.38126
4449 2.35354
4450 2.33753
4451 2.37714
4452 2.3272
4453 2.38087
4454 2.41095
4455 2.46057
4456 2.40937
4457 2.38732
4458 2.32968
4459 2.39643
4460 2.37827
4461 2.35442
4462 2.3862
4463 2.36248
4464 2.34746
4465 2.45869
4466 2.3514
4467 2.34835
4468 2.33067
4469 2.37549
4470 2.3554
4471 2.3389
4472 2.36457
4473 2.37691
4474 2.32671
4475 2.39737
4476 2.37941
4477 2.35357
4478 2.30502
4479 2.36772
4480 2.35215
4481 2.36395
4482 2.37197
4483 2.34256
4484 2.31446
4485 2.32822
4486 2.36172
4487 2.32905
4488 2.36267
4489 2.32184
4490 2.36894
4491 2.34734
4492 2.38833
4493 2.3523
4494 2.35843
4495 2.37993
4496 2.37995
4497 2.32443
4498 2.37669
4499 2.36485
4500 2.36348
4501 2.35983
4502 2.30805
4503 2.3153
4504 2.33415
4505 2.30152
4506 2.36499
4507 2.31545
4508 2.38542
4509 2.34463
4510 2.30909
4511 2.41522
4512 2.296
4513 2.34515
4514 2.30868
4515 2.29714
4516 2.38368
4517 2.36263
4518 2.33647
4519 2.35838
4520 2.34015
4521 2.31625
4522 2.31734
4523 2.31473
4524 2.34288
4525 2.33662
4526 2.3498
4527 2.28536
4528 2.31061
4529 2.39289
4530 2.31441
4531 2.30574
4532 2.3237
4533 2.27958
4534 2.31713
4535 2.34439
4536 2.30556
4537 2.37582
4538 2.31506
4539 2.37584
4540 2.35515
4541 2.32727
4542 2.31351
4543 2.35019
4544 2.2893
4545 2.29931
4546 2.28049
4547 2.3279
4548 2.32174
4549 2.30781
4550 2.30092
4551 2.29009
4552 2.34009
4553 2.28987
4554 2.31681
4555 2.42582
4556 2.302
4557 2.28524
4558 2.33608
4559 2.33276
4560 2.26942
4561 2.31474
4562 2.26688
4563 2.30189
4564 2.29569
4565 2.2868
4566 2.29998
4567 2.33503
4568 2.28191
4569 2.29475
4570 2.36368
4571 2.31014
4572 2.30984
4573 2.28439
4574 2.24532
4575 2.29209
4576 2.25899
4577 2.29049
4578 2.29317
4579 2.33368
4580 2.32058
4581 2.29536
4582 2.34705
4583 2.27313
4584 2.31228
4585 2.2464
4586 2.23774
4587 2.2746
4588 2.33959
4589 2.24599
4590 2.26393
4591 2.27126
4592 2.28416
4593 2.33586
4594 2.26237
4595 2.3207
4596 2.25646
4597 2.26186
4598 2.25071
4599 2.28499
4600 2.28451
4601 2.27232
4602 2.31271
4603 2.31432
4604 2.29229
4605 2.2738
4606 2.29616
4607 2.32198
4608 2.2661
4609 2.38907
4610 2.31896
4611 2.25489
4612 2.28798
4613 2.25737
4614 2.28782
4615 2.27009
4616 2.26645
4617 2.28142
4618 2.27365
4619 2.29722
4620 2.36804
4621 2.23225
4622 2.36305
4623 2.24216
4624 2.2591
4625 2.28207
4626 2.24552
4627 2.27641
4628 2.23127
4629 2.22605
4630 2.33888
4631 2.25445
4632 2.23913
4633 2.20527
4634 2.36152
4635 2.30262
4636 2.23292
4637 2.34313
4638 2.24634
4639 2.22613
4640 2.21338
4641 2.30404
4642 2.30655
4643 2.21264
4644 2.22527
4645 2.26357
4646 2.22811
4647 2.21157
4648 2.35135
4649 2.26198
4650 2.21123
4651 2.22118
4652 2.26337
4653 2.26253
4654 2.28977
4655 2.27199
4656 2.23428
4657 2.23352
4658 2.21504
4659 2.25583
4660 2.2468
4661 2.34285
4662 2.23354
4663 2.25212
4664 2.24261
4665 2.23216
4666 2.27724
4667 2.2221
4668 2.2705
4669 2.23017
4670 2.2036
4671 2.26942
4672 2.24641
4673 2.2087
4674 2.23551
4675 2.21128
4676 2.24604
4677 2.20867
4678 2.23282
4679 2.20257
4680 2.22152
4681 2.22389
4682 2.18516
4683 2.20571
4684 2.23279
4685 2.18732
4686 2.2158
4687 2.22611
4688 2.24142
4689 2.20982
4690 2.23768
4691 2.18147
4692 2.19801
4693 2.24821
4694 2.19999
4695 2.24332
4696 2.28082
4697 2.20094
4698 2.25345
4699 2.206
4700 2.18544
4701 2.22943
4702 2.19286
4703 2.20055
4704 2.16437
4705 2.16758
4706 2.18322
4707 2.20166
4708 2.1556
4709 2.16482
4710 2.15574
4711 2.22993
4712 2.15276
4713 2.1897
4714 2.34456
4715 2.2732
4716 2.27542
4717 2.18609
4718 2.20827
4719 2.27197
4720 2.22822
4721 2.19376
4722 2.23488
4723 2.19288
4724 2.19379
4725 2.17884
4726 2.18239
4727 2.17438
4728 2.19195
4729 2.18131
4730 2.26754
4731 2.24323
4732 2.23335
4733 2.21982
4734 2.14958
4735 2.20525
4736 2.19327
4737 2.23481
4738 2.17757
4739 2.17496
4740 2.20438
4741 2.20522
4742 2.25759
4743 2.17029
4744 2.21966
4745 2.2833
4746 2.19765
4747 2.1778
4748 2.16916
4749 2.18795
4750 2.20103
4751 2.14562
4752 2.16907
4753 2.13819
4754 2.17679
4755 2.20439
4756 2.41127
4757 2.18546
4758 2.17182
4759 2.15343
4760 2.158
4761 2.16094
4762 2.17007
4763 2.16237
4764 2.17865
4765 2.16259
4766 2.19362
4767 2.20674
4768 2.13713
4769 2.20415
4770 2.15127
4771 2.16338
4772 2.18357
4773 2.1656
4774 2.20604
4775 2.14134
4776 2.16496
4777 2.14067
4778 2.1674
4779 2.17699
4780 2.1529
4781 2.17503
4782 2.13634
4783 2.17862
4784 2.16927
4785 2.17565
4786 2.1771
4787 2.17195
4788 2.16899
4789 2.14223
4790 2.14335
4791 2.17066
4792 2.15351
4793 2.15458
4794 2.15118
4795 2.14148
4796 2.16794
4797 2.15263
4798 2.13536
4799 2.22141
4800 2.15334
4801 2.19545
4802 2.15541
4803 2.1227
4804 2.16269
4805 2.14541
4806 2.14418
4807 2.17439
4808 2.14658
4809 2.13766
4810 2.12469
4811 2.1472
4812 2.11727
4813 2.17039
4814 2.18332
4815 2.13117
4816 2.14079
4817 2.13516
4818 2.11766
4819 2.15595
4820 2.13084
4821 2.15082
4822 2.12714
4823 2.1506
4824 2.09305
4825 2.20176
4826 2.12542
4827 2.15832
4828 2.13794
4829 2.13347
4830 2.0857
4831 2.11345
4832 2.13634
4833 2.15301
4834 2.22374
4835 2.13826
4836 2.11195
4837 2.11564
4838 2.18411
4839 2.15728
4840 2.128
4841 2.14043
4842 2.11392
4843 2.12336
4844 2.09067
4845 2.12806
4846 2.14322
4847 2.11686
4848 2.12858
4849 2.18178
4850 2.1413
4851 2.08086
4852 2.14567
4853 2.15343
4854 2.1314
4855 2.0928
4856 2.11007
4857 2.08882
4858 2.08606
4859 2.10085
4860 2.1115
4861 2.1239
4862 2.09874
4863 2.16325
4864 2.12414
4865 2.08538
4866 2.12833
4867 2.12393
4868 2.08826
4869 2.11135
4870 2.1419
4871 2.12496
4872 2.0885
4873 2.16026
4874 2.1073
4875 2.08184
4876 2.13912
4877 2.13219
4878 2.11923
4879 2.08189
4880 2.07234
4881 2.08237
4882 2.12534
4883 2.15428
4884 2.13576
4885 2.11427
4886 2.13296
4887 2.08209
4888 2.14991
4889 2.08125
4890 2.1241
4891 2.11044
4892 2.13489
4893 2.12484
4894 2.12529
4895 2.0656
4896 2.10351
4897 2.07383
4898 2.13773
4899 2.09031
4900 2.14652
4901 2.07111
4902 2.10618
4903 2.09985
4904 2.12766
4905 2.08554
4906 2.09077
4907 2.07276
4908 2.08757
4909 2.07061
4910 2.08733
4911 2.1306
4912 2.07786
4913 2.05357
4914 2.07565
4915 2.1288
4916 2.11076
4917 2.08577
4918 2.08075
4919 2.05597
4920 2.09495
4921 2.10568
4922 2.07978
4923 2.10911
4924 2.13846
4925 2.09743
4926 2.07383
4927 2.08402
4928 2.09423
4929 2.08939
4930 2.11359
4931 2.06137
4932 2.08438
4933 2.08895
4934 2.05083
4935 2.07261
4936 2.06039
4937 2.07203
4938 2.06881
4939 2.06445
4940 2.12043
4941 2.0303
4942 2.09446
4943 2.04287
4944 2.02268
4945 2.13336
4946 2.09773
4947 2.06862
4948 2.13004
4949 2.06821
4950 2.05035
4951 2.12734
4952 2.04429
4953 2.10257
4954 2.08151
4955 2.05556
4956 2.06998
4957 2.04398
4958 2.14062
4959 2.06165
4960 2.04045
4961 2.07362
4962 2.03284
4963 2.05874
4964 2.05504
4965 2.11505
4966 2.13889
4967 2.06529
4968 2.10988
4969 2.09029
4970 2.02305
4971 2.10888
4972 2.06352
4973 2.05711
4974 2.03699
4975 2.04955
4976 2.07577
4977 2.13209
4978 2.13049
4979 2.04679
4980 2.02464
4981 2.0181
4982 2.10774
4983 2.109
4984 2.11847
4985 2.04165
4986 2.0594
4987 2.08055
4988 2.07976
4989 2.0596
4990 2.015
4991 2.07481
4992 2.03939
4993 2.08895
4994 2.04315
4995 2.0593
4996 2.06525
4997 2.02497
4998 2.08305
4999 2.13611
5000 2.0459
