0 2.96173
1 5.48713
2 5.11245
3 3.20005
4 2.44355
5 2.21744
6 2.12105
7 1.864
8 1.60546
9 1.8626
10 1.58306
11 1.7889
12 1.66073
13 1.3487
14 1.30734
15 1.31492
16 1.59556
17 1.90619
18 1.53354
19 1.27488
20 1.30782
21 1.23134
22 1.3072
23 1.38052
24 1.20647
25 1.50273
26 1.39023
27 1.68375
28 1.73814
29 1.32103
30 1.2406
31 0.956128
32 0.915063
33 1.00115
34 1.22731
35 1.03546
36 0.904371
37 0.983045
38 0.897589
39 0.896019
40 0.799307
41 0.909573
42 0.875172
43 0.832139
44 1.17557
45 1.03134
46 0.898276
47 0.781147
48 0.857536
49 0.827357
50 0.77127
51 1.18182
52 0.913896
53 0.815261
54 0.962984
55 1.21132
56 1.06058
57 0.993794
58 0.961632
59 1.07852
60 0.880024
61 0.893422
62 1.08005
63 1.09674
64 0.78359
65 0.867564
66 0.821932
67 0.882503
68 0.961567
69 0.839745
70 1.01237
71 1.10722
72 1.49346
73 0.992938
74 0.889536
75 0.963009
76 0.985064
77 0.774995
78 0.792041
79 0.82795
80 0.681229
81 0.75414
82 0.733655
83 0.763933
84 0.887432
85 0.985919
86 1.06041
87 0.909856
88 0.915893
89 0.991337
90 0.806513
91 0.899898
92 0.842112
93 0.837874
94 0.798617
95 0.799488
96 0.736612
97 0.798654
98 0.907732
99 0.950122
100 0.880584
101 0.683416
102 0.592849
103 0.62765
104 0.657423
105 0.66033
106 0.736843
107 0.816067
108 0.579714
109 0.68695
110 0.75413
111 0.765303
112 0.723892
113 0.847455
114 0.573803
115 0.656992
116 0.677887
117 0.854119
118 1.04438
119 0.718851
120 0.61632
121 0.713327
122 0.805766
123 0.855306
124 0.886143
125 0.800885
126 0.709318
127 0.686015
128 0.666578
129 0.669032
130 0.671254
131 0.55856
132 0.632091
133 0.683749
134 0.870177
135 0.647055
136 0.858056
137 0.929787
138 0.825183
139 0.909825
140 0.595827
141 0.67162
142 0.655272
143 0.629533
144 0.604464
145 0.718043
146 0.795879
147 0.715071
148 0.863478
149 0.875191
150 0.893957
151 0.698956
152 0.785019
153 0.765223
154 0.763526
155 0.703865
156 0.608161
157 0.589856
158 0.671435
159 0.50787
160 0.682843
161 0.612208
162 0.713519
163 0.648744
164 0.562717
165 0.564111
166 0.638563
167 0.801887
168 0.835084
169 0.953481
170 1.09227
171 0.838953
172 1.10516
173 1.12152
174 0.72752
175 0.770261
176 0.601526
177 0.653768
178 0.680335
179 0.58465
180 0.660313
181 0.629822
182 0.772335
183 0.561812
184 0.777337
185 0.645993
186 0.593102
187 0.653069
188 0.71662
189 0.682345
190 0.634097
191 0.64159
192 0.608421
193 0.779684
194 0.800481
195 0.729841
196 0.668615
197 0.590343
198 0.640429
199 0.644947
200 0.708604
201 0.637559
202 0.658025
203 0.717016
204 0.725392
205 0.799634
206 0.702828
207 0.672002
208 0.865403
209 0.654264
210 0.680587
211 0.684358
212 0.611432
213 0.718925
214 0.810323
215 0.54264
216 0.663353
217 0.687784
218 0.59114
219 0.574461
220 0.618491
221 0.653419
222 0.650732
223 0.521984
224 0.660365
225 0.541591
226 0.644795
227 0.49844
228 0.471731
229 0.616621
230 0.707129
231 0.723754
232 0.618414
233 0.757815
234 0.503605
235 0.632524
236 0.650469
237 0.549328
238 0.702304
239 0.657976
240 0.543667
241 0.635429
242 0.626837
243 0.659699
244 0.574122
245 0.651529
246 0.525388
247 0.469868
248 0.591487
249 0.541798
250 0.661479
251 0.583033
252 0.768288
253 0.736018
254 0.61707
255 0.789492
256 0.710022
257 0.607945
258 0.511645
259 0.576947
260 0.587839
261 0.670895
262 0.71666
263 0.644163
264 0.486227
265 0.59539
266 0.502121
267 0.60215
268 0.81806
269 0.702493
270 0.692649
271 0.618618
272 0.547691
273 0.615347
274 0.613795
275 0.62711
276 0.598332
277 0.583596
278 0.624168
279 0.542097
280 0.504322
281 0.668005
282 0.561483
283 0.637167
284 0.640468
285 0.664164
286 0.566385
287 0.532175
288 0.599264
289 0.59778
290 0.587743
291 0.631584
292 0.818324
293 0.616672
294 0.601916
295 0.700966
296 0.697751
297 0.583299
298 0.550611
299 0.443226
300 0.483915
301 0.577364
302 0.632043
303 0.602879
304 0.583539
305 0.592081
306 0.612473
307 0.558245
308 0.626422
309 0.502513
310 0.514879
311 0.674689
312 0.578282
313 0.698259
314 0.524196
315 0.575475
316 0.613763
317 0.646799
318 0.652366
319 0.665425
320 0.616604
321 0.618427
322 0.800085
323 0.804618
324 0.484815
325 0.522395
326 0.537261
327 0.541765
328 0.517758
329 0.610017
330 0.700648
331 0.646328
332 0.750464
333 0.608573
334 0.499299
335 0.678393
336 0.593009
337 0.489652
338 0.697512
339 0.508251
340 0.565635
341 0.558138
342 0.531883
343 0.926753
344 0.640822
345 0.66817
346 0.481517
347 0.836871
348 0.642006
349 0.540036
350 0.745964
351 0.557366
352 0.538244
353 0.658067
354 0.76942
355 0.642945
356 0.60202
357 0.552139
358 0.465902
359 0.491062
360 0.485379
361 0.567723
362 0.469359
363 0.532248
364 0.499119
365 0.542227
366 0.495173
367 0.660025
368 0.700898
369 0.554709
370 0.522603
371 0.476226
372 0.639919
373 0.568144
374 0.78342
375 0.569364
376 0.63082
377 0.461417
378 0.516716
379 0.604352
380 0.61049
381 0.578071
382 0.665289
383 0.523285
384 0.520022
385 0.479811
386 0.534326
387 0.503452
388 0.489985
389 0.634442
390 0.489275
391 0.514458
392 0.552495
393 0.54359
394 0.53791
395 0.45255
396 0.560795
397 0.523963
398 0.491468
399 0.46625
400 0.611228
401 0.540043
402 0.556504
403 0.5018
404 0.529824
405 0.522262
406 0.550754
407 0.443071
408 0.516374
409 0.456639
410 0.521206
411 0.678952
412 0.562425
413 0.454189
414 0.541997
415 0.418454
416 0.41511
417 0.445713
418 0.475554
419 0.474158
420 0.505032
421 0.421149
422 0.388926
423 0.388048
424 0.628628
425 0.475684
426 0.426751
427 0.782223
428 0.409235
429 0.584963
430 0.576108
431 0.63189
432 0.485085
433 0.546517
434 0.547452
435 0.605909
436 0.426541
437 0.454723
438 0.556557
439 0.502822
440 0.541665
441 0.496493
442 0.472901
443 0.643453
444 0.584964
445 0.52216
446 0.605507
447 0.528517
448 0.592105
449 0.478148
450 0.521341
451 0.500198
452 0.532001
453 0.745405
454 0.51887
455 0.577019
456 0.478664
457 0.809078
458 0.791139
459 0.679501
460 0.588038
461 0.567416
462 0.556547
463 0.554542
464 0.566207
465 0.451985
466 0.513354
467 0.439178
468 0.552377
469 0.88255
470 0.713102
471 0.583989
472 0.494261
473 0.541298
474 0.474231
475 0.529536
476 0.470691
477 0.523948
478 0.452522
479 0.486755
480 0.589265
481 0.554932
482 0.553472
483 0.46474
484 0.410015
485 0.537009
486 0.506867
487 0.599948
488 0.890163
489 0.63149
490 0.532905
491 0.572791
492 0.504932
493 0.477851
494 0.525075
495 0.500153
496 0.610013
497 0.507191
498 0.501732
499 0.500319
500 0.524349
501 0.599539
502 0.466737
503 0.541424
504 0.670508
505 0.798665
506 0.438757
507 0.524299
508 0.51633
509 0.484224
510 0.499484
511 0.483041
512 0.590856
513 0.576899
514 0.646501
515 0.450925
516 0.442008
517 0.422098
518 0.560403
519 0.525159
520 0.58164
521 0.482167
522 0.544636
523 0.515603
524 0.517755
525 0.470382
526 0.560426
527 0.561131
528 0.547666
529 0.454842
530 0.45561
531 0.430101
532 0.532662
533 0.464183
534 0.512743
535 0.51505
536 0.459849
537 0.438821
538 0.535822
539 0.633132
540 0.589817
541 0.55946
542 0.470196
543 0.420687
544 0.518912
545 0.48985
546 0.541196
547 0.613939
548 0.420167
549 0.396968
550 0.576957
551 0.604099
552 0.595699
553 0.547153
554 0.564629
555 0.430909
556 0.455212
557 0.493792
558 0.506289
559 0.409676
560 0.471672
561 0.526728
562 0.523117
563 0.524265
564 0.448026
565 0.661786
566 0.539047
567 0.57066
568 0.474579
569 0.483005
570 0.49682
571 0.409748
572 0.47736
573 0.505049
574 0.524982
575 0.557837
576 0.571273
577 0.514249
578 0.477573
579 0.476235
580 0.434459
581 0.561244
582 0.537056
583 0.536321
584 0.454445
585 0.44867
586 0.520487
587 0.458986
588 0.414706
589 0.500832
590 0.478713
591 0.536905
592 0.473523
593 0.448069
594 0.435643
595 0.55844
596 0.531637
597 0.628863
598 0.610362
599 0.664947
600 0.451179
601 0.604972
602 0.548711
603 0.437699
604 0.514516
605 0.43461
606 0.48512
607 0.460697
608 0.42692
609 0.513472
610 0.414271
611 0.560224
612 0.495633
613 0.607111
614 0.475796
615 0.445773
616 0.458784
617 0.522541
618 0.519772
619 0.475346
620 0.451031
621 0.46826
622 0.499897
623 0.498732
624 0.529638
625 0.508854
626 0.466197
627 0.452825
628 0.476328
629 0.473971
630 0.436898
631 0.476801
632 0.468165
633 0.513364
634 0.589357
635 0.454435
636 0.496038
637 0.58773
638 0.516784
639 0.502233
640 0.525169
641 0.514756
642 0.608515
643 0.429626
644 0.458281
645 0.481874
646 0.498978
647 0.414799
648 0.445436
649 0.411331
650 0.503219
651 0.426082
652 0.481362
653 0.513356
654 0.410267
655 0.429972
656 0.395762
657 0.389383
658 0.548685
659 0.539709
660 0.646863
661 0.524124
662 0.435565
663 0.436777
664 0.498075
665 0.415163
666 0.535161
667 0.476613
668 0.41318
669 0.472172
670 0.460789
671 0.521449
672 0.464745
673 0.38432
674 0.548022
675 0.450478
676 0.471757
677 0.464677
678 0.461105
679 0.467705
680 0.445703
681 0.543573
682 0.576698
683 0.430918
684 0.536967
685 0.519733
686 0.452329
687 0.393983
688 0.453638
689 0.467236
690 0.464929
691 0.50678
692 0.437767
693 0.436589
694 0.409361
695 0.501919
696 0.518347
697 0.621194
698 0.460175
699 0.509679
700 0.48164
701 0.543523
702 0.446381
703 0.411095
704 0.420726
705 0.549452
706 0.44495
707 0.439829
708 0.412233
709 0.453023
710 0.521188
711 0.443371
712 0.521909
713 0.463659
714 0.50581
715 0.477681
716 0.437722
717 0.498798
718 0.458765
719 0.425951
720 0.45275
721 0.612355
722 0.536073
723 0.473686
724 0.489773
725 0.600737
726 0.425713
727 0.43194
728 0.353356
729 0.465109
730 0.461042
731 0.390583
732 0.444115
733 0.416624
734 0.475963
735 0.482334
736 0.542527
737 0.455834
738 0.434038
739 0.415381
740 0.500566
741 0.401398
742 0.454899
743 0.452356
744 0.480117
745 0.545232
746 0.444934
747 0.575827
748 0.496755
749 0.609122
750 0.484668
751 0.583977
752 0.448753
753 0.444027
754 0.470541
755 0.453986
756 0.397478
757 0.411651
758 0.579699
759 0.54074
760 0.468511
761 0.521289
762 0.521869
763 0.406051
764 0.512204
765 0.423293
766 0.412242
767 0.457658
768 0.427574
769 0.493623
770 0.360435
771 0.533734
772 0.707282
773 0.424857
774 0.456748
775 0.369196
776 0.677799
777 0.538449
778 0.427287
779 0.665232
780 0.525938
781 0.442418
782 0.480841
783 0.584882
784 0.586975
785 0.460142
786 0.434747
787 0.409389
788 0.373574
789 0.413754
790 0.510552
791 0.398993
792 0.3973
793 0.408616
794 0.403515
795 0.50968
796 0.509297
797 0.519662
798 0.476805
799 0.415212
800 0.412191
801 0.550995
802 0.537455
803 0.60875
804 0.438902
805 0.426685
806 0.414576
807 0.41015
808 0.538567
809 0.403693
810 0.445736
811 0.45641
812 0.413355
813 0.414595
814 0.398004
815 0.428402
816 0.399127
817 0.372919
818 0.51479
819 0.450855
820 0.427905
821 0.464386
822 0.393173
823 0.415348
824 0.377915
825 0.47105
826 0.439244
827 0.39414
828 0.464993
829 0.424607
830 0.429053
831 0.390807
832 0.404755
833 0.360019
834 0.381525
835 0.439524
836 0.37058
837 0.431312
838 0.423096
839 0.388269
840 0.459773
841 0.39865
842 0.352068
843 0.400361
844 0.352125
845 0.343899
846 0.338387
847 0.367719
848 0.325861
849 0.493817
850 0.330906
851 0.327258
852 0.392818
853 0.520162
854 0.42795
855 0.416611
856 0.61743
857 0.546321
858 0.496822
859 0.458202
860 0.426698
861 0.379138
862 0.439476
863 0.641878
864 0.545514
865 0.385358
866 0.412274
867 0.470583
868 0.440553
869 0.409196
870 0.460193
871 0.445157
872 0.428762
873 0.489266
874 0.414113
875 0.501282
876 0.366184
877 0.469619
878 0.403718
879 0.491615
880 0.418672
881 0.421156
882 0.482313
883 0.39213
884 0.478912
885 0.422522
886 0.681726
887 0.586249
888 0.397365
889 0.408979
890 0.454651
891 0.4737
892 0.444087
893 0.404523
894 0.367668
895 0.343861
896 0.464716
897 0.422318
898 0.706265
899 0.595163
900 0.412811
901 0.375154
902 0.530873
903 0.423283
904 0.435394
905 0.412386
906 0.384563
907 0.394179
908 0.508981
909 0.547694
910 0.448029
911 0.43711
912 0.441326
913 0.377062
914 0.444229
915 0.393088
916 0.436145
917 0.467235
918 0.456183
919 0.44059
920 0.473232
921 0.404585
922 0.389288
923 0.412014
924 0.383961
925 0.469696
926 0.387936
927 0.464554
928 0.453123
929 0.468763
930 0.498767
931 0.383581
932 0.456224
933 0.563304
934 0.437876
935 0.35135
936 0.465532
937 0.385836
938 0.41108
939 0.406968
940 0.390048
941 0.480215
942 0.494086
943 0.425173
944 0.416077
945 0.331933
946 0.38852
947 0.420728
948 0.467993
949 0.476087
950 0.46822
951 0.491173
952 0.421701
953 0.334292
954 0.442841
955 0.560862
956 0.464129
957 0.452864
958 0.414956
959 0.36577
960 0.364646
961 0.418208
962 0.360727
963 0.382861
964 0.484072
965 0.356478
966 0.398856
967 0.444559
968 0.434618
969 0.440461
970 0.460259
971 0.380584
972 0.335727
973 0.375142
974 0.449052
975 0.449916
976 0.445926
977 0.392246
978 0.40496
979 0.490839
980 0.531259
981 0.432046
982 0.402131
983 0.391765
984 0.358956
985 0.395262
986 0.404276
987 0.435957
988 0.324878
989 0.440546
990 0.385863
991 0.496375
992 0.408127
993 0.360116
994 0.545788
995 0.388548
996 0.416327
997 0.377011
998 0.467833
999 0.398674
1000 0.343343
1001 0.448141
1002 0.428318
1003 0.438587
1004 0.428222
1005 0.472819
1006 0.356367
1007 0.445789
1008 0.380136
1009 0.4153
1010 0.443915
1011 0.388143
1012 0.446271
1013 0.401677
1014 0.410254
1015 0.419495
1016 0.362759
1017 0.388791
1018 0.478695
1019 0.474029
1020 0.380268
1021 0.376733
1022 0.361225
1023 0.367981
1024 0.520713
1025 0.519114
1026 0.477481
1027 0.428589
1028 0.484771
1029 0.340304
1030 0.493674
1031 0.410991
1032 0.397658
1033 0.40685
1034 0.376216
1035 0.431119
1036 0.342464
1037 0.384959
1038 0.374225
1039 0.415844
1040 0.395362
1041 0.388987
1042 0.513906
1043 0.378313
1044 0.384893
1045 0.378375
1046 0.396389
1047 0.460018
1048 0.354259
1049 0.340526
1050 0.411686
1051 0.358497
1052 0.448073
1053 0.47899
1054 0.389445
1055 0.339338
1056 0.421913
1057 0.367926
1058 0.38747
1059 0.368359
1060 0.380173
1061 0.460094
1062 0.454471
1063 0.438453
1064 0.403817
1065 0.478203
1066 0.448048
1067 0.415443
1068 0.405145
1069 0.382765
1070 0.423813
1071 0.407468
1072 0.372746
1073 0.391452
1074 0.406006
1075 0.381492
1076 0.36493
1077 0.336424
1078 0.38877
1079 0.42092
1080 0.445749
1081 0.354331
1082 0.41666
1083 0.33346
1084 0.376558
1085 0.376355
1086 0.336423
1087 0.485632
1088 0.379235
1089 0.472209
1090 0.544428
1091 0.334616
1092 0.393199
1093 0.38669
1094 0.381864
1095 0.459712
1096 0.407308
1097 0.329831
1098 0.388681
1099 0.37426
1100 0.46891
1101 0.368571
1102 0.410137
1103 0.392337
1104 0.328011
1105 0.385894
1106 0.366867
1107 0.412589
1108 0.430424
1109 0.40712
1110 0.559846
1111 0.461376
1112 0.371945
1113 0.567327
1114 0.328955
1115 0.356558
1116 0.327546
1117 0.345762
1118 0.354215
1119 0.434031
1120 0.384466
1121 0.362241
1122 0.379872
1123 0.350396
1124 0.362152
1125 0.539353
1126 0.480823
1127 0.381789
1128 0.413691
1129 0.427194
1130 0.399195
1131 0.366162
1132 0.344883
1133 0.474325
1134 0.358521
1135 0.420531
1136 0.394864
1137 0.360834
1138 0.436908
1139 0.39204
1140 0.513731
1141 0.43935
1142 0.46773
1143 0.402782
1144 0.332243
1145 0.384639
1146 0.420983
1147 0.389117
1148 0.319443
1149 0.427109
1150 0.573316
1151 0.359195
1152 0.414473
1153 0.428178
1154 0.35822
1155 0.416159
1156 0.326815
1157 0.339207
1158 0.380092
1159 0.436118
1160 0.336398
1161 0.42117
1162 0.35657
1163 0.341774
1164 0.403327
1165 0.50061
1166 0.327264
1167 0.352739
1168 0.391249
1169 0.384349
1170 0.413257
1171 0.465207
1172 0.327533
1173 0.477796
1174 0.407435
1175 0.43683
1176 0.480451
1177 0.444429
1178 0.427851
1179 0.483829
1180 0.523329
1181 0.313856
1182 0.300746
1183 0.420304
1184 0.360596
1185 0.411622
1186 0.3633
1187 0.490907
1188 0.391801
1189 0.391706
1190 0.477603
1191 0.388191
1192 0.42985
1193 0.357465
1194 0.380135
1195 0.381826
1196 0.444645
1197 0.433325
1198 0.376188
1199 0.331597
1200 0.487738
1201 0.53451
1202 0.384138
1203 0.334977
1204 0.354208
1205 0.493694
1206 0.384481
1207 0.374422
1208 0.545483
1209 0.391079
1210 0.442261
1211 0.43121
1212 0.468464
1213 0.356742
1214 0.386029
1215 0.355215
1216 0.341693
1217 0.355352
1218 0.430721
1219 0.382034
1220 0.396106
1221 0.362283
1222 0.411223
1223 0.344634
1224 0.4205
1225 0.509894
1226 0.354675
1227 0.377368
1228 0.3194
1229 0.363353
1230 0.450842
1231 0.485479
1232 0.470325
1233 0.410876
1234 0.364661
1235 0.297966
1236 0.454342
1237 0.380423
1238 0.35775
1239 0.389565
1240 0.393243
1241 0.305236
1242 0.339376
1243 0.350979
1244 0.395544
1245 0.336493
1246 0.366646
1247 0.42447
1248 0.361783
1249 0.380136
1250 0.414753
1251 0.407727
1252 0.349394
1253 0.364472
1254 0.384103
1255 0.366384
1256 0.31122
1257 0.411162
1258 0.358643
1259 0.363061
1260 0.315222
1261 0.322803
1262 0.363815
1263 0.324419
1264 0.321298
1265 0.380024
1266 0.377204
1267 0.377811
1268 0.400024
1269 0.392037
1270 0.315131
1271 0.35516
1272 0.291768
1273 0.288914
1274 0.320764
1275 0.322833
1276 0.315271
1277 0.334176
1278 0.348927
1279 0.309984
1280 0.286956
1281 0.396535
1282 0.373615
1283 0.28283
1284 0.543932
1285 0.305164
1286 0.456899
1287 0.420299
1288 0.421872
1289 0.337874
1290 0.360696
1291 0.372398
1292 0.379723
1293 0.353534
1294 0.332048
1295 0.337133
1296 0.311519
1297 0.359731
1298 0.331344
1299 0.373214
1300 0.41269
1301 0.434715
1302 0.365491
1303 0.392329
1304 0.356102
1305 0.342616
1306 0.396592
1307 0.378405
1308 0.451457
1309 0.382939
1310 0.338037
1311 0.440052
1312 0.325676
1313 0.37054
1314 0.337659
1315 0.537316
1316 0.569877
1317 0.393073
1318 0.328705
1319 0.410527
1320 0.379202
1321 0.332184
1322 0.332748
1323 0.32095
1324 0.283923
1325 0.374985
1326 0.483487
1327 0.374795
1328 0.311096
1329 0.297638
1330 0.367021
1331 0.351029
1332 0.354176
1333 0.332557
1334 0.353949
1335 0.329274
1336 0.330242
1337 0.489485
1338 0.45009
1339 0.36111
1340 0.385254
1341 0.305382
1342 0.347106
1343 0.341273
1344 0.33586
1345 0.463777
1346 0.480548
1347 0.352146
1348 0.417238
1349 0.407006
1350 0.364919
1351 0.388511
1352 0.345375
1353 0.338997
1354 0.392958
1355 0.344999
1356 0.384628
1357 0.38255
1358 0.463431
1359 0.38756
1360 0.326502
1361 0.416028
1362 0.527269
1363 0.346004
1364 0.321505
1365 0.405294
1366 0.38642
1367 0.346836
1368 0.347438
1369 0.300949
1370 0.415632
1371 0.322188
1372 0.353964
1373 0.318714
1374 0.310878
1375 0.340866
1376 0.375019
1377 0.392238
1378 0.456725
1379 0.36237
1380 0.400011
1381 0.436007
1382 0.38718
1383 0.369814
1384 0.402933
1385 0.423192
1386 0.39886
1387 0.38746
1388 0.332733
1389 0.332967
1390 0.427998
1391 0.30654
1392 0.363442
1393 0.315133
1394 0.313895
1395 0.318839
1396 0.385278
1397 0.4067
1398 0.34886
1399 0.358733
1400 0.338026
1401 0.372011
1402 0.337585
1403 0.389526
1404 0.381314
1405 0.412833
1406 0.306906
1407 0.369478
1408 0.422037
1409 0.392835
1410 0.415317
1411 0.329018
1412 0.381773
1413 0.307036
1414 0.324093
1415 0.382821
1416 0.326017
1417 0.262868
1418 0.354086
1419 0.333304
1420 0.380632
1421 0.36011
1422 0.35102
1423 0.486888
1424 0.421742
1425 0.342307
1426 0.285308
1427 0.352808
1428 0.333307
1429 0.340118
1430 0.338384
1431 0.380423
1432 0.334018
1433 0.417998
1434 0.407518
1435 0.300609
1436 0.397087
1437 0.322432
1438 0.399437
1439 0.382011
1440 0.390449
1441 0.326994
1442 0.298126
1443 0.393911
1444 0.319588
1445 0.289602
1446 0.423488
1447 0.338963
1448 0.387147
1449 0.334108
1450 0.328824
1451 0.317263
1452 0.319197
1453 0.413686
1454 0.449793
1455 0.548737
1456 0.339731
1457 0.363331
1458 0.315975
1459 0.531492
1460 0.312288
1461 0.352731
1462 0.345932
1463 0.319512
1464 0.437052
1465 0.300477
1466 0.367223
1467 0.319108
1468 0.374651
1469 0.320324
1470 0.420869
1471 0.37263
1472 0.316228
1473 0.351056
1474 0.346154
1475 0.38435
1476 0.343037
1477 0.33934
1478 0.31254
1479 0.341899
1480 0.358186
1481 0.395528
1482 0.360826
1483 0.32374
1484 0.296514
1485 0.327899
1486 0.343382
1487 0.348077
1488 0.362352
1489 0.318729
1490 0.371923
1491 0.388077
1492 0.363395
1493 0.316806
1494 0.423214
1495 0.323105
1496 0.300041
1497 0.374387
1498 0.346923
1499 0.354234
1500 0.371942
1501 0.299726
1502 0.346787
1503 0.36607
1504 0.264699
1505 0.304413
1506 0.287045
1507 0.335079
1508 0.379653
1509 0.311184
1510 0.427554
1511 0.308291
1512 0.290666
1513 0.300906
1514 0.279347
1515 0.400089
1516 0.35101
1517 0.362371
1518 0.332236
1519 0.427639
1520 0.303336
1521 0.350563
1522 0.348475
1523 0.320752
1524 0.399426
1525 0.375449
1526 0.310611
1527 0.335179
1528 0.389172
1529 0.401838
1530 0.296472
1531 0.42458
1532 0.351512
1533 0.280164
1534 0.343914
1535 0.331233
1536 0.40146
1537 0.294829
1538 0.383496
1539 0.407534
1540 0.406438
1541 0.435478
1542 0.384702
1543 0.298015
1544 0.286994
1545 0.292421
1546 0.340311
1547 0.337697
1548 0.355957
1549 0.35536
1550 0.276144
1551 0.341113
1552 0.294888
1553 0.38011
1554 0.440295
1555 0.342457
1556 0.359105
1557 0.372723
1558 0.335975
1559 0.342475
1560 0.331919
1561 0.313972
1562 0.349354
1563 0.322146
1564 0.349158
1565 0.339227
1566 0.312583
1567 0.371025
1568 0.3717
1569 0.379106
1570 0.371447
1571 0.405903
1572 0.329945
1573 0.345235
1574 0.312594
1575 0.34231
1576 0.317607
1577 0.343225
1578 0.384757
1579 0.38023
1580 0.309377
1581 0.41973
1582 0.385476
1583 0.341499
1584 0.342743
1585 0.257479
1586 0.312493
1587 0.317065
1588 0.403192
1589 0.296561
1590 0.32996
1591 0.370573
1592 0.297384
1593 0.342362
1594 0.410526
1595 0.28224
1596 0.309724
1597 0.375886
1598 0.335105
1599 0.330187
1600 0.299681
1601 0.307743
1602 0.357337
1603 0.350212
1604 0.380506
1605 0.393872
1606 0.416811
1607 0.35239
1608 0.417868
1609 0.469822
1610 0.276542
1611 0.279461
1612 0.363783
1613 0.304753
1614 0.379353
1615 0.323807
1616 0.440121
1617 0.343511
1618 0.339189
1619 0.375555
1620 0.334637
1621 0.368821
1622 0.367099
1623 0.281879
1624 0.339523
1625 0.29891
1626 0.346351
1627 0.311414
1628 0.268565
1629 0.52232
1630 0.390213
1631 0.381237
1632 0.291389
1633 0.381585
1634 0.376904
1635 0.331396
1636 0.536239
1637 0.290551
1638 0.315649
1639 0.365893
1640 0.391531
1641 0.38054
1642 0.324411
1643 0.348066
1644 0.305334
1645 0.287259
1646 0.317475
1647 0.438316
1648 0.334345
1649 0.294457
1650 0.305556
1651 0.340688
1652 0.319625
1653 0.361654
1654 0.401958
1655 0.336946
1656 0.313686
1657 0.274053
1658 0.345113
1659 0.367516
1660 0.500869
1661 0.312748
1662 0.373326
1663 0.281707
1664 0.326585
1665 0.350528
1666 0.381836
1667 0.293667
1668 0.330676
1669 0.330482
1670 0.344991
1671 0.314385
1672 0.321602
1673 0.304598
1674 0.286004
1675 0.322449
1676 0.320559
1677 0.296301
1678 0.336489
1679 0.354552
1680 0.305315
1681 0.29753
1682 0.360974
1683 0.358977
1684 0.278513
1685 0.30461
1686 0.351199
1687 0.287355
1688 0.339702
1689 0.33671
1690 0.309275
1691 0.276084
1692 0.313538
1693 0.267219
1694 0.33499
1695 0.322988
1696 0.32676
1697 0.346464
1698 0.334506
1699 0.280594
1700 0.303789
1701 0.274867
1702 0.281394
1703 0.255984
1704 0.256526
1705 0.268923
1706 0.319294
1707 0.243525
1708 0.241072
1709 0.258156
1710 0.340405
1711 0.26666
1712 0.250751
1713 0.502195
1714 0.253856
1715 0.363807
1716 0.318036
1717 0.317827
1718 0.340176
1719 0.307716
1720 0.333461
1721 0.341159
1722 0.311475
1723 0.30628
1724 0.317034
1725 0.29401
1726 0.302356
1727 0.306981
1728 0.27434
1729 0.418782
1730 0.336119
1731 0.311414
1732 0.385318
1733 0.291181
1734 0.301127
1735 0.325597
1736 0.310085
1737 0.294113
1738 0.326748
1739 0.42634
1740 0.360784
1741 0.358304
1742 0.275823
1743 0.436771
1744 0.412732
1745 0.354219
1746 0.355471
1747 0.300053
1748 0.337934
1749 0.345767
1750 0.30187
1751 0.286811
1752 0.283398
1753 0.288886
1754 0.421583
1755 0.52321
1756 0.305471
1757 0.316708
1758 0.29909
1759 0.340216
1760 0.297798
1761 0.385766
1762 0.268669
1763 0.318783
1764 0.314598
1765 0.341213
1766 0.395478
1767 0.370392
1768 0.355786
1769 0.363896
1770 0.282832
1771 0.31592
1772 0.308971
1773 0.327238
1774 0.349434
1775 0.318539
1776 0.310552
1777 0.297352
1778 0.279008
1779 0.287885
1780 0.315344
1781 0.33867
1782 0.373536
1783 0.326247
1784 0.322996
1785 0.311339
1786 0.369249
1787 0.336307
1788 0.304711
1789 0.323821
1790 0.386488
1791 0.37056
1792 0.275192
1793 0.376516
1794 0.290232
1795 0.334145
1796 0.294428
1797 0.26085
1798 0.378126
1799 0.319342
1800 0.332535
1801 0.320323
1802 0.307016
1803 0.271213
1804 0.339804
1805 0.324925
1806 0.321637
1807 0.318168
1808 0.316742
1809 0.309575
1810 0.307861
1811 0.314378
1812 0.39368
1813 0.369242
1814 0.367607
1815 0.287272
1816 0.311688
1817 0.305977
1818 0.290098
1819 0.316651
1820 0.334244
1821 0.324423
1822 0.278066
1823 0.249781
1824 0.295973
1825 0.340185
1826 0.383843
1827 0.295933
1828 0.292702
1829 0.241926
1830 0.310196
1831 0.312376
1832 0.316331
1833 0.388593
1834 0.343348
1835 0.257217
1836 0.306213
1837 0.374276
1838 0.325229
1839 0.335472
1840 0.370242
1841 0.242403
1842 0.290422
1843 0.32326
1844 0.32911
1845 0.293033
1846 0.266709
1847 0.304424
1848 0.325319
1849 0.314092
1850 0.278737
1851 0.36136
1852 0.308643
1853 0.31815
1854 0.287196
1855 0.321539
1856 0.313641
1857 0.287909
1858 0.291089
1859 0.323508
1860 0.308403
1861 0.294179
1862 0.377862
1863 0.273264
1864 0.307548
1865 0.275788
1866 0.270957
1867 0.305785
1868 0.311269
1869 0.336508
1870 0.283536
1871 0.264295
1872 0.340749
1873 0.311113
1874 0.280446
1875 0.358816
1876 0.326718
1877 0.31514
1878 0.317001
1879 0.322839
1880 0.260798
1881 0.394494
1882 0.381818
1883 0.373991
1884 0.334942
1885 0.356908
1886 0.25402
1887 0.369012
1888 0.369366
1889 0.295883
1890 0.360887
1891 0.295026
1892 0.295411
1893 0.341914
1894 0.313297
1895 0.3233
1896 0.275858
1897 0.362192
1898 0.337147
1899 0.485113
1900 0.276726
1901 0.292606
1902 0.317385
1903 0.343495
1904 0.293364
1905 0.290334
1906 0.262856
1907 0.333803
1908 0.321061
1909 0.3118
1910 0.343265
1911 0.306041
1912 0.255177
1913 0.284132
1914 0.300435
1915 0.274629
1916 0.272827
1917 0.332488
1918 0.328807
1919 0.312678
1920 0.3388
1921 0.281864
1922 0.319466
1923 0.391878
1924 0.297679
1925 0.315321
1926 0.327015
1927 0.33191
1928 0.342148
1929 0.299531
1930 0.327941
1931 0.293493
1932 0.308787
1933 0.267785
1934 0.30106
1935 0.30214
1936 0.348055
1937 0.262481
1938 0.279062
1939 0.333171
1940 0.270797
1941 0.303179
1942 0.258181
1943 0.268124
1944 0.360006
1945 0.322802
1946 0.323767
1947 0.321541
1948 0.345709
1949 0.317194
1950 0.31656
1951 0.25144
1952 0.393977
1953 0.252391
1954 0.282953
1955 0.284524
1956 0.31025
1957 0.328815
1958 0.358528
1959 0.239135
1960 0.361229
1961 0.256778
1962 0.298909
1963 0.32441
1964 0.28115
1965 0.337655
1966 0.280609
1967 0.344195
1968 0.297365
1969 0.297721
1970 0.338575
1971 0.353881
1972 0.296798
1973 0.260371
1974 0.266001
1975 0.329927
1976 0.292265
1977 0.333794
1978 0.297025
1979 0.285965
1980 0.265215
1981 0.31723
1982 0.313954
1983 0.454195
1984 0.308086
1985 0.315544
1986 0.305543
1987 0.283715
1988 0.271704
1989 0.302886
1990 0.270388
1991 0.344482
1992 0.309041
1993 0.298133
1994 0.303355
1995 0.301175
1996 0.327369
1997 0.315247
1998 0.354314
1999 0.305456
2000 0.36601
2001 0.28276
2002 0.288904
2003 0.339145
2004 0.265089
2005 0.280003
2006 0.327182
2007 0.40883
2008 0.320565
2009 0.331264
2010 0.327169
2011 0.345681
2012 0.298682
2013 0.293424
2014 0.278441
2015 0.260069
2016 0.322711
2017 0.24115
2018 0.282825
2019 0.305746
2020 0.296975
2021 0.332377
2022 0.336084
2023 0.303205
2024 0.265196
2025 0.278451
2026 0.321561
2027 0.252862
2028 0.338697
2029 0.261525
2030 0.300325
2031 0.301703
2032 0.291578
2033 0.282698
2034 0.333375
2035 0.314084
2036 0.291978
2037 0.368729
2038 0.330877
2039 0.287906
2040 0.267862
2041 0.269623
2042 0.31451
2043 0.307198
2044 0.401865
2045 0.329059
2046 0.311314
2047 0.397146
2048 0.370974
2049 0.26949
2050 0.315985
2051 0.316367
2052 0.283695
2053 0.302558
2054 0.27195
2055 0.379616
2056 0.27092
2057 0.326163
2058 0.433746
2059 0.34238
2060 0.292345
2061 0.244871
2062 0.416075
2063 0.322981
2064 0.302689
2065 0.498323
2066 0.335663
2067 0.2881
2068 0.366458
2069 0.421178
2070 0.367182
2071 0.299327
2072 0.28231
2073 0.292713
2074 0.253155
2075 0.250115
2076 0.393576
2077 0.295198
2078 0.256512
2079 0.268737
2080 0.28175
2081 0.278771
2082 0.295641
2083 0.309276
2084 0.272735
2085 0.253826
2086 0.23905
2087 0.353555
2088 0.356756
2089 0.419726
2090 0.290959
2091 0.320865
2092 0.291421
2093 0.282904
2094 0.348139
2095 0.280814
2096 0.292117
2097 0.292272
2098 0.306684
2099 0.274581
2100 0.262282
2101 0.293259
2102 0.267523
2103 0.247054
2104 0.342859
2105 0.290654
2106 0.273721
2107 0.264249
2108 0.293114
2109 0.309535
2110 0.260381
2111 0.303366
2112 0.289543
2113 0.238557
2114 0.34119
2115 0.249069
2116 0.31297
2117 0.254766
2118 0.316516
2119 0.267247
2120 0.231544
2121 0.294486
2122 0.233363
2123 0.284998
2124 0.33236
2125 0.28151
2126 0.379154
2127 0.270272
2128 0.255624
2129 0.291275
2130 0.249815
2131 0.254516
2132 0.256502
2133 0.271932
2134 0.23917
2135 0.308751
2136 0.235819
2137 0.220951
2138 0.238269
2139 0.368587
2140 0.2365
2141 0.285678
2142 0.463702
2143 0.400705
2144 0.305908
2145 0.265341
2146 0.314361
2147 0.250932
2148 0.286129
2149 0.382873
2150 0.38885
2151 0.256323
2152 0.293141
2153 0.26746
2154 0.302814
2155 0.281502
2156 0.269999
2157 0.299832
2158 0.343002
2159 0.265046
2160 0.321734
2161 0.327674
2162 0.24595
2163 0.347898
2164 0.260739
2165 0.323707
2166 0.31644
2167 0.28378
2168 0.379559
2169 0.245251
2170 0.327643
2171 0.272317
2172 0.434324
2173 0.394018
2174 0.257155
2175 0.270397
2176 0.287008
2177 0.28296
2178 0.302073
2179 0.26656
2180 0.283702
2181 0.243564
2182 0.263008
2183 0.309422
2184 0.456457
2185 0.331799
2186 0.242917
2187 0.254476
2188 0.282559
2189 0.267705
2190 0.365852
2191 0.336685
2192 0.251827
2193 0.249994
2194 0.325379
2195 0.324932
2196 0.289217
2197 0.292661
2198 0.273611
2199 0.250359
2200 0.30844
2201 0.296335
2202 0.26562
2203 0.313646
2204 0.269343
2205 0.287306
2206 0.294809
2207 0.272046
2208 0.260784
2209 0.34567
2210 0.277351
2211 0.349503
2212 0.323434
2213 0.303555
2214 0.29866
2215 0.304657
2216 0.293149
2217 0.239021
2218 0.33774
2219 0.361858
2220 0.252857
2221 0.233328
2222 0.309739
2223 0.267649
2224 0.340568
2225 0.318916
2226 0.261818
2227 0.332457
2228 0.326119
2229 0.295252
2230 0.272541
2231 0.240357
2232 0.283584
2233 0.292617
2234 0.340168
2235 0.316302
2236 0.32642
2237 0.299446
2238 0.312626
2239 0.245733
2240 0.285506
2241 0.425
2242 0.316257
2243 0.300599
2244 0.249783
2245 0.275436
2246 0.237808
2247 0.285636
2248 0.283286
2249 0.281095
2250 0.249811
2251 0.236128
2252 0.282526
2253 0.336704
2254 0.293722
2255 0.341
2256 0.33039
2257 0.250458
2258 0.26082
2259 0.273205
2260 0.339771
2261 0.302738
2262 0.282157
2263 0.255611
2264 0.250518
2265 0.350758
2266 0.363556
2267 0.271979
2268 0.267428
2269 0.282391
2270 0.263394
2271 0.307441
2272 0.259129
2273 0.353624
2274 0.228114
2275 0.246431
2276 0.24548
2277 0.348687
2278 0.27132
2279 0.26564
2280 0.331311
2281 0.275346
2282 0.261339
2283 0.249964
2284 0.283201
2285 0.282643
2286 0.247403
2287 0.269495
2288 0.30336
2289 0.266755
2290 0.297579
2291 0.358962
2292 0.248027
2293 0.30156
2294 0.310258
2295 0.281712
2296 0.291533
2297 0.270631
2298 0.286726
2299 0.28396
2300 0.275387
2301 0.248484
2302 0.242408
2303 0.308654
2304 0.311591
2305 0.306655
2306 0.236708
2307 0.281264
2308 0.22711
2309 0.257839
2310 0.320601
2311 0.394999
2312 0.327953
2313 0.376629
2314 0.356456
2315 0.222632
2316 0.313143
2317 0.3118
2318 0.278526
2319 0.25898
2320 0.279145
2321 0.28745
2322 0.238258
2323 0.232953
2324 0.277414
2325 0.227476
2326 0.269305
2327 0.261564
2328 0.29444
2329 0.250061
2330 0.274456
2331 0.313539
2332 0.270728
2333 0.279102
2334 0.240651
2335 0.279723
2336 0.313222
2337 0.267082
2338 0.268318
2339 0.313147
2340 0.259535
2341 0.243752
2342 0.271744
2343 0.281995
2344 0.253204
2345 0.295527
2346 0.275484
2347 0.280308
2348 0.320577
2349 0.282252
2350 0.258227
2351 0.290251
2352 0.344631
2353 0.254423
2354 0.263648
2355 0.298907
2356 0.25311
2357 0.289829
2358 0.267547
2359 0.283854
2360 0.309339
2361 0.293149
2362 0.248421
2363 0.229029
2364 0.305858
2365 0.295943
2366 0.247243
2367 0.253779
2368 0.268925
2369 0.227219
2370 0.278449
2371 0.271383
2372 0.237203
2373 0.32308
2374 0.271227
2375 0.326319
2376 0.345665
2377 0.25614
2378 0.312404
2379 0.286553
2380 0.261834
2381 0.341652
2382 0.280986
2383 0.277216
2384 0.239383
2385 0.275962
2386 0.301759
2387 0.252941
2388 0.295075
2389 0.257653
2390 0.232539
2391 0.252782
2392 0.26194
2393 0.26731
2394 0.286372
2395 0.236457
2396 0.354603
2397 0.282493
2398 0.246762
2399 0.364711
2400 0.249032
2401 0.24433
2402 0.226263
2403 0.267576
2404 0.256504
2405 0.28367
2406 0.255028
2407 0.2312
2408 0.303104
2409 0.234732
2410 0.25846
2411 0.337485
2412 0.340334
2413 0.253443
2414 0.292064
2415 0.302883
2416 0.24679
2417 0.249132
2418 0.283202
2419 0.350634
2420 0.234614
2421 0.268504
2422 0.276965
2423 0.226388
2424 0.286629
2425 0.271548
2426 0.330731
2427 0.329939
2428 0.297414
2429 0.270108
2430 0.272602
2431 0.242727
2432 0.279023
2433 0.258215
2434 0.276689
2435 0.308847
2436 0.377638
2437 0.256017
2438 0.260965
2439 0.293851
2440 0.303603
2441 0.289611
2442 0.221809
2443 0.263181
2444 0.244986
2445 0.297417
2446 0.236303
2447 0.285222
2448 0.292112
2449 0.230721
2450 0.26109
2451 0.41482
2452 0.249268
2453 0.230381
2454 0.266062
2455 0.274243
2456 0.242384
2457 0.274172
2458 0.231481
2459 0.30046
2460 0.304833
2461 0.251952
2462 0.283417
2463 0.240264
2464 0.287184
2465 0.304021
2466 0.39216
2467 0.273404
2468 0.222751
2469 0.26123
2470 0.274586
2471 0.310837
2472 0.228002
2473 0.34379
2474 0.334345
2475 0.247866
2476 0.334625
2477 0.238356
2478 0.306695
2479 0.252632
2480 0.234681
2481 0.25246
2482 0.243452
2483 0.276048
2484 0.253012
2485 0.239208
2486 0.377483
2487 0.373448
2488 0.296972
2489 0.211859
2490 0.265149
2491 0.329103
2492 0.295985
2493 0.239144
2494 0.385793
2495 0.284543
2496 0.292386
2497 0.277504
2498 0.297951
2499 0.266542
2500 0.2748
2501 0.225332
2502 0.235047
2503 0.241443
2504 0.268863
2505 0.285083
2506 0.252793
2507 0.229675
2508 0.262224
2509 0.252367
2510 0.274746
2511 0.36996
2512 0.318572
2513 0.262134
2514 0.246092
2515 0.265863
2516 0.301399
2517 0.345265
2518 0.36136
2519 0.279851
2520 0.272199
2521 0.228061
2522 0.276528
2523 0.292665
2524 0.229198
2525 0.235965
2526 0.273657
2527 0.233079
2528 0.242121
2529 0.282612
2530 0.286207
2531 0.2394
2532 0.266222
2533 0.288692
2534 0.253568
2535 0.271152
2536 0.283931
2537 0.24915
2538 0.274276
2539 0.260045
2540 0.241481
2541 0.244995
2542 0.203458
2543 0.26146
2544 0.263555
2545 0.251706
2546 0.265211
2547 0.259746
2548 0.21696
2549 0.240815
2550 0.255154
2551 0.237203
2552 0.259821
2553 0.350776
2554 0.278592
2555 0.268961
2556 0.246984
2557 0.256938
2558 0.210992
2559 0.216287
2560 0.224229
2561 0.217175
2562 0.228904
2563 0.228902
2564 0.235032
2565 0.202937
2566 0.216164
2567 0.216322
2568 0.256812
2569 0.219418
2570 0.358429
2571 0.241795
2572 0.329335
2573 0.253964
2574 0.240042
2575 0.251861
2576 0.244117
2577 0.286154
2578 0.292668
2579 0.270474
2580 0.244218
2581 0.238623
2582 0.239208
2583 0.255599
2584 0.253713
2585 0.224978
2586 0.315822
2587 0.279772
2588 0.288544
2589 0.293481
2590 0.260403
2591 0.263269
2592 0.281131
2593 0.266783
2594 0.321392
2595 0.25069
2596 0.242587
2597 0.362499
2598 0.248422
2599 0.323873
2600 0.265442
2601 0.366873
2602 0.365854
2603 0.228382
2604 0.272204
2605 0.280753
2606 0.276163
2607 0.245133
2608 0.23525
2609 0.226253
2610 0.216291
2611 0.30624
2612 0.354124
2613 0.262254
2614 0.220124
2615 0.210455
2616 0.243174
2617 0.245569
2618 0.257207
2619 0.227565
2620 0.261054
2621 0.223958
2622 0.218045
2623 0.313648
2624 0.284726
2625 0.230615
2626 0.253945
2627 0.204084
2628 0.264467
2629 0.241708
2630 0.255085
2631 0.293796
2632 0.228445
2633 0.269983
2634 0.258911
2635 0.238807
2636 0.241685
2637 0.254221
2638 0.286796
2639 0.242685
2640 0.242134
2641 0.261885
2642 0.264451
2643 0.253794
2644 0.247759
2645 0.242483
2646 0.254317
2647 0.252539
2648 0.29121
2649 0.233504
2650 0.217686
2651 0.268057
2652 0.242733
2653 0.265125
2654 0.225617
2655 0.239753
2656 0.323596
2657 0.279151
2658 0.233371
2659 0.247624
2660 0.232337
2661 0.285017
2662 0.239828
2663 0.252118
2664 0.271713
2665 0.243646
2666 0.256834
2667 0.274529
2668 0.212942
2669 0.276193
2670 0.31538
2671 0.34643
2672 0.244026
2673 0.252109
2674 0.223352
2675 0.245754
2676 0.287968
2677 0.242669
2678 0.254353
2679 0.23483
2680 0.22753
2681 0.236771
2682 0.341172
2683 0.294734
2684 0.29001
2685 0.25569
2686 0.216859
2687 0.228206
2688 0.294275
2689 0.311166
2690 0.274532
2691 0.2784
2692 0.232917
2693 0.231549
2694 0.299304
2695 0.307943
2696 0.270794
2697 0.290735
2698 0.251417
2699 0.267611
2700 0.259244
2701 0.261755
2702 0.21629
2703 0.223767
2704 0.252937
2705 0.224241
2706 0.273424
2707 0.271758
2708 0.225189
2709 0.333792
2710 0.236931
2711 0.271063
2712 0.241869
2713 0.265974
2714 0.233945
2715 0.246888
2716 0.220879
2717 0.246577
2718 0.240753
2719 0.296506
2720 0.312715
2721 0.259305
2722 0.225878
2723 0.219368
2724 0.270386
2725 0.276698
2726 0.266833
2727 0.25486
2728 0.192138
2729 0.275945
2730 0.220408
2731 0.219813
2732 0.299086
2733 0.298074
2734 0.255957
2735 0.255281
2736 0.21886
2737 0.240738
2738 0.228554
2739 0.313909
2740 0.384
2741 0.305851
2742 0.260639
2743 0.28017
2744 0.235165
2745 0.36759
2746 0.230975
2747 0.288404
2748 0.260814
2749 0.246229
2750 0.323506
2751 0.226626
2752 0.252412
2753 0.235552
2754 0.269652
2755 0.228757
2756 0.325791
2757 0.253787
2758 0.2455
2759 0.26851
2760 0.24172
2761 0.239795
2762 0.261348
2763 0.205834
2764 0.228177
2765 0.264661
2766 0.255024
2767 0.304956
2768 0.267596
2769 0.232822
2770 0.226335
2771 0.248432
2772 0.258462
2773 0.232045
2774 0.31563
2775 0.233269
2776 0.304891
2777 0.282429
2778 0.247147
2779 0.263416
2780 0.32548
2781 0.263182
2782 0.228801
2783 0.238594
2784 0.246127
2785 0.265356
2786 0.258808
2787 0.207078
2788 0.253407
2789 0.287954
2790 0.221225
2791 0.225594
2792 0.216538
2793 0.24011
2794 0.255722
2795 0.198972
2796 0.277889
2797 0.234526
2798 0.209025
2799 0.269414
2800 0.205815
2801 0.275239
2802 0.269739
2803 0.241341
2804 0.254672
2805 0.279577
2806 0.223266
2807 0.236192
2808 0.222546
2809 0.217746
2810 0.280407
2811 0.256655
2812 0.204987
2813 0.236895
2814 0.230874
2815 0.302051
2816 0.229908
2817 0.250397
2818 0.200476
2819 0.219551
2820 0.294722
2821 0.222945
2822 0.2625
2823 0.265024
2824 0.291515
2825 0.334453
2826 0.297878
2827 0.270229
2828 0.277015
2829 0.228229
2830 0.200694
2831 0.248886
2832 0.255867
2833 0.218286
2834 0.270995
2835 0.281166
2836 0.230181
2837 0.229791
2838 0.205886
2839 0.248291
2840 0.323305
2841 0.299172
2842 0.251189
2843 0.250731
2844 0.265499
2845 0.262966
2846 0.215465
2847 0.245273
2848 0.257702
2849 0.217323
2850 0.225111
2851 0.24422
2852 0.2097
2853 0.314489
2854 0.235441
2855 0.285294
2856 0.25394
2857 0.29368
2858 0.250672
2859 0.235635
2860 0.257384
2861 0.266132
2862 0.238954
2863 0.216173
2864 0.290035
2865 0.380217
2866 0.22384
2867 0.282214
2868 0.277108
2869 0.237447
2870 0.257357
2871 0.207301
2872 0.236696
2873 0.25234
2874 0.299757
2875 0.214199
2876 0.252666
2877 0.2402
2878 0.220242
2879 0.295392
2880 0.318093
2881 0.202767
2882 0.235386
2883 0.267942
2884 0.231503
2885 0.250593
2886 0.270996
2887 0.230234
2888 0.29559
2889 0.240498
2890 0.263255
2891 0.304017
2892 0.261832
2893 0.256828
2894 0.304833
2895 0.279167
2896 0.22739
2897 0.188245
2898 0.247802
2899 0.218507
2900 0.243023
2901 0.225451
2902 0.298647
2903 0.236983
2904 0.251171
2905 0.263376
2906 0.220297
2907 0.269181
2908 0.25491
2909 0.199559
2910 0.248148
2911 0.246852
2912 0.226053
2913 0.216735
2914 0.218232
2915 0.324021
2916 0.287017
2917 0.288016
2918 0.208738
2919 0.260221
2920 0.245715
2921 0.273091
2922 0.378821
2923 0.241456
2924 0.219783
2925 0.299192
2926 0.305344
2927 0.327817
2928 0.218168
2929 0.222584
2930 0.251222
2931 0.256303
2932 0.21157
2933 0.3124
2934 0.270806
2935 0.228689
2936 0.238063
2937 0.20269
2938 0.218434
2939 0.268928
2940 0.282922
2941 0.243156
2942 0.251723
2943 0.19758
2944 0.266512
2945 0.259882
2946 0.375526
2947 0.224918
2948 0.273682
2949 0.226965
2950 0.247067
2951 0.268661
2952 0.256634
2953 0.250725
2954 0.253423
2955 0.263085
2956 0.195185
2957 0.229074
2958 0.219642
2959 0.235072
2960 0.229924
2961 0.239167
2962 0.241797
2963 0.205954
2964 0.233035
2965 0.252383
2966 0.2491
2967 0.231032
2968 0.233797
2969 0.243316
2970 0.21228
2971 0.21577
2972 0.256718
2973 0.218554
2974 0.251258
2975 0.253874
2976 0.229069
2977 0.216179
2978 0.236223
2979 0.228112
2980 0.24882
2981 0.233851
2982 0.254267
2983 0.270443
2984 0.229326
2985 0.230777
2986 0.242632
2987 0.194623
2988 0.221218
2989 0.220389
2990 0.196814
2991 0.192048
2992 0.237942
2993 0.203229
2994 0.205996
2995 0.200167
2996 0.223853
2997 0.214653
2998 0.185758
2999 0.389928
3000 0.204436
3001 0.305706
3002 0.267654
3003 0.218296
3004 0.249294
3005 0.215345
3006 0.260299
3007 0.280282
3008 0.191643
3009 0.238001
3010 0.224304
3011 0.221986
3012 0.245553
3013 0.221005
3014 0.194536
3015 0.302876
3016 0.23148
3017 0.225544
3018 0.277787
3019 0.217825
3020 0.205032
3021 0.265569
3022 0.200028
3023 0.248777
3024 0.273263
3025 0.279475
3026 0.236637
3027 0.219688
3028 0.213937
3029 0.359527
3030 0.26023
3031 0.257656
3032 0.244048
3033 0.257728
3034 0.243931
3035 0.222463
3036 0.191813
3037 0.205364
3038 0.203711
3039 0.201672
3040 0.273197
3041 0.36698
3042 0.222241
3043 0.213304
3044 0.192297
3045 0.227168
3046 0.205821
3047 0.234748
3048 0.235036
3049 0.228912
3050 0.20849
3051 0.238133
3052 0.289021
3053 0.251279
3054 0.251793
3055 0.256549
3056 0.201076
3057 0.248925
3058 0.218803
3059 0.253524
3060 0.277102
3061 0.23465
3062 0.225645
3063 0.267299
3064 0.220417
3065 0.210904
3066 0.238406
3067 0.234129
3068 0.267137
3069 0.248552
3070 0.259732
3071 0.265326
3072 0.240009
3073 0.242285
3074 0.22732
3075 0.21829
3076 0.263803
3077 0.292406
3078 0.195165
3079 0.21495
3080 0.224372
3081 0.234721
3082 0.22498
3083 0.221714
3084 0.247588
3085 0.282946
3086 0.225561
3087 0.246025
3088 0.206398
3089 0.221102
3090 0.188566
3091 0.211622
3092 0.23358
3093 0.28049
3094 0.219607
3095 0.243044
3096 0.213585
3097 0.257187
3098 0.293405
3099 0.230381
3100 0.304262
3101 0.212221
3102 0.22826
3103 0.213713
3104 0.21449
3105 0.273302
3106 0.213048
3107 0.20992
3108 0.218562
3109 0.20073
3110 0.270428
3111 0.23595
3112 0.227457
3113 0.214942
3114 0.230038
3115 0.200181
3116 0.272621
3117 0.290378
3118 0.246289
3119 0.247923
3120 0.236534
3121 0.181885
3122 0.21095
3123 0.34785
3124 0.290384
3125 0.252735
3126 0.241315
3127 0.210825
3128 0.232563
3129 0.234683
3130 0.272714
3131 0.192346
3132 0.202199
3133 0.207411
3134 0.20415
3135 0.275252
3136 0.209338
3137 0.268289
3138 0.315352
3139 0.230931
3140 0.231275
3141 0.183675
3142 0.226581
3143 0.191066
3144 0.197228
3145 0.245438
3146 0.242012
3147 0.241166
3148 0.270071
3149 0.201768
3150 0.229168
3151 0.226053
3152 0.245895
3153 0.258725
3154 0.246703
3155 0.25332
3156 0.201394
3157 0.206221
3158 0.256234
3159 0.191605
3160 0.217781
3161 0.306831
3162 0.223333
3163 0.267859
3164 0.219196
3165 0.202321
3166 0.238031
3167 0.296494
3168 0.304313
3169 0.320892
3170 0.342229
3171 0.370138
3172 0.294883
3173 0.285539
3174 0.330129
3175 0.189447
3176 0.245331
3177 0.226562
3178 0.233163
3179 0.280622
3180 0.22966
3181 0.211954
3182 0.213178
3183 0.23785
3184 0.21921
3185 0.281874
3186 0.219843
3187 0.24688
3188 0.234284
3189 0.210559
3190 0.245142
3191 0.253064
3192 0.221701
3193 0.248357
3194 0.22103
3195 0.231288
3196 0.255336
3197 0.220764
3198 0.186942
3199 0.217613
3200 0.237306
3201 0.252412
3202 0.202135
3203 0.221247
3204 0.265294
3205 0.253249
3206 0.274759
3207 0.232516
3208 0.232
3209 0.301379
3210 0.22012
3211 0.225148
3212 0.204559
3213 0.253178
3214 0.268945
3215 0.235588
3216 0.199257
3217 0.231138
3218 0.244162
3219 0.18871
3220 0.203751
3221 0.213739
3222 0.247519
3223 0.222883
3224 0.237247
3225 0.227033
3226 0.176984
3227 0.236008
3228 0.224169
3229 0.203839
3230 0.273527
3231 0.221761
3232 0.268775
3233 0.227219
3234 0.254604
3235 0.228843
3236 0.206171
3237 0.196802
3238 0.290237
3239 0.218478
3240 0.25451
3241 0.217414
3242 0.225225
3243 0.269785
3244 0.207917
3245 0.19719
3246 0.248293
3247 0.209722
3248 0.263647
3249 0.185874
3250 0.214574
3251 0.291888
3252 0.179226
3253 0.27657
3254 0.243182
3255 0.226064
3256 0.221839
3257 0.300209
3258 0.224023
3259 0.203492
3260 0.209272
3261 0.259898
3262 0.21264
3263 0.257067
3264 0.254402
3265 0.202337
3266 0.195453
3267 0.242057
3268 0.256503
3269 0.298881
3270 0.228374
3271 0.251496
3272 0.24043
3273 0.23474
3274 0.231326
3275 0.196709
3276 0.207693
3277 0.258192
3278 0.195171
3279 0.224766
3280 0.220348
3281 0.252372
3282 0.221547
3283 0.235551
3284 0.290834
3285 0.236622
3286 0.320242
3287 0.258564
3288 0.215625
3289 0.268313
3290 0.224205
3291 0.216434
3292 0.252511
3293 0.321311
3294 0.250076
3295 0.220111
3296 0.218573
3297 0.277374
3298 0.234661
3299 0.204647
3300 0.186255
3301 0.220747
3302 0.295939
3303 0.217459
3304 0.196642
3305 0.242747
3306 0.239256
3307 0.219338
3308 0.23304
3309 0.244424
3310 0.207633
3311 0.231042
3312 0.208052
3313 0.223338
3314 0.255264
3315 0.218807
3316 0.244184
3317 0.260558
3318 0.215492
3319 0.24188
3320 0.24325
3321 0.247852
3322 0.226764
3323 0.286777
3324 0.231652
3325 0.202147
3326 0.239795
3327 0.246197
3328 0.221658
3329 0.247906
3330 0.246228
3331 0.320659
3332 0.21364
3333 0.268062
3334 0.291207
3335 0.218785
3336 0.234332
3337 0.216714
3338 0.191832
3339 0.215344
3340 0.218011
3341 0.22303
3342 0.203114
3343 0.187495
3344 0.343166
3345 0.237891
3346 0.252344
3347 0.211394
3348 0.301746
3349 0.286206
3350 0.218127
3351 0.25916
3352 0.234115
3353 0.223172
3354 0.230716
3355 0.272226
3356 0.257988
3357 0.223346
3358 0.19572
3359 0.229063
3360 0.187817
3361 0.210723
3362 0.286183
3363 0.25072
3364 0.194851
3365 0.190873
3366 0.201645
3367 0.250597
3368 0.224841
3369 0.263107
3370 0.198592
3371 0.255101
3372 0.179967
3373 0.229305
3374 0.245576
3375 0.282134
3376 0.213145
3377 0.256737
3378 0.225788
3379 0.210121
3380 0.252237
3381 0.205351
3382 0.216005
3383 0.228936
3384 0.209996
3385 0.187817
3386 0.185915
3387 0.232797
3388 0.208658
3389 0.188141
3390 0.24167
3391 0.213208
3392 0.206361
3393 0.208105
3394 0.223552
3395 0.216395
3396 0.192498
3397 0.251895
3398 0.204726
3399 0.18308
3400 0.196463
3401 0.228002
3402 0.231457
3403 0.211185
3404 0.244803
3405 0.173593
3406 0.224672
3407 0.2224
3408 0.201828
3409 0.255448
3410 0.222936
3411 0.189284
3412 0.232661
3413 0.203966
3414 0.244259
3415 0.220682
3416 0.195162
3417 0.204968
3418 0.205286
3419 0.202238
3420 0.173932
3421 0.213897
3422 0.175182
3423 0.198399
3424 0.179697
3425 0.224105
3426 0.184411
3427 0.183152
3428 0.297957
3429 0.275731
3430 0.270274
3431 0.212637
3432 0.21364
3433 0.213452
3434 0.206353
3435 0.23322
3436 0.225881
3437 0.188439
3438 0.197973
3439 0.206584
3440 0.289076
3441 0.232574
3442 0.206678
3443 0.221473
3444 0.285492
3445 0.230475
3446 0.24371
3447 0.240003
3448 0.209065
3449 0.265005
3450 0.231776
3451 0.217059
3452 0.226528
3453 0.211917
3454 0.263646
3455 0.184725
3456 0.220595
3457 0.203673
3458 0.317892
3459 0.29169
3460 0.194431
3461 0.227408
3462 0.182658
3463 0.247299
3464 0.241166
3465 0.188643
3466 0.208235
3467 0.186296
3468 0.212747
3469 0.256463
3470 0.28795
3471 0.182786
3472 0.176192
3473 0.171201
3474 0.210077
3475 0.221565
3476 0.243093
3477 0.201019
3478 0.221452
3479 0.221193
3480 0.226305
3481 0.236219
3482 0.215077
3483 0.194315
3484 0.225778
3485 0.175752
3486 0.225446
3487 0.235805
3488 0.233771
3489 0.203208
3490 0.218866
3491 0.232721
3492 0.242353
3493 0.206563
3494 0.228232
3495 0.210987
3496 0.22011
3497 0.229774
3498 0.211618
3499 0.265939
3500 0.230341
3501 0.203191
3502 0.219195
3503 0.207309
3504 0.185487
3505 0.233537
3506 0.228384
3507 0.174647
3508 0.232718
3509 0.233071
3510 0.2314
3511 0.211379
3512 0.180721
3513 0.230925
3514 0.255181
3515 0.214225
3516 0.188342
3517 0.17288
3518 0.195285
3519 0.236082
3520 0.205554
3521 0.208311
3522 0.263311
3523 0.234327
3524 0.235123
3525 0.190053
3526 0.214313
3527 0.265016
3528 0.212776
3529 0.211791
3530 0.203756
3531 0.226564
3532 0.194555
3533 0.249197
3534 0.185773
3535 0.190018
3536 0.229767
3537 0.174964
3538 0.203442
3539 0.232267
3540 0.190836
3541 0.252887
3542 0.209404
3543 0.183407
3544 0.179276
3545 0.234273
3546 0.231217
3547 0.201139
3548 0.266324
3549 0.219619
3550 0.190364
3551 0.286402
3552 0.274916
3553 0.219949
3554 0.216876
3555 0.221912
3556 0.183408
3557 0.212893
3558 0.187303
3559 0.222091
3560 0.173615
3561 0.186353
3562 0.219872
3563 0.261065
3564 0.229942
3565 0.220343
3566 0.258575
3567 0.242919
3568 0.190058
3569 0.187259
3570 0.242832
3571 0.206053
3572 0.201282
3573 0.208723
3574 0.250957
3575 0.219455
3576 0.193403
3577 0.259484
3578 0.206938
3579 0.197173
3580 0.203927
3581 0.226339
3582 0.229253
3583 0.211075
3584 0.197955
3585 0.198007
3586 0.227626
3587 0.225289
3588 0.194539
3589 0.183405
3590 0.274949
3591 0.240156
3592 0.236686
3593 0.197686
3594 0.200479
3595 0.177171
3596 0.276695
3597 0.3639
3598 0.265656
3599 0.256938
3600 0.28179
3601 0.165599
3602 0.267304
3603 0.220859
3604 0.225107
3605 0.215661
3606 0.235547
3607 0.278715
3608 0.208377
3609 0.173754
3610 0.22562
3611 0.216902
3612 0.203061
3613 0.199631
3614 0.256006
3615 0.191431
3616 0.225482
3617 0.210222
3618 0.206116
3619 0.234548
3620 0.207142
3621 0.17549
3622 0.199352
3623 0.206269
3624 0.198384
3625 0.246118
3626 0.207556
3627 0.177736
3628 0.194904
3629 0.189234
3630 0.1979
3631 0.241011
3632 0.185351
3633 0.217129
3634 0.286393
3635 0.224753
3636 0.2223
3637 0.265945
3638 0.257948
3639 0.227668
3640 0.192361
3641 0.25969
3642 0.24809
3643 0.234379
3644 0.241588
3645 0.183521
3646 0.224334
3647 0.205355
3648 0.172208
3649 0.204486
3650 0.23017
3651 0.229053
3652 0.197806
3653 0.198709
3654 0.203783
3655 0.172605
3656 0.203256
3657 0.20364
3658 0.174233
3659 0.245526
3660 0.205071
3661 0.266098
3662 0.264746
3663 0.220157
3664 0.257648
3665 0.211264
3666 0.196127
3667 0.271675
3668 0.220906
3669 0.198977
3670 0.201157
3671 0.200663
3672 0.264074
3673 0.251702
3674 0.213475
3675 0.269396
3676 0.160644
3677 0.215125
3678 0.205542
3679 0.227893
3680 0.226688
3681 0.166758
3682 0.271458
3683 0.285146
3684 0.18797
3685 0.236352
3686 0.220897
3687 0.178157
3688 0.186038
3689 0.204968
3690 0.202544
3691 0.224918
3692 0.24544
3693 0.190585
3694 0.199127
3695 0.193581
3696 0.186608
3697 0.286053
3698 0.275732
3699 0.178428
3700 0.241716
3701 0.225778
3702 0.213784
3703 0.180236
3704 0.187844
3705 0.247801
3706 0.186407
3707 0.218525
3708 0.216708
3709 0.205675
3710 0.22772
3711 0.235281
3712 0.254085
3713 0.262802
3714 0.228498
3715 0.219252
3716 0.19383
3717 0.199924
3718 0.208036
3719 0.206647
3720 0.177286
3721 0.255797
3722 0.318137
3723 0.186437
3724 0.207036
3725 0.21768
3726 0.19477
3727 0.210219
3728 0.173326
3729 0.234232
3730 0.210203
3731 0.233643
3732 0.17459
3733 0.197247
3734 0.213032
3735 0.174076
3736 0.189898
3737 0.300376
3738 0.19196
3739 0.190724
3740 0.222214
3741 0.205621
3742 0.208829
3743 0.221634
3744 0.197314
3745 0.255864
3746 0.227457
3747 0.194813
3748 0.266769
3749 0.219159
3750 0.240064
3751 0.20724
3752 0.261024
3753 0.178513
3754 0.21235
3755 0.221207
3756 0.196637
3757 0.247592
3758 0.216377
3759 0.318054
3760 0.244508
3761 0.240989
3762 0.255193
3763 0.24816
3764 0.251656
3765 0.221625
3766 0.21026
3767 0.185573
3768 0.204539
3769 0.221042
3770 0.234547
3771 0.181973
3772 0.220239
3773 0.228662
3774 0.208364
3775 0.180794
3776 0.200888
3777 0.289662
3778 0.21443
3779 0.20171
3780 0.292416
3781 0.238535
3782 0.242339
3783 0.234541
3784 0.251996
3785 0.21464
3786 0.233455
3787 0.188651
3788 0.211741
3789 0.159478
3790 0.239338
3791 0.238845
3792 0.198826
3793 0.175674
3794 0.202841
3795 0.200224
3796 0.227335
3797 0.259889
3798 0.264644
3799 0.213744
3800 0.220847
3801 0.197899
3802 0.212271
3803 0.275945
3804 0.283092
3805 0.263544
3806 0.204913
3807 0.188734
3808 0.232619
3809 0.261968
3810 0.211413
3811 0.229728
3812 0.22089
3813 0.240797
3814 0.19581
3815 0.220024
3816 0.208013
3817 0.185565
3818 0.182625
3819 0.263526
3820 0.183642
3821 0.200173
3822 0.239255
3823 0.20819
3824 0.200458
3825 0.225348
3826 0.19728
3827 0.183308
3828 0.196113
3829 0.207787
3830 0.19265
3831 0.236805
3832 0.18997
3833 0.193535
3834 0.180599
3835 0.172663
3836 0.194565
3837 0.192463
3838 0.197316
3839 0.220917
3840 0.209876
3841 0.211632
3842 0.185546
3843 0.196833
3844 0.18378
3845 0.176412
3846 0.177598
3847 0.162011
3848 0.193639
3849 0.182158
3850 0.190534
3851 0.151909
3852 0.17788
3853 0.215231
3854 0.202891
3855 0.158968
3856 0.256321
3857 0.247174
3858 0.309518
3859 0.216539
3860 0.200978
3861 0.201816
3862 0.191891
3863 0.219551
3864 0.244321
3865 0.213641
3866 0.187123
3867 0.23821
3868 0.186516
3869 0.221172
3870 0.177538
3871 0.191024
3872 0.251572
3873 0.212171
3874 0.230452
3875 0.242243
3876 0.207112
3877 0.21856
3878 0.22293
3879 0.193912
3880 0.192579
3881 0.21796
3882 0.170321
3883 0.271911
3884 0.209819
3885 0.271985
3886 0.189785
3887 0.378894
3888 0.276859
3889 0.163493
3890 0.226514
3891 0.249197
3892 0.198293
3893 0.197658
3894 0.21255
3895 0.171818
3896 0.184222
3897 0.213297
3898 0.222717
3899 0.226411
3900 0.193268
3901 0.180933
3902 0.160784
3903 0.234372
3904 0.180087
3905 0.223268
3906 0.204362
3907 0.174253
3908 0.197233
3909 0.232327
3910 0.207382
3911 0.188118
3912 0.218952
3913 0.176842
3914 0.202296
3915 0.226713
3916 0.182907
3917 0.261065
3918 0.21593
3919 0.209109
3920 0.22683
3921 0.21438
3922 0.188086
3923 0.185363
3924 0.229287
3925 0.201211
3926 0.208911
3927 0.188196
3928 0.194838
3929 0.205894
3930 0.244378
3931 0.25162
3932 0.16725
3933 0.21289
3934 0.246419
3935 0.20009
3936 0.174832
3937 0.213906
3938 0.187429
3939 0.220779
3940 0.183233
3941 0.173998
3942 0.243844
3943 0.189463
3944 0.183082
3945 0.198233
3946 0.182048
3947 0.203307
3948 0.177599
3949 0.188746
3950 0.218756
3951 0.1901
3952 0.216029
3953 0.255428
3954 0.174148
3955 0.207521
3956 0.263044
3957 0.23863
3958 0.196505
3959 0.210472
3960 0.167714
3961 0.172577
3962 0.232072
3963 0.174965
3964 0.21314
3965 0.184563
3966 0.170944
3967 0.177017
3968 0.241909
3969 0.183486
3970 0.228903
3971 0.209612
3972 0.17767
3973 0.168518
3974 0.219589
3975 0.193959
3976 0.20412
3977 0.17762
3978 0.186072
3979 0.199306
3980 0.227271
3981 0.235326
3982 0.256022
3983 0.212111
3984 0.186814
3985 0.198062
3986 0.209673
3987 0.225012
3988 0.173431
3989 0.165058
3990 0.223466
3991 0.191252
3992 0.240933
3993 0.230324
3994 0.183092
3995 0.246179
3996 0.265634
3997 0.176703
3998 0.188041
3999 0.208576
4000 0.169699
4001 0.184288
4002 0.184652
4003 0.237348
4004 0.178477
4005 0.231762
4006 0.220404
4007 0.223659
4008 0.216014
4009 0.199489
4010 0.225776
4011 0.218215
4012 0.229554
4013 0.189359
4014 0.17546
4015 0.208073
4016 0.181457
4017 0.174562
4018 0.269024
4019 0.206497
4020 0.24823
4021 0.193915
4022 0.173674
4023 0.197385
4024 0.179138
4025 0.235617
4026 0.254594
4027 0.284318
4028 0.231679
4029 0.189689
4030 0.163029
4031 0.244618
4032 0.220195
4033 0.21926
4034 0.193148
4035 0.230096
4036 0.249065
4037 0.18116
4038 0.186004
4039 0.202047
4040 0.213841
4041 0.209692
4042 0.272539
4043 0.178704
4044 0.182331
4045 0.226988
4046 0.167891
4047 0.287673
4048 0.204812
4049 0.191339
4050 0.173043
4051 0.191938
4052 0.198457
4053 0.2184
4054 0.200172
4055 0.175647
4056 0.1839
4057 0.217412
4058 0.222216
4059 0.188332
4060 0.184118
4061 0.188431
4062 0.27055
4063 0.218572
4064 0.223972
4065 0.193411
4066 0.281932
4067 0.204367
4068 0.213517
4069 0.231266
4070 0.231879
4071 0.189036
4072 0.243799
4073 0.201569
4074 0.211947
4075 0.186776
4076 0.189914
4077 0.17329
4078 0.162242
4079 0.205112
4080 0.227855
4081 0.166228
4082 0.226384
4083 0.181465
4084 0.163813
4085 0.206973
4086 0.172814
4087 0.198708
4088 0.195551
4089 0.218266
4090 0.202248
4091 0.235234
4092 0.184916
4093 0.186915
4094 0.195752
4095 0.20725
4096 0.275911
4097 0.209509
4098 0.183573
4099 0.213851
4100 0.219248
4101 0.250204
4102 0.177703
4103 0.208105
4104 0.169266
4105 0.180904
4106 0.178317
4107 0.172398
4108 0.18993
4109 0.207192
4110 0.189436
4111 0.203395
4112 0.182728
4113 0.196564
4114 0.283122
4115 0.174194
4116 0.195101
4117 0.192449
4118 0.182802
4119 0.211044
4120 0.210923
4121 0.21574
4122 0.19643
4123 0.176324
4124 0.166498
4125 0.204173
4126 0.24906
4127 0.230854
4128 0.175341
4129 0.222546
4130 0.222354
4131 0.196755
4132 0.209472
4133 0.187655
4134 0.227545
4135 0.182311
4136 0.210373
4137 0.171963
4138 0.188517
4139 0.233957
4140 0.228291
4141 0.199378
4142 0.195315
4143 0.233134
4144 0.188925
4145 0.172998
4146 0.249112
4147 0.207555
4148 0.179398
4149 0.178604
4150 0.217543
4151 0.262366
4152 0.186755
4153 0.204058
4154 0.22488
4155 0.259755
4156 0.178693
4157 0.176267
4158 0.185694
4159 0.243645
4160 0.218284
4161 0.166806
4162 0.226742
4163 0.209951
4164 0.186308
4165 0.231472
4166 0.246877
4167 0.167784
4168 0.195616
4169 0.229619
4170 0.180135
4171 0.223371
4172 0.217923
4173 0.207845
4174 0.225037
4175 0.220043
4176 0.187144
4177 0.177029
4178 0.206172
4179 0.261473
4180 0.303622
4181 0.232258
4182 0.186647
4183 0.166272
4184 0.20194
4185 0.178638
4186 0.204533
4187 0.163759
4188 0.285164
4189 0.204148
4190 0.193878
4191 0.328425
4192 0.198373
4193 0.218031
4194 0.200356
4195 0.162264
4196 0.202005
4197 0.209503
4198 0.221502
4199 0.194611
4200 0.218727
4201 0.259816
4202 0.23108
4203 0.232872
4204 0.169438
4205 0.219595
4206 0.232921
4207 0.218254
4208 0.213967
4209 0.215123
4210 0.193005
4211 0.222151
4212 0.230587
4213 0.242977
4214 0.171276
4215 0.187174
4216 0.2044
4217 0.181979
4218 0.178471
4219 0.240128
4220 0.195316
4221 0.20237
4222 0.182197
4223 0.237981
4224 0.173861
4225 0.199861
4226 0.200179
4227 0.221067
4228 0.197629
4229 0.169535
4230 0.205952
4231 0.215866
4232 0.275244
4233 0.241674
4234 0.250221
4235 0.192416
4236 0.18118
4237 0.179375
4238 0.265163
4239 0.210347
4240 0.185769
4241 0.174106
4242 0.180442
4243 0.208694
4244 0.224892
4245 0.226252
4246 0.15262
4247 0.254723
4248 0.196435
4249 0.197958
4250 0.199414
4251 0.227176
4252 0.183064
4253 0.199603
4254 0.193802
4255 0.224291
4256 0.185359
4257 0.171133
4258 0.200827
4259 0.183184
4260 0.201109
4261 0.172052
4262 0.184863
4263 0.165795
4264 0.188521
4265 0.163591
4266 0.217762
4267 0.190207
4268 0.202104
4269 0.178535
4270 0.19948
4271 0.164471
4272 0.221032
4273 0.196749
4274 0.154774
4275 0.150733
4276 0.163868
4277 0.166514
4278 0.177214
4279 0.166408
4280 0.15614
4281 0.150657
4282 0.228703
4283 0.171214
4284 0.155221
4285 0.263772
4286 0.154533
4287 0.216319
4288 0.204077
4289 0.188916
4290 0.215641
4291 0.189535
4292 0.191737
4293 0.241545
4294 0.176986
4295 0.181995
4296 0.19006
4297 0.179789
4298 0.180527
4299 0.198512
4300 0.175659
4301 0.237289
4302 0.193604
4303 0.167846
4304 0.251471
4305 0.180016
4306 0.181827
4307 0.240895
4308 0.188106
4309 0.202091
4310 0.214464
4311 0.235432
4312 0.200474
4313 0.190275
4314 0.201488
4315 0.184901
4316 0.285557
4317 0.206845
4318 0.19281
4319 0.163492
4320 0.196114
4321 0.206964
4322 0.184956
4323 0.160177
4324 0.193816
4325 0.151173
4326 0.199587
4327 0.257137
4328 0.163441
4329 0.19382
4330 0.151346
4331 0.183079
4332 0.173359
4333 0.195904
4334 0.176756
4335 0.201658
4336 0.195658
4337 0.17503
4338 0.180564
4339 0.199412
4340 0.207339
4341 0.210839
4342 0.15599
4343 0.181558
4344 0.194233
4345 0.196976
4346 0.184706
4347 0.201876
4348 0.187693
4349 0.203118
4350 0.198225
4351 0.17308
4352 0.212662
4353 0.169205
4354 0.189255
4355 0.201164
4356 0.240262
4357 0.221085
4358 0.224878
4359 0.197081
4360 0.197431
4361 0.193621
4362 0.184694
4363 0.232632
4364 0.161852
4365 0.198121
4366 0.221094
4367 0.18488
4368 0.188264
4369 0.165433
4370 0.192836
4371 0.210079
4372 0.190768
4373 0.186817
4374 0.176596
4375 0.189623
4376 0.156543
4377 0.203022
4378 0.200663
4379 0.203978
4380 0.18707
4381 0.187411
4382 0.230279
4383 0.179255
4384 0.198338
4385 0.21332
4386 0.255271
4387 0.161989
4388 0.226393
4389 0.167767
4390 0.174417
4391 0.214039
4392 0.178116
4393 0.20507
4394 0.146898
4395 0.167923
4396 0.181071
4397 0.202211
4398 0.171811
4399 0.180189
4400 0.193313
4401 0.16352
4402 0.187028
4403 0.194241
4404 0.202422
4405 0.232156
4406 0.223786
4407 0.174003
4408 0.169811
4409 0.261382
4410 0.190449
4411 0.204969
4412 0.172485
4413 0.175739
4414 0.198978
4415 0.212529
4416 0.192461
4417 0.1691
4418 0.160175
4419 0.194122
4420 0.179503
4421 0.185648
4422 0.172456
4423 0.196591
4424 0.264025
4425 0.189794
4426 0.186334
4427 0.168046
4428 0.169002
4429 0.177245
4430 0.17712
4431 0.177503
4432 0.222945
4433 0.223251
4434 0.243298
4435 0.218843
4436 0.171261
4437 0.18131
4438 0.166991
4439 0.171855
4440 0.213132
4441 0.217503
4442 0.179799
4443 0.181651
4444 0.238812
4445 0.189703
4446 0.161817
4447 0.241085
4448 0.188524
4449 0.227777
4450 0.19373
4451 0.16881
4452 0.177115
4453 0.20884
4454 0.275289
4455 0.286546
4456 0.232975
4457 0.222323
4458 0.165727
4459 0.198491
4460 0.18745
4461 0.162401
4462 0.198221
4463 0.171348
4464 0.195518
4465 0.198813
4466 0.166261
4467 0.160056
4468 0.156833
4469 0.203305
4470 0.186439
4471 0.220623
4472 0.173154
4473 0.179489
4474 0.20197
4475 0.188967
4476 0.177887
4477 0.189184
4478 0.154139
4479 0.159962
4480 0.206559
4481 0.178044
4482 0.214975
4483 0.18729
4484 0.20391
4485 0.205014
4486 0.187865
4487 0.178693
4488 0.213028
4489 0.21555
4490 0.202485
4491 0.212299
4492 0.200318
4493 0.180429
4494 0.223441
4495 0.272747
4496 0.270437
4497 0.185498
4498 0.186871
4499 0.189902
4500 0.198311
4501 0.231405
4502 0.208625
4503 0.159702
4504 0.195159
4505 0.177633
4506 0.184598
4507 0.180763
4508 0.186295
4509 0.191093
4510 0.178599
4511 0.243235
4512 0.171778
4513 0.191598
4514 0.174928
4515 0.175212
4516 0.216554
4517 0.197492
4518 0.221971
4519 0.199097
4520 0.195763
4521 0.193267
4522 0.198182
4523 0.192549
4524 0.199919
4525 0.245247
4526 0.214457
4527 0.19328
4528 0.162508
4529 0.234887
4530 0.172979
4531 0.14828
4532 0.232528
4533 0.15971
4534 0.187466
4535 0.168255
4536 0.180821
4537 0.215423
4538 0.169863
4539 0.228137
4540 0.248907
4541 0.180509
4542 0.17977
4543 0.248374
4544 0.168082
4545 0.166392
4546 0.165865
4547 0.233369
4548 0.171194
4549 0.199187
4550 0.186121
4551 0.169626
4552 0.185195
4553 0.184325
4554 0.17945
4555 0.275169
4556 0.158508
4557 0.208636
4558 0.227377
4559 0.224726
4560 0.177029
4561 0.225483
4562 0.179576
4563 0.191141
4564 0.174782
4565 0.171746
4566 0.193326
4567 0.209967
4568 0.174264
4569 0.169458
4570 0.256875
4571 0.202971
4572 0.207446
4573 0.213847
4574 0.170019
4575 0.226764
4576 0.174747
4577 0.167152
4578 0.149637
4579 0.235277
4580 0.205191
4581 0.188397
4582 0.202217
4583 0.216461
4584 0.204987
4585 0.160799
4586 0.159183
4587 0.192069
4588 0.244153
4589 0.177597
4590 0.16485
4591 0.22252
4592 0.188796
4593 0.161337
4594 0.190796
4595 0.247853
4596 0.178816
4597 0.181046
4598 0.180141
4599 0.205809
4600 0.226753
4601 0.174702
4602 0.233247
4603 0.206476
4604 0.19212
4605 0.175366
4606 0.184706
4607 0.20737
4608 0.149785
4609 0.228114
4610 0.201116
4611 0.167668
4612 0.194053
4613 0.204492
4614 0.195233
4615 0.202001
4616 0.196709
4617 0.204576
4618 0.218397
4619 0.277532
4620 0.232434
4621 0.170739
4622 0.185144
4623 0.18774
4624 0.155011
4625 0.180788
4626 0.193541
4627 0.211884
4628 0.18853
4629 0.181766
4630 0.243743
4631 0.2259
4632 0.192539
4633 0.149016
4634 0.226897
4635 0.214045
4636 0.166651
4637 0.256383
4638 0.195086
4639 0.186432
4640 0.194373
4641 0.216205
4642 0.188747
4643 0.177322
4644 0.192135
4645 0.176657
4646 0.167461
4647 0.163195
4648 0.260256
4649 0.176857
4650 0.183791
4651 0.159245
4652 0.187274
4653 0.196326
4654 0.190984
4655 0.249165
4656 0.166492
4657 0.179349
4658 0.176791
4659 0.189466
4660 0.232735
4661 0.236761
4662 0.154091
4663 0.201262
4664 0.179381
4665 0.174352
4666 0.21552
4667 0.175609
4668 0.213114
4669 0.173876
4670 0.194154
4671 0.182599
4672 0.179029
4673 0.146287
4674 0.18082
4675 0.187965
4676 0.216005
4677 0.163473
4678 0.182203
4679 0.180053
4680 0.199776
4681 0.154787
4682 0.161167
4683 0.220751
4684 0.175878
4685 0.23199
4686 0.151205
4687 0.189438
4688 0.201247
4689 0.175468
4690 0.15834
4691 0.169342
4692 0.156531
4693 0.181464
4694 0.192454
4695 0.195203
4696 0.167967
4697 0.173616
4698 0.241419
4699 0.166629
4700 0.161574
4701 0.173943
4702 0.163976
4703 0.160426
4704 0.149154
4705 0.156203
4706 0.16886
4707 0.180529
4708 0.144289
4709 0.148199
4710 0.138775
4711 0.201606
4712 0.138536
4713 0.155192
4714 0.273135
4715 0.257501
4716 0.223136
4717 0.1667
4718 0.198027
4719 0.16973
4720 0.174704
4721 0.223442
4722 0.20382
4723 0.17513
4724 0.160775
4725 0.171308
4726 0.15222
4727 0.175913
4728 0.165496
4729 0.166255
4730 0.267765
4731 0.183987
4732 0.16152
4733 0.248657
4734 0.174394
4735 0.176952
4736 0.178611
4737 0.177926
4738 0.186056
4739 0.180099
4740 0.245251
4741 0.195078
4742 0.242996
4743 0.177146
4744 0.226257
4745 0.266653
4746 0.199035
4747 0.180466
4748 0.176104
4749 0.187155
4750 0.171754
4751 0.190105
4752 0.166804
4753 0.172222
4754 0.18435
4755 0.200912
4756 0.26924
4757 0.159791
4758 0.15069
4759 0.144406
4760 0.195939
4761 0.174083
4762 0.24063
4763 0.180898
4764 0.196939
4765 0.186224
4766 0.204975
4767 0.196176
4768 0.18929
4769 0.166158
4770 0.162924
4771 0.167578
4772 0.173724
4773 0.187254
4774 0.15477
4775 0.165477
4776 0.175445
4777 0.175953
4778 0.188926
4779 0.171424
4780 0.178145
4781 0.204346
4782 0.184107
4783 0.180513
4784 0.203262
4785 0.19736
4786 0.197126
4787 0.180052
4788 0.180021
4789 0.152173
4790 0.177956
4791 0.190666
4792 0.223216
4793 0.143161
4794 0.18441
4795 0.187068
4796 0.198182
4797 0.18592
4798 0.167367
4799 0.195197
4800 0.167645
4801 0.209802
4802 0.175361
4803 0.151962
4804 0.147476
4805 0.192555
4806 0.18157
4807 0.20485
4808 0.178125
4809 0.204683
4810 0.171632
4811 0.167472
4812 0.200047
4813 0.254918
4814 0.183406
4815 0.197158
4816 0.171465
4817 0.207221
4818 0.180542
4819 0.190336
4820 0.186946
4821 0.172531
4822 0.16662
4823 0.142564
4824 0.147174
4825 0.219519
4826 0.157858
4827 0.169084
4828 0.178718
4829 0.176456
4830 0.160626
4831 0.179089
4832 0.196951
4833 0.18756
4834 0.204861
4835 0.183269
4836 0.157244
4837 0.208833
4838 0.244575
4839 0.194579
4840 0.173513
4841 0.185733
4842 0.189713
4843 0.164026
4844 0.155087
4845 0.204214
4846 0.174419
4847 0.186268
4848 0.170658
4849 0.177646
4850 0.223758
4851 0.152809
4852 0.194321
4853 0.205105
4854 0.160681
4855 0.160576
4856 0.171218
4857 0.174881
4858 0.140562
4859 0.153611
4860 0.187573
4861 0.178702
4862 0.176835
4863 0.214225
4864 0.188614
4865 0.160468
4866 0.160139
4867 0.179789
4868 0.195516
4869 0.150418
4870 0.177084
4871 0.192851
4872 0.159736
4873 0.165685
4874 0.171998
4875 0.173156
4876 0.238698
4877 0.166014
4878 0.17473
4879 0.175488
4880 0.182175
4881 0.165316
4882 0.179564
4883 0.226897
4884 0.276801
4885 0.238662
4886 0.195672
4887 0.150258
4888 0.173487
4889 0.214564
4890 0.160136
4891 0.201378
4892 0.188816
4893 0.179874
4894 0.226181
4895 0.164192
4896 0.184096
4897 0.161237
4898 0.182378
4899 0.163243
4900 0.203138
4901 0.170422
4902 0.183397
4903 0.16543
4904 0.207898
4905 0.181078
4906 0.198124
4907 0.17328
4908 0.183843
4909 0.161718
4910 0.195043
4911 0.205748
4912 0.158965
4913 0.182835
4914 0.195937
4915 0.17124
4916 0.171486
4917 0.160803
4918 0.176442
4919 0.210194
4920 0.198225
4921 0.188488
4922 0.171243
4923 0.224218
4924 0.204654
4925 0.182281
4926 0.191885
4927 0.206108
4928 0.156583
4929 0.234206
4930 0.200694
4931 0.166082
4932 0.170867
4933 0.166822
4934 0.162737
4935 0.148594
4936 0.20196
4937 0.190279
4938 0.158323
4939 0.159641
4940 0.194255
4941 0.132742
4942 0.156265
4943 0.15602
4944 0.161467
4945 0.203243
4946 0.192341
4947 0.251877
4948 0.1983
4949 0.185251
4950 0.170125
4951 0.208432
4952 0.164146
4953 0.195797
4954 0.222351
4955 0.20016
4956 0.162975
4957 0.169344
4958 0.225105
4959 0.167265
4960 0.147829
4961 0.175438
4962 0.140651
4963 0.178222
4964 0.207609
4965 0.169663
4966 0.25695
4967 0.166494
4968 0.217663
4969 0.169148
4970 0.179117
4971 0.200591
4972 0.186226
4973 0.184857
4974 0.142754
4975 0.17662
4976 0.177855
4977 0.18003
4978 0.241591
4979 0.162686
4980 0.151049
4981 0.157846
4982 0.159589
4983 0.210332
4984 0.232833
4985 0.164924
4986 0.203529
4987 0.197246
4988 0.170204
4989 0.181711
4990 0.153967
4991 0.182183
4992 0.169747
4993 0.157768
4994 0.206654
4995 0.150652
4996 0.206352
4997 0.186585
4998 0.200521
4999 0.192148
5000 0.15026
