0 2.53982
1 2.36133
2 2.20211
3 2.09129
4 2.0648
5 1.96926
6 1.91379
7 1.62753
8 1.54441
9 1.96058
10 2.45372
11 2.39593
12 1.81727
13 1.62065
14 1.64477
15 1.40924
16 1.40607
17 1.45734
18 1.31041
19 1.36806
20 1.59223
21 1.45887
22 1.40295
23 1.59909
24 1.15617
25 1.26559
26 1.38451
27 1.35431
28 1.29504
29 1.07249
30 1.05799
31 0.806
32 0.940913
33 0.941341
34 1.02408
35 1.0214
36 0.717767
37 0.748397
38 0.721267
39 0.873795
40 0.761748
41 0.896711
42 0.867452
43 0.703384
44 1.07308
45 1.14931
46 0.830702
47 0.723504
48 0.758661
49 0.772022
50 0.584116
51 0.968972
52 0.863284
53 0.670669
54 0.926145
55 1.04628
56 0.820755
57 0.849027
58 0.77056
59 0.839445
60 0.772119
61 0.746831
62 1.1451
63 1.47225
64 0.886598
65 0.827261
66 0.598035
67 0.738941
68 0.70099
69 0.680047
70 0.851839
71 0.872469
72 1.11556
73 0.962133
74 0.889262
75 0.865647
76 1.08542
77 0.806697
78 0.581111
79 0.641435
80 0.611527
81 0.598629
82 0.557689
83 0.574
84 0.779144
85 0.699598
86 0.639491
87 0.559663
88 0.655053
89 0.674172
90 0.697389
91 0.774762
92 0.71204
93 0.727529
94 0.660558
95 0.618102
96 0.56392
97 0.701399
98 0.863654
99 0.832839
100 0.780564
101 0.500914
102 0.502554
103 0.429943
104 0.455326
105 0.557587
106 0.601649
107 0.630242
108 0.432832
109 0.486764
110 0.563744
111 0.766268
112 0.739456
113 0.670572
114 0.438658
115 0.51128
116 0.510363
117 0.754215
118 0.853411
119 0.585922
120 0.406024
121 0.513111
122 0.629977
123 0.605684
124 0.635486
125 0.578818
126 0.47839
127 0.562703
128 0.584852
129 0.522752
130 0.403871
131 0.322414
132 0.51433
133 0.604315
134 0.646475
135 0.473447
136 0.647279
137 0.78569
138 0.704713
139 0.764268
140 0.480099
141 0.586895
142 0.445089
143 0.423243
144 0.451383
145 0.552602
146 0.559546
147 0.573777
148 0.793796
149 0.676715
150 0.666926
151 0.524936
152 0.601391
153 0.709644
154 0.72153
155 0.520122
156 0.450857
157 0.509066
158 0.538942
159 0.323648
160 0.452075
161 0.432359
162 0.620029
163 0.506021
164 0.457854
165 0.425308
166 0.48135
167 0.628105
168 0.63599
169 0.740091
170 0.688006
171 0.552416
172 0.589764
173 0.920632
174 0.88959
175 0.720629
176 0.45338
177 0.550035
178 0.527071
179 0.400132
180 0.508812
181 0.416399
182 0.658682
183 0.411362
184 0.648084
185 0.436232
186 0.457487
187 0.493998
188 0.544435
189 0.555143
190 0.544663
191 0.442149
192 0.414828
193 0.6427
194 0.690152
195 0.580012
196 0.60159
197 0.417879
198 0.476414
199 0.496817
200 0.605699
201 0.490301
202 0.519032
203 0.478349
204 0.587186
205 0.714389
206 0.706367
207 0.44394
208 0.667922
209 0.539106
210 0.456196
211 0.573228
212 0.559291
213 0.726041
214 0.705871
215 0.420925
216 0.460279
217 0.515319
218 0.364686
219 0.410068
220 0.460317
221 0.497968
222 0.450308
223 0.371517
224 0.468825
225 0.350278
226 0.405092
227 0.332083
228 0.335206
229 0.415019
230 0.51235
231 0.510028
232 0.546248
233 0.639536
234 0.382969
235 0.458669
236 0.449649
237 0.42304
238 0.425216
239 0.430976
240 0.402626
241 0.400948
242 0.505111
243 0.622741
244 0.374281
245 0.541049
246 0.365719
247 0.279291
248 0.461872
249 0.397752
250 0.49331
251 0.496091
252 0.745053
253 0.568957
254 0.490212
255 0.610983
256 0.444198
257 0.464847
258 0.349132
259 0.43609
260 0.469021
261 0.408077
262 0.509235
263 0.479208
264 0.298129
265 0.38941
266 0.357647
267 0.468332
268 0.756633
269 0.55223
270 0.560121
271 0.52244
272 0.468142
273 0.476739
274 0.476443
275 0.474494
276 0.347167
277 0.437279
278 0.473917
279 0.472908
280 0.391884
281 0.479547
282 0.351291
283 0.589821
284 0.574924
285 0.532069
286 0.384104
287 0.420559
288 0.439141
289 0.533799
290 0.480194
291 0.557283
292 0.653223
293 0.410733
294 0.450977
295 0.509446
296 0.558143
297 0.448451
298 0.515315
299 0.265243
300 0.319134
301 0.397984
302 0.397908
303 0.447591
304 0.463211
305 0.506013
306 0.434153
307 0.4187
308 0.452759
309 0.320106
310 0.404178
311 0.382372
312 0.496432
313 0.450985
314 0.439581
315 0.37419
316 0.482355
317 0.46478
318 0.543758
319 0.487144
320 0.462346
321 0.506452
322 0.699974
323 0.689566
324 0.310532
325 0.339117
326 0.305195
327 0.404376
328 0.334152
329 0.372138
330 0.554326
331 0.487911
332 0.453162
333 0.503915
334 0.287693
335 0.63685
336 0.403521
337 0.351484
338 0.547558
339 0.317236
340 0.380039
341 0.302993
342 0.293562
343 0.663555
344 0.50631
345 0.500415
346 0.320058
347 0.691903
348 0.479534
349 0.474935
350 0.671551
351 0.367664
352 0.38608
353 0.492206
354 0.688787
355 0.382346
356 0.526377
357 0.557442
358 0.388113
359 0.327564
360 0.374164
361 0.438898
362 0.333847
363 0.351646
364 0.349973
365 0.334801
366 0.376974
367 0.478402
368 0.523607
369 0.42303
370 0.437287
371 0.330321
372 0.494409
373 0.427096
374 0.624613
375 0.369989
376 0.456177
377 0.27813
378 0.348105
379 0.458303
380 0.345146
381 0.415369
382 0.465655
383 0.339738
384 0.366084
385 0.313112
386 0.346581
387 0.421248
388 0.232651
389 0.451812
390 0.388537
391 0.361091
392 0.415139
393 0.392784
394 0.354898
395 0.316183
396 0.433054
397 0.363317
398 0.321946
399 0.351837
400 0.486892
401 0.418524
402 0.406618
403 0.404451
404 0.322104
405 0.341975
406 0.32698
407 0.258696
408 0.4183
409 0.317102
410 0.342699
411 0.502986
412 0.351982
413 0.287697
414 0.380345
415 0.205799
416 0.278187
417 0.338638
418 0.268131
419 0.248592
420 0.392824
421 0.235599
422 0.193173
423 0.269833
424 0.533056
425 0.435076
426 0.287923
427 0.61829
428 0.250747
429 0.461808
430 0.347437
431 0.482814
432 0.350135
433 0.405532
434 0.372796
435 0.438248
436 0.307905
437 0.322053
438 0.431836
439 0.284816
440 0.367278
441 0.365886
442 0.330009
443 0.52781
444 0.451212
445 0.35977
446 0.496412
447 0.391385
448 0.421353
449 0.426848
450 0.392542
451 0.323873
452 0.385195
453 0.492955
454 0.376136
455 0.441871
456 0.297352
457 0.647908
458 0.711992
459 0.488631
460 0.421941
461 0.405951
462 0.400569
463 0.389514
464 0.352119
465 0.300293
466 0.349301
467 0.347555
468 0.425286
469 0.794232
470 0.525617
471 0.469636
472 0.47668
473 0.433725
474 0.391508
475 0.4142
476 0.367014
477 0.358137
478 0.354573
479 0.429225
480 0.406875
481 0.419045
482 0.4261
483 0.415053
484 0.283847
485 0.357632
486 0.381949
487 0.541708
488 0.624767
489 0.466407
490 0.340788
491 0.516472
492 0.443322
493 0.36353
494 0.366073
495 0.344975
496 0.358656
497 0.435974
498 0.464012
499 0.408859
500 0.377873
501 0.483905
502 0.361709
503 0.386774
504 0.485148
505 0.567212
506 0.321592
507 0.368598
508 0.40131
509 0.314473
510 0.409771
511 0.323848
512 0.508747
513 0.380897
514 0.436362
515 0.33685
516 0.314162
517 0.23368
518 0.40976
519 0.370853
520 0.432262
521 0.332971
522 0.377579
523 0.386194
524 0.337471
525 0.248099
526 0.417749
527 0.418131
528 0.440289
529 0.375106
530 0.351884
531 0.384447
532 0.340009
533 0.33177
534 0.37638
535 0.333929
536 0.354122
537 0.244764
538 0.386393
539 0.43145
540 0.34918
541 0.336251
542 0.341533
543 0.291717
544 0.368906
545 0.341239
546 0.425232
547 0.518845
548 0.298213
549 0.310213
550 0.370332
551 0.437364
552 0.443984
553 0.429076
554 0.396059
555 0.310321
556 0.363127
557 0.292819
558 0.382226
559 0.313932
560 0.300902
561 0.348049
562 0.350853
563 0.404922
564 0.284376
565 0.646471
566 0.370206
567 0.46561
568 0.301586
569 0.316515
570 0.410754
571 0.260103
572 0.33595
573 0.330796
574 0.478837
575 0.486715
576 0.424594
577 0.370882
578 0.367178
579 0.417198
580 0.343152
581 0.457789
582 0.516582
583 0.456248
584 0.385696
585 0.270979
586 0.365417
587 0.318732
588 0.297602
589 0.336031
590 0.307175
591 0.398938
592 0.357449
593 0.290568
594 0.312419
595 0.411014
596 0.400792
597 0.516592
598 0.482853
599 0.454273
600 0.282695
601 0.512188
602 0.375639
603 0.32239
604 0.389368
605 0.288639
606 0.354318
607 0.322465
608 0.334744
609 0.345424
610 0.318326
611 0.460069
612 0.33943
613 0.456566
614 0.290914
615 0.319768
616 0.369833
617 0.445125
618 0.383745
619 0.375293
620 0.257922
621 0.29617
622 0.330148
623 0.364937
624 0.422184
625 0.381333
626 0.2598
627 0.416352
628 0.408572
629 0.388289
630 0.369239
631 0.393083
632 0.389918
633 0.350033
634 0.425884
635 0.315151
636 0.395091
637 0.479406
638 0.361779
639 0.385653
640 0.319582
641 0.38625
642 0.419802
643 0.289391
644 0.369459
645 0.333103
646 0.347168
647 0.256773
648 0.266183
649 0.306918
650 0.381972
651 0.292076
652 0.250979
653 0.348004
654 0.245169
655 0.307907
656 0.273512
657 0.224741
658 0.394657
659 0.355984
660 0.425477
661 0.546211
662 0.44161
663 0.348008
664 0.376125
665 0.281
666 0.434778
667 0.293026
668 0.268634
669 0.279318
670 0.374742
671 0.456231
672 0.355576
673 0.255101
674 0.381199
675 0.254527
676 0.2687
677 0.331102
678 0.285071
679 0.428726
680 0.333558
681 0.465216
682 0.482489
683 0.353293
684 0.350788
685 0.384783
686 0.311016
687 0.250875
688 0.357847
689 0.379724
690 0.347185
691 0.365236
692 0.316824
693 0.239163
694 0.281448
695 0.302189
696 0.43334
697 0.485406
698 0.302112
699 0.368181
700 0.305851
701 0.3816
702 0.348958
703 0.295659
704 0.276238
705 0.356752
706 0.32426
707 0.32136
708 0.30658
709 0.314155
710 0.35218
711 0.291157
712 0.588611
713 0.442558
714 0.424463
715 0.303318
716 0.263078
717 0.386025
718 0.341961
719 0.272456
720 0.432279
721 0.480629
722 0.367551
723 0.372417
724 0.327288
725 0.456749
726 0.333624
727 0.340909
728 0.21339
729 0.343628
730 0.34755
731 0.279652
732 0.361851
733 0.373595
734 0.319791
735 0.407397
736 0.394598
737 0.290579
738 0.244116
739 0.253198
740 0.510834
741 0.41379
742 0.387809
743 0.349398
744 0.358235
745 0.39327
746 0.36578
747 0.421789
748 0.362529
749 0.488818
750 0.340647
751 0.487329
752 0.323874
753 0.238453
754 0.319198
755 0.25263
756 0.33573
757 0.281202
758 0.363664
759 0.337913
760 0.291352
761 0.340867
762 0.34972
763 0.403312
764 0.38465
765 0.305327
766 0.29479
767 0.31914
768 0.325139
769 0.295524
770 0.236851
771 0.337887
772 0.533806
773 0.374536
774 0.330293
775 0.222893
776 0.485738
777 0.449471
778 0.346578
779 0.52306
780 0.286212
781 0.283119
782 0.412233
783 0.560445
784 0.673235
785 0.375348
786 0.311492
787 0.219552
788 0.256599
789 0.288341
790 0.383347
791 0.301075
792 0.327752
793 0.296719
794 0.315932
795 0.33895
796 0.41485
797 0.344988
798 0.355708
799 0.318839
800 0.251023
801 0.384504
802 0.412705
803 0.449067
804 0.30091
805 0.302422
806 0.261167
807 0.319439
808 0.361914
809 0.307232
810 0.316113
811 0.291524
812 0.269207
813 0.293626
814 0.25411
815 0.272299
816 0.240791
817 0.243471
818 0.357313
819 0.260199
820 0.26663
821 0.323331
822 0.278343
823 0.308811
824 0.269907
825 0.362155
826 0.339389
827 0.300808
828 0.307446
829 0.279508
830 0.401379
831 0.271081
832 0.29177
833 0.253881
834 0.239465
835 0.278079
836 0.222715
837 0.299312
838 0.332008
839 0.217733
840 0.342959
841 0.299073
842 0.212414
843 0.284873
844 0.207629
845 0.210286
846 0.244314
847 0.209433
848 0.19688
849 0.369189
850 0.184682
851 0.211848
852 0.253056
853 0.324544
854 0.199281
855 0.263706
856 0.54318
857 0.366701
858 0.434738
859 0.292569
860 0.302789
861 0.326686
862 0.358527
863 0.367593
864 0.331791
865 0.238351
866 0.246618
867 0.275591
868 0.337774
869 0.292485
870 0.319521
871 0.361349
872 0.336683
873 0.366043
874 0.294457
875 0.338407
876 0.287914
877 0.341192
878 0.290474
879 0.408894
880 0.299066
881 0.329744
882 0.454981
883 0.290851
884 0.436082
885 0.286356
886 0.53453
887 0.50746
888 0.288462
889 0.293211
890 0.333172
891 0.300212
892 0.302196
893 0.215127
894 0.257713
895 0.271645
896 0.348455
897 0.256563
898 0.487804
899 0.283208
900 0.22006
901 0.226576
902 0.417234
903 0.298768
904 0.312837
905 0.288423
906 0.234962
907 0.215724
908 0.355673
909 0.411298
910 0.318859
911 0.292536
912 0.253252
913 0.245922
914 0.369426
915 0.305822
916 0.311097
917 0.325304
918 0.352582
919 0.298994
920 0.433836
921 0.35911
922 0.269841
923 0.278233
924 0.235805
925 0.32756
926 0.306242
927 0.325989
928 0.304374
929 0.361427
930 0.435317
931 0.255325
932 0.340291
933 0.420765
934 0.315488
935 0.237648
936 0.334683
937 0.310282
938 0.32191
939 0.278436
940 0.265275
941 0.343488
942 0.37596
943 0.323051
944 0.26898
945 0.23574
946 0.249196
947 0.298019
948 0.324807
949 0.28882
950 0.332136
951 0.314276
952 0.339913
953 0.2404
954 0.321215
955 0.380981
956 0.364077
957 0.294626
958 0.34892
959 0.215864
960 0.234914
961 0.298639
962 0.299312
963 0.32031
964 0.323959
965 0.212019
966 0.234444
967 0.392304
968 0.313843
969 0.281838
970 0.321343
971 0.277986
972 0.248765
973 0.29289
974 0.370565
975 0.406068
976 0.288541
977 0.248559
978 0.206655
979 0.334815
980 0.379835
981 0.409761
982 0.35664
983 0.308632
984 0.200391
985 0.299679
986 0.21748
987 0.307016
988 0.194105
989 0.307978
990 0.264816
991 0.398811
992 0.276058
993 0.288285
994 0.403938
995 0.353718
996 0.279268
997 0.223632
998 0.302407
999 0.252851
1000 0.23878
1001 0.276823
1002 0.274373
1003 0.324036
1004 0.248044
1005 0.273175
1006 0.280031
1007 0.377248
1008 0.226607
1009 0.33796
1010 0.36191
1011 0.292055
1012 0.357871
1013 0.306734
1014 0.27155
1015 0.288994
1016 0.268352
1017 0.278366
1018 0.318646
1019 0.36887
1020 0.262315
1021 0.272727
1022 0.300928
1023 0.228975
1024 0.338107
1025 0.420469
1026 0.429754
1027 0.35133
1028 0.365546
1029 0.216791
1030 0.378498
1031 0.276891
1032 0.264764
1033 0.301439
1034 0.279103
1035 0.363216
1036 0.233895
1037 0.208185
1038 0.272925
1039 0.287253
1040 0.297474
1041 0.274075
1042 0.375632
1043 0.267045
1044 0.266496
1045 0.302094
1046 0.299383
1047 0.383686
1048 0.281949
1049 0.247985
1050 0.277614
1051 0.293297
1052 0.304022
1053 0.442814
1054 0.277406
1055 0.274244
1056 0.342053
1057 0.294313
1058 0.240473
1059 0.271504
1060 0.278643
1061 0.300417
1062 0.351181
1063 0.322276
1064 0.235957
1065 0.346042
1066 0.375449
1067 0.254848
1068 0.246611
1069 0.276594
1070 0.316518
1071 0.412072
1072 0.24367
1073 0.279318
1074 0.301883
1075 0.257597
1076 0.27653
1077 0.196537
1078 0.305608
1079 0.26801
1080 0.253674
1081 0.283898
1082 0.315025
1083 0.169358
1084 0.291783
1085 0.17315
1086 0.212172
1087 0.34522
1088 0.266977
1089 0.358103
1090 0.333929
1091 0.248682
1092 0.401583
1093 0.265888
1094 0.267198
1095 0.306299
1096 0.282537
1097 0.230679
1098 0.267246
1099 0.300402
1100 0.338912
1101 0.254704
1102 0.261393
1103 0.259341
1104 0.20379
1105 0.288958
1106 0.296548
1107 0.312551
1108 0.307254
1109 0.24449
1110 0.485813
1111 0.425133
1112 0.269918
1113 0.399039
1114 0.249042
1115 0.222498
1116 0.202268
1117 0.323908
1118 0.293024
1119 0.318935
1120 0.253383
1121 0.2574
1122 0.221913
1123 0.223539
1124 0.248639
1125 0.508904
1126 0.445255
1127 0.288075
1128 0.25723
1129 0.308578
1130 0.270767
1131 0.291829
1132 0.211206
1133 0.314434
1134 0.285476
1135 0.282896
1136 0.285066
1137 0.251409
1138 0.339078
1139 0.215257
1140 0.428744
1141 0.354556
1142 0.347576
1143 0.237083
1144 0.22857
1145 0.266154
1146 0.280216
1147 0.319305
1148 0.274577
1149 0.405728
1150 0.429572
1151 0.301915
1152 0.26926
1153 0.334369
1154 0.318613
1155 0.208941
1156 0.210281
1157 0.208051
1158 0.26079
1159 0.279209
1160 0.232562
1161 0.34105
1162 0.265766
1163 0.244208
1164 0.324915
1165 0.343161
1166 0.244126
1167 0.233113
1168 0.301623
1169 0.266596
1170 0.398799
1171 0.303954
1172 0.238542
1173 0.327355
1174 0.295244
1175 0.259349
1176 0.390562
1177 0.274914
1178 0.350123
1179 0.368317
1180 0.377626
1181 0.268388
1182 0.254047
1183 0.266407
1184 0.230359
1185 0.27783
1186 0.216379
1187 0.342478
1188 0.355035
1189 0.331336
1190 0.391196
1191 0.300379
1192 0.407228
1193 0.236744
1194 0.293125
1195 0.230749
1196 0.296431
1197 0.29459
1198 0.264596
1199 0.229336
1200 0.383696
1201 0.385717
1202 0.293808
1203 0.235601
1204 0.287992
1205 0.360764
1206 0.361986
1207 0.276409
1208 0.427655
1209 0.271359
1210 0.317477
1211 0.366208
1212 0.410005
1213 0.354804
1214 0.337914
1215 0.239423
1216 0.210636
1217 0.248712
1218 0.299034
1219 0.270848
1220 0.315886
1221 0.21692
1222 0.247816
1223 0.188782
1224 0.352288
1225 0.331267
1226 0.293788
1227 0.295965
1228 0.265735
1229 0.285425
1230 0.294003
1231 0.305542
1232 0.362093
1233 0.287329
1234 0.254629
1235 0.20389
1236 0.291046
1237 0.326111
1238 0.284333
1239 0.277442
1240 0.318944
1241 0.243676
1242 0.239205
1243 0.234272
1244 0.284041
1245 0.213253
1246 0.261569
1247 0.261083
1248 0.228947
1249 0.263709
1250 0.313833
1251 0.32187
1252 0.228217
1253 0.275762
1254 0.273082
1255 0.266807
1256 0.218148
1257 0.260203
1258 0.334643
1259 0.298961
1260 0.234891
1261 0.216167
1262 0.266358
1263 0.243592
1264 0.23443
1265 0.251479
1266 0.271787
1267 0.252373
1268 0.285228
1269 0.246919
1270 0.239571
1271 0.230028
1272 0.198496
1273 0.173382
1274 0.227561
1275 0.188654
1276 0.200357
1277 0.211529
1278 0.189173
1279 0.158804
1280 0.185878
1281 0.26781
1282 0.291593
1283 0.157879
1284 0.472358
1285 0.211584
1286 0.342754
1287 0.264221
1288 0.38676
1289 0.243744
1290 0.259573
1291 0.302702
1292 0.357859
1293 0.282239
1294 0.225062
1295 0.205142
1296 0.193025
1297 0.259355
1298 0.197366
1299 0.214135
1300 0.36861
1301 0.324236
1302 0.299874
1303 0.310476
1304 0.247896
1305 0.247184
1306 0.302581
1307 0.227195
1308 0.397504
1309 0.28075
1310 0.271831
1311 0.311981
1312 0.242563
1313 0.281732
1314 0.335724
1315 0.419632
1316 0.520563
1317 0.340786
1318 0.250303
1319 0.34174
1320 0.282021
1321 0.285223
1322 0.210552
1323 0.269853
1324 0.218231
1325 0.305379
1326 0.413362
1327 0.288863
1328 0.188574
1329 0.182054
1330 0.246778
1331 0.301233
1332 0.25606
1333 0.23968
1334 0.251142
1335 0.19563
1336 0.232362
1337 0.312536
1338 0.250173
1339 0.277613
1340 0.28893
1341 0.177005
1342 0.208616
1343 0.300411
1344 0.254682
1345 0.314728
1346 0.247178
1347 0.238967
1348 0.301279
1349 0.301462
1350 0.220744
1351 0.248888
1352 0.262191
1353 0.201605
1354 0.242362
1355 0.301828
1356 0.379743
1357 0.24017
1358 0.295176
1359 0.307672
1360 0.237237
1361 0.271427
1362 0.342057
1363 0.247018
1364 0.177627
1365 0.270015
1366 0.266085
1367 0.221479
1368 0.238114
1369 0.220852
1370 0.373329
1371 0.311513
1372 0.244246
1373 0.211375
1374 0.260008
1375 0.265978
1376 0.237587
1377 0.305203
1378 0.25873
1379 0.285165
1380 0.258372
1381 0.228411
1382 0.197279
1383 0.257854
1384 0.267656
1385 0.339827
1386 0.29057
1387 0.231987
1388 0.208811
1389 0.22572
1390 0.300931
1391 0.199636
1392 0.273393
1393 0.263816
1394 0.241319
1395 0.218524
1396 0.319443
1397 0.27585
1398 0.326715
1399 0.258958
1400 0.211419
1401 0.252875
1402 0.267475
1403 0.275964
1404 0.344614
1405 0.2516
1406 0.209923
1407 0.241013
1408 0.360958
1409 0.326474
1410 0.295548
1411 0.292006
1412 0.251462
1413 0.223678
1414 0.216743
1415 0.294636
1416 0.212549
1417 0.189874
1418 0.296238
1419 0.228451
1420 0.295312
1421 0.249626
1422 0.332032
1423 0.559978
1424 0.356919
1425 0.227482
1426 0.210773
1427 0.206521
1428 0.209481
1429 0.265389
1430 0.225296
1431 0.235363
1432 0.300259
1433 0.277598
1434 0.309124
1435 0.210102
1436 0.337066
1437 0.223119
1438 0.286724
1439 0.264201
1440 0.296415
1441 0.248268
1442 0.169361
1443 0.264263
1444 0.282205
1445 0.165218
1446 0.306966
1447 0.233253
1448 0.338828
1449 0.247528
1450 0.227295
1451 0.207972
1452 0.224964
1453 0.374822
1454 0.376
1455 0.328427
1456 0.265492
1457 0.290244
1458 0.209594
1459 0.4167
1460 0.184714
1461 0.310328
1462 0.234343
1463 0.265181
1464 0.341557
1465 0.18688
1466 0.255797
1467 0.200438
1468 0.312414
1469 0.25588
1470 0.385519
1471 0.236374
1472 0.184087
1473 0.283661
1474 0.288782
1475 0.341366
1476 0.26482
1477 0.256955
1478 0.214966
1479 0.280385
1480 0.254182
1481 0.295604
1482 0.317214
1483 0.198729
1484 0.218584
1485 0.244482
1486 0.306707
1487 0.224515
1488 0.270986
1489 0.233006
1490 0.348285
1491 0.312541
1492 0.29371
1493 0.255381
1494 0.416325
1495 0.317116
1496 0.227324
1497 0.250868
1498 0.282355
1499 0.289025
1500 0.264991
1501 0.209697
1502 0.256092
1503 0.325821
1504 0.208515
1505 0.242054
1506 0.203126
1507 0.258099
1508 0.226895
1509 0.200021
1510 0.39543
1511 0.20404
1512 0.200946
1513 0.257556
1514 0.192262
1515 0.288234
1516 0.250167
1517 0.305711
1518 0.34215
1519 0.394434
1520 0.232757
1521 0.231819
1522 0.231969
1523 0.249302
1524 0.318688
1525 0.256007
1526 0.18532
1527 0.227607
1528 0.280557
1529 0.413708
1530 0.196018
1531 0.328122
1532 0.210858
1533 0.226839
1534 0.249027
1535 0.261456
1536 0.329586
1537 0.209707
1538 0.318183
1539 0.316623
1540 0.269609
1541 0.246269
1542 0.311601
1543 0.196926
1544 0.211459
1545 0.203885
1546 0.336639
1547 0.244563
1548 0.24953
1549 0.264066
1550 0.190342
1551 0.243948
1552 0.176834
1553 0.333834
1554 0.450639
1555 0.273238
1556 0.247069
1557 0.247924
1558 0.241314
1559 0.282019
1560 0.230229
1561 0.242026
1562 0.224988
1563 0.245822
1564 0.217109
1565 0.302413
1566 0.186263
1567 0.287382
1568 0.294201
1569 0.364196
1570 0.293978
1571 0.277002
1572 0.217564
1573 0.202608
1574 0.22578
1575 0.218723
1576 0.243148
1577 0.305246
1578 0.30603
1579 0.357965
1580 0.249829
1581 0.342724
1582 0.283722
1583 0.24971
1584 0.202882
1585 0.199424
1586 0.198031
1587 0.264523
1588 0.264335
1589 0.264158
1590 0.307643
1591 0.246466
1592 0.235981
1593 0.318445
1594 0.353568
1595 0.201266
1596 0.20133
1597 0.315031
1598 0.194969
1599 0.286447
1600 0.248751
1601 0.308883
1602 0.288174
1603 0.25338
1604 0.313854
1605 0.275758
1606 0.313594
1607 0.224308
1608 0.356481
1609 0.24674
1610 0.162498
1611 0.185985
1612 0.225879
1613 0.206293
1614 0.249654
1615 0.215189
1616 0.29497
1617 0.354186
1618 0.336866
1619 0.317794
1620 0.250963
1621 0.300949
1622 0.292978
1623 0.169541
1624 0.314636
1625 0.239271
1626 0.288565
1627 0.2216
1628 0.187112
1629 0.44561
1630 0.368435
1631 0.244784
1632 0.20995
1633 0.335634
1634 0.322548
1635 0.242891
1636 0.407965
1637 0.185596
1638 0.23681
1639 0.308357
1640 0.384397
1641 0.298979
1642 0.243921
1643 0.295537
1644 0.210999
1645 0.205242
1646 0.237634
1647 0.393277
1648 0.241706
1649 0.248651
1650 0.225139
1651 0.240898
1652 0.216564
1653 0.291463
1654 0.304683
1655 0.279096
1656 0.261488
1657 0.189396
1658 0.274771
1659 0.286548
1660 0.448524
1661 0.200598
1662 0.275134
1663 0.189303
1664 0.240422
1665 0.325116
1666 0.281029
1667 0.253233
1668 0.269847
1669 0.212061
1670 0.254112
1671 0.241129
1672 0.193364
1673 0.215606
1674 0.215298
1675 0.196688
1676 0.240517
1677 0.198893
1678 0.327816
1679 0.255537
1680 0.240568
1681 0.182892
1682 0.208613
1683 0.268343
1684 0.203898
1685 0.209367
1686 0.283387
1687 0.231347
1688 0.251582
1689 0.207152
1690 0.188036
1691 0.204194
1692 0.251676
1693 0.196807
1694 0.266965
1695 0.258994
1696 0.214245
1697 0.28835
1698 0.206444
1699 0.198498
1700 0.247428
1701 0.172681
1702 0.184923
1703 0.187038
1704 0.163095
1705 0.192143
1706 0.293085
1707 0.182569
1708 0.171998
1709 0.165586
1710 0.227688
1711 0.196629
1712 0.147302
1713 0.430555
1714 0.147361
1715 0.291839
1716 0.238572
1717 0.263303
1718 0.22725
1719 0.258505
1720 0.227698
1721 0.319599
1722 0.182431
1723 0.204765
1724 0.194569
1725 0.236224
1726 0.249882
1727 0.245838
1728 0.241775
1729 0.38423
1730 0.317824
1731 0.256809
1732 0.307401
1733 0.199426
1734 0.246344
1735 0.289927
1736 0.224381
1737 0.286025
1738 0.207422
1739 0.327472
1740 0.193041
1741 0.328436
1742 0.190823
1743 0.302439
1744 0.372072
1745 0.280411
1746 0.27353
1747 0.213217
1748 0.260615
1749 0.240925
1750 0.194338
1751 0.184158
1752 0.224174
1753 0.195749
1754 0.352883
1755 0.44542
1756 0.208366
1757 0.22179
1758 0.172045
1759 0.264561
1760 0.217698
1761 0.267519
1762 0.187889
1763 0.251928
1764 0.194292
1765 0.260304
1766 0.321737
1767 0.28244
1768 0.222644
1769 0.257011
1770 0.184934
1771 0.249018
1772 0.230699
1773 0.282871
1774 0.397039
1775 0.218129
1776 0.214952
1777 0.269537
1778 0.21286
1779 0.205921
1780 0.242988
1781 0.228023
1782 0.27189
1783 0.295815
1784 0.213803
1785 0.236298
1786 0.21575
1787 0.29947
1788 0.202866
1789 0.206596
1790 0.264157
1791 0.276046
1792 0.177846
1793 0.22721
1794 0.216024
1795 0.227012
1796 0.249905
1797 0.210551
1798 0.290062
1799 0.283286
1800 0.320536
1801 0.236717
1802 0.23751
1803 0.175664
1804 0.273207
1805 0.207782
1806 0.285908
1807 0.221981
1808 0.252431
1809 0.232255
1810 0.230569
1811 0.218669
1812 0.274734
1813 0.24722
1814 0.353027
1815 0.24077
1816 0.29126
1817 0.218841
1818 0.216302
1819 0.226109
1820 0.232531
1821 0.220795
1822 0.189102
1823 0.171309
1824 0.246572
1825 0.257921
1826 0.293865
1827 0.224175
1828 0.219687
1829 0.226279
1830 0.235721
1831 0.218499
1832 0.301619
1833 0.306463
1834 0.222367
1835 0.166653
1836 0.252406
1837 0.361182
1838 0.229207
1839 0.293389
1840 0.28368
1841 0.180115
1842 0.214889
1843 0.172413
1844 0.293961
1845 0.19085
1846 0.200078
1847 0.256978
1848 0.238403
1849 0.211103
1850 0.213351
1851 0.369541
1852 0.355539
1853 0.200059
1854 0.22666
1855 0.183393
1856 0.248351
1857 0.17284
1858 0.247197
1859 0.223272
1860 0.210499
1861 0.265219
1862 0.289614
1863 0.198696
1864 0.179109
1865 0.219992
1866 0.195745
1867 0.245126
1868 0.219435
1869 0.252057
1870 0.274659
1871 0.201476
1872 0.204003
1873 0.219208
1874 0.173495
1875 0.281188
1876 0.256043
1877 0.240632
1878 0.204418
1879 0.198986
1880 0.202168
1881 0.319088
1882 0.265678
1883 0.400822
1884 0.293018
1885 0.453719
1886 0.3683
1887 0.275693
1888 0.318022
1889 0.250377
1890 0.285039
1891 0.185093
1892 0.202955
1893 0.265327
1894 0.185533
1895 0.240084
1896 0.179296
1897 0.247828
1898 0.267996
1899 0.357027
1900 0.177445
1901 0.179117
1902 0.212522
1903 0.288578
1904 0.252143
1905 0.31694
1906 0.191206
1907 0.207492
1908 0.240733
1909 0.267381
1910 0.284246
1911 0.242303
1912 0.176634
1913 0.195648
1914 0.269638
1915 0.229698
1916 0.20479
1917 0.234643
1918 0.221132
1919 0.312002
1920 0.267037
1921 0.217853
1922 0.251788
1923 0.292855
1924 0.23602
1925 0.233569
1926 0.236318
1927 0.244066
1928 0.253877
1929 0.258677
1930 0.212345
1931 0.18646
1932 0.265376
1933 0.184884
1934 0.178047
1935 0.210374
1936 0.241737
1937 0.204374
1938 0.264561
1939 0.24381
1940 0.164569
1941 0.22758
1942 0.174988
1943 0.160758
1944 0.284897
1945 0.229502
1946 0.283212
1947 0.277894
1948 0.283924
1949 0.213349
1950 0.29116
1951 0.172125
1952 0.30575
1953 0.223237
1954 0.185108
1955 0.186464
1956 0.213273
1957 0.287915
1958 0.232423
1959 0.187874
1960 0.247691
1961 0.162702
1962 0.230367
1963 0.260487
1964 0.227634
1965 0.314116
1966 0.203505
1967 0.35311
1968 0.226039
1969 0.242268
1970 0.243345
1971 0.26838
1972 0.224433
1973 0.158479
1974 0.194483
1975 0.269089
1976 0.204958
1977 0.26183
1978 0.237555
1979 0.178515
1980 0.23873
1981 0.23807
1982 0.319755
1983 0.322094
1984 0.205939
1985 0.282847
1986 0.255918
1987 0.215485
1988 0.211713
1989 0.192037
1990 0.192147
1991 0.225535
1992 0.206522
1993 0.237919
1994 0.220894
1995 0.243528
1996 0.265569
1997 0.186317
1998 0.353956
1999 0.256237
2000 0.233754
2001 0.18995
2002 0.172881
2003 0.332961
2004 0.226355
2005 0.183807
2006 0.285488
2007 0.400028
2008 0.206296
2009 0.285602
2010 0.230292
2011 0.275995
2012 0.233561
2013 0.244926
2014 0.151565
2015 0.204214
2016 0.26834
2017 0.203975
2018 0.231331
2019 0.198981
2020 0.205538
2021 0.265465
2022 0.265773
2023 0.258305
2024 0.172062
2025 0.191339
2026 0.23165
2027 0.217303
2028 0.27324
2029 0.22974
2030 0.211356
2031 0.291062
2032 0.271988
2033 0.297671
2034 0.343447
2035 0.261884
2036 0.287137
2037 0.297208
2038 0.243917
2039 0.206587
2040 0.20655
2041 0.256075
2042 0.20726
2043 0.215525
2044 0.31525
2045 0.227053
2046 0.249924
2047 0.291963
2048 0.250959
2049 0.188178
2050 0.298221
2051 0.276369
2052 0.189729
2053 0.227273
2054 0.2069
2055 0.183939
2056 0.174765
2057 0.23435
2058 0.363727
2059 0.20747
2060 0.29273
2061 0.182599
2062 0.369717
2063 0.263397
2064 0.185818
2065 0.312063
2066 0.211008
2067 0.243361
2068 0.224787
2069 0.340786
2070 0.499788
2071 0.235409
2072 0.205849
2073 0.187493
2074 0.204493
2075 0.237556
2076 0.340701
2077 0.241606
2078 0.231711
2079 0.195856
2080 0.179318
2081 0.221522
2082 0.22244
2083 0.31753
2084 0.228826
2085 0.250119
2086 0.203507
2087 0.219987
2088 0.287506
2089 0.367338
2090 0.189952
2091 0.222793
2092 0.168154
2093 0.179789
2094 0.283343
2095 0.249748
2096 0.289398
2097 0.226898
2098 0.221122
2099 0.20862
2100 0.188703
2101 0.242096
2102 0.2203
2103 0.169411
2104 0.273206
2105 0.207758
2106 0.166889
2107 0.201766
2108 0.275501
2109 0.176567
2110 0.197593
2111 0.290451
2112 0.272603
2113 0.205572
2114 0.204194
2115 0.207262
2116 0.271272
2117 0.179831
2118 0.242356
2119 0.204484
2120 0.170579
2121 0.213452
2122 0.155091
2123 0.257962
2124 0.235507
2125 0.181674
2126 0.311269
2127 0.241988
2128 0.169353
2129 0.243608
2130 0.158549
2131 0.167083
2132 0.169902
2133 0.199976
2134 0.149688
2135 0.315585
2136 0.124133
2137 0.140813
2138 0.208672
2139 0.187174
2140 0.151042
2141 0.189713
2142 0.345832
2143 0.291873
2144 0.276485
2145 0.191355
2146 0.219049
2147 0.221204
2148 0.272695
2149 0.362749
2150 0.27273
2151 0.164066
2152 0.192036
2153 0.204015
2154 0.237654
2155 0.195409
2156 0.226947
2157 0.209242
2158 0.26147
2159 0.236184
2160 0.270711
2161 0.263354
2162 0.176704
2163 0.230361
2164 0.209208
2165 0.289278
2166 0.197099
2167 0.2215
2168 0.316006
2169 0.185856
2170 0.224001
2171 0.159206
2172 0.327902
2173 0.330744
2174 0.210301
2175 0.276148
2176 0.246447
2177 0.201936
2178 0.24654
2179 0.175773
2180 0.178531
2181 0.197456
2182 0.255674
2183 0.262647
2184 0.428482
2185 0.20657
2186 0.200454
2187 0.162929
2188 0.30223
2189 0.239315
2190 0.269273
2191 0.231891
2192 0.219163
2193 0.169796
2194 0.273451
2195 0.309966
2196 0.270324
2197 0.203156
2198 0.198381
2199 0.159892
2200 0.188659
2201 0.259757
2202 0.297709
2203 0.219956
2204 0.235033
2205 0.203954
2206 0.279598
2207 0.295923
2208 0.189815
2209 0.232119
2210 0.19671
2211 0.266398
2212 0.226911
2213 0.251208
2214 0.191558
2215 0.228588
2216 0.240121
2217 0.174215
2218 0.303832
2219 0.346747
2220 0.214781
2221 0.188988
2222 0.250372
2223 0.219786
2224 0.255927
2225 0.165234
2226 0.217154
2227 0.277725
2228 0.28585
2229 0.242428
2230 0.204103
2231 0.161991
2232 0.187033
2233 0.20701
2234 0.266404
2235 0.187873
2236 0.178158
2237 0.214957
2238 0.249641
2239 0.177716
2240 0.193369
2241 0.28783
2242 0.257891
2243 0.25738
2244 0.21618
2245 0.173114
2246 0.187993
2247 0.200348
2248 0.185377
2249 0.198689
2250 0.215214
2251 0.150766
2252 0.171988
2253 0.257838
2254 0.27519
2255 0.297302
2256 0.220006
2257 0.221137
2258 0.17783
2259 0.252904
2260 0.272674
2261 0.253526
2262 0.214371
2263 0.21876
2264 0.16407
2265 0.252912
2266 0.307422
2267 0.252593
2268 0.257617
2269 0.194084
2270 0.158072
2271 0.196746
2272 0.167301
2273 0.244937
2274 0.150676
2275 0.194719
2276 0.198104
2277 0.285192
2278 0.231541
2279 0.180681
2280 0.326075
2281 0.258528
2282 0.213228
2283 0.229746
2284 0.259531
2285 0.196523
2286 0.154282
2287 0.228418
2288 0.182561
2289 0.214812
2290 0.199829
2291 0.262753
2292 0.220532
2293 0.226159
2294 0.171976
2295 0.281018
2296 0.219874
2297 0.199852
2298 0.23493
2299 0.257157
2300 0.192388
2301 0.207588
2302 0.162255
2303 0.256437
2304 0.277317
2305 0.241043
2306 0.153049
2307 0.172699
2308 0.208233
2309 0.157261
2310 0.318197
2311 0.403806
2312 0.225801
2313 0.237756
2314 0.302879
2315 0.210341
2316 0.238291
2317 0.234706
2318 0.222221
2319 0.217815
2320 0.194595
2321 0.28873
2322 0.163905
2323 0.165144
2324 0.212293
2325 0.175517
2326 0.224104
2327 0.216172
2328 0.253847
2329 0.194882
2330 0.208202
2331 0.183653
2332 0.245832
2333 0.269618
2334 0.211891
2335 0.207394
2336 0.215378
2337 0.227595
2338 0.194993
2339 0.246438
2340 0.170175
2341 0.144476
2342 0.244392
2343 0.243919
2344 0.192325
2345 0.208281
2346 0.195815
2347 0.190645
2348 0.327616
2349 0.216739
2350 0.196562
2351 0.252603
2352 0.246196
2353 0.180166
2354 0.237662
2355 0.239789
2356 0.22272
2357 0.286995
2358 0.28318
2359 0.212646
2360 0.199678
2361 0.222289
2362 0.172862
2363 0.201479
2364 0.226407
2365 0.191687
2366 0.220634
2367 0.232322
2368 0.258817
2369 0.144121
2370 0.265259
2371 0.18692
2372 0.176304
2373 0.256527
2374 0.199714
2375 0.334565
2376 0.230579
2377 0.201945
2378 0.238624
2379 0.236604
2380 0.224973
2381 0.271074
2382 0.225064
2383 0.207602
2384 0.170493
2385 0.195671
2386 0.307649
2387 0.15836
2388 0.258164
2389 0.200369
2390 0.150946
2391 0.170089
2392 0.219582
2393 0.223835
2394 0.231551
2395 0.172059
2396 0.362206
2397 0.243865
2398 0.217385
2399 0.33157
2400 0.2068
2401 0.179232
2402 0.179493
2403 0.265347
2404 0.202372
2405 0.265618
2406 0.199283
2407 0.194957
2408 0.174556
2409 0.179569
2410 0.221543
2411 0.353192
2412 0.329882
2413 0.173022
2414 0.260904
2415 0.197438
2416 0.196428
2417 0.192596
2418 0.207823
2419 0.223755
2420 0.197705
2421 0.191463
2422 0.23749
2423 0.175812
2424 0.233343
2425 0.234691
2426 0.310817
2427 0.260049
2428 0.253763
2429 0.173125
2430 0.189306
2431 0.218792
2432 0.206157
2433 0.17754
2434 0.228548
2435 0.246632
2436 0.329009
2437 0.215957
2438 0.223778
2439 0.295514
2440 0.208764
2441 0.190225
2442 0.142258
2443 0.210368
2444 0.226073
2445 0.273309
2446 0.197704
2447 0.236687
2448 0.2204
2449 0.191107
2450 0.263029
2451 0.24209
2452 0.167827
2453 0.173218
2454 0.197483
2455 0.195336
2456 0.205843
2457 0.309724
2458 0.181457
2459 0.251522
2460 0.268618
2461 0.25605
2462 0.256785
2463 0.178693
2464 0.282197
2465 0.262292
2466 0.22106
2467 0.18401
2468 0.194609
2469 0.214996
2470 0.194392
2471 0.244445
2472 0.16993
2473 0.260041
2474 0.273195
2475 0.243887
2476 0.319131
2477 0.208898
2478 0.240448
2479 0.215603
2480 0.230442
2481 0.187045
2482 0.221979
2483 0.221534
2484 0.182169
2485 0.141586
2486 0.274309
2487 0.264396
2488 0.265352
2489 0.186114
2490 0.161373
2491 0.261984
2492 0.25142
2493 0.202494
2494 0.353829
2495 0.184361
2496 0.273574
2497 0.220417
2498 0.240586
2499 0.26763
2500 0.190675
2501 0.16739
2502 0.182806
2503 0.16167
2504 0.280723
2505 0.257469
2506 0.271598
2507 0.178812
2508 0.260035
2509 0.145541
2510 0.232936
2511 0.293475
2512 0.246451
2513 0.205114
2514 0.179984
2515 0.196099
2516 0.267364
2517 0.253553
2518 0.281817
2519 0.191303
2520 0.185096
2521 0.149293
2522 0.275323
2523 0.285838
2524 0.170716
2525 0.203838
2526 0.216844
2527 0.16675
2528 0.183381
2529 0.152034
2530 0.205467
2531 0.175558
2532 0.226633
2533 0.207409
2534 0.152916
2535 0.23799
2536 0.260073
2537 0.201396
2538 0.175048
2539 0.233647
2540 0.249685
2541 0.200736
2542 0.198483
2543 0.245272
2544 0.214122
2545 0.226023
2546 0.192415
2547 0.189199
2548 0.199324
2549 0.163626
2550 0.175511
2551 0.164404
2552 0.227484
2553 0.227675
2554 0.267609
2555 0.234874
2556 0.20145
2557 0.203876
2558 0.153335
2559 0.211692
2560 0.140229
2561 0.131714
2562 0.180243
2563 0.15498
2564 0.202765
2565 0.143745
2566 0.126788
2567 0.247468
2568 0.200121
2569 0.146722
2570 0.378773
2571 0.20634
2572 0.335458
2573 0.199594
2574 0.221633
2575 0.190452
2576 0.186934
2577 0.17983
2578 0.23574
2579 0.215338
2580 0.177176
2581 0.165858
2582 0.201691
2583 0.222343
2584 0.184638
2585 0.186676
2586 0.281164
2587 0.316788
2588 0.210889
2589 0.286423
2590 0.193298
2591 0.180873
2592 0.24153
2593 0.238196
2594 0.231324
2595 0.221614
2596 0.162937
2597 0.272219
2598 0.168858
2599 0.254172
2600 0.205023
2601 0.323722
2602 0.429407
2603 0.230729
2604 0.193456
2605 0.250306
2606 0.182501
2607 0.171419
2608 0.178676
2609 0.179202
2610 0.149864
2611 0.242705
2612 0.296428
2613 0.222738
2614 0.146186
2615 0.145195
2616 0.168022
2617 0.209509
2618 0.197981
2619 0.166496
2620 0.194607
2621 0.161087
2622 0.179112
2623 0.215979
2624 0.189444
2625 0.213327
2626 0.237659
2627 0.174418
2628 0.184092
2629 0.211533
2630 0.188207
2631 0.221819
2632 0.182343
2633 0.191102
2634 0.209122
2635 0.19752
2636 0.18506
2637 0.181194
2638 0.192283
2639 0.183199
2640 0.203646
2641 0.199166
2642 0.254948
2643 0.168526
2644 0.228555
2645 0.205028
2646 0.179348
2647 0.185263
2648 0.23717
2649 0.173142
2650 0.143342
2651 0.20633
2652 0.182284
2653 0.204877
2654 0.210522
2655 0.204029
2656 0.261915
2657 0.231061
2658 0.208445
2659 0.171843
2660 0.160354
2661 0.185345
2662 0.201967
2663 0.244408
2664 0.178865
2665 0.168031
2666 0.230798
2667 0.223916
2668 0.169506
2669 0.210043
2670 0.237387
2671 0.253446
2672 0.204804
2673 0.225968
2674 0.163391
2675 0.183206
2676 0.232743
2677 0.17919
2678 0.183867
2679 0.199764
2680 0.200306
2681 0.200332
2682 0.253919
2683 0.199829
2684 0.248728
2685 0.196893
2686 0.202656
2687 0.191244
2688 0.236723
2689 0.250025
2690 0.273281
2691 0.180207
2692 0.189417
2693 0.212659
2694 0.24579
2695 0.274984
2696 0.276868
2697 0.16218
2698 0.171287
2699 0.155994
2700 0.157
2701 0.220673
2702 0.203878
2703 0.146707
2704 0.235043
2705 0.190619
2706 0.245586
2707 0.196415
2708 0.198655
2709 0.306216
2710 0.144153
2711 0.185715
2712 0.163958
2713 0.195083
2714 0.178894
2715 0.20668
2716 0.180952
2717 0.206469
2718 0.22832
2719 0.225603
2720 0.256188
2721 0.226195
2722 0.233424
2723 0.150523
2724 0.20288
2725 0.219245
2726 0.192762
2727 0.232941
2728 0.153445
2729 0.208577
2730 0.17636
2731 0.152635
2732 0.23626
2733 0.176203
2734 0.220708
2735 0.151561
2736 0.202308
2737 0.156296
2738 0.169652
2739 0.294222
2740 0.265107
2741 0.209383
2742 0.197137
2743 0.206568
2744 0.151577
2745 0.361415
2746 0.147246
2747 0.215549
2748 0.1916
2749 0.188379
2750 0.267612
2751 0.16446
2752 0.145123
2753 0.189122
2754 0.176954
2755 0.162246
2756 0.278441
2757 0.179377
2758 0.141972
2759 0.1692
2760 0.168584
2761 0.202826
2762 0.234737
2763 0.229141
2764 0.19399
2765 0.190611
2766 0.232354
2767 0.230406
2768 0.214616
2769 0.172005
2770 0.161444
2771 0.211429
2772 0.190704
2773 0.187886
2774 0.228468
2775 0.154176
2776 0.259645
2777 0.227564
2778 0.167284
2779 0.188693
2780 0.233514
2781 0.32548
2782 0.184386
2783 0.215683
2784 0.186993
2785 0.321881
2786 0.193239
2787 0.184219
2788 0.176645
2789 0.23059
2790 0.140959
2791 0.139554
2792 0.134536
2793 0.181231
2794 0.185933
2795 0.154965
2796 0.245403
2797 0.171205
2798 0.142666
2799 0.183048
2800 0.157446
2801 0.217007
2802 0.203649
2803 0.283069
2804 0.246033
2805 0.289157
2806 0.153892
2807 0.208583
2808 0.204487
2809 0.194939
2810 0.221447
2811 0.237649
2812 0.177238
2813 0.202921
2814 0.177979
2815 0.225102
2816 0.160937
2817 0.256722
2818 0.146787
2819 0.183754
2820 0.183774
2821 0.201442
2822 0.246132
2823 0.209683
2824 0.292832
2825 0.274788
2826 0.190335
2827 0.210447
2828 0.275063
2829 0.203916
2830 0.198897
2831 0.165732
2832 0.235238
2833 0.163414
2834 0.261583
2835 0.204816
2836 0.161763
2837 0.186376
2838 0.138596
2839 0.222638
2840 0.297829
2841 0.274148
2842 0.190957
2843 0.211915
2844 0.199914
2845 0.196734
2846 0.173177
2847 0.161313
2848 0.184127
2849 0.170367
2850 0.208917
2851 0.224531
2852 0.157134
2853 0.218065
2854 0.224222
2855 0.315516
2856 0.154644
2857 0.263156
2858 0.162918
2859 0.180414
2860 0.232577
2861 0.171308
2862 0.185364
2863 0.205485
2864 0.25057
2865 0.282214
2866 0.2511
2867 0.23147
2868 0.179405
2869 0.199134
2870 0.142575
2871 0.173846
2872 0.191272
2873 0.198643
2874 0.285899
2875 0.171339
2876 0.213694
2877 0.196389
2878 0.193812
2879 0.178845
2880 0.257351
2881 0.141481
2882 0.149717
2883 0.239796
2884 0.184373
2885 0.214254
2886 0.211642
2887 0.19745
2888 0.250687
2889 0.191115
2890 0.234899
2891 0.212881
2892 0.244086
2893 0.217417
2894 0.352373
2895 0.22907
2896 0.148912
2897 0.129386
2898 0.190703
2899 0.221092
2900 0.256283
2901 0.157311
2902 0.293838
2903 0.241864
2904 0.262795
2905 0.237041
2906 0.241831
2907 0.26576
2908 0.300635
2909 0.179201
2910 0.161146
2911 0.181273
2912 0.177539
2913 0.139485
2914 0.167646
2915 0.392219
2916 0.279889
2917 0.260447
2918 0.195661
2919 0.243276
2920 0.221541
2921 0.241514
2922 0.308557
2923 0.142283
2924 0.1682
2925 0.201575
2926 0.255013
2927 0.218573
2928 0.219987
2929 0.238468
2930 0.159832
2931 0.132377
2932 0.204324
2933 0.252703
2934 0.18646
2935 0.185924
2936 0.170524
2937 0.174748
2938 0.192058
2939 0.181508
2940 0.203243
2941 0.222813
2942 0.216037
2943 0.182101
2944 0.212585
2945 0.219785
2946 0.324243
2947 0.147815
2948 0.248853
2949 0.159048
2950 0.172033
2951 0.220177
2952 0.205432
2953 0.223321
2954 0.185291
2955 0.20029
2956 0.161404
2957 0.20342
2958 0.199977
2959 0.191741
2960 0.128169
2961 0.246313
2962 0.205522
2963 0.173271
2964 0.171993
2965 0.239234
2966 0.169694
2967 0.161955
2968 0.210098
2969 0.22552
2970 0.194276
2971 0.148181
2972 0.183444
2973 0.169794
2974 0.210821
2975 0.201554
2976 0.169219
2977 0.165384
2978 0.211765
2979 0.138566
2980 0.209247
2981 0.181871
2982 0.176947
2983 0.266303
2984 0.180757
2985 0.17256
2986 0.207272
2987 0.143325
2988 0.157087
2989 0.174618
2990 0.122499
2991 0.144548
2992 0.179464
2993 0.160056
2994 0.122038
2995 0.119974
2996 0.178569
2997 0.154365
2998 0.123771
2999 0.321616
3000 0.144726
3001 0.252279
3002 0.188867
3003 0.218329
3004 0.172798
3005 0.20049
3006 0.191407
3007 0.221673
3008 0.156954
3009 0.145857
3010 0.170445
3011 0.191558
3012 0.189316
3013 0.173504
3014 0.153111
3015 0.289144
3016 0.229207
3017 0.204941
3018 0.294182
3019 0.188496
3020 0.14754
3021 0.274642
3022 0.18031
3023 0.247944
3024 0.199061
3025 0.284737
3026 0.232291
3027 0.273384
3028 0.183796
3029 0.287468
3030 0.298561
3031 0.193341
3032 0.240321
3033 0.186886
3034 0.203797
3035 0.171503
3036 0.167873
3037 0.171989
3038 0.150379
3039 0.178945
3040 0.263855
3041 0.318526
3042 0.164364
3043 0.169665
3044 0.133109
3045 0.198481
3046 0.179587
3047 0.205508
3048 0.179635
3049 0.161133
3050 0.1433
3051 0.212989
3052 0.316075
3053 0.182708
3054 0.166274
3055 0.193466
3056 0.196511
3057 0.249741
3058 0.187626
3059 0.238878
3060 0.29253
3061 0.188183
3062 0.187811
3063 0.202402
3064 0.185982
3065 0.147275
3066 0.204685
3067 0.176946
3068 0.202627
3069 0.209381
3070 0.195545
3071 0.1854
3072 0.186843
3073 0.194436
3074 0.177078
3075 0.187154
3076 0.196968
3077 0.200323
3078 0.188797
3079 0.196333
3080 0.182173
3081 0.175912
3082 0.182412
3083 0.19774
3084 0.231448
3085 0.257877
3086 0.236747
3087 0.182308
3088 0.142949
3089 0.171581
3090 0.208672
3091 0.206741
3092 0.218585
3093 0.141066
3094 0.208426
3095 0.212222
3096 0.176764
3097 0.166306
3098 0.22371
3099 0.212923
3100 0.328229
3101 0.186842
3102 0.224826
3103 0.136391
3104 0.15987
3105 0.207378
3106 0.164405
3107 0.153797
3108 0.182466
3109 0.145035
3110 0.201823
3111 0.215027
3112 0.19682
3113 0.174086
3114 0.22
3115 0.140297
3116 0.181316
3117 0.190118
3118 0.251335
3119 0.215971
3120 0.164325
3121 0.143425
3122 0.207686
3123 0.249421
3124 0.280486
3125 0.226339
3126 0.170496
3127 0.155682
3128 0.181721
3129 0.135652
3130 0.208684
3131 0.148652
3132 0.207762
3133 0.201156
3134 0.197533
3135 0.242027
3136 0.189161
3137 0.189437
3138 0.291198
3139 0.160522
3140 0.165383
3141 0.157321
3142 0.185098
3143 0.180094
3144 0.197257
3145 0.142842
3146 0.222297
3147 0.239392
3148 0.282202
3149 0.164087
3150 0.200884
3151 0.180648
3152 0.184265
3153 0.185793
3154 0.193069
3155 0.164689
3156 0.186953
3157 0.145739
3158 0.203856
3159 0.166371
3160 0.137671
3161 0.227268
3162 0.170938
3163 0.211321
3164 0.152746
3165 0.175461
3166 0.156981
3167 0.243932
3168 0.282523
3169 0.299365
3170 0.264515
3171 0.242265
3172 0.159675
3173 0.19461
3174 0.214057
3175 0.164258
3176 0.191644
3177 0.186737
3178 0.186141
3179 0.207564
3180 0.161796
3181 0.188137
3182 0.143451
3183 0.189462
3184 0.180488
3185 0.207269
3186 0.14206
3187 0.149459
3188 0.172878
3189 0.270252
3190 0.208191
3191 0.215545
3192 0.163992
3193 0.175695
3194 0.196913
3195 0.156501
3196 0.216869
3197 0.190638
3198 0.141841
3199 0.172737
3200 0.202816
3201 0.173464
3202 0.155062
3203 0.201462
3204 0.215081
3205 0.269976
3206 0.195069
3207 0.185625
3208 0.182272
3209 0.286271
3210 0.24148
3211 0.170425
3212 0.14834
3213 0.186966
3214 0.241903
3215 0.210088
3216 0.13443
3217 0.160237
3218 0.184244
3219 0.136489
3220 0.136719
3221 0.161765
3222 0.197947
3223 0.182356
3224 0.197298
3225 0.196382
3226 0.153927
3227 0.206536
3228 0.168165
3229 0.132951
3230 0.232397
3231 0.246609
3232 0.231505
3233 0.246645
3234 0.208914
3235 0.207549
3236 0.212859
3237 0.202209
3238 0.215818
3239 0.194784
3240 0.186649
3241 0.136362
3242 0.175545
3243 0.275377
3244 0.194385
3245 0.162431
3246 0.221676
3247 0.157843
3248 0.18249
3249 0.168677
3250 0.151373
3251 0.260151
3252 0.176307
3253 0.267992
3254 0.188563
3255 0.220404
3256 0.219226
3257 0.26495
3258 0.148287
3259 0.164186
3260 0.140842
3261 0.261309
3262 0.211747
3263 0.206533
3264 0.230813
3265 0.154776
3266 0.163115
3267 0.201471
3268 0.217109
3269 0.277247
3270 0.156429
3271 0.182854
3272 0.194541
3273 0.222006
3274 0.187253
3275 0.15971
3276 0.201035
3277 0.18169
3278 0.179653
3279 0.194289
3280 0.211963
3281 0.192592
3282 0.203502
3283 0.207889
3284 0.288986
3285 0.192457
3286 0.202565
3287 0.19126
3288 0.165002
3289 0.223979
3290 0.170969
3291 0.186208
3292 0.212921
3293 0.295514
3294 0.200688
3295 0.178246
3296 0.179697
3297 0.218223
3298 0.163341
3299 0.158546
3300 0.13446
3301 0.17402
3302 0.260781
3303 0.154801
3304 0.204414
3305 0.20512
3306 0.252237
3307 0.194626
3308 0.236317
3309 0.196677
3310 0.156678
3311 0.153862
3312 0.180709
3313 0.215318
3314 0.260247
3315 0.183489
3316 0.205055
3317 0.22616
3318 0.230055
3319 0.203914
3320 0.229484
3321 0.239708
3322 0.180797
3323 0.309097
3324 0.170754
3325 0.152965
3326 0.171308
3327 0.208636
3328 0.176227
3329 0.24142
3330 0.203943
3331 0.224409
3332 0.235337
3333 0.244869
3334 0.231335
3335 0.180856
3336 0.175065
3337 0.218536
3338 0.167493
3339 0.169009
3340 0.169078
3341 0.14932
3342 0.146293
3343 0.17542
3344 0.373362
3345 0.17034
3346 0.182436
3347 0.154539
3348 0.264645
3349 0.276512
3350 0.163107
3351 0.296251
3352 0.163605
3353 0.196223
3354 0.2579
3355 0.318086
3356 0.275062
3357 0.166691
3358 0.187492
3359 0.140811
3360 0.163738
3361 0.221632
3362 0.229797
3363 0.18276
3364 0.168967
3365 0.190402
3366 0.167493
3367 0.225317
3368 0.203439
3369 0.223052
3370 0.174086
3371 0.18751
3372 0.144124
3373 0.241481
3374 0.22473
3375 0.29992
3376 0.144463
3377 0.234902
3378 0.166054
3379 0.171404
3380 0.218036
3381 0.181019
3382 0.155677
3383 0.204616
3384 0.168291
3385 0.154304
3386 0.156374
3387 0.187772
3388 0.187686
3389 0.201275
3390 0.245133
3391 0.186119
3392 0.127965
3393 0.167802
3394 0.21402
3395 0.146975
3396 0.131262
3397 0.190149
3398 0.190688
3399 0.160403
3400 0.15874
3401 0.173002
3402 0.224805
3403 0.1759
3404 0.184991
3405 0.172943
3406 0.141357
3407 0.177205
3408 0.158567
3409 0.189348
3410 0.16822
3411 0.160957
3412 0.238738
3413 0.164162
3414 0.167769
3415 0.165254
3416 0.160777
3417 0.16131
3418 0.124406
3419 0.147035
3420 0.124068
3421 0.165551
3422 0.136479
3423 0.145278
3424 0.114608
3425 0.193794
3426 0.129292
3427 0.153401
3428 0.365535
3429 0.28572
3430 0.216002
3431 0.167412
3432 0.219018
3433 0.176938
3434 0.197143
3435 0.228934
3436 0.180858
3437 0.151128
3438 0.174507
3439 0.169559
3440 0.181368
3441 0.155696
3442 0.165829
3443 0.194875
3444 0.210772
3445 0.247839
3446 0.18879
3447 0.248512
3448 0.145043
3449 0.179619
3450 0.191253
3451 0.18295
3452 0.213588
3453 0.222304
3454 0.273796
3455 0.158199
3456 0.173912
3457 0.159998
3458 0.208761
3459 0.261951
3460 0.213917
3461 0.167638
3462 0.188814
3463 0.194209
3464 0.212724
3465 0.168458
3466 0.169456
3467 0.121858
3468 0.223318
3469 0.184531
3470 0.429041
3471 0.148852
3472 0.147421
3473 0.148503
3474 0.205589
3475 0.180292
3476 0.203059
3477 0.149715
3478 0.176642
3479 0.163668
3480 0.166442
3481 0.23895
3482 0.153616
3483 0.168341
3484 0.135062
3485 0.147919
3486 0.170413
3487 0.199482
3488 0.204666
3489 0.164303
3490 0.163801
3491 0.188762
3492 0.186042
3493 0.146644
3494 0.187558
3495 0.193819
3496 0.138755
3497 0.20069
3498 0.195222
3499 0.195998
3500 0.18587
3501 0.185161
3502 0.191806
3503 0.142588
3504 0.186282
3505 0.206392
3506 0.174366
3507 0.152516
3508 0.21551
3509 0.142588
3510 0.170876
3511 0.169769
3512 0.134888
3513 0.225145
3514 0.291412
3515 0.155131
3516 0.164091
3517 0.143984
3518 0.174171
3519 0.140514
3520 0.228827
3521 0.172271
3522 0.156438
3523 0.177098
3524 0.185566
3525 0.139474
3526 0.166054
3527 0.229015
3528 0.18278
3529 0.194643
3530 0.172135
3531 0.162524
3532 0.171972
3533 0.179384
3534 0.127003
3535 0.194134
3536 0.183871
3537 0.141696
3538 0.130776
3539 0.213535
3540 0.174543
3541 0.212479
3542 0.234099
3543 0.157346
3544 0.12258
3545 0.197227
3546 0.192664
3547 0.1627
3548 0.226566
3549 0.166493
3550 0.143536
3551 0.173502
3552 0.253539
3553 0.156328
3554 0.184501
3555 0.18618
3556 0.159037
3557 0.180758
3558 0.14252
3559 0.237306
3560 0.142329
3561 0.160887
3562 0.154788
3563 0.265864
3564 0.175249
3565 0.13771
3566 0.225602
3567 0.14768
3568 0.137119
3569 0.151002
3570 0.165678
3571 0.144106
3572 0.143124
3573 0.163347
3574 0.168246
3575 0.190982
3576 0.154036
3577 0.210633
3578 0.160044
3579 0.16271
3580 0.153602
3581 0.212832
3582 0.22766
3583 0.169294
3584 0.197979
3585 0.150548
3586 0.18855
3587 0.165099
3588 0.156965
3589 0.132772
3590 0.209399
3591 0.167409
3592 0.203535
3593 0.161298
3594 0.153423
3595 0.146516
3596 0.227341
3597 0.3483
3598 0.253984
3599 0.21045
3600 0.257111
3601 0.140026
3602 0.216487
3603 0.203852
3604 0.146993
3605 0.171668
3606 0.179278
3607 0.267621
3608 0.142651
3609 0.129458
3610 0.163102
3611 0.180244
3612 0.17301
3613 0.185116
3614 0.230773
3615 0.142517
3616 0.152837
3617 0.15678
3618 0.178285
3619 0.205183
3620 0.178517
3621 0.160462
3622 0.201088
3623 0.158874
3624 0.173561
3625 0.202845
3626 0.145347
3627 0.156911
3628 0.190998
3629 0.161926
3630 0.156909
3631 0.142614
3632 0.181871
3633 0.208204
3634 0.2486
3635 0.200682
3636 0.160226
3637 0.200902
3638 0.182135
3639 0.215513
3640 0.250914
3641 0.145944
3642 0.215955
3643 0.287247
3644 0.190112
3645 0.146434
3646 0.158479
3647 0.167937
3648 0.136539
3649 0.172166
3650 0.193022
3651 0.153673
3652 0.152286
3653 0.198712
3654 0.184148
3655 0.138363
3656 0.148982
3657 0.13958
3658 0.124577
3659 0.273539
3660 0.142593
3661 0.279137
3662 0.215467
3663 0.172175
3664 0.19073
3665 0.165308
3666 0.148396
3667 0.241948
3668 0.175697
3669 0.17421
3670 0.168449
3671 0.173934
3672 0.219035
3673 0.153765
3674 0.159157
3675 0.164138
3676 0.134677
3677 0.199693
3678 0.16567
3679 0.243718
3680 0.183258
3681 0.16561
3682 0.267382
3683 0.16203
3684 0.182125
3685 0.256842
3686 0.250231
3687 0.143117
3688 0.156549
3689 0.178902
3690 0.209404
3691 0.189096
3692 0.155575
3693 0.186101
3694 0.13487
3695 0.136851
3696 0.188968
3697 0.224209
3698 0.281254
3699 0.144177
3700 0.184741
3701 0.236482
3702 0.152949
3703 0.157415
3704 0.14749
3705 0.219764
3706 0.153844
3707 0.163872
3708 0.190704
3709 0.151007
3710 0.16812
3711 0.151686
3712 0.263165
3713 0.175372
3714 0.203093
3715 0.151657
3716 0.182808
3717 0.161321
3718 0.15978
3719 0.159648
3720 0.205059
3721 0.269439
3722 0.253123
3723 0.135915
3724 0.159063
3725 0.268466
3726 0.191124
3727 0.201025
3728 0.126452
3729 0.183802
3730 0.164474
3731 0.222128
3732 0.15887
3733 0.19525
3734 0.189304
3735 0.138228
3736 0.178936
3737 0.237658
3738 0.157487
3739 0.113531
3740 0.18979
3741 0.190617
3742 0.161114
3743 0.229615
3744 0.204957
3745 0.191365
3746 0.190039
3747 0.160316
3748 0.213663
3749 0.19481
3750 0.233211
3751 0.209228
3752 0.240834
3753 0.137376
3754 0.148178
3755 0.148314
3756 0.188752
3757 0.243227
3758 0.137854
3759 0.26271
3760 0.221604
3761 0.16374
3762 0.214358
3763 0.238951
3764 0.244703
3765 0.159404
3766 0.198208
3767 0.187813
3768 0.162596
3769 0.175847
3770 0.163209
3771 0.152028
3772 0.232792
3773 0.255719
3774 0.226063
3775 0.129229
3776 0.163169
3777 0.270703
3778 0.16462
3779 0.173301
3780 0.23557
3781 0.168743
3782 0.282049
3783 0.187055
3784 0.204478
3785 0.228516
3786 0.161546
3787 0.155935
3788 0.16483
3789 0.177923
3790 0.200876
3791 0.191935
3792 0.194361
3793 0.136552
3794 0.173124
3795 0.132651
3796 0.182945
3797 0.223111
3798 0.193439
3799 0.153364
3800 0.176153
3801 0.178344
3802 0.196993
3803 0.303318
3804 0.240976
3805 0.175008
3806 0.156804
3807 0.149337
3808 0.279693
3809 0.227326
3810 0.183648
3811 0.160358
3812 0.196845
3813 0.1612
3814 0.170425
3815 0.145569
3816 0.196164
3817 0.145427
3818 0.151567
3819 0.183308
3820 0.139762
3821 0.140278
3822 0.208684
3823 0.138141
3824 0.169728
3825 0.16084
3826 0.191844
3827 0.151742
3828 0.158972
3829 0.184401
3830 0.196236
3831 0.196556
3832 0.151841
3833 0.158043
3834 0.135615
3835 0.154899
3836 0.182092
3837 0.141157
3838 0.144025
3839 0.229808
3840 0.207565
3841 0.148096
3842 0.146661
3843 0.188786
3844 0.145118
3845 0.158245
3846 0.155468
3847 0.135119
3848 0.130324
3849 0.163882
3850 0.171648
3851 0.119622
3852 0.125666
3853 0.133503
3854 0.168162
3855 0.109656
3856 0.235515
3857 0.259599
3858 0.255453
3859 0.272527
3860 0.172513
3861 0.157514
3862 0.16418
3863 0.230302
3864 0.19905
3865 0.178884
3866 0.164968
3867 0.131875
3868 0.151068
3869 0.174581
3870 0.155042
3871 0.165578
3872 0.234698
3873 0.292784
3874 0.196178
3875 0.176598
3876 0.160373
3877 0.139166
3878 0.177822
3879 0.186016
3880 0.1968
3881 0.137606
3882 0.21243
3883 0.257895
3884 0.168052
3885 0.164627
3886 0.150157
3887 0.223162
3888 0.247926
3889 0.152724
3890 0.186199
3891 0.191834
3892 0.224304
3893 0.155114
3894 0.122738
3895 0.159874
3896 0.148573
3897 0.208256
3898 0.238508
3899 0.204624
3900 0.12496
3901 0.151598
3902 0.147469
3903 0.199557
3904 0.141212
3905 0.193133
3906 0.210057
3907 0.150456
3908 0.138639
3909 0.20192
3910 0.200493
3911 0.205321
3912 0.173098
3913 0.178191
3914 0.137444
3915 0.189287
3916 0.18367
3917 0.191845
3918 0.155034
3919 0.192125
3920 0.159454
3921 0.179417
3922 0.152347
3923 0.161015
3924 0.133243
3925 0.164938
3926 0.149621
3927 0.188543
3928 0.212441
3929 0.172056
3930 0.201776
3931 0.172028
3932 0.150306
3933 0.174191
3934 0.167985
3935 0.143925
3936 0.140984
3937 0.165726
3938 0.133577
3939 0.161615
3940 0.139924
3941 0.141916
3942 0.194313
3943 0.208823
3944 0.209365
3945 0.182188
3946 0.123646
3947 0.154973
3948 0.136208
3949 0.187876
3950 0.198779
3951 0.178464
3952 0.211706
3953 0.194539
3954 0.141175
3955 0.197034
3956 0.243752
3957 0.220241
3958 0.165324
3959 0.208405
3960 0.134592
3961 0.148285
3962 0.205673
3963 0.178645
3964 0.193101
3965 0.15639
3966 0.129887
3967 0.142321
3968 0.224063
3969 0.197375
3970 0.230465
3971 0.222395
3972 0.141326
3973 0.169787
3974 0.225594
3975 0.178357
3976 0.160546
3977 0.156697
3978 0.142626
3979 0.124352
3980 0.217523
3981 0.231561
3982 0.217011
3983 0.15521
3984 0.143811
3985 0.153715
3986 0.149194
3987 0.157657
3988 0.138961
3989 0.131013
3990 0.167651
3991 0.126419
3992 0.214186
3993 0.180419
3994 0.225253
3995 0.249658
3996 0.176316
3997 0.139529
3998 0.145036
3999 0.188154
4000 0.168192
4001 0.185279
4002 0.141127
4003 0.182004
4004 0.167879
4005 0.186185
4006 0.19026
4007 0.142405
4008 0.196814
4009 0.160196
4010 0.180789
4011 0.180281
4012 0.167225
4013 0.190115
4014 0.145303
4015 0.179145
4016 0.169518
4017 0.12901
4018 0.219374
4019 0.150474
4020 0.158049
4021 0.142749
4022 0.174426
4023 0.158143
4024 0.144048
4025 0.226712
4026 0.248989
4027 0.194165
4028 0.180578
4029 0.209436
4030 0.116805
4031 0.234611
4032 0.139914
4033 0.179546
4034 0.142166
4035 0.181547
4036 0.254603
4037 0.140598
4038 0.144843
4039 0.135314
4040 0.184053
4041 0.123842
4042 0.252882
4043 0.165287
4044 0.156397
4045 0.160125
4046 0.149106
4047 0.168818
4048 0.151875
4049 0.161452
4050 0.156547
4051 0.160402
4052 0.193699
4053 0.164354
4054 0.179821
4055 0.130951
4056 0.143625
4057 0.182921
4058 0.16962
4059 0.153198
4060 0.170025
4061 0.174212
4062 0.194521
4063 0.182599
4064 0.191471
4065 0.180965
4066 0.169997
4067 0.217831
4068 0.183938
4069 0.185452
4070 0.217766
4071 0.187768
4072 0.253584
4073 0.165849
4074 0.155235
4075 0.190655
4076 0.159279
4077 0.120875
4078 0.136166
4079 0.194794
4080 0.16864
4081 0.119828
4082 0.190001
4083 0.148424
4084 0.133365
4085 0.148084
4086 0.126153
4087 0.215144
4088 0.15319
4089 0.183705
4090 0.219441
4091 0.237638
4092 0.163631
4093 0.178409
4094 0.156237
4095 0.128128
4096 0.204934
4097 0.166993
4098 0.123867
4099 0.152474
4100 0.186147
4101 0.167378
4102 0.165892
4103 0.189382
4104 0.125111
4105 0.133105
4106 0.179278
4107 0.166654
4108 0.235799
4109 0.177554
4110 0.202514
4111 0.223127
4112 0.177391
4113 0.150029
4114 0.283026
4115 0.128344
4116 0.157612
4117 0.128171
4118 0.220911
4119 0.15752
4120 0.152126
4121 0.152693
4122 0.139326
4123 0.16094
4124 0.170011
4125 0.191787
4126 0.213891
4127 0.215471
4128 0.184096
4129 0.147186
4130 0.235458
4131 0.15827
4132 0.18799
4133 0.12838
4134 0.158831
4135 0.160631
4136 0.209128
4137 0.170303
4138 0.169414
4139 0.234899
4140 0.141947
4141 0.205833
4142 0.215188
4143 0.196495
4144 0.146238
4145 0.152494
4146 0.232076
4147 0.152592
4148 0.174751
4149 0.161533
4150 0.23801
4151 0.292592
4152 0.180812
4153 0.163072
4154 0.225328
4155 0.272372
4156 0.166681
4157 0.135645
4158 0.140995
4159 0.215127
4160 0.220937
4161 0.137133
4162 0.23608
4163 0.186225
4164 0.208152
4165 0.185306
4166 0.260571
4167 0.144209
4168 0.155071
4169 0.180183
4170 0.185994
4171 0.18745
4172 0.159573
4173 0.165855
4174 0.164445
4175 0.170047
4176 0.164196
4177 0.182464
4178 0.188732
4179 0.217128
4180 0.285767
4181 0.185738
4182 0.174784
4183 0.129914
4184 0.165369
4185 0.181779
4186 0.190964
4187 0.133645
4188 0.245656
4189 0.147171
4190 0.227127
4191 0.260638
4192 0.189169
4193 0.224645
4194 0.194878
4195 0.115297
4196 0.136501
4197 0.158836
4198 0.160461
4199 0.141479
4200 0.12074
4201 0.22173
4202 0.245563
4203 0.197385
4204 0.148554
4205 0.230458
4206 0.208938
4207 0.196308
4208 0.210567
4209 0.197502
4210 0.141012
4211 0.166783
4212 0.187753
4213 0.187932
4214 0.202722
4215 0.175556
4216 0.184842
4217 0.152586
4218 0.124223
4219 0.257275
4220 0.177971
4221 0.185777
4222 0.146372
4223 0.144485
4224 0.159482
4225 0.193715
4226 0.201256
4227 0.174879
4228 0.178487
4229 0.128744
4230 0.186467
4231 0.169333
4232 0.203613
4233 0.217385
4234 0.205863
4235 0.113495
4236 0.16776
4237 0.201677
4238 0.223648
4239 0.160855
4240 0.165622
4241 0.173854
4242 0.126433
4243 0.188311
4244 0.168918
4245 0.13839
4246 0.149292
4247 0.18248
4248 0.192195
4249 0.152115
4250 0.177838
4251 0.189016
4252 0.184592
4253 0.138647
4254 0.204315
4255 0.209135
4256 0.138858
4257 0.152098
4258 0.185311
4259 0.167987
4260 0.176175
4261 0.159673
4262 0.148542
4263 0.166997
4264 0.171682
4265 0.16358
4266 0.18506
4267 0.123828
4268 0.157222
4269 0.181166
4270 0.200142
4271 0.121942
4272 0.15756
4273 0.137252
4274 0.169916
4275 0.119831
4276 0.132556
4277 0.1582
4278 0.16641
4279 0.135046
4280 0.112453
4281 0.120203
4282 0.176184
4283 0.16624
4284 0.14671
4285 0.320036
4286 0.148037
4287 0.177371
4288 0.18981
4289 0.197523
4290 0.146114
4291 0.211408
4292 0.200813
4293 0.210463
4294 0.162852
4295 0.126514
4296 0.148078
4297 0.145422
4298 0.192781
4299 0.146165
4300 0.14712
4301 0.261842
4302 0.186384
4303 0.11557
4304 0.210218
4305 0.123376
4306 0.150342
4307 0.21692
4308 0.150204
4309 0.162268
4310 0.148132
4311 0.232303
4312 0.178114
4313 0.184123
4314 0.155505
4315 0.196812
4316 0.249652
4317 0.172317
4318 0.197305
4319 0.136521
4320 0.165208
4321 0.153919
4322 0.131509
4323 0.136661
4324 0.175179
4325 0.188878
4326 0.246326
4327 0.274316
4328 0.209449
4329 0.115631
4330 0.127134
4331 0.147468
4332 0.163149
4333 0.192924
4334 0.138664
4335 0.158728
4336 0.14236
4337 0.124306
4338 0.192634
4339 0.209095
4340 0.176381
4341 0.161506
4342 0.129106
4343 0.186448
4344 0.145923
4345 0.165776
4346 0.168888
4347 0.164911
4348 0.166234
4349 0.140731
4350 0.185606
4351 0.1487
4352 0.161168
4353 0.157638
4354 0.17395
4355 0.17211
4356 0.227466
4357 0.164695
4358 0.172265
4359 0.157631
4360 0.144998
4361 0.173291
4362 0.172782
4363 0.201995
4364 0.133707
4365 0.158015
4366 0.152358
4367 0.156919
4368 0.148477
4369 0.188762
4370 0.156961
4371 0.194058
4372 0.174607
4373 0.168635
4374 0.140855
4375 0.1493
4376 0.18037
4377 0.158858
4378 0.253552
4379 0.14703
4380 0.177527
4381 0.146706
4382 0.170844
4383 0.145252
4384 0.160683
4385 0.162201
4386 0.241951
4387 0.165274
4388 0.186655
4389 0.172041
4390 0.140422
4391 0.186646
4392 0.12358
4393 0.135303
4394 0.133262
4395 0.134854
4396 0.187319
4397 0.167554
4398 0.177512
4399 0.161249
4400 0.174967
4401 0.152399
4402 0.143516
4403 0.209753
4404 0.185521
4405 0.165128
4406 0.16765
4407 0.137467
4408 0.172268
4409 0.165231
4410 0.212593
4411 0.159396
4412 0.152287
4413 0.146804
4414 0.162075
4415 0.116903
4416 0.20648
4417 0.140846
4418 0.150552
4419 0.15682
4420 0.158329
4421 0.167523
4422 0.126843
4423 0.17687
4424 0.206887
4425 0.155066
4426 0.16618
4427 0.123118
4428 0.161615
4429 0.133021
4430 0.149563
4431 0.135902
4432 0.189063
4433 0.245184
4434 0.167247
4435 0.192061
4436 0.156907
4437 0.166259
4438 0.137293
4439 0.210868
4440 0.211639
4441 0.194348
4442 0.158988
4443 0.120691
4444 0.22762
4445 0.142269
4446 0.144971
4447 0.214648
4448 0.151706
4449 0.173656
4450 0.133079
4451 0.201402
4452 0.144459
4453 0.186679
4454 0.233687
4455 0.31371
4456 0.17798
4457 0.209858
4458 0.118255
4459 0.159598
4460 0.220019
4461 0.142056
4462 0.194109
4463 0.165088
4464 0.156459
4465 0.155135
4466 0.141893
4467 0.1596
4468 0.134793
4469 0.136494
4470 0.169402
4471 0.182723
4472 0.135296
4473 0.120655
4474 0.150492
4475 0.196606
4476 0.188985
4477 0.204618
4478 0.150867
4479 0.175241
4480 0.181549
4481 0.193333
4482 0.193261
4483 0.166541
4484 0.114628
4485 0.136963
4486 0.208146
4487 0.171609
4488 0.17075
4489 0.151962
4490 0.161467
4491 0.329204
4492 0.16394
4493 0.168553
4494 0.224591
4495 0.267509
4496 0.153645
4497 0.1779
4498 0.185532
4499 0.197846
4500 0.253682
4501 0.196841
4502 0.144936
4503 0.161966
4504 0.149897
4505 0.116367
4506 0.129226
4507 0.134101
4508 0.151505
4509 0.193303
4510 0.155042
4511 0.224159
4512 0.105347
4513 0.159583
4514 0.157665
4515 0.136028
4516 0.233939
4517 0.181234
4518 0.19731
4519 0.195682
4520 0.176376
4521 0.128664
4522 0.201917
4523 0.170132
4524 0.207045
4525 0.186842
4526 0.16256
4527 0.133694
4528 0.195757
4529 0.239003
4530 0.169388
4531 0.170477
4532 0.172698
4533 0.122528
4534 0.145016
4535 0.158144
4536 0.14768
4537 0.266362
4538 0.128063
4539 0.21102
4540 0.205292
4541 0.145959
4542 0.177804
4543 0.229852
4544 0.175837
4545 0.157371
4546 0.157561
4547 0.194326
4548 0.156249
4549 0.204315
4550 0.173541
4551 0.120239
4552 0.135413
4553 0.17299
4554 0.162401
4555 0.277653
4556 0.15757
4557 0.15266
4558 0.171132
4559 0.197988
4560 0.168333
4561 0.128046
4562 0.165663
4563 0.155963
4564 0.157886
4565 0.175142
4566 0.187787
4567 0.191692
4568 0.16377
4569 0.183242
4570 0.217919
4571 0.153342
4572 0.196136
4573 0.161442
4574 0.117131
4575 0.18632
4576 0.147289
4577 0.176188
4578 0.159068
4579 0.234449
4580 0.167801
4581 0.154677
4582 0.179944
4583 0.247154
4584 0.144703
4585 0.13437
4586 0.10882
4587 0.209193
4588 0.25241
4589 0.119442
4590 0.142339
4591 0.18831
4592 0.178159
4593 0.181559
4594 0.186318
4595 0.179292
4596 0.137458
4597 0.126593
4598 0.192906
4599 0.145481
4600 0.190971
4601 0.201898
4602 0.181228
4603 0.245106
4604 0.174099
4605 0.170364
4606 0.217639
4607 0.208341
4608 0.143337
4609 0.279228
4610 0.17767
4611 0.145627
4612 0.169562
4613 0.159156
4614 0.128368
4615 0.157826
4616 0.189534
4617 0.209728
4618 0.20712
4619 0.192122
4620 0.216646
4621 0.157963
4622 0.174472
4623 0.157465
4624 0.168094
4625 0.164146
4626 0.142838
4627 0.153216
4628 0.1477
4629 0.140993
4630 0.266107
4631 0.183898
4632 0.179454
4633 0.122408
4634 0.227678
4635 0.223084
4636 0.1506
4637 0.274512
4638 0.148831
4639 0.200204
4640 0.187772
4641 0.218935
4642 0.160912
4643 0.159214
4644 0.197115
4645 0.125509
4646 0.141114
4647 0.157095
4648 0.248504
4649 0.17949
4650 0.140671
4651 0.190326
4652 0.1804
4653 0.200028
4654 0.164743
4655 0.247947
4656 0.160414
4657 0.125365
4658 0.132982
4659 0.178228
4660 0.201969
4661 0.264283
4662 0.155457
4663 0.202872
4664 0.142122
4665 0.157969
4666 0.184974
4667 0.196298
4668 0.151866
4669 0.183996
4670 0.128225
4671 0.144656
4672 0.141967
4673 0.143579
4674 0.137213
4675 0.180267
4676 0.204701
4677 0.132571
4678 0.156494
4679 0.20353
4680 0.17894
4681 0.221923
4682 0.140029
4683 0.198497
4684 0.18969
4685 0.142773
4686 0.139245
4687 0.176726
4688 0.17905
4689 0.175487
4690 0.190785
4691 0.140428
4692 0.141837
4693 0.164086
4694 0.123869
4695 0.151796
4696 0.171431
4697 0.128204
4698 0.222978
4699 0.13294
4700 0.134991
4701 0.159184
4702 0.152544
4703 0.173567
4704 0.138993
4705 0.116716
4706 0.142887
4707 0.144207
4708 0.106657
4709 0.117879
4710 0.122528
4711 0.135288
4712 0.114602
4713 0.137743
4714 0.280268
4715 0.185731
4716 0.215825
4717 0.190793
4718 0.176468
4719 0.209538
4720 0.141855
4721 0.19586
4722 0.188382
4723 0.148316
4724 0.153365
4725 0.204983
4726 0.150371
4727 0.154256
4728 0.139884
4729 0.159921
4730 0.236928
4731 0.213466
4732 0.127429
4733 0.212378
4734 0.134923
4735 0.154317
4736 0.164057
4737 0.159557
4738 0.171227
4739 0.129664
4740 0.230252
4741 0.138986
4742 0.190072
4743 0.138913
4744 0.23714
4745 0.228448
4746 0.172561
4747 0.160877
4748 0.146998
4749 0.169237
4750 0.194747
4751 0.141246
4752 0.132803
4753 0.124306
4754 0.157918
4755 0.18635
4756 0.328273
4757 0.11162
4758 0.12906
4759 0.11931
4760 0.150383
4761 0.134059
4762 0.182269
4763 0.139996
4764 0.13262
4765 0.123745
4766 0.155971
4767 0.181381
4768 0.135925
4769 0.180733
4770 0.161289
4771 0.142867
4772 0.109145
4773 0.16417
4774 0.188623
4775 0.159423
4776 0.142135
4777 0.15582
4778 0.141181
4779 0.124618
4780 0.135309
4781 0.15799
4782 0.133249
4783 0.165812
4784 0.159334
4785 0.206392
4786 0.151143
4787 0.171835
4788 0.164917
4789 0.154455
4790 0.208267
4791 0.181466
4792 0.175556
4793 0.115007
4794 0.149862
4795 0.157648
4796 0.150513
4797 0.130284
4798 0.137329
4799 0.165459
4800 0.182146
4801 0.204733
4802 0.135031
4803 0.122119
4804 0.152733
4805 0.140657
4806 0.160061
4807 0.163952
4808 0.115029
4809 0.174533
4810 0.129344
4811 0.144731
4812 0.141698
4813 0.207236
4814 0.162529
4815 0.222321
4816 0.119562
4817 0.136964
4818 0.129015
4819 0.141729
4820 0.127405
4821 0.158034
4822 0.174772
4823 0.141457
4824 0.134096
4825 0.159596
4826 0.18124
4827 0.199521
4828 0.19048
4829 0.145312
4830 0.141154
4831 0.163273
4832 0.183287
4833 0.137807
4834 0.144599
4835 0.137406
4836 0.130952
4837 0.179967
4838 0.217547
4839 0.141829
4840 0.179664
4841 0.157345
4842 0.118557
4843 0.158487
4844 0.120492
4845 0.175199
4846 0.131928
4847 0.152364
4848 0.150035
4849 0.143001
4850 0.17331
4851 0.172019
4852 0.162299
4853 0.193369
4854 0.174065
4855 0.127599
4856 0.151643
4857 0.155348
4858 0.13221
4859 0.154323
4860 0.184236
4861 0.149103
4862 0.173774
4863 0.188778
4864 0.131151
4865 0.151263
4866 0.14497
4867 0.164678
4868 0.159865
4869 0.141752
4870 0.13141
4871 0.178299
4872 0.148617
4873 0.169433
4874 0.152817
4875 0.134196
4876 0.23884
4877 0.173617
4878 0.170297
4879 0.13934
4880 0.144613
4881 0.132153
4882 0.193867
4883 0.247895
4884 0.224673
4885 0.150025
4886 0.153111
4887 0.130791
4888 0.177325
4889 0.179627
4890 0.159298
4891 0.142076
4892 0.158998
4893 0.196149
4894 0.173007
4895 0.117083
4896 0.157222
4897 0.146422
4898 0.201968
4899 0.162133
4900 0.210728
4901 0.135098
4902 0.158079
4903 0.141767
4904 0.180355
4905 0.19858
4906 0.145053
4907 0.136217
4908 0.179248
4909 0.134902
4910 0.150296
4911 0.184862
4912 0.122957
4913 0.134308
4914 0.168827
4915 0.146301
4916 0.149181
4917 0.144621
4918 0.176183
4919 0.147104
4920 0.187116
4921 0.193421
4922 0.142501
4923 0.174454
4924 0.142679
4925 0.157626
4926 0.167872
4927 0.145813
4928 0.173207
4929 0.241695
4930 0.219871
4931 0.132933
4932 0.144378
4933 0.144864
4934 0.124967
4935 0.150468
4936 0.173126
4937 0.146126
4938 0.134165
4939 0.188224
4940 0.134978
4941 0.129016
4942 0.151168
4943 0.128426
4944 0.128403
4945 0.255503
4946 0.135892
4947 0.243406
4948 0.19439
4949 0.140609
4950 0.143851
4951 0.174888
4952 0.141935
4953 0.198118
4954 0.205012
4955 0.131059
4956 0.122161
4957 0.170395
4958 0.205286
4959 0.148901
4960 0.138215
4961 0.139943
4962 0.117852
4963 0.15255
4964 0.187993
4965 0.197645
4966 0.188425
4967 0.146411
4968 0.175673
4969 0.170479
4970 0.133288
4971 0.206004
4972 0.177843
4973 0.160337
4974 0.118582
4975 0.19359
4976 0.158054
4977 0.179715
4978 0.175574
4979 0.14159
4980 0.132597
4981 0.130607
4982 0.12299
4983 0.19149
4984 0.217414
4985 0.140764
4986 0.178974
4987 0.194216
4988 0.167268
4989 0.157727
4990 0.140742
4991 0.1486
4992 0.136941
4993 0.152696
4994 0.170237
4995 0.12536
4996 0.182418
4997 0.176533
4998 0.213531
4999 0.184497
5000 0.151643
