0 3.37323
1 9.11376
2 5.44367
3 3.92223
4 3.26221
5 2.75551
6 2.42993
7 2.07473
8 1.75
9 2.27292
10 2.99957
11 3.94338
12 2.39522
13 2.0566
14 2.13349
15 1.93911
16 1.86532
17 1.93439
18 1.64287
19 1.62301
20 2.05501
21 1.76069
22 1.67174
23 1.77873
24 1.55612
25 1.70538
26 1.51458
27 1.46502
28 1.96732
29 1.80577
30 1.60361
31 1.401
32 1.4581
33 1.53714
34 1.51433
35 1.24838
36 1.15977
37 1.36416
38 1.13707
39 1.20671
40 1.32001
41 1.43124
42 1.36981
43 1.29525
44 1.38461
45 1.17449
46 1.13074
47 1.20718
48 1.25256
49 1.19899
50 1.30845
51 1.89892
52 1.629
53 1.27624
54 1.20109
55 1.12119
56 1.28574
57 1.25196
58 1.30402
59 1.4175
60 1.30969
61 1.35057
62 1.45921
63 1.47607
64 1.18162
65 1.24574
66 1.18714
67 1.27781
68 1.21772
69 1.1563
70 1.27452
71 1.28351
72 1.43977
73 1.49098
74 1.62088
75 1.51489
76 1.41209
77 1.08251
78 1.09555
79 1.15485
80 1.08875
81 1.09304
82 1.00577
83 1.04539
84 1.28001
85 1.25371
86 1.31442
87 1.02137
88 1.07396
89 1.02382
90 1.14744
91 1.18353
92 1.10682
93 1.16126
94 1.20353
95 1.07721
96 1.16321
97 1.17391
98 1.355
99 1.26238
100 1.27175
101 1.00841
102 1.00351
103 1.00561
104 1.15526
105 1.0283
106 1.12258
107 1.13472
108 0.980617
109 1.06741
110 1.03586
111 1.12982
112 1.10875
113 1.1165
114 0.932642
115 1.04627
116 1.07563
117 1.24173
118 1.38791
119 1.07139
120 0.95175
121 1.05718
122 1.18719
123 1.20635
124 1.09868
125 1.05557
126 1.0152
127 1.03309
128 1.03622
129 1.05619
130 0.987896
131 0.886461
132 0.96755
133 1.06829
134 1.11894
135 0.99562
136 1.16593
137 1.27296
138 1.07963
139 1.02879
140 0.889652
141 0.959852
142 0.926724
143 0.889302
144 0.958808
145 1.08452
146 1.21724
147 1.12046
148 1.27518
149 1.03031
150 1.10749
151 0.937683
152 1.05553
153 1.20904
154 1.22242
155 1.15699
156 0.93713
157 1.0631
158 1.04294
159 0.942108
160 1.09455
161 0.931627
162 1.12595
163 1.18361
164 1.01165
165 0.946261
166 1.00118
167 1.15324
168 1.13045
169 1.27526
170 1.17454
171 1.00926
172 1.12254
173 1.88744
174 1.6388
175 1.35738
176 1.12713
177 1.08659
178 1.05269
179 0.960551
180 1.01366
181 0.973563
182 1.08822
183 0.906834
184 1.12993
185 0.969802
186 0.927902
187 0.951942
188 1.06866
189 1.01308
190 1.01679
191 0.949025
192 0.960051
193 1.07753
194 1.16477
195 1.01857
196 1.01446
197 0.968576
198 0.928001
199 0.961485
200 0.989074
201 0.95061
202 0.997797
203 0.998096
204 1.04837
205 1.09381
206 1.2162
207 1.07613
208 1.16861
209 0.954008
210 0.923429
211 1.00657
212 1.00051
213 1.10593
214 1.16267
215 0.894577
216 0.973927
217 1.01253
218 0.886383
219 0.951768
220 0.887094
221 1.00389
222 0.936153
223 0.911122
224 1.08246
225 1.00888
226 1.28193
227 1.06677
228 0.943016
229 1.03935
230 1.04906
231 0.958311
232 1.03796
233 1.08916
234 0.878606
235 1.00439
236 0.945522
237 0.892584
238 1.00465
239 0.907775
240 0.906118
241 0.905605
242 0.953574
243 0.987276
244 0.834055
245 1.01456
246 0.857576
247 0.820784
248 0.962435
249 0.871394
250 1.01193
251 0.908713
252 1.06694
253 1.00317
254 1.02959
255 1.27935
256 1.10449
257 0.949707
258 0.852993
259 0.898765
260 0.946361
261 0.93166
262 0.930086
263 0.947137
264 0.844207
265 0.894587
266 0.858683
267 0.901225
268 1.15289
269 0.916903
270 0.976489
271 0.933256
272 0.949516
273 0.973831
274 0.917994
275 0.89139
276 0.922358
277 0.930797
278 0.940968
279 0.908037
280 0.8534
281 0.996733
282 0.878711
283 0.978718
284 0.992316
285 1.01494
286 0.884769
287 0.967316
288 0.885474
289 0.953728
290 0.877546
291 0.89114
292 1.08329
293 0.903894
294 0.963523
295 0.976709
296 1.01166
297 0.862716
298 0.866628
299 0.758167
300 0.832207
301 0.876464
302 0.903148
303 0.861058
304 0.907188
305 0.957573
306 0.952071
307 0.966029
308 0.95549
309 0.780623
310 0.84306
311 0.937772
312 0.873307
313 0.938354
314 0.859033
315 0.93243
316 0.975517
317 0.913224
318 0.911566
319 1.00826
320 1.00949
321 0.943887
322 1.10801
323 1.11322
324 0.826106
325 0.903703
326 0.822419
327 0.918582
328 0.886154
329 0.849974
330 0.984385
331 1.01172
332 0.913898
333 0.908382
334 0.833614
335 1.0195
336 0.961777
337 0.820582
338 0.975777
339 0.81577
340 0.842321
341 0.823939
342 0.764135
343 1.20974
344 0.912875
345 0.95187
346 0.790576
347 1.07074
348 0.99676
349 0.85658
350 1.03966
351 0.866429
352 0.865985
353 0.898932
354 1.10149
355 1.01208
356 0.920501
357 0.888003
358 0.789281
359 0.753468
360 0.817374
361 0.938676
362 0.804992
363 0.85784
364 0.822464
365 0.860867
366 0.824482
367 0.902433
368 0.991813
369 0.853455
370 0.836199
371 0.771843
372 0.931612
373 0.858026
374 1.06497
375 0.800465
376 0.917618
377 0.746223
378 0.867361
379 0.868635
380 0.888502
381 0.879106
382 0.957482
383 0.833292
384 0.800444
385 0.855914
386 0.844068
387 0.813978
388 0.800678
389 0.892205
390 0.853228
391 0.828563
392 0.888945
393 0.902119
394 0.818343
395 0.796863
396 0.853416
397 0.855882
398 0.814714
399 0.793801
400 0.894905
401 0.914851
402 0.787617
403 0.86942
404 0.871364
405 0.838875
406 0.842062
407 0.74398
408 0.832995
409 0.815594
410 0.835212
411 0.938054
412 0.829657
413 0.77404
414 0.802866
415 0.76268
416 0.711313
417 0.805578
418 0.745621
419 0.755001
420 0.837774
421 0.726673
422 0.693315
423 0.709089
424 0.971162
425 0.815391
426 0.783215
427 1.06642
428 0.695285
429 0.883597
430 0.822522
431 0.89113
432 0.778585
433 0.805155
434 0.887618
435 0.83638
436 0.730508
437 0.799937
438 0.870413
439 0.72087
440 0.81717
441 0.7729
442 0.815169
443 0.970462
444 0.848164
445 0.771928
446 0.950388
447 0.748599
448 0.833652
449 0.831805
450 0.859764
451 0.793133
452 0.843012
453 0.910532
454 0.778531
455 0.845473
456 0.753463
457 1.09494
458 0.966424
459 0.907266
460 0.851953
461 0.805496
462 0.903814
463 0.89627
464 0.816531
465 0.735121
466 0.762381
467 0.750753
468 0.860401
469 1.03479
470 0.9337
471 0.804138
472 0.736163
473 0.90949
474 0.764811
475 0.864183
476 0.734723
477 0.783647
478 0.775272
479 0.843676
480 0.921718
481 0.844232
482 0.841984
483 0.784411
484 0.707021
485 0.811743
486 0.795561
487 0.864438
488 0.91804
489 0.814636
490 0.778249
491 0.824912
492 0.795072
493 0.754067
494 0.834328
495 0.768989
496 0.867782
497 0.753393
498 0.822013
499 0.827356
500 0.826081
501 0.921965
502 0.720015
503 0.793569
504 0.964197
505 0.964238
506 0.769077
507 0.789978
508 0.8266
509 0.795937
510 0.806383
511 0.742767
512 0.831199
513 0.85496
514 0.860009
515 0.755748
516 0.760976
517 0.738695
518 0.832905
519 0.775591
520 0.831011
521 0.823137
522 0.819314
523 0.831151
524 0.751231
525 0.726611
526 0.859918
527 0.827181
528 0.835261
529 0.806336
530 0.793864
531 0.748706
532 0.781696
533 0.759347
534 0.793848
535 0.748554
536 0.758984
537 0.688153
538 0.812516
539 0.779228
540 0.792639
541 0.765196
542 0.783376
543 0.747687
544 0.771824
545 0.812368
546 0.863419
547 0.868096
548 0.724676
549 0.749854
550 0.791096
551 0.897126
552 0.815584
553 0.811151
554 0.889012
555 0.684383
556 0.777958
557 0.781282
558 0.816953
559 0.7107
560 0.706719
561 0.813382
562 0.921306
563 0.807247
564 0.743516
565 0.876566
566 0.875824
567 0.782038
568 0.69517
569 0.748371
570 0.822709
571 0.661292
572 0.745617
573 0.83678
574 0.799121
575 0.780258
576 0.792866
577 0.741963
578 0.772013
579 0.79498
580 0.752295
581 0.788238
582 0.773364
583 0.806399
584 0.737758
585 0.697773
586 0.762887
587 0.759152
588 0.731829
589 0.858212
590 0.738903
591 0.895045
592 0.749281
593 0.761068
594 0.700857
595 0.866465
596 0.817385
597 0.907743
598 0.855658
599 0.833412
600 0.683487
601 0.898676
602 0.782447
603 0.697125
604 0.798994
605 0.748918
606 0.753257
607 0.749448
608 0.696133
609 0.7871
610 0.711185
611 0.831929
612 0.717675
613 0.914421
614 0.694582
615 0.714928
616 0.751976
617 0.798665
618 0.708792
619 0.735393
620 0.737799
621 0.748603
622 0.734121
623 0.806436
624 0.806336
625 0.723561
626 0.716187
627 0.722541
628 0.730675
629 0.767755
630 0.679203
631 0.729374
632 0.775601
633 0.820841
634 0.810658
635 0.728883
636 0.828712
637 0.906912
638 0.747476
639 0.819632
640 0.820273
641 0.792836
642 0.804741
643 0.698256
644 0.752873
645 0.756562
646 0.74175
647 0.681608
648 0.692867
649 0.761903
650 0.783906
651 0.729562
652 0.732724
653 0.803828
654 0.665897
655 0.742227
656 0.683104
657 0.650482
658 0.809602
659 0.735262
660 0.818827
661 0.85313
662 0.722014
663 0.691383
664 0.817815
665 0.673669
666 0.843337
667 0.751075
668 0.704248
669 0.71099
670 0.754174
671 0.838183
672 0.753692
673 0.648971
674 0.851357
675 0.71702
676 0.695117
677 0.725655
678 0.74313
679 0.788549
680 0.70921
681 0.838415
682 0.832596
683 0.699558
684 0.816168
685 0.815046
686 0.709759
687 0.644095
688 0.713053
689 0.725813
690 0.763724
691 0.763126
692 0.682676
693 0.675591
694 0.673537
695 0.685647
696 0.8231
697 0.90275
698 0.699434
699 0.77628
700 0.746911
701 0.750162
702 0.713342
703 0.661628
704 0.679219
705 0.725726
706 0.757837
707 0.684482
708 0.718291
709 0.730308
710 0.720674
711 0.684575
712 0.816875
713 0.824588
714 0.733551
715 0.736126
716 0.683744
717 0.784922
718 0.693109
719 0.649505
720 0.761082
721 0.949781
722 0.774651
723 0.782598
724 0.749987
725 0.856522
726 0.650314
727 0.679147
728 0.661064
729 0.71544
730 0.727568
731 0.67773
732 0.70591
733 0.729065
734 0.721393
735 0.70093
736 0.784265
737 0.63651
738 0.645612
739 0.710425
740 0.832304
741 0.699171
742 0.78916
743 0.748972
744 0.748789
745 0.768107
746 0.697238
747 0.746109
748 0.743343
749 0.782358
750 0.742578
751 0.819115
752 0.710608
753 0.628777
754 0.685576
755 0.699603
756 0.683669
757 0.719277
758 0.818617
759 0.752292
760 0.721543
761 0.707358
762 0.864254
763 0.69146
764 0.765387
765 0.703225
766 0.653647
767 0.738308
768 0.683621
769 0.673176
770 0.636792
771 0.707608
772 0.917478
773 0.756202
774 0.770763
775 0.615827
776 0.832934
777 0.821463
778 0.712689
779 0.985995
780 0.758835
781 0.695365
782 0.842161
783 0.945364
784 0.877661
785 0.724023
786 0.695759
787 0.680141
788 0.652365
789 0.669579
790 0.758438
791 0.648876
792 0.692302
793 0.690304
794 0.691313
795 0.703861
796 0.744119
797 0.794632
798 0.711775
799 0.661149
800 0.643859
801 0.74354
802 0.76436
803 0.843419
804 0.655132
805 0.713962
806 0.634683
807 0.711839
808 0.71993
809 0.715623
810 0.696699
811 0.700045
812 0.650992
813 0.657981
814 0.629012
815 0.683205
816 0.643696
817 0.643229
818 0.774658
819 0.686695
820 0.668758
821 0.707239
822 0.642458
823 0.699497
824 0.640714
825 0.704416
826 0.716962
827 0.695292
828 0.693352
829 0.663478
830 0.724162
831 0.633388
832 0.697761
833 0.638037
834 0.653642
835 0.642351
836 0.626129
837 0.661834
838 0.65156
839 0.629272
840 0.754724
841 0.63923
842 0.611277
843 0.745121
844 0.588397
845 0.612951
846 0.601068
847 0.63069
848 0.589782
849 0.693203
850 0.575596
851 0.590199
852 0.644006
853 0.693101
854 0.592965
855 0.622851
856 0.817304
857 0.725231
858 0.696358
859 0.664574
860 0.643097
861 0.664217
862 0.668417
863 0.704644
864 0.644127
865 0.610916
866 0.624286
867 0.647368
868 0.671354
869 0.666152
870 0.648729
871 0.696862
872 0.702685
873 0.723968
874 0.65288
875 0.71944
876 0.59857
877 0.73518
878 0.667488
879 0.693761
880 0.650558
881 0.687726
882 0.795623
883 0.61774
884 0.677233
885 0.617525
886 0.879615
887 0.856873
888 0.645948
889 0.716908
890 0.735093
891 0.620048
892 0.675275
893 0.658648
894 0.636239
895 0.601878
896 0.69364
897 0.661755
898 0.984287
899 1.04437
900 0.669216
901 0.608234
902 0.680629
903 0.680685
904 0.668581
905 0.616965
906 0.640064
907 0.665436
908 0.723623
909 0.69657
910 0.673337
911 0.663076
912 0.667102
913 0.612445
914 0.664365
915 0.622059
916 0.647123
917 0.725001
918 0.628075
919 0.635026
920 0.701086
921 0.663329
922 0.639058
923 0.665035
924 0.634228
925 0.652516
926 0.648676
927 0.707938
928 0.632311
929 0.702758
930 0.714282
931 0.591821
932 0.671581
933 0.703592
934 0.681752
935 0.584687
936 0.690542
937 0.646857
938 0.645674
939 0.588121
940 0.615191
941 0.692369
942 0.737563
943 0.676017
944 0.662263
945 0.650224
946 0.641652
947 0.647565
948 0.689231
949 0.676573
950 0.634188
951 0.647228
952 0.698805
953 0.603919
954 0.617156
955 0.67792
956 0.663011
957 0.685842
958 0.692418
959 0.588526
960 0.590759
961 0.678724
962 0.683053
963 0.594275
964 0.651546
965 0.605008
966 0.588318
967 0.675025
968 0.656491
969 0.668974
970 0.67392
971 0.571533
972 0.608989
973 0.595313
974 0.693962
975 0.650155
976 0.651118
977 0.67825
978 0.619083
979 0.685905
980 0.730168
981 0.711966
982 0.648386
983 0.669432
984 0.568463
985 0.603291
986 0.615318
987 0.678852
988 0.579399
989 0.619135
990 0.62189
991 0.75506
992 0.602661
993 0.644136
994 0.753459
995 0.654618
996 0.622568
997 0.586987
998 0.64028
999 0.608783
1000 0.566841
1001 0.615877
1002 0.671489
1003 0.649572
1004 0.630313
1005 0.659748
1006 0.575069
1007 0.628873
1008 0.560073
1009 0.616847
1010 0.636008
1011 0.589358
1012 0.639038
1013 0.581128
1014 0.627963
1015 0.587114
1016 0.607389
1017 0.629933
1018 0.705399
1019 0.661246
1020 0.585624
1021 0.603355
1022 0.558395
1023 0.606719
1024 0.7014
1025 0.755415
1026 0.692419
1027 0.648977
1028 0.675941
1029 0.573885
1030 0.787165
1031 0.643225
1032 0.632292
1033 0.651785
1034 0.615561
1035 0.669837
1036 0.565511
1037 0.606563
1038 0.601114
1039 0.633921
1040 0.623811
1041 0.63298
1042 0.704894
1043 0.58389
1044 0.628111
1045 0.6641
1046 0.612563
1047 0.617336
1048 0.619489
1049 0.573537
1050 0.60757
1051 0.645474
1052 0.598566
1053 0.665123
1054 0.573835
1055 0.576514
1056 0.631225
1057 0.606375
1058 0.633348
1059 0.587524
1060 0.610977
1061 0.632395
1062 0.671351
1063 0.646658
1064 0.585779
1065 0.665586
1066 0.637001
1067 0.658254
1068 0.659085
1069 0.588875
1070 0.575117
1071 0.690366
1072 0.63301
1073 0.612447
1074 0.616967
1075 0.597337
1076 0.586017
1077 0.547347
1078 0.619722
1079 0.615846
1080 0.581446
1081 0.574308
1082 0.700197
1083 0.553551
1084 0.595198
1085 0.546765
1086 0.561026
1087 0.680175
1088 0.629279
1089 0.658126
1090 0.655089
1091 0.608608
1092 0.639669
1093 0.635209
1094 0.652364
1095 0.648112
1096 0.599821
1097 0.619447
1098 0.61517
1099 0.633406
1100 0.692946
1101 0.566327
1102 0.613258
1103 0.609446
1104 0.538126
1105 0.600738
1106 0.558005
1107 0.584356
1108 0.599806
1109 0.585721
1110 0.680162
1111 0.609079
1112 0.632593
1113 0.742183
1114 0.570626
1115 0.610946
1116 0.588796
1117 0.569101
1118 0.589901
1119 0.647929
1120 0.599113
1121 0.5896
1122 0.570661
1123 0.55516
1124 0.617002
1125 0.716849
1126 0.662945
1127 0.608424
1128 0.650294
1129 0.640347
1130 0.625612
1131 0.548524
1132 0.545993
1133 0.628461
1134 0.58836
1135 0.558923
1136 0.628204
1137 0.581443
1138 0.639272
1139 0.591752
1140 0.681044
1141 0.682003
1142 0.646396
1143 0.600457
1144 0.608783
1145 0.600469
1146 0.600207
1147 0.613906
1148 0.615114
1149 0.645004
1150 0.703562
1151 0.686301
1152 0.606351
1153 0.63173
1154 0.653161
1155 0.54872
1156 0.57701
1157 0.597624
1158 0.588612
1159 0.567293
1160 0.571891
1161 0.630803
1162 0.571037
1163 0.587955
1164 0.55209
1165 0.690929
1166 0.53366
1167 0.596648
1168 0.607044
1169 0.603404
1170 0.656828
1171 0.598927
1172 0.579072
1173 0.673532
1174 0.623843
1175 0.608051
1176 0.644514
1177 0.589863
1178 0.601191
1179 0.65816
1180 0.674929
1181 0.547937
1182 0.548573
1183 0.590171
1184 0.581022
1185 0.615629
1186 0.554726
1187 0.707844
1188 0.611726
1189 0.605657
1190 0.617456
1191 0.576782
1192 0.617608
1193 0.61361
1194 0.562012
1195 0.544064
1196 0.58705
1197 0.594058
1198 0.579762
1199 0.514653
1200 0.663249
1201 0.663631
1202 0.610094
1203 0.550703
1204 0.594545
1205 0.632951
1206 0.665338
1207 0.574735
1208 0.714018
1209 0.561986
1210 0.640387
1211 0.576518
1212 0.676431
1213 0.589841
1214 0.555818
1215 0.582851
1216 0.576936
1217 0.537699
1218 0.649846
1219 0.611715
1220 0.570964
1221 0.543262
1222 0.609443
1223 0.522442
1224 0.598151
1225 0.651567
1226 0.571748
1227 0.576557
1228 0.54371
1229 0.556969
1230 0.602397
1231 0.687031
1232 0.599558
1233 0.559719
1234 0.591028
1235 0.530599
1236 0.672165
1237 0.598836
1238 0.590921
1239 0.579664
1240 0.66046
1241 0.547671
1242 0.55991
1243 0.556017
1244 0.57771
1245 0.547851
1246 0.567355
1247 0.608143
1248 0.541123
1249 0.569767
1250 0.655372
1251 0.560705
1252 0.51935
1253 0.589896
1254 0.555123
1255 0.555586
1256 0.541768
1257 0.569759
1258 0.572776
1259 0.578511
1260 0.539566
1261 0.551614
1262 0.563328
1263 0.554421
1264 0.539382
1265 0.576195
1266 0.517275
1267 0.590307
1268 0.587258
1269 0.576633
1270 0.531867
1271 0.547733
1272 0.554799
1273 0.49902
1274 0.512173
1275 0.497006
1276 0.533405
1277 0.530354
1278 0.524059
1279 0.490897
1280 0.48804
1281 0.590916
1282 0.557873
1283 0.482707
1284 0.737385
1285 0.519787
1286 0.665007
1287 0.633584
1288 0.599672
1289 0.513572
1290 0.517361
1291 0.609215
1292 0.559597
1293 0.535324
1294 0.520064
1295 0.543872
1296 0.532025
1297 0.599205
1298 0.537063
1299 0.533181
1300 0.603145
1301 0.617131
1302 0.55355
1303 0.556512
1304 0.559354
1305 0.59167
1306 0.615232
1307 0.555381
1308 0.562245
1309 0.570895
1310 0.532059
1311 0.666856
1312 0.554752
1313 0.614025
1314 0.597279
1315 0.720442
1316 0.723217
1317 0.535736
1318 0.609802
1319 0.57306
1320 0.569894
1321 0.579445
1322 0.494327
1323 0.548858
1324 0.51251
1325 0.582685
1326 0.673146
1327 0.563728
1328 0.539673
1329 0.542052
1330 0.529764
1331 0.559801
1332 0.563946
1333 0.521477
1334 0.547105
1335 0.486037
1336 0.566022
1337 0.583138
1338 0.586049
1339 0.516991
1340 0.534066
1341 0.524582
1342 0.51681
1343 0.529837
1344 0.513553
1345 0.570331
1346 0.563263
1347 0.512106
1348 0.565143
1349 0.582815
1350 0.543137
1351 0.554802
1352 0.563413
1353 0.586698
1354 0.585696
1355 0.507858
1356 0.575059
1357 0.506136
1358 0.596841
1359 0.568904
1360 0.538289
1361 0.524104
1362 0.642073
1363 0.522671
1364 0.495575
1365 0.548231
1366 0.549631
1367 0.56939
1368 0.53422
1369 0.516019
1370 0.582424
1371 0.566846
1372 0.544468
1373 0.537487
1374 0.506928
1375 0.579877
1376 0.559784
1377 0.637798
1378 0.547958
1379 0.535973
1380 0.542693
1381 0.56182
1382 0.524685
1383 0.545753
1384 0.595804
1385 0.618942
1386 0.583862
1387 0.574116
1388 0.544565
1389 0.511594
1390 0.585711
1391 0.529009
1392 0.532399
1393 0.507343
1394 0.480006
1395 0.490838
1396 0.5845
1397 0.561309
1398 0.589275
1399 0.563901
1400 0.478926
1401 0.499362
1402 0.544651
1403 0.580101
1404 0.542085
1405 0.566411
1406 0.473102
1407 0.515508
1408 0.674031
1409 0.590673
1410 0.573899
1411 0.552139
1412 0.536213
1413 0.484462
1414 0.512516
1415 0.56753
1416 0.505296
1417 0.504787
1418 0.537351
1419 0.539443
1420 0.588777
1421 0.530744
1422 0.580808
1423 0.684318
1424 0.572142
1425 0.502957
1426 0.480542
1427 0.535502
1428 0.520384
1429 0.504273
1430 0.497497
1431 0.581423
1432 0.561927
1433 0.558309
1434 0.534235
1435 0.51781
1436 0.500209
1437 0.46607
1438 0.495348
1439 0.52611
1440 0.540762
1441 0.542094
1442 0.500168
1443 0.568518
1444 0.541637
1445 0.493046
1446 0.565065
1447 0.565576
1448 0.579031
1449 0.495084
1450 0.505766
1451 0.502535
1452 0.516723
1453 0.578299
1454 0.639793
1455 0.627933
1456 0.561019
1457 0.600486
1458 0.514417
1459 0.741954
1460 0.487685
1461 0.572531
1462 0.516643
1463 0.516939
1464 0.57974
1465 0.509371
1466 0.493691
1467 0.516721
1468 0.573239
1469 0.528903
1470 0.607524
1471 0.531911
1472 0.490554
1473 0.538967
1474 0.528455
1475 0.543227
1476 0.512086
1477 0.544084
1478 0.506139
1479 0.49416
1480 0.540406
1481 0.527407
1482 0.514465
1483 0.476467
1484 0.467415
1485 0.512103
1486 0.51929
1487 0.520242
1488 0.549074
1489 0.516399
1490 0.561117
1491 0.549808
1492 0.515602
1493 0.54816
1494 0.566432
1495 0.565942
1496 0.505856
1497 0.542422
1498 0.508354
1499 0.530559
1500 0.566905
1501 0.471623
1502 0.568687
1503 0.559328
1504 0.475539
1505 0.523664
1506 0.484061
1507 0.50609
1508 0.51084
1509 0.498671
1510 0.561729
1511 0.462598
1512 0.456882
1513 0.487892
1514 0.489049
1515 0.503788
1516 0.520972
1517 0.513233
1518 0.539096
1519 0.557846
1520 0.53613
1521 0.485447
1522 0.523837
1523 0.549048
1524 0.585474
1525 0.558391
1526 0.470492
1527 0.471346
1528 0.511769
1529 0.592674
1530 0.513124
1531 0.562068
1532 0.505374
1533 0.476386
1534 0.546443
1535 0.480498
1536 0.567849
1537 0.48566
1538 0.554909
1539 0.594779
1540 0.540973
1541 0.626785
1542 0.596467
1543 0.486115
1544 0.471719
1545 0.498758
1546 0.50306
1547 0.539633
1548 0.506666
1549 0.484858
1550 0.457028
1551 0.467382
1552 0.483004
1553 0.517863
1554 0.607039
1555 0.514116
1556 0.502339
1557 0.531636
1558 0.506414
1559 0.494643
1560 0.47664
1561 0.487334
1562 0.529323
1563 0.502563
1564 0.481387
1565 0.521099
1566 0.475466
1567 0.574074
1568 0.521032
1569 0.587758
1570 0.554217
1571 0.563939
1572 0.517543
1573 0.487332
1574 0.53931
1575 0.49449
1576 0.481761
1577 0.500474
1578 0.531881
1579 0.583417
1580 0.529324
1581 0.54391
1582 0.546888
1583 0.525551
1584 0.527487
1585 0.469213
1586 0.496461
1587 0.495946
1588 0.552545
1589 0.521205
1590 0.526115
1591 0.500208
1592 0.492711
1593 0.505006
1594 0.564185
1595 0.468984
1596 0.495294
1597 0.548199
1598 0.491888
1599 0.525262
1600 0.485052
1601 0.512514
1602 0.540019
1603 0.52599
1604 0.493477
1605 0.546049
1606 0.52211
1607 0.513967
1608 0.60307
1609 0.561987
1610 0.470924
1611 0.456874
1612 0.506202
1613 0.491028
1614 0.533902
1615 0.491167
1616 0.594361
1617 0.48578
1618 0.521199
1619 0.547918
1620 0.493761
1621 0.512336
1622 0.520903
1623 0.454941
1624 0.515805
1625 0.454738
1626 0.496688
1627 0.472403
1628 0.483831
1629 0.607449
1630 0.586515
1631 0.507047
1632 0.472189
1633 0.5438
1634 0.557684
1635 0.504896
1636 0.616305
1637 0.502594
1638 0.511484
1639 0.524601
1640 0.592956
1641 0.563879
1642 0.465609
1643 0.518915
1644 0.47659
1645 0.479716
1646 0.467815
1647 0.573552
1648 0.470471
1649 0.481113
1650 0.490178
1651 0.506204
1652 0.486689
1653 0.481754
1654 0.52035
1655 0.493015
1656 0.463403
1657 0.462347
1658 0.520005
1659 0.553752
1660 0.62685
1661 0.447638
1662 0.514197
1663 0.431048
1664 0.479717
1665 0.496949
1666 0.513349
1667 0.512573
1668 0.504579
1669 0.489785
1670 0.468302
1671 0.463282
1672 0.467849
1673 0.495193
1674 0.436834
1675 0.511391
1676 0.48534
1677 0.448663
1678 0.516858
1679 0.540797
1680 0.51647
1681 0.46709
1682 0.493318
1683 0.544783
1684 0.453695
1685 0.475869
1686 0.470586
1687 0.498342
1688 0.512146
1689 0.505666
1690 0.470694
1691 0.46022
1692 0.475195
1693 0.426662
1694 0.497404
1695 0.456817
1696 0.473821
1697 0.49342
1698 0.496866
1699 0.455342
1700 0.481036
1701 0.468065
1702 0.442359
1703 0.46229
1704 0.438511
1705 0.475715
1706 0.489871
1707 0.421328
1708 0.428032
1709 0.411726
1710 0.491082
1711 0.438561
1712 0.432315
1713 0.693398
1714 0.442441
1715 0.497136
1716 0.478725
1717 0.467957
1718 0.458551
1719 0.483627
1720 0.476802
1721 0.500916
1722 0.44718
1723 0.485142
1724 0.480098
1725 0.450335
1726 0.485711
1727 0.468991
1728 0.491234
1729 0.55526
1730 0.499211
1731 0.454218
1732 0.582054
1733 0.442941
1734 0.450248
1735 0.543169
1736 0.47772
1737 0.543357
1738 0.504755
1739 0.577674
1740 0.461594
1741 0.51939
1742 0.437567
1743 0.549423
1744 0.543563
1745 0.4845
1746 0.522727
1747 0.495456
1748 0.500102
1749 0.512305
1750 0.456747
1751 0.461279
1752 0.471613
1753 0.440929
1754 0.53217
1755 0.696405
1756 0.473311
1757 0.474868
1758 0.412574
1759 0.471495
1760 0.46882
1761 0.50498
1762 0.454298
1763 0.463908
1764 0.444982
1765 0.496838
1766 0.525813
1767 0.475353
1768 0.460167
1769 0.474282
1770 0.452102
1771 0.496423
1772 0.471958
1773 0.437438
1774 0.467683
1775 0.480711
1776 0.457342
1777 0.462929
1778 0.47655
1779 0.435282
1780 0.474914
1781 0.448141
1782 0.484534
1783 0.462117
1784 0.47478
1785 0.458614
1786 0.49291
1787 0.475823
1788 0.43245
1789 0.463411
1790 0.497301
1791 0.495147
1792 0.431962
1793 0.444058
1794 0.446786
1795 0.500911
1796 0.504001
1797 0.448897
1798 0.545944
1799 0.478989
1800 0.512952
1801 0.499412
1802 0.469831
1803 0.407591
1804 0.477521
1805 0.451618
1806 0.454605
1807 0.482083
1808 0.471098
1809 0.480734
1810 0.502816
1811 0.467879
1812 0.473859
1813 0.489627
1814 0.594389
1815 0.474899
1816 0.456998
1817 0.424785
1818 0.467566
1819 0.530073
1820 0.45686
1821 0.43001
1822 0.421394
1823 0.428153
1824 0.490363
1825 0.452302
1826 0.519657
1827 0.497313
1828 0.464349
1829 0.425452
1830 0.44959
1831 0.483602
1832 0.463479
1833 0.561931
1834 0.471264
1835 0.422884
1836 0.446698
1837 0.547948
1838 0.439839
1839 0.501997
1840 0.477385
1841 0.407962
1842 0.448844
1843 0.460324
1844 0.498462
1845 0.416091
1846 0.438405
1847 0.478688
1848 0.496735
1849 0.477509
1850 0.438372
1851 0.501288
1852 0.519665
1853 0.450906
1854 0.420005
1855 0.445158
1856 0.444037
1857 0.431656
1858 0.456374
1859 0.467589
1860 0.456421
1861 0.466185
1862 0.49002
1863 0.437136
1864 0.450084
1865 0.440922
1866 0.427315
1867 0.479255
1868 0.469833
1869 0.476627
1870 0.433895
1871 0.448123
1872 0.460712
1873 0.434227
1874 0.452549
1875 0.519062
1876 0.455303
1877 0.487291
1878 0.469145
1879 0.441967
1880 0.421657
1881 0.558456
1882 0.546054
1883 0.578521
1884 0.46031
1885 0.50674
1886 0.432297
1887 0.462127
1888 0.498778
1889 0.41022
1890 0.468734
1891 0.428321
1892 0.48172
1893 0.508879
1894 0.437154
1895 0.478722
1896 0.455592
1897 0.47827
1898 0.440802
1899 0.534305
1900 0.46068
1901 0.434382
1902 0.476012
1903 0.506601
1904 0.471637
1905 0.447953
1906 0.433924
1907 0.45437
1908 0.460573
1909 0.429102
1910 0.493854
1911 0.490005
1912 0.448013
1913 0.438004
1914 0.474907
1915 0.424806
1916 0.443181
1917 0.46035
1918 0.458946
1919 0.510011
1920 0.458326
1921 0.433698
1922 0.475664
1923 0.487514
1924 0.477784
1925 0.455538
1926 0.421344
1927 0.442693
1928 0.501346
1929 0.460911
1930 0.478305
1931 0.470843
1932 0.457654
1933 0.438818
1934 0.423671
1935 0.423089
1936 0.45282
1937 0.412505
1938 0.473226
1939 0.415156
1940 0.388518
1941 0.418107
1942 0.433374
1943 0.417183
1944 0.537322
1945 0.480662
1946 0.455103
1947 0.489785
1948 0.480961
1949 0.438494
1950 0.473817
1951 0.429844
1952 0.520627
1953 0.470689
1954 0.432302
1955 0.428278
1956 0.421191
1957 0.516312
1958 0.440697
1959 0.425446
1960 0.49569
1961 0.427043
1962 0.441007
1963 0.432225
1964 0.411301
1965 0.477861
1966 0.436271
1967 0.483221
1968 0.462401
1969 0.445027
1970 0.448076
1971 0.502919
1972 0.440842
1973 0.434911
1974 0.411767
1975 0.453758
1976 0.460596
1977 0.4642
1978 0.434514
1979 0.40083
1980 0.401715
1981 0.416066
1982 0.446801
1983 0.506619
1984 0.476149
1985 0.451183
1986 0.436866
1987 0.466756
1988 0.395389
1989 0.406051
1990 0.433462
1991 0.453739
1992 0.442176
1993 0.432986
1994 0.410186
1995 0.475637
1996 0.427764
1997 0.428006
1998 0.538461
1999 0.489256
2000 0.474466
2001 0.438354
2002 0.41223
2003 0.478636
2004 0.454704
2005 0.410249
2006 0.441838
2007 0.485509
2008 0.437279
2009 0.467221
2010 0.475418
2011 0.479032
2012 0.426677
2013 0.425363
2014 0.423612
2015 0.455731
2016 0.46595
2017 0.420919
2018 0.434777
2019 0.460737
2020 0.473558
2021 0.42471
2022 0.466429
2023 0.475835
2024 0.418256
2025 0.430454
2026 0.440522
2027 0.415487
2028 0.482554
2029 0.433708
2030 0.499021
2031 0.480903
2032 0.49468
2033 0.445768
2034 0.48505
2035 0.452299
2036 0.494897
2037 0.493105
2038 0.484722
2039 0.429189
2040 0.426936
2041 0.457559
2042 0.4245
2043 0.424605
2044 0.51284
2045 0.466496
2046 0.438163
2047 0.498076
2048 0.479914
2049 0.412431
2050 0.440299
2051 0.472469
2052 0.417347
2053 0.423441
2054 0.441712
2055 0.445102
2056 0.414893
2057 0.456508
2058 0.530474
2059 0.405169
2060 0.471915
2061 0.388152
2062 0.515041
2063 0.441721
2064 0.418117
2065 0.560177
2066 0.41136
2067 0.432494
2068 0.445247
2069 0.509178
2070 0.497002
2071 0.412757
2072 0.415841
2073 0.406895
2074 0.393124
2075 0.415429
2076 0.49154
2077 0.430282
2078 0.448154
2079 0.409453
2080 0.412452
2081 0.465695
2082 0.443221
2083 0.50352
2084 0.431015
2085 0.421428
2086 0.382614
2087 0.475177
2088 0.500288
2089 0.534154
2090 0.427694
2091 0.437493
2092 0.430585
2093 0.43858
2094 0.430301
2095 0.442666
2096 0.470956
2097 0.429793
2098 0.471868
2099 0.42602
2100 0.394873
2101 0.463442
2102 0.422514
2103 0.414858
2104 0.46869
2105 0.420617
2106 0.425236
2107 0.428467
2108 0.465539
2109 0.416684
2110 0.382586
2111 0.476564
2112 0.406306
2113 0.427009
2114 0.417608
2115 0.43651
2116 0.461013
2117 0.433054
2118 0.423482
2119 0.446622
2120 0.394736
2121 0.43396
2122 0.380834
2123 0.452783
2124 0.443287
2125 0.398663
2126 0.46107
2127 0.419022
2128 0.389554
2129 0.420148
2130 0.382579
2131 0.401591
2132 0.392609
2133 0.404997
2134 0.372611
2135 0.439292
2136 0.364652
2137 0.373309
2138 0.399003
2139 0.388701
2140 0.379971
2141 0.415871
2142 0.534448
2143 0.525325
2144 0.461204
2145 0.413186
2146 0.424612
2147 0.418746
2148 0.420621
2149 0.468864
2150 0.430981
2151 0.386739
2152 0.40511
2153 0.39692
2154 0.42359
2155 0.412911
2156 0.438537
2157 0.466883
2158 0.456589
2159 0.437834
2160 0.398339
2161 0.464771
2162 0.387542
2163 0.433158
2164 0.423934
2165 0.405354
2166 0.443833
2167 0.393616
2168 0.498415
2169 0.39956
2170 0.429325
2171 0.449921
2172 0.600415
2173 0.519902
2174 0.433807
2175 0.427623
2176 0.455302
2177 0.44432
2178 0.416596
2179 0.395434
2180 0.406713
2181 0.379854
2182 0.438348
2183 0.447876
2184 0.582657
2185 0.430795
2186 0.36226
2187 0.395968
2188 0.433423
2189 0.469365
2190 0.485698
2191 0.430567
2192 0.401511
2193 0.404995
2194 0.416587
2195 0.456639
2196 0.45327
2197 0.415964
2198 0.385963
2199 0.391358
2200 0.420301
2201 0.38356
2202 0.415913
2203 0.435483
2204 0.419759
2205 0.431167
2206 0.402579
2207 0.414425
2208 0.410811
2209 0.408179
2210 0.390714
2211 0.462382
2212 0.386065
2213 0.437385
2214 0.407625
2215 0.392778
2216 0.44584
2217 0.400368
2218 0.407648
2219 0.493305
2220 0.428116
2221 0.366172
2222 0.407334
2223 0.402982
2224 0.437507
2225 0.393476
2226 0.422844
2227 0.415028
2228 0.416685
2229 0.407215
2230 0.408735
2231 0.365927
2232 0.38285
2233 0.434623
2234 0.419355
2235 0.404673
2236 0.410382
2237 0.428937
2238 0.430717
2239 0.374164
2240 0.399893
2241 0.474749
2242 0.429462
2243 0.464581
2244 0.429551
2245 0.421834
2246 0.381674
2247 0.424753
2248 0.411712
2249 0.372747
2250 0.382172
2251 0.412338
2252 0.371374
2253 0.419536
2254 0.452309
2255 0.450663
2256 0.402851
2257 0.375628
2258 0.394941
2259 0.417413
2260 0.493299
2261 0.550037
2262 0.492196
2263 0.471404
2264 0.399376
2265 0.433556
2266 0.491732
2267 0.453047
2268 0.416207
2269 0.40982
2270 0.384918
2271 0.427865
2272 0.413799
2273 0.394023
2274 0.373415
2275 0.390814
2276 0.387849
2277 0.447539
2278 0.380771
2279 0.374317
2280 0.496323
2281 0.448336
2282 0.402341
2283 0.354248
2284 0.43113
2285 0.396767
2286 0.367504
2287 0.405773
2288 0.400787
2289 0.407059
2290 0.37584
2291 0.420754
2292 0.368902
2293 0.394915
2294 0.394814
2295 0.378753
2296 0.405781
2297 0.399726
2298 0.406111
2299 0.403004
2300 0.441172
2301 0.405798
2302 0.358464
2303 0.449581
2304 0.434718
2305 0.426396
2306 0.372594
2307 0.405739
2308 0.416016
2309 0.374868
2310 0.44578
2311 0.526795
2312 0.435771
2313 0.44004
2314 0.473768
2315 0.382405
2316 0.476689
2317 0.411103
2318 0.387887
2319 0.394107
2320 0.383188
2321 0.453261
2322 0.405718
2323 0.362347
2324 0.410175
2325 0.393182
2326 0.40212
2327 0.380542
2328 0.485619
2329 0.378793
2330 0.405409
2331 0.409286
2332 0.423082
2333 0.375987
2334 0.377883
2335 0.379681
2336 0.393653
2337 0.394241
2338 0.410297
2339 0.425983
2340 0.374844
2341 0.375847
2342 0.419283
2343 0.410919
2344 0.410668
2345 0.396955
2346 0.3753
2347 0.388468
2348 0.478215
2349 0.393193
2350 0.365807
2351 0.453908
2352 0.439622
2353 0.407854
2354 0.380369
2355 0.439201
2356 0.368733
2357 0.457871
2358 0.408219
2359 0.403874
2360 0.383032
2361 0.410438
2362 0.349537
2363 0.364888
2364 0.382781
2365 0.39851
2366 0.366448
2367 0.376471
2368 0.391931
2369 0.362622
2370 0.372969
2371 0.375397
2372 0.366895
2373 0.463167
2374 0.405271
2375 0.441163
2376 0.417306
2377 0.374686
2378 0.410269
2379 0.406072
2380 0.388036
2381 0.464875
2382 0.412714
2383 0.367279
2384 0.365766
2385 0.400885
2386 0.442766
2387 0.403334
2388 0.374558
2389 0.377774
2390 0.367449
2391 0.384382
2392 0.404672
2393 0.390509
2394 0.365615
2395 0.345941
2396 0.501361
2397 0.419013
2398 0.436347
2399 0.530163
2400 0.353582
2401 0.384657
2402 0.357993
2403 0.379979
2404 0.396551
2405 0.396281
2406 0.408825
2407 0.382593
2408 0.373985
2409 0.368304
2410 0.41772
2411 0.428807
2412 0.463303
2413 0.379205
2414 0.444683
2415 0.42519
2416 0.404009
2417 0.381467
2418 0.355468
2419 0.413871
2420 0.370009
2421 0.368204
2422 0.370052
2423 0.367247
2424 0.389971
2425 0.380075
2426 0.444733
2427 0.448953
2428 0.42208
2429 0.41928
2430 0.390628
2431 0.367569
2432 0.405914
2433 0.380693
2434 0.365863
2435 0.45641
2436 0.422119
2437 0.395763
2438 0.37579
2439 0.38976
2440 0.389367
2441 0.394035
2442 0.35052
2443 0.395877
2444 0.369878
2445 0.442515
2446 0.361598
2447 0.428129
2448 0.381366
2449 0.398026
2450 0.371404
2451 0.493407
2452 0.359782
2453 0.375513
2454 0.391428
2455 0.434568
2456 0.361403
2457 0.420074
2458 0.346605
2459 0.415035
2460 0.383481
2461 0.397078
2462 0.381149
2463 0.389102
2464 0.422241
2465 0.412928
2466 0.463059
2467 0.352601
2468 0.36557
2469 0.39159
2470 0.396619
2471 0.399806
2472 0.351877
2473 0.47297
2474 0.421889
2475 0.375667
2476 0.476513
2477 0.405069
2478 0.379185
2479 0.350778
2480 0.376287
2481 0.363714
2482 0.400479
2483 0.393381
2484 0.388621
2485 0.364885
2486 0.420045
2487 0.429661
2488 0.416434
2489 0.375823
2490 0.371867
2491 0.421049
2492 0.414309
2493 0.385389
2494 0.448115
2495 0.372508
2496 0.400712
2497 0.397222
2498 0.40479
2499 0.347402
2500 0.393814
2501 0.399264
2502 0.367662
2503 0.32282
2504 0.419671
2505 0.404154
2506 0.403826
2507 0.356885
2508 0.385997
2509 0.348251
2510 0.404754
2511 0.436314
2512 0.401072
2513 0.365922
2514 0.336751
2515 0.363367
2516 0.418141
2517 0.43313
2518 0.431803
2519 0.363122
2520 0.375914
2521 0.334789
2522 0.391204
2523 0.395013
2524 0.339268
2525 0.376788
2526 0.401783
2527 0.369242
2528 0.373099
2529 0.35695
2530 0.390329
2531 0.370493
2532 0.404581
2533 0.365219
2534 0.358592
2535 0.408796
2536 0.421693
2537 0.389165
2538 0.374404
2539 0.355133
2540 0.374938
2541 0.342483
2542 0.34891
2543 0.372287
2544 0.39047
2545 0.376856
2546 0.353303
2547 0.365286
2548 0.367632
2549 0.3697
2550 0.363192
2551 0.350607
2552 0.366007
2553 0.380056
2554 0.388895
2555 0.365748
2556 0.363966
2557 0.392642
2558 0.370154
2559 0.352797
2560 0.354041
2561 0.342082
2562 0.357993
2563 0.394176
2564 0.367581
2565 0.331783
2566 0.327609
2567 0.367586
2568 0.387108
2569 0.324774
2570 0.455624
2571 0.371107
2572 0.511432
2573 0.422301
2574 0.387486
2575 0.359542
2576 0.363204
2577 0.402675
2578 0.381986
2579 0.387151
2580 0.388736
2581 0.348495
2582 0.366625
2583 0.34768
2584 0.351316
2585 0.357701
2586 0.424619
2587 0.457763
2588 0.3934
2589 0.402062
2590 0.388006
2591 0.373475
2592 0.401421
2593 0.373813
2594 0.421337
2595 0.37288
2596 0.351101
2597 0.455183
2598 0.354587
2599 0.375754
2600 0.354041
2601 0.465577
2602 0.421824
2603 0.398692
2604 0.385078
2605 0.370768
2606 0.347208
2607 0.352374
2608 0.355722
2609 0.383435
2610 0.332577
2611 0.372585
2612 0.46066
2613 0.380056
2614 0.321634
2615 0.334853
2616 0.330245
2617 0.363512
2618 0.392828
2619 0.330589
2620 0.370075
2621 0.339762
2622 0.323238
2623 0.365055
2624 0.403455
2625 0.375949
2626 0.377345
2627 0.354096
2628 0.334354
2629 0.355765
2630 0.34535
2631 0.382057
2632 0.347229
2633 0.366292
2634 0.379277
2635 0.369817
2636 0.367216
2637 0.346536
2638 0.356651
2639 0.361714
2640 0.370933
2641 0.372855
2642 0.388133
2643 0.344684
2644 0.351551
2645 0.365742
2646 0.356232
2647 0.406987
2648 0.394633
2649 0.352708
2650 0.3314
2651 0.366243
2652 0.34914
2653 0.386404
2654 0.323851
2655 0.346496
2656 0.399481
2657 0.338733
2658 0.355431
2659 0.3617
2660 0.333991
2661 0.370264
2662 0.338574
2663 0.411706
2664 0.382647
2665 0.348952
2666 0.353786
2667 0.40173
2668 0.327362
2669 0.363383
2670 0.36841
2671 0.40375
2672 0.374279
2673 0.382015
2674 0.336505
2675 0.343007
2676 0.384049
2677 0.356144
2678 0.368501
2679 0.351549
2680 0.357746
2681 0.338665
2682 0.373736
2683 0.368372
2684 0.369836
2685 0.357394
2686 0.335094
2687 0.339005
2688 0.34331
2689 0.381474
2690 0.370206
2691 0.340313
2692 0.361204
2693 0.337905
2694 0.401059
2695 0.396274
2696 0.401983
2697 0.356703
2698 0.376376
2699 0.336024
2700 0.359046
2701 0.398971
2702 0.331967
2703 0.316455
2704 0.381567
2705 0.329003
2706 0.365587
2707 0.324599
2708 0.335264
2709 0.415526
2710 0.368972
2711 0.346242
2712 0.356595
2713 0.356868
2714 0.337349
2715 0.355492
2716 0.313115
2717 0.363214
2718 0.357725
2719 0.370145
2720 0.432718
2721 0.340143
2722 0.352633
2723 0.33337
2724 0.337182
2725 0.349639
2726 0.364987
2727 0.345356
2728 0.305739
2729 0.354919
2730 0.360645
2731 0.338612
2732 0.426061
2733 0.386423
2734 0.402719
2735 0.333724
2736 0.338184
2737 0.351564
2738 0.345852
2739 0.417666
2740 0.420573
2741 0.389392
2742 0.346432
2743 0.391107
2744 0.320739
2745 0.475369
2746 0.346444
2747 0.373016
2748 0.339413
2749 0.344069
2750 0.400089
2751 0.32184
2752 0.340278
2753 0.351194
2754 0.350293
2755 0.33198
2756 0.3771
2757 0.383347
2758 0.345038
2759 0.355911
2760 0.35379
2761 0.388529
2762 0.397304
2763 0.355028
2764 0.346866
2765 0.364334
2766 0.377082
2767 0.377449
2768 0.355951
2769 0.349961
2770 0.337297
2771 0.354244
2772 0.353249
2773 0.352536
2774 0.390642
2775 0.333577
2776 0.413237
2777 0.373993
2778 0.350086
2779 0.370752
2780 0.3752
2781 0.371519
2782 0.359543
2783 0.362364
2784 0.354829
2785 0.362634
2786 0.411446
2787 0.321461
2788 0.363769
2789 0.406059
2790 0.329743
2791 0.351951
2792 0.33042
2793 0.371529
2794 0.344985
2795 0.332421
2796 0.395177
2797 0.341504
2798 0.30553
2799 0.3717
2800 0.32249
2801 0.405162
2802 0.365389
2803 0.434089
2804 0.410054
2805 0.402418
2806 0.320755
2807 0.337369
2808 0.350697
2809 0.34532
2810 0.385353
2811 0.394829
2812 0.329951
2813 0.333261
2814 0.365312
2815 0.383382
2816 0.324857
2817 0.385705
2818 0.356114
2819 0.307608
2820 0.358114
2821 0.325735
2822 0.343241
2823 0.371001
2824 0.344572
2825 0.409393
2826 0.339768
2827 0.349753
2828 0.41149
2829 0.326073
2830 0.339107
2831 0.339041
2832 0.366207
2833 0.372779
2834 0.393266
2835 0.372242
2836 0.317486
2837 0.328465
2838 0.314026
2839 0.34216
2840 0.396619
2841 0.39332
2842 0.367395
2843 0.361126
2844 0.350811
2845 0.333728
2846 0.332831
2847 0.35917
2848 0.381293
2849 0.318664
2850 0.348989
2851 0.329556
2852 0.331621
2853 0.372523
2854 0.36617
2855 0.402178
2856 0.352294
2857 0.383455
2858 0.324526
2859 0.336365
2860 0.383914
2861 0.344331
2862 0.354898
2863 0.330665
2864 0.368414
2865 0.411749
2866 0.356889
2867 0.384967
2868 0.37509
2869 0.358435
2870 0.350358
2871 0.302503
2872 0.368486
2873 0.332735
2874 0.384007
2875 0.338328
2876 0.372634
2877 0.34966
2878 0.320743
2879 0.335087
2880 0.400056
2881 0.303733
2882 0.335143
2883 0.340383
2884 0.332878
2885 0.345083
2886 0.346915
2887 0.342787
2888 0.377356
2889 0.334054
2890 0.359697
2891 0.362133
2892 0.359078
2893 0.358222
2894 0.485883
2895 0.354281
2896 0.325286
2897 0.312867
2898 0.372379
2899 0.334649
2900 0.362038
2901 0.344144
2902 0.422976
2903 0.400336
2904 0.378888
2905 0.360124
2906 0.35768
2907 0.371681
2908 0.361218
2909 0.344313
2910 0.333848
2911 0.321707
2912 0.331778
2913 0.348569
2914 0.314522
2915 0.416961
2916 0.40214
2917 0.375381
2918 0.336558
2919 0.365004
2920 0.354477
2921 0.367814
2922 0.469643
2923 0.342932
2924 0.327919
2925 0.357324
2926 0.364447
2927 0.36654
2928 0.330047
2929 0.37108
2930 0.340322
2931 0.316888
2932 0.313763
2933 0.384041
2934 0.330612
2935 0.359241
2936 0.340018
2937 0.323944
2938 0.32317
2939 0.368636
2940 0.370908
2941 0.358618
2942 0.330631
2943 0.332702
2944 0.359348
2945 0.385675
2946 0.440015
2947 0.332019
2948 0.36095
2949 0.291961
2950 0.310742
2951 0.310122
2952 0.395711
2953 0.35223
2954 0.332723
2955 0.351682
2956 0.32903
2957 0.353454
2958 0.324766
2959 0.365696
2960 0.321494
2961 0.3628
2962 0.337291
2963 0.324138
2964 0.323087
2965 0.37456
2966 0.379133
2967 0.35109
2968 0.338806
2969 0.371769
2970 0.326367
2971 0.333548
2972 0.327265
2973 0.314243
2974 0.355315
2975 0.324529
2976 0.334012
2977 0.323765
2978 0.347143
2979 0.289274
2980 0.384729
2981 0.347075
2982 0.317527
2983 0.314267
2984 0.323718
2985 0.33998
2986 0.369525
2987 0.304623
2988 0.306774
2989 0.290964
2990 0.29699
2991 0.329271
2992 0.343879
2993 0.281362
2994 0.292972
2995 0.308875
2996 0.323665
2997 0.339559
2998 0.302743
2999 0.424238
3000 0.301293
3001 0.350422
3002 0.356382
3003 0.320438
3004 0.328389
3005 0.339099
3006 0.339212
3007 0.354154
3008 0.31106
3009 0.314874
3010 0.313192
3011 0.325214
3012 0.353293
3013 0.31696
3014 0.311168
3015 0.392646
3016 0.313422
3017 0.351379
3018 0.355175
3019 0.327606
3020 0.313984
3021 0.345854
3022 0.302591
3023 0.313288
3024 0.332732
3025 0.398127
3026 0.36487
3027 0.314891
3028 0.310975
3029 0.397029
3030 0.36202
3031 0.355794
3032 0.362459
3033 0.335655
3034 0.309749
3035 0.360913
3036 0.34347
3037 0.314912
3038 0.314559
3039 0.306505
3040 0.322314
3041 0.442019
3042 0.371272
3043 0.300711
3044 0.30531
3045 0.312501
3046 0.345947
3047 0.370019
3048 0.32511
3049 0.316138
3050 0.329956
3051 0.332054
3052 0.382462
3053 0.346854
3054 0.351795
3055 0.361441
3056 0.330274
3057 0.331089
3058 0.324537
3059 0.345128
3060 0.337242
3061 0.322924
3062 0.336681
3063 0.301743
3064 0.325654
3065 0.345475
3066 0.361698
3067 0.313562
3068 0.329783
3069 0.311039
3070 0.335816
3071 0.315537
3072 0.337776
3073 0.328761
3074 0.316783
3075 0.319525
3076 0.363273
3077 0.356373
3078 0.303004
3079 0.31419
3080 0.313181
3081 0.332034
3082 0.327587
3083 0.317676
3084 0.337579
3085 0.332302
3086 0.354152
3087 0.307049
3088 0.305079
3089 0.282523
3090 0.32196
3091 0.34123
3092 0.328237
3093 0.319688
3094 0.339863
3095 0.29794
3096 0.327018
3097 0.343975
3098 0.345155
3099 0.342704
3100 0.39547
3101 0.319973
3102 0.345488
3103 0.306952
3104 0.337539
3105 0.335218
3106 0.326904
3107 0.337769
3108 0.306154
3109 0.276544
3110 0.337375
3111 0.307168
3112 0.350094
3113 0.319611
3114 0.331127
3115 0.315388
3116 0.314612
3117 0.325347
3118 0.328089
3119 0.386102
3120 0.341609
3121 0.28833
3122 0.324157
3123 0.384642
3124 0.351259
3125 0.321521
3126 0.323491
3127 0.295162
3128 0.316638
3129 0.316269
3130 0.387378
3131 0.313192
3132 0.308285
3133 0.32097
3134 0.304649
3135 0.352316
3136 0.281107
3137 0.322695
3138 0.383622
3139 0.299187
3140 0.308063
3141 0.290723
3142 0.320159
3143 0.320698
3144 0.30419
3145 0.315633
3146 0.334348
3147 0.351698
3148 0.328326
3149 0.291815
3150 0.334413
3151 0.311975
3152 0.300328
3153 0.314155
3154 0.333796
3155 0.350314
3156 0.314042
3157 0.325953
3158 0.327008
3159 0.302625
3160 0.290878
3161 0.379707
3162 0.319649
3163 0.348278
3164 0.302088
3165 0.313886
3166 0.335462
3167 0.343726
3168 0.391414
3169 0.422456
3170 0.351474
3171 0.363892
3172 0.288074
3173 0.412474
3174 0.373086
3175 0.302924
3176 0.329131
3177 0.312074
3178 0.322571
3179 0.323453
3180 0.290868
3181 0.295045
3182 0.304629
3183 0.326368
3184 0.302786
3185 0.357165
3186 0.317076
3187 0.311781
3188 0.312621
3189 0.344652
3190 0.312648
3191 0.317715
3192 0.308401
3193 0.314497
3194 0.313075
3195 0.328658
3196 0.322949
3197 0.307781
3198 0.289451
3199 0.306269
3200 0.350031
3201 0.287029
3202 0.304254
3203 0.325062
3204 0.328504
3205 0.321946
3206 0.329728
3207 0.284797
3208 0.327465
3209 0.392532
3210 0.331255
3211 0.36771
3212 0.306652
3213 0.315734
3214 0.348132
3215 0.343452
3216 0.313434
3217 0.32418
3218 0.340817
3219 0.300949
3220 0.300973
3221 0.290744
3222 0.323622
3223 0.308637
3224 0.308145
3225 0.319128
3226 0.278029
3227 0.304859
3228 0.332865
3229 0.288551
3230 0.341709
3231 0.336728
3232 0.357181
3233 0.338013
3234 0.315822
3235 0.344004
3236 0.354607
3237 0.306689
3238 0.377945
3239 0.315547
3240 0.380698
3241 0.310466
3242 0.344368
3243 0.388345
3244 0.310679
3245 0.278215
3246 0.329349
3247 0.302634
3248 0.317113
3249 0.314237
3250 0.295654
3251 0.377785
3252 0.300003
3253 0.349232
3254 0.307939
3255 0.320622
3256 0.321107
3257 0.352102
3258 0.305084
3259 0.297212
3260 0.303133
3261 0.314089
3262 0.314588
3263 0.316786
3264 0.303968
3265 0.286638
3266 0.284632
3267 0.286327
3268 0.322318
3269 0.382583
3270 0.29605
3271 0.318385
3272 0.335226
3273 0.351257
3274 0.29858
3275 0.294192
3276 0.289845
3277 0.341362
3278 0.287624
3279 0.307322
3280 0.315311
3281 0.337923
3282 0.332233
3283 0.319031
3284 0.360128
3285 0.327542
3286 0.348395
3287 0.308837
3288 0.324353
3289 0.342188
3290 0.304996
3291 0.289328
3292 0.313246
3293 0.359859
3294 0.347443
3295 0.327611
3296 0.310902
3297 0.375262
3298 0.297045
3299 0.294464
3300 0.295829
3301 0.325875
3302 0.343072
3303 0.291339
3304 0.293176
3305 0.321604
3306 0.295927
3307 0.303386
3308 0.33859
3309 0.317257
3310 0.313684
3311 0.285575
3312 0.303916
3313 0.295409
3314 0.338147
3315 0.289401
3316 0.346944
3317 0.327708
3318 0.30886
3319 0.311593
3320 0.352982
3321 0.363299
3322 0.286754
3323 0.406276
3324 0.323094
3325 0.283095
3326 0.318869
3327 0.329012
3328 0.299488
3329 0.313378
3330 0.321843
3331 0.348705
3332 0.296698
3333 0.372925
3334 0.339403
3335 0.300896
3336 0.32635
3337 0.304899
3338 0.293251
3339 0.305567
3340 0.309582
3341 0.300389
3342 0.28937
3343 0.277006
3344 0.382361
3345 0.327188
3346 0.321567
3347 0.283171
3348 0.351565
3349 0.314834
3350 0.286679
3351 0.37399
3352 0.300186
3353 0.271503
3354 0.351451
3355 0.396489
3356 0.30974
3357 0.288433
3358 0.333926
3359 0.29603
3360 0.278491
3361 0.296882
3362 0.369949
3363 0.272679
3364 0.278393
3365 0.306784
3366 0.308881
3367 0.327759
3368 0.32031
3369 0.325924
3370 0.293737
3371 0.295189
3372 0.274278
3373 0.333776
3374 0.367931
3375 0.3663
3376 0.292267
3377 0.315336
3378 0.304072
3379 0.302276
3380 0.317876
3381 0.341581
3382 0.297332
3383 0.318113
3384 0.316108
3385 0.30689
3386 0.304604
3387 0.291901
3388 0.281501
3389 0.281212
3390 0.370182
3391 0.359269
3392 0.28576
3393 0.323989
3394 0.332806
3395 0.314044
3396 0.271333
3397 0.309753
3398 0.297583
3399 0.307255
3400 0.301662
3401 0.315408
3402 0.334323
3403 0.297616
3404 0.329326
3405 0.295482
3406 0.265359
3407 0.289634
3408 0.301865
3409 0.311416
3410 0.312428
3411 0.281074
3412 0.325201
3413 0.295597
3414 0.268983
3415 0.32088
3416 0.285917
3417 0.26949
3418 0.267643
3419 0.297252
3420 0.28676
3421 0.287956
3422 0.265384
3423 0.262877
3424 0.278111
3425 0.296274
3426 0.265382
3427 0.286376
3428 0.412838
3429 0.402196
3430 0.335025
3431 0.292139
3432 0.299424
3433 0.293034
3434 0.319001
3435 0.318179
3436 0.298886
3437 0.27613
3438 0.295818
3439 0.311154
3440 0.328874
3441 0.28595
3442 0.304643
3443 0.310429
3444 0.340941
3445 0.305217
3446 0.301798
3447 0.335168
3448 0.271144
3449 0.340363
3450 0.293346
3451 0.289873
3452 0.314521
3453 0.337441
3454 0.360877
3455 0.308445
3456 0.31187
3457 0.276309
3458 0.365337
3459 0.360175
3460 0.303919
3461 0.313026
3462 0.293859
3463 0.322761
3464 0.328426
3465 0.303916
3466 0.298252
3467 0.27417
3468 0.291534
3469 0.295753
3470 0.474446
3471 0.324035
3472 0.277035
3473 0.272815
3474 0.325869
3475 0.313469
3476 0.305338
3477 0.264891
3478 0.294296
3479 0.28302
3480 0.27738
3481 0.312984
3482 0.29603
3483 0.300966
3484 0.27339
3485 0.266438
3486 0.27992
3487 0.283871
3488 0.312957
3489 0.313758
3490 0.321489
3491 0.269714
3492 0.281914
3493 0.294695
3494 0.307093
3495 0.29436
3496 0.258612
3497 0.302574
3498 0.292448
3499 0.307934
3500 0.279201
3501 0.275713
3502 0.347648
3503 0.305743
3504 0.301873
3505 0.312678
3506 0.273577
3507 0.266059
3508 0.298585
3509 0.276828
3510 0.317109
3511 0.309296
3512 0.274421
3513 0.328692
3514 0.324536
3515 0.30786
3516 0.294125
3517 0.261236
3518 0.285721
3519 0.290295
3520 0.29692
3521 0.291042
3522 0.29354
3523 0.299366
3524 0.362553
3525 0.261303
3526 0.295052
3527 0.318188
3528 0.340266
3529 0.330167
3530 0.314722
3531 0.297274
3532 0.268979
3533 0.290838
3534 0.29795
3535 0.273754
3536 0.262674
3537 0.283446
3538 0.301324
3539 0.310662
3540 0.290317
3541 0.322809
3542 0.301152
3543 0.285232
3544 0.253476
3545 0.318302
3546 0.308457
3547 0.278203
3548 0.307327
3549 0.287429
3550 0.284181
3551 0.318117
3552 0.328103
3553 0.311144
3554 0.301709
3555 0.316188
3556 0.270429
3557 0.27246
3558 0.295106
3559 0.336283
3560 0.26499
3561 0.281521
3562 0.306429
3563 0.328697
3564 0.295121
3565 0.268907
3566 0.313802
3567 0.326684
3568 0.30871
3569 0.270643
3570 0.281759
3571 0.310271
3572 0.279372
3573 0.299974
3574 0.290659
3575 0.282622
3576 0.292217
3577 0.350406
3578 0.281094
3579 0.29655
3580 0.275929
3581 0.259327
3582 0.301912
3583 0.281726
3584 0.298454
3585 0.281092
3586 0.290231
3587 0.280469
3588 0.275709
3589 0.283264
3590 0.331294
3591 0.331696
3592 0.298935
3593 0.296427
3594 0.279984
3595 0.26769
3596 0.322706
3597 0.347518
3598 0.309203
3599 0.295453
3600 0.313024
3601 0.283874
3602 0.327845
3603 0.294115
3604 0.287305
3605 0.300082
3606 0.310022
3607 0.331152
3608 0.279387
3609 0.267208
3610 0.272692
3611 0.274753
3612 0.28565
3613 0.267856
3614 0.342528
3615 0.269069
3616 0.290443
3617 0.276974
3618 0.313908
3619 0.290745
3620 0.265548
3621 0.262305
3622 0.297515
3623 0.303225
3624 0.270214
3625 0.323961
3626 0.265068
3627 0.262731
3628 0.314047
3629 0.283165
3630 0.272556
3631 0.28574
3632 0.26024
3633 0.278013
3634 0.326431
3635 0.297214
3636 0.290156
3637 0.321805
3638 0.313599
3639 0.27917
3640 0.301727
3641 0.278579
3642 0.27038
3643 0.311666
3644 0.308866
3645 0.277977
3646 0.306254
3647 0.282005
3648 0.261939
3649 0.26914
3650 0.323444
3651 0.284203
3652 0.299613
3653 0.267079
3654 0.31497
3655 0.277158
3656 0.285935
3657 0.279392
3658 0.263453
3659 0.31779
3660 0.302914
3661 0.329012
3662 0.321409
3663 0.310713
3664 0.311408
3665 0.282965
3666 0.26817
3667 0.358749
3668 0.320293
3669 0.294517
3670 0.296672
3671 0.322988
3672 0.307699
3673 0.287077
3674 0.279627
3675 0.304368
3676 0.271442
3677 0.303117
3678 0.333079
3679 0.285644
3680 0.30663
3681 0.277929
3682 0.327379
3683 0.293637
3684 0.301287
3685 0.322252
3686 0.309778
3687 0.297811
3688 0.266054
3689 0.299842
3690 0.276721
3691 0.311897
3692 0.310297
3693 0.261275
3694 0.277684
3695 0.256005
3696 0.296931
3697 0.323295
3698 0.412575
3699 0.283869
3700 0.270957
3701 0.320541
3702 0.284736
3703 0.293381
3704 0.304607
3705 0.282917
3706 0.251523
3707 0.282278
3708 0.299523
3709 0.268198
3710 0.298183
3711 0.266246
3712 0.29751
3713 0.315292
3714 0.310642
3715 0.287549
3716 0.282223
3717 0.284215
3718 0.286334
3719 0.27142
3720 0.273976
3721 0.329984
3722 0.319829
3723 0.276021
3724 0.297315
3725 0.28137
3726 0.304019
3727 0.271673
3728 0.26633
3729 0.278335
3730 0.290799
3731 0.299055
3732 0.257413
3733 0.303601
3734 0.284887
3735 0.277319
3736 0.301152
3737 0.363615
3738 0.266197
3739 0.264133
3740 0.315384
3741 0.294314
3742 0.267235
3743 0.305865
3744 0.28429
3745 0.300633
3746 0.322263
3747 0.30144
3748 0.314768
3749 0.279696
3750 0.326926
3751 0.307118
3752 0.363925
3753 0.295895
3754 0.273091
3755 0.300668
3756 0.27791
3757 0.318286
3758 0.254921
3759 0.350306
3760 0.277425
3761 0.270518
3762 0.291273
3763 0.325191
3764 0.299253
3765 0.276287
3766 0.278953
3767 0.323794
3768 0.273694
3769 0.287829
3770 0.305577
3771 0.259162
3772 0.349726
3773 0.324481
3774 0.303948
3775 0.267457
3776 0.269261
3777 0.33753
3778 0.29515
3779 0.283936
3780 0.369404
3781 0.2826
3782 0.282926
3783 0.305306
3784 0.282166
3785 0.290794
3786 0.277805
3787 0.281366
3788 0.280342
3789 0.263935
3790 0.298815
3791 0.294294
3792 0.273759
3793 0.253526
3794 0.306837
3795 0.27655
3796 0.282857
3797 0.311584
3798 0.285449
3799 0.26757
3800 0.266123
3801 0.282049
3802 0.322864
3803 0.339858
3804 0.360415
3805 0.4497
3806 0.353812
3807 0.268589
3808 0.307008
3809 0.286774
3810 0.28808
3811 0.262985
3812 0.287742
3813 0.281096
3814 0.255306
3815 0.257991
3816 0.279521
3817 0.27593
3818 0.277417
3819 0.30343
3820 0.277933
3821 0.286113
3822 0.361179
3823 0.299909
3824 0.278296
3825 0.310659
3826 0.279141
3827 0.271996
3828 0.274148
3829 0.286996
3830 0.270136
3831 0.270994
3832 0.279263
3833 0.294382
3834 0.261833
3835 0.260983
3836 0.275258
3837 0.283882
3838 0.282579
3839 0.268826
3840 0.266514
3841 0.294145
3842 0.261342
3843 0.274907
3844 0.277788
3845 0.266782
3846 0.248283
3847 0.242594
3848 0.276511
3849 0.26802
3850 0.262037
3851 0.255271
3852 0.244803
3853 0.280038
3854 0.296031
3855 0.233473
3856 0.32176
3857 0.297225
3858 0.381064
3859 0.294293
3860 0.262903
3861 0.291707
3862 0.254504
3863 0.284823
3864 0.298099
3865 0.273548
3866 0.264759
3867 0.25194
3868 0.272423
3869 0.273328
3870 0.269936
3871 0.248314
3872 0.3132
3873 0.308399
3874 0.284516
3875 0.305876
3876 0.286155
3877 0.29052
3878 0.284187
3879 0.295789
3880 0.25809
3881 0.302849
3882 0.256891
3883 0.327698
3884 0.250701
3885 0.27385
3886 0.271865
3887 0.347866
3888 0.347581
3889 0.261727
3890 0.28582
3891 0.276802
3892 0.296686
3893 0.275366
3894 0.263963
3895 0.274902
3896 0.247607
3897 0.287782
3898 0.289714
3899 0.287457
3900 0.256783
3901 0.250194
3902 0.251607
3903 0.293408
3904 0.248726
3905 0.303631
3906 0.310943
3907 0.250498
3908 0.25358
3909 0.304835
3910 0.277832
3911 0.288627
3912 0.263519
3913 0.24871
3914 0.287891
3915 0.262561
3916 0.270769
3917 0.2824
3918 0.278565
3919 0.27149
3920 0.292015
3921 0.277896
3922 0.261566
3923 0.271356
3924 0.280459
3925 0.269549
3926 0.263957
3927 0.288977
3928 0.269639
3929 0.281864
3930 0.288225
3931 0.266804
3932 0.260446
3933 0.285749
3934 0.28595
3935 0.250221
3936 0.269704
3937 0.276451
3938 0.315274
3939 0.262409
3940 0.239957
3941 0.252901
3942 0.293151
3943 0.277031
3944 0.254327
3945 0.26952
3946 0.244294
3947 0.267741
3948 0.289755
3949 0.294845
3950 0.252405
3951 0.268568
3952 0.258774
3953 0.27511
3954 0.249001
3955 0.264952
3956 0.294746
3957 0.341963
3958 0.289453
3959 0.28609
3960 0.250559
3961 0.269038
3962 0.276884
3963 0.282201
3964 0.248323
3965 0.264916
3966 0.250882
3967 0.256195
3968 0.287127
3969 0.253356
3970 0.272851
3971 0.251833
3972 0.255552
3973 0.25844
3974 0.285617
3975 0.268566
3976 0.298634
3977 0.264658
3978 0.28487
3979 0.282107
3980 0.286211
3981 0.347347
3982 0.296635
3983 0.254366
3984 0.275808
3985 0.250753
3986 0.255879
3987 0.297911
3988 0.248018
3989 0.265642
3990 0.275003
3991 0.260183
3992 0.288862
3993 0.26623
3994 0.289311
3995 0.330165
3996 0.299612
3997 0.297244
3998 0.269293
3999 0.250894
4000 0.24193
4001 0.248223
4002 0.252445
4003 0.289395
4004 0.27017
4005 0.286087
4006 0.273902
4007 0.246728
4008 0.275431
4009 0.247595
4010 0.250609
4011 0.263981
4012 0.282179
4013 0.283723
4014 0.246617
4015 0.287157
4016 0.263553
4017 0.246543
4018 0.347078
4019 0.275012
4020 0.279043
4021 0.30195
4022 0.28231
4023 0.257247
4024 0.243956
4025 0.300096
4026 0.341432
4027 0.296049
4028 0.305974
4029 0.276536
4030 0.269144
4031 0.359223
4032 0.283078
4033 0.270454
4034 0.255509
4035 0.273973
4036 0.336458
4037 0.247327
4038 0.244634
4039 0.290163
4040 0.274141
4041 0.246522
4042 0.256932
4043 0.305159
4044 0.240244
4045 0.26561
4046 0.275456
4047 0.269523
4048 0.281419
4049 0.259439
4050 0.244141
4051 0.288484
4052 0.271976
4053 0.269648
4054 0.252525
4055 0.251339
4056 0.239887
4057 0.264401
4058 0.262495
4059 0.255295
4060 0.26301
4061 0.255023
4062 0.266857
4063 0.264684
4064 0.246281
4065 0.260832
4066 0.292902
4067 0.276534
4068 0.273316
4069 0.262948
4070 0.289654
4071 0.26646
4072 0.308532
4073 0.307247
4074 0.273376
4075 0.276088
4076 0.254838
4077 0.248757
4078 0.27835
4079 0.261603
4080 0.281596
4081 0.240421
4082 0.255457
4083 0.227053
4084 0.233484
4085 0.251657
4086 0.243284
4087 0.293881
4088 0.28435
4089 0.294031
4090 0.29347
4091 0.288885
4092 0.247706
4093 0.283969
4094 0.301339
4095 0.26716
4096 0.30348
4097 0.318541
4098 0.232747
4099 0.244364
4100 0.28553
4101 0.309838
4102 0.238631
4103 0.327221
4104 0.256621
4105 0.246557
4106 0.285185
4107 0.269059
4108 0.284359
4109 0.266788
4110 0.268414
4111 0.313217
4112 0.25818
4113 0.240544
4114 0.336979
4115 0.228164
4116 0.238437
4117 0.25574
4118 0.284522
4119 0.270655
4120 0.302324
4121 0.275714
4122 0.259481
4123 0.246655
4124 0.263448
4125 0.290148
4126 0.363953
4127 0.295307
4128 0.272134
4129 0.303772
4130 0.290964
4131 0.279156
4132 0.261041
4133 0.249635
4134 0.333753
4135 0.255559
4136 0.233629
4137 0.269619
4138 0.238153
4139 0.261021
4140 0.266889
4141 0.344992
4142 0.283548
4143 0.261353
4144 0.269036
4145 0.244648
4146 0.279441
4147 0.257379
4148 0.264789
4149 0.262953
4150 0.285033
4151 0.321412
4152 0.298578
4153 0.263198
4154 0.267164
4155 0.284164
4156 0.286786
4157 0.245531
4158 0.251191
4159 0.283186
4160 0.28062
4161 0.233978
4162 0.267978
4163 0.263773
4164 0.27806
4165 0.281648
4166 0.307289
4167 0.224821
4168 0.249621
4169 0.24986
4170 0.253964
4171 0.260575
4172 0.257954
4173 0.263535
4174 0.271748
4175 0.303435
4176 0.265796
4177 0.267543
4178 0.275087
4179 0.284703
4180 0.297742
4181 0.260962
4182 0.234391
4183 0.284434
4184 0.271828
4185 0.277191
4186 0.25208
4187 0.272836
4188 0.302144
4189 0.250764
4190 0.261363
4191 0.306807
4192 0.242416
4193 0.272841
4194 0.255708
4195 0.223887
4196 0.27088
4197 0.269475
4198 0.283817
4199 0.242206
4200 0.244699
4201 0.334763
4202 0.283979
4203 0.284694
4204 0.235776
4205 0.241615
4206 0.291795
4207 0.252426
4208 0.278361
4209 0.252394
4210 0.25583
4211 0.269826
4212 0.277233
4213 0.259441
4214 0.253986
4215 0.246535
4216 0.290934
4217 0.228573
4218 0.265205
4219 0.323493
4220 0.238102
4221 0.266126
4222 0.272083
4223 0.250868
4224 0.274829
4225 0.27219
4226 0.287509
4227 0.268929
4228 0.234691
4229 0.257301
4230 0.28918
4231 0.246609
4232 0.295454
4233 0.270972
4234 0.267392
4235 0.225605
4236 0.246185
4237 0.28907
4238 0.272593
4239 0.29774
4240 0.264243
4241 0.263796
4242 0.254657
4243 0.259511
4244 0.243804
4245 0.264752
4246 0.233395
4247 0.308815
4248 0.294998
4249 0.243773
4250 0.265203
4251 0.297188
4252 0.260268
4253 0.245843
4254 0.26137
4255 0.262474
4256 0.233813
4257 0.257679
4258 0.252252
4259 0.257088
4260 0.25636
4261 0.289255
4262 0.255219
4263 0.23611
4264 0.259526
4265 0.272378
4266 0.269279
4267 0.246099
4268 0.274424
4269 0.249516
4270 0.24614
4271 0.254627
4272 0.265448
4273 0.248611
4274 0.22604
4275 0.237424
4276 0.245788
4277 0.233335
4278 0.246915
4279 0.25932
4280 0.231504
4281 0.230846
4282 0.244404
4283 0.245066
4284 0.24511
4285 0.347352
4286 0.232904
4287 0.298393
4288 0.265858
4289 0.276278
4290 0.24396
4291 0.267501
4292 0.25899
4293 0.263458
4294 0.256151
4295 0.233526
4296 0.232845
4297 0.240823
4298 0.230879
4299 0.237144
4300 0.245072
4301 0.292148
4302 0.254131
4303 0.256103
4304 0.298304
4305 0.214095
4306 0.234624
4307 0.275825
4308 0.258704
4309 0.246746
4310 0.27924
4311 0.305772
4312 0.282049
4313 0.271386
4314 0.257664
4315 0.260148
4316 0.300813
4317 0.263259
4318 0.26218
4319 0.262194
4320 0.246456
4321 0.27467
4322 0.25585
4323 0.230008
4324 0.254872
4325 0.247195
4326 0.294421
4327 0.333097
4328 0.242653
4329 0.248483
4330 0.233302
4331 0.24459
4332 0.236881
4333 0.278156
4334 0.2333
4335 0.252431
4336 0.218394
4337 0.250102
4338 0.300644
4339 0.246424
4340 0.264249
4341 0.273589
4342 0.246365
4343 0.261179
4344 0.236122
4345 0.256352
4346 0.287311
4347 0.239907
4348 0.249801
4349 0.261451
4350 0.251828
4351 0.238449
4352 0.274485
4353 0.248715
4354 0.251955
4355 0.239365
4356 0.267821
4357 0.247625
4358 0.224356
4359 0.25355
4360 0.266073
4361 0.249687
4362 0.249837
4363 0.251377
4364 0.222072
4365 0.246879
4366 0.22623
4367 0.27654
4368 0.229992
4369 0.239908
4370 0.263475
4371 0.266482
4372 0.245117
4373 0.256546
4374 0.230597
4375 0.231251
4376 0.26297
4377 0.257422
4378 0.261272
4379 0.252694
4380 0.277021
4381 0.258924
4382 0.247837
4383 0.25334
4384 0.265953
4385 0.245153
4386 0.280948
4387 0.250752
4388 0.268029
4389 0.221565
4390 0.250458
4391 0.281155
4392 0.238208
4393 0.225112
4394 0.227408
4395 0.237545
4396 0.242746
4397 0.294217
4398 0.261765
4399 0.226963
4400 0.266673
4401 0.249822
4402 0.239648
4403 0.259811
4404 0.290591
4405 0.253626
4406 0.255269
4407 0.220566
4408 0.241402
4409 0.284944
4410 0.263662
4411 0.236149
4412 0.294823
4413 0.250796
4414 0.217663
4415 0.240467
4416 0.304173
4417 0.221887
4418 0.249538
4419 0.255022
4420 0.259099
4421 0.252801
4422 0.209079
4423 0.258504
4424 0.271795
4425 0.260021
4426 0.259466
4427 0.225372
4428 0.270509
4429 0.219498
4430 0.247259
4431 0.2547
4432 0.269935
4433 0.241555
4434 0.259012
4435 0.236758
4436 0.238547
4437 0.249001
4438 0.223721
4439 0.225655
4440 0.258532
4441 0.233784
4442 0.227224
4443 0.220307
4444 0.258083
4445 0.235793
4446 0.209329
4447 0.276882
4448 0.230796
4449 0.258802
4450 0.221274
4451 0.222308
4452 0.244059
4453 0.248863
4454 0.296451
4455 0.311848
4456 0.230055
4457 0.2594
4458 0.256176
4459 0.283432
4460 0.296446
4461 0.216483
4462 0.265487
4463 0.262727
4464 0.234446
4465 0.296031
4466 0.228239
4467 0.232216
4468 0.23367
4469 0.259172
4470 0.239311
4471 0.241689
4472 0.246977
4473 0.236332
4474 0.237984
4475 0.266791
4476 0.267673
4477 0.279189
4478 0.2513
4479 0.234239
4480 0.250743
4481 0.273268
4482 0.230576
4483 0.259845
4484 0.25082
4485 0.244806
4486 0.243078
4487 0.25322
4488 0.23173
4489 0.231968
4490 0.253961
4491 0.271591
4492 0.246264
4493 0.235166
4494 0.249196
4495 0.278296
4496 0.233558
4497 0.252703
4498 0.25317
4499 0.252835
4500 0.247419
4501 0.29069
4502 0.239332
4503 0.269707
4504 0.247657
4505 0.226449
4506 0.247044
4507 0.235584
4508 0.29466
4509 0.23694
4510 0.247474
4511 0.255545
4512 0.214928
4513 0.262473
4514 0.214167
4515 0.22395
4516 0.26506
4517 0.243281
4518 0.246575
4519 0.25973
4520 0.265874
4521 0.258703
4522 0.252201
4523 0.247347
4524 0.267932
4525 0.254676
4526 0.2359
4527 0.239281
4528 0.239609
4529 0.32059
4530 0.238149
4531 0.232046
4532 0.255901
4533 0.215969
4534 0.251279
4535 0.245321
4536 0.231098
4537 0.272488
4538 0.213182
4539 0.272297
4540 0.271183
4541 0.262484
4542 0.253657
4543 0.269451
4544 0.231352
4545 0.239464
4546 0.242374
4547 0.293404
4548 0.244621
4549 0.271005
4550 0.234588
4551 0.214256
4552 0.240321
4553 0.239582
4554 0.235836
4555 0.303666
4556 0.244223
4557 0.243909
4558 0.265512
4559 0.218838
4560 0.282349
4561 0.23831
4562 0.220908
4563 0.257214
4564 0.23699
4565 0.227542
4566 0.230458
4567 0.25735
4568 0.259013
4569 0.239708
4570 0.292222
4571 0.238968
4572 0.251381
4573 0.226099
4574 0.233242
4575 0.260655
4576 0.225082
4577 0.242783
4578 0.248657
4579 0.256703
4580 0.223402
4581 0.247425
4582 0.245918
4583 0.235679
4584 0.231038
4585 0.247294
4586 0.235055
4587 0.225769
4588 0.263531
4589 0.218356
4590 0.229201
4591 0.264444
4592 0.241065
4593 0.263854
4594 0.222817
4595 0.289815
4596 0.230377
4597 0.224574
4598 0.282004
4599 0.226235
4600 0.278459
4601 0.244813
4602 0.252046
4603 0.257324
4604 0.249817
4605 0.266091
4606 0.271796
4607 0.254141
4608 0.241798
4609 0.30621
4610 0.238178
4611 0.207523
4612 0.246105
4613 0.229566
4614 0.236164
4615 0.240931
4616 0.239665
4617 0.30161
4618 0.245031
4619 0.237745
4620 0.272914
4621 0.223744
4622 0.233968
4623 0.22606
4624 0.215569
4625 0.255351
4626 0.232839
4627 0.239515
4628 0.223252
4629 0.220249
4630 0.312106
4631 0.228062
4632 0.25651
4633 0.225964
4634 0.309592
4635 0.280907
4636 0.269158
4637 0.3152
4638 0.253357
4639 0.240853
4640 0.222349
4641 0.261652
4642 0.248082
4643 0.226913
4644 0.270864
4645 0.221113
4646 0.215595
4647 0.216008
4648 0.301254
4649 0.244347
4650 0.216214
4651 0.238688
4652 0.246473
4653 0.244264
4654 0.230982
4655 0.273409
4656 0.23077
4657 0.218941
4658 0.211362
4659 0.238849
4660 0.238265
4661 0.291981
4662 0.284954
4663 0.271833
4664 0.229978
4665 0.223271
4666 0.236166
4667 0.259704
4668 0.248312
4669 0.261463
4670 0.260669
4671 0.214944
4672 0.251694
4673 0.221686
4674 0.227667
4675 0.233305
4676 0.250404
4677 0.250499
4678 0.24187
4679 0.247503
4680 0.281148
4681 0.24293
4682 0.214577
4683 0.295833
4684 0.236004
4685 0.257581
4686 0.226474
4687 0.299415
4688 0.262657
4689 0.240965
4690 0.228983
4691 0.227557
4692 0.222153
4693 0.246019
4694 0.19964
4695 0.238697
4696 0.233716
4697 0.223922
4698 0.253687
4699 0.235783
4700 0.243904
4701 0.229957
4702 0.200045
4703 0.214718
4704 0.239167
4705 0.204303
4706 0.227731
4707 0.250547
4708 0.213409
4709 0.207216
4710 0.230311
4711 0.232019
4712 0.203945
4713 0.233182
4714 0.344315
4715 0.276338
4716 0.24649
4717 0.245643
4718 0.258794
4719 0.251263
4720 0.24234
4721 0.285208
4722 0.273074
4723 0.228204
4724 0.234544
4725 0.223043
4726 0.243127
4727 0.218668
4728 0.237412
4729 0.243774
4730 0.293112
4731 0.228332
4732 0.244834
4733 0.298695
4734 0.225747
4735 0.231893
4736 0.213842
4737 0.232685
4738 0.247243
4739 0.24935
4740 0.304818
4741 0.215475
4742 0.280772
4743 0.259866
4744 0.25507
4745 0.270061
4746 0.237461
4747 0.218175
4748 0.246629
4749 0.22245
4750 0.249561
4751 0.234006
4752 0.235675
4753 0.214174
4754 0.238442
4755 0.242585
4756 0.351978
4757 0.213719
4758 0.242697
4759 0.203395
4760 0.225973
4761 0.211055
4762 0.259995
4763 0.245702
4764 0.229619
4765 0.229302
4766 0.21836
4767 0.285227
4768 0.234494
4769 0.256395
4770 0.248969
4771 0.244328
4772 0.234365
4773 0.223501
4774 0.247922
4775 0.242914
4776 0.23749
4777 0.245913
4778 0.265338
4779 0.218683
4780 0.252506
4781 0.247534
4782 0.234517
4783 0.255081
4784 0.231549
4785 0.235243
4786 0.263724
4787 0.232244
4788 0.252
4789 0.217525
4790 0.237014
4791 0.263005
4792 0.244113
4793 0.215067
4794 0.251078
4795 0.22228
4796 0.237262
4797 0.246662
4798 0.210309
4799 0.26042
4800 0.238587
4801 0.260467
4802 0.249047
4803 0.228443
4804 0.217665
4805 0.215823
4806 0.23775
4807 0.251963
4808 0.223219
4809 0.254128
4810 0.259319
4811 0.206618
4812 0.218458
4813 0.28623
4814 0.253063
4815 0.245405
4816 0.235332
4817 0.228286
4818 0.233822
4819 0.221057
4820 0.247783
4821 0.224776
4822 0.251689
4823 0.210251
4824 0.234047
4825 0.283639
4826 0.241356
4827 0.289768
4828 0.259037
4829 0.22396
4830 0.209974
4831 0.238197
4832 0.232371
4833 0.214589
4834 0.274642
4835 0.236587
4836 0.211613
4837 0.250656
4838 0.310057
4839 0.234226
4840 0.222409
4841 0.243611
4842 0.209786
4843 0.222593
4844 0.226494
4845 0.253189
4846 0.226181
4847 0.232316
4848 0.214686
4849 0.230706
4850 0.2456
4851 0.209591
4852 0.234225
4853 0.250025
4854 0.218204
4855 0.2295
4856 0.229148
4857 0.208173
4858 0.214647
4859 0.227529
4860 0.217625
4861 0.230716
4862 0.242642
4863 0.278085
4864 0.228301
4865 0.226296
4866 0.236826
4867 0.213387
4868 0.229301
4869 0.232411
4870 0.252681
4871 0.243788
4872 0.217635
4873 0.253259
4874 0.218223
4875 0.227329
4876 0.232805
4877 0.237943
4878 0.24814
4879 0.265902
4880 0.245366
4881 0.239432
4882 0.288562
4883 0.271958
4884 0.317996
4885 0.243131
4886 0.244449
4887 0.230542
4888 0.269107
4889 0.254103
4890 0.221551
4891 0.227778
4892 0.226712
4893 0.230849
4894 0.237861
4895 0.232626
4896 0.223131
4897 0.219067
4898 0.248783
4899 0.22177
4900 0.268414
4901 0.22224
4902 0.21179
4903 0.228922
4904 0.243203
4905 0.230581
4906 0.211205
4907 0.221799
4908 0.241876
4909 0.257454
4910 0.228887
4911 0.248634
4912 0.209521
4913 0.226512
4914 0.231585
4915 0.230826
4916 0.248692
4917 0.232225
4918 0.217454
4919 0.245807
4920 0.251688
4921 0.250955
4922 0.255419
4923 0.259072
4924 0.238653
4925 0.235024
4926 0.242452
4927 0.228616
4928 0.233823
4929 0.226467
4930 0.23285
4931 0.196582
4932 0.221238
4933 0.231668
4934 0.208314
4935 0.205803
4936 0.231018
4937 0.215253
4938 0.218914
4939 0.206882
4940 0.228072
4941 0.20392
4942 0.266472
4943 0.195679
4944 0.19206
4945 0.235399
4946 0.253493
4947 0.288567
4948 0.240998
4949 0.231831
4950 0.232171
4951 0.22728
4952 0.221558
4953 0.276978
4954 0.272376
4955 0.220717
4956 0.236793
4957 0.202928
4958 0.276644
4959 0.206012
4960 0.249127
4961 0.278218
4962 0.207393
4963 0.220315
4964 0.241902
4965 0.209771
4966 0.259081
4967 0.224937
4968 0.257919
4969 0.230549
4970 0.201349
4971 0.273123
4972 0.26881
4973 0.231528
4974 0.201428
4975 0.23126
4976 0.276409
4977 0.222052
4978 0.289252
4979 0.21686
4980 0.203691
4981 0.21424
4982 0.240374
4983 0.225506
4984 0.290014
4985 0.20125
4986 0.238154
4987 0.245886
4988 0.214735
4989 0.236413
4990 0.19478
4991 0.23326
4992 0.205971
4993 0.210037
4994 0.21477
4995 0.213574
4996 0.231723
4997 0.237332
4998 0.236045
4999 0.25526
5000 0.237431
