0 5.02809
1 38.0988
2 12.9336
3 13.5134
4 14.0845
5 14.9628
6 7.50052
7 6.40682
8 5.84912
9 4.9998
10 9.91355
11 8.87266
12 7.86765
13 5.97751
14 5.51261
15 3.07688
16 2.86886
17 3.56478
18 2.68802
19 2.54168
20 2.40054
21 2.73774
22 2.5069
23 2.38917
24 2.27493
25 2.58343
26 2.41503
27 2.66625
28 2.80883
29 2.42814
30 2.44476
31 2.08886
32 2.00214
33 2.00837
34 1.90829
35 1.91348
36 1.77066
37 1.89815
38 1.81281
39 1.82643
40 1.83398
41 2.22437
42 2.11865
43 2.11442
44 2.52712
45 2.11953
46 1.7203
47 1.65722
48 1.7679
49 1.73492
50 1.63334
51 1.95002
52 1.85962
53 1.96196
54 1.91761
55 1.70601
56 1.89329
57 1.80105
58 1.82624
59 1.99088
60 1.8055
61 1.7747
62 1.95508
63 1.95768
64 1.54694
65 1.68181
66 1.64415
67 1.68437
68 1.76566
69 1.58385
70 1.78881
71 1.75925
72 1.92667
73 1.74967
74 1.641
75 2.03312
76 2.53121
77 1.94515
78 1.71554
79 1.67262
80 1.63157
81 1.65282
82 1.59923
83 1.61063
84 1.74154
85 1.76336
86 1.79058
87 1.79361
88 1.77552
89 1.61223
90 1.64059
91 1.69532
92 1.64128
93 1.67833
94 1.6441
95 1.54936
96 1.54629
97 1.61613
98 1.72536
99 1.70133
100 1.64863
101 1.45421
102 1.48587
103 1.4565
104 1.62485
105 1.43337
106 1.55098
107 1.50751
108 1.37856
109 1.47314
110 1.51096
111 1.62699
112 1.48081
113 1.61531
114 1.34603
115 1.50872
116 1.51822
117 1.83296
118 1.81964
119 1.46919
120 1.34773
121 1.55699
122 1.60488
123 1.61695
124 1.59826
125 1.45468
126 1.4651
127 1.53119
128 1.44283
129 1.51935
130 1.4207
131 1.3366
132 1.46286
133 1.56593
134 1.63102
135 1.39572
136 1.73974
137 1.57353
138 1.65846
139 1.71398
140 1.40688
141 1.47853
142 1.40029
143 1.47053
144 1.47975
145 1.51843
146 1.50649
147 1.5437
148 1.62091
149 1.3835
150 1.45925
151 1.40893
152 1.50695
153 1.65412
154 1.5605
155 1.49298
156 1.35437
157 1.46994
158 1.43632
159 1.30383
160 1.44524
161 1.38818
162 1.51264
163 1.44852
164 1.35499
165 1.33279
166 1.43041
167 1.56406
168 1.52648
169 1.7442
170 1.84228
171 1.58603
172 1.52429
173 2.08814
174 1.73394
175 1.7508
176 1.40181
177 1.43596
178 1.43953
179 1.39185
180 1.4428
181 1.39757
182 1.54255
183 1.42868
184 1.6548
185 1.41046
186 1.42231
187 1.42559
188 1.52814
189 1.46519
190 1.46347
191 1.47624
192 1.42126
193 1.44216
194 1.56835
195 1.43158
196 1.52412
197 1.31116
198 1.38187
199 1.41368
200 1.4902
201 1.3339
202 1.53128
203 1.45607
204 1.52816
205 1.65839
206 1.61902
207 1.37325
208 1.64986
209 1.38663
210 1.31082
211 1.41845
212 1.4264
213 1.59966
214 1.51987
215 1.35196
216 1.38238
217 1.55846
218 1.25995
219 1.35452
220 1.34458
221 1.38746
222 1.30536
223 1.33927
224 1.47224
225 1.6125
226 2.14549
227 1.4055
228 1.45357
229 1.40009
230 1.41279
231 1.40333
232 1.52084
233 1.58936
234 1.33284
235 1.4013
236 1.35876
237 1.33365
238 1.38932
239 1.431
240 1.27977
241 1.38351
242 1.38355
243 1.44052
244 1.28805
245 1.40918
246 1.25049
247 1.26397
248 1.39229
249 1.36693
250 1.41688
251 1.35084
252 1.49298
253 1.44168
254 1.54492
255 1.60669
256 1.39
257 1.34132
258 1.2885
259 1.2808
260 1.3792
261 1.33191
262 1.46408
263 1.34265
264 1.19719
265 1.30265
266 1.21537
267 1.38506
268 1.60646
269 1.33526
270 1.51168
271 1.54152
272 1.41194
273 1.36715
274 1.28804
275 1.27889
276 1.30858
277 1.3839
278 1.30889
279 1.31625
280 1.31463
281 1.39636
282 1.24442
283 1.47607
284 1.38767
285 1.36527
286 1.32946
287 1.27989
288 1.34006
289 1.37375
290 1.26896
291 1.39308
292 1.45057
293 1.32486
294 1.3833
295 1.42562
296 1.47826
297 1.28309
298 1.28222
299 1.16347
300 1.18852
301 1.31948
302 1.24122
303 1.25814
304 1.34657
305 1.33177
306 1.30756
307 1.36408
308 1.332
309 1.22892
310 1.29447
311 1.36735
312 1.29247
313 1.33965
314 1.32979
315 1.29512
316 1.37851
317 1.30411
318 1.32768
319 1.38712
320 1.32766
321 1.31257
322 1.46494
323 1.57435
324 1.27812
325 1.31938
326 1.27037
327 1.30845
328 1.26608
329 1.31395
330 1.41868
331 1.37267
332 1.40693
333 1.3466
334 1.24592
335 1.41262
336 1.33889
337 1.2022
338 1.36011
339 1.22417
340 1.28042
341 1.27308
342 1.19714
343 1.60017
344 1.34692
345 1.37376
346 1.23615
347 1.40862
348 1.35954
349 1.32212
350 1.56751
351 1.28299
352 1.2652
353 1.34068
354 1.48723
355 1.37172
356 1.26799
357 1.27941
358 1.20489
359 1.23514
360 1.24611
361 1.29312
362 1.25497
363 1.27041
364 1.26876
365 1.23538
366 1.19615
367 1.3056
368 1.43279
369 1.26489
370 1.22637
371 1.20162
372 1.33544
373 1.32875
374 1.49917
375 1.3171
376 1.32485
377 1.16208
378 1.2317
379 1.3327
380 1.25583
381 1.25483
382 1.28932
383 1.21666
384 1.16691
385 1.29569
386 1.26818
387 1.19491
388 1.19969
389 1.31939
390 1.30368
391 1.18205
392 1.24853
393 1.25583
394 1.2436
395 1.15549
396 1.23062
397 1.2743
398 1.16541
399 1.19844
400 1.2787
401 1.24237
402 1.26831
403 1.21789
404 1.21161
405 1.19248
406 1.289
407 1.14563
408 1.28314
409 1.18515
410 1.21744
411 1.40386
412 1.19698
413 1.18734
414 1.26291
415 1.08792
416 1.11687
417 1.20787
418 1.12284
419 1.14426
420 1.19605
421 1.07494
422 1.10161
423 1.12744
424 1.3837
425 1.14443
426 1.19789
427 1.42873
428 1.13211
429 1.31298
430 1.26202
431 1.34152
432 1.19838
433 1.16244
434 1.27579
435 1.28587
436 1.19788
437 1.1885
438 1.17272
439 1.12838
440 1.27615
441 1.25031
442 1.15919
443 1.35455
444 1.24601
445 1.18456
446 1.27926
447 1.15357
448 1.22445
449 1.22064
450 1.21512
451 1.15422
452 1.23242
453 1.35523
454 1.24516
455 1.32774
456 1.07569
457 1.55302
458 1.32182
459 1.27107
460 1.22726
461 1.19974
462 1.22408
463 1.26149
464 1.2265
465 1.116
466 1.17313
467 1.16883
468 1.17835
469 1.41297
470 1.26507
471 1.1983
472 1.14689
473 1.18684
474 1.14365
475 1.22025
476 1.15973
477 1.21367
478 1.14314
479 1.23357
480 1.27107
481 1.30363
482 1.25364
483 1.19901
484 1.17161
485 1.2282
486 1.23442
487 1.23574
488 1.57377
489 1.35636
490 1.22545
491 1.38716
492 1.18232
493 1.11346
494 1.19084
495 1.12947
496 1.23062
497 1.20384
498 1.20221
499 1.21771
500 1.24289
501 1.25829
502 1.14434
503 1.15237
504 1.31459
505 1.27263
506 1.12458
507 1.21262
508 1.174
509 1.13673
510 1.18846
511 1.14216
512 1.25561
513 1.1906
514 1.21948
515 1.09017
516 1.10047
517 1.04629
518 1.14688
519 1.15822
520 1.2161
521 1.15446
522 1.16139
523 1.17632
524 1.11994
525 1.09825
526 1.213
527 1.19594
528 1.2465
529 1.19602
530 1.10435
531 1.11435
532 1.148
533 1.13598
534 1.13843
535 1.12791
536 1.10543
537 1.06015
538 1.1813
539 1.22493
540 1.16787
541 1.15746
542 1.13664
543 1.08045
544 1.19515
545 1.12738
546 1.18535
547 1.26394
548 1.0881
549 1.08125
550 1.20559
551 1.24019
552 1.16764
553 1.15422
554 1.17816
555 1.05451
556 1.13904
557 1.08148
558 1.19768
559 1.03399
560 1.09795
561 1.14263
562 1.17337
563 1.21932
564 1.05306
565 1.28472
566 1.24324
567 1.15151
568 1.09142
569 1.09457
570 1.17462
571 1.02206
572 1.09149
573 1.13589
574 1.105
575 1.12706
576 1.16583
577 1.07213
578 1.1044
579 1.087
580 1.09259
581 1.18596
582 1.1923
583 1.22612
584 1.07973
585 1.05421
586 1.16897
587 1.12884
588 1.07943
589 1.10357
590 1.10125
591 1.20605
592 1.10183
593 1.11092
594 1.0448
595 1.21092
596 1.20943
597 1.24882
598 1.22346
599 1.22873
600 1.02002
601 1.21703
602 1.18845
603 1.04693
604 1.17965
605 1.11544
606 1.10167
607 1.07951
608 1.02527
609 1.15391
610 1.02848
611 1.17763
612 1.13539
613 1.27348
614 1.08352
615 1.132
616 1.09091
617 1.19524
618 1.13445
619 1.1419
620 1.07598
621 1.04213
622 1.07392
623 1.10917
624 1.16701
625 1.13262
626 1.04695
627 1.09552
628 1.15556
629 1.10434
630 1.06773
631 1.13146
632 1.12331
633 1.16288
634 1.14268
635 1.09063
636 1.09872
637 1.23249
638 1.16892
639 1.1275
640 1.07393
641 1.09771
642 1.16802
643 1.07573
644 1.11824
645 1.1144
646 1.13174
647 1.02555
648 1.00794
649 1.0251
650 1.13145
651 1.05917
652 1.06351
653 1.16763
654 1.04672
655 1.07186
656 1.02753
657 0.999437
658 1.16909
659 1.11835
660 1.16541
661 1.21249
662 1.11667
663 1.08602
664 1.15178
665 1.01807
666 1.14365
667 1.08602
668 1.04154
669 1.06231
670 1.08836
671 1.14779
672 1.02837
673 1.02967
674 1.08863
675 1.00442
676 1.06483
677 1.1098
678 1.07441
679 1.1433
680 1.03079
681 1.15321
682 1.10851
683 1.05678
684 1.0535
685 1.11414
686 1.06951
687 0.992827
688 1.01154
689 1.03591
690 1.04505
691 1.16535
692 1.09392
693 0.980085
694 0.980661
695 1.0724
696 1.11984
697 1.22728
698 1.07009
699 1.12925
700 1.10102
701 1.04912
702 1.00076
703 1.05403
704 1.00688
705 1.07656
706 1.0386
707 1.09953
708 1.05035
709 1.08984
710 1.03853
711 1.01203
712 1.17382
713 1.14741
714 1.05742
715 1.11875
716 1.06607
717 1.1031
718 1.06401
719 1.00947
720 1.09204
721 1.20506
722 1.07823
723 1.0357
724 1.1272
725 1.09414
726 1.00695
727 0.982592
728 0.984561
729 1.00354
730 1.0448
731 0.994825
732 1.05893
733 1.0458
734 1.07223
735 1.0117
736 1.11843
737 0.977288
738 0.988323
739 0.981153
740 1.12155
741 1.01188
742 1.05288
743 1.01877
744 1.05191
745 1.20696
746 1.02297
747 1.17348
748 1.08502
749 1.12926
750 1.05288
751 1.17452
752 1.01316
753 0.999751
754 1.07247
755 1.04067
756 1.0453
757 1.05819
758 1.14887
759 1.14408
760 1.03779
761 1.09639
762 1.11448
763 0.980403
764 1.07404
765 1.03407
766 1.00569
767 1.06285
768 1.03854
769 1.0818
770 0.977772
771 1.07349
772 1.22402
773 1.02143
774 1.03775
775 0.956949
776 1.21678
777 1.03304
778 1.01809
779 1.22579
780 0.996067
781 1.02231
782 1.23363
783 1.15404
784 1.18929
785 1.04106
786 0.966946
787 0.965592
788 0.984333
789 0.949261
790 1.08744
791 1.00843
792 1.01741
793 1.00641
794 0.989353
795 1.00999
796 1.1204
797 1.09931
798 1.01728
799 0.972887
800 0.901149
801 1.07842
802 1.08441
803 1.12706
804 1.05158
805 0.986424
806 0.941148
807 1.05174
808 1.11092
809 1.01568
810 0.987426
811 1.01687
812 0.957353
813 0.971233
814 1.00981
815 1.00898
816 1.00039
817 0.945857
818 1.09591
819 0.991179
820 1.01127
821 1.05121
822 0.936054
823 1.02901
824 0.97509
825 1.00949
826 0.996027
827 1.01944
828 1.01022
829 0.942668
830 1.05569
831 0.98289
832 0.978951
833 1.00612
834 0.937232
835 1.01024
836 0.973088
837 0.963985
838 0.956563
839 0.939238
840 1.15087
841 0.969783
842 0.983064
843 0.964054
844 0.906761
845 0.91296
846 0.92499
847 0.950843
848 0.911947
849 1.00281
850 0.891419
851 0.887809
852 0.998562
853 0.963818
854 0.896635
855 0.96771
856 1.18974
857 1.11157
858 1.01902
859 0.961651
860 0.942523
861 0.96909
862 1.00352
863 1.07144
864 1.02189
865 0.910206
866 0.960374
867 0.974913
868 0.979548
869 0.949781
870 0.950083
871 0.986723
872 1.00151
873 0.959843
874 1.00261
875 1.05133
876 0.93052
877 1.09189
878 0.944283
879 1.03036
880 0.96822
881 0.978523
882 1.08274
883 0.948426
884 1.02171
885 0.900206
886 1.13096
887 1.10045
888 0.9246
889 1.01309
890 0.993943
891 0.962991
892 0.950466
893 0.947978
894 0.953812
895 0.91516
896 0.959492
897 0.945934
898 1.21
899 0.990202
900 0.896271
901 0.937017
902 0.946068
903 0.963421
904 1.02375
905 0.954279
906 0.907902
907 0.918814
908 0.989718
909 1.03512
910 1.05579
911 0.974979
912 0.950634
913 0.916946
914 0.944252
915 0.943262
916 0.976996
917 1.00544
918 0.978045
919 1.01329
920 1.05184
921 1.01291
922 0.925508
923 0.96164
924 0.928728
925 0.981013
926 0.902861
927 0.984261
928 0.994183
929 1.01206
930 0.989989
931 0.908982
932 0.94131
933 1.03933
934 0.973964
935 0.872739
936 1.01291
937 0.931493
938 0.929825
939 0.908776
940 0.911714
941 1.03808
942 1.00967
943 0.94672
944 0.941572
945 0.898043
946 0.929384
947 0.914352
948 0.992818
949 1.02194
950 0.952749
951 0.9116
952 0.976347
953 0.897875
954 0.9688
955 0.980311
956 0.944806
957 0.960247
958 0.939027
959 0.891105
960 0.899578
961 0.93537
962 1.01194
963 0.989801
964 0.927215
965 0.870449
966 0.887884
967 1.02523
968 0.989266
969 0.986186
970 0.92741
971 0.896328
972 0.877106
973 0.949648
974 0.963084
975 0.983797
976 0.958417
977 0.945869
978 0.86658
979 1.03286
980 1.05071
981 0.917541
982 0.952777
983 0.898833
984 0.88161
985 0.902558
986 0.880653
987 0.994234
988 0.832345
989 0.932431
990 0.867892
991 1.07495
992 0.952804
993 0.933783
994 1.05332
995 0.969515
996 0.978182
997 0.875106
998 0.952711
999 0.914301
1000 0.843687
1001 0.942252
1002 0.931954
1003 0.906795
1004 0.883203
1005 0.925698
1006 0.913806
1007 0.954543
1008 0.855382
1009 0.891152
1010 1.00338
1011 0.920262
1012 0.945492
1013 0.899804
1014 0.926127
1015 0.911029
1016 0.851605
1017 0.939823
1018 1.02492
1019 0.980159
1020 0.879643
1021 0.879349
1022 0.868454
1023 0.856903
1024 1.02417
1025 1.05341
1026 0.966465
1027 0.985071
1028 0.957519
1029 0.868624
1030 1.00151
1031 0.916418
1032 0.896045
1033 0.937062
1034 0.900405
1035 0.927016
1036 0.873092
1037 0.888088
1038 0.8952
1039 0.946152
1040 0.938208
1041 0.91173
1042 1.00197
1043 0.889469
1044 0.896392
1045 0.918241
1046 0.907343
1047 0.943213
1048 0.913974
1049 0.92216
1050 0.902416
1051 0.935029
1052 0.930691
1053 0.975578
1054 0.887409
1055 0.86822
1056 0.90926
1057 0.888192
1058 0.877075
1059 0.92172
1060 0.875632
1061 0.956258
1062 0.943974
1063 0.944236
1064 0.829013
1065 0.991352
1066 0.972208
1067 0.89247
1068 0.907979
1069 0.929154
1070 0.915582
1071 0.960625
1072 0.933077
1073 0.865479
1074 0.914088
1075 0.883179
1076 0.891633
1077 0.825478
1078 0.907153
1079 0.912768
1080 0.875465
1081 0.872676
1082 0.91402
1083 0.819923
1084 0.91339
1085 0.856079
1086 0.842428
1087 0.980851
1088 0.895804
1089 0.9672
1090 1.01132
1091 0.850419
1092 0.959955
1093 0.915392
1094 0.858454
1095 0.942953
1096 0.882139
1097 0.885733
1098 0.864371
1099 0.876345
1100 0.937079
1101 0.855437
1102 0.886207
1103 0.851914
1104 0.834531
1105 0.889648
1106 0.880013
1107 0.947517
1108 0.898767
1109 0.869601
1110 0.955532
1111 0.963691
1112 0.919002
1113 0.978906
1114 0.836577
1115 0.870252
1116 0.816198
1117 0.863383
1118 0.895019
1119 0.935002
1120 0.864333
1121 0.842947
1122 0.843909
1123 0.811061
1124 0.892406
1125 0.961087
1126 0.95896
1127 0.874005
1128 0.923072
1129 0.91843
1130 0.907685
1131 0.830487
1132 0.828059
1133 0.927951
1134 0.82288
1135 0.871672
1136 0.866727
1137 0.846794
1138 0.926527
1139 0.879092
1140 0.956788
1141 0.946635
1142 0.983408
1143 0.874262
1144 0.858266
1145 0.853951
1146 0.856247
1147 0.852261
1148 0.805899
1149 0.909713
1150 0.932648
1151 0.893416
1152 0.872123
1153 0.955324
1154 0.902503
1155 0.886741
1156 0.790036
1157 0.840119
1158 0.849275
1159 0.853697
1160 0.830614
1161 0.900772
1162 0.84286
1163 0.829189
1164 0.877459
1165 0.927577
1166 0.808552
1167 0.829941
1168 0.83667
1169 0.819841
1170 0.911482
1171 0.87625
1172 0.808239
1173 0.887098
1174 0.915823
1175 0.870192
1176 0.908524
1177 0.850567
1178 0.855515
1179 0.941079
1180 0.962254
1181 0.780557
1182 0.796617
1183 0.859013
1184 0.828284
1185 0.877079
1186 0.829962
1187 0.99551
1188 0.891774
1189 0.869433
1190 1.02005
1191 0.858897
1192 0.935196
1193 0.837924
1194 0.832657
1195 0.82319
1196 0.840396
1197 0.867621
1198 0.823511
1199 0.783116
1200 1.01319
1201 0.950707
1202 0.91126
1203 0.828463
1204 0.875505
1205 0.939503
1206 0.947165
1207 0.8174
1208 0.987764
1209 0.829852
1210 0.892666
1211 0.900797
1212 0.938208
1213 0.867414
1214 0.87084
1215 0.807341
1216 0.839744
1217 0.789171
1218 0.826578
1219 0.828341
1220 0.89664
1221 0.803851
1222 0.873526
1223 0.838831
1224 0.895338
1225 0.940643
1226 0.868396
1227 0.803912
1228 0.822906
1229 0.833546
1230 0.887452
1231 0.92137
1232 0.974702
1233 0.911842
1234 0.829623
1235 0.775462
1236 0.945019
1237 0.870768
1238 0.85551
1239 0.832367
1240 0.871481
1241 0.790977
1242 0.8194
1243 0.809329
1244 0.846162
1245 0.798541
1246 0.844504
1247 0.866978
1248 0.779974
1249 0.822361
1250 0.901548
1251 0.887003
1252 0.794303
1253 0.823597
1254 0.804793
1255 0.820138
1256 0.797823
1257 0.819009
1258 0.819193
1259 0.842443
1260 0.821938
1261 0.835768
1262 0.836281
1263 0.803505
1264 0.798795
1265 0.820069
1266 0.860207
1267 0.807735
1268 0.857161
1269 0.82388
1270 0.795311
1271 0.827631
1272 0.787088
1273 0.779692
1274 0.750378
1275 0.759374
1276 0.759378
1277 0.771478
1278 0.759377
1279 0.750072
1280 0.753758
1281 0.873517
1282 0.850888
1283 0.77162
1284 0.952995
1285 0.787671
1286 0.910411
1287 0.838384
1288 0.861884
1289 0.768941
1290 0.847953
1291 0.91685
1292 0.935568
1293 0.87172
1294 0.772987
1295 0.802398
1296 0.814578
1297 0.808278
1298 0.785635
1299 0.836305
1300 0.905385
1301 0.858672
1302 0.795853
1303 0.858152
1304 0.82892
1305 0.838851
1306 0.871115
1307 0.794856
1308 0.882438
1309 0.799915
1310 0.830684
1311 0.912135
1312 0.813896
1313 0.817904
1314 0.804823
1315 0.939522
1316 0.867709
1317 0.768936
1318 0.8183
1319 0.822895
1320 0.830426
1321 0.796168
1322 0.739685
1323 0.808383
1324 0.751631
1325 0.823272
1326 0.939498
1327 0.84728
1328 0.740142
1329 0.750848
1330 0.776439
1331 0.82924
1332 0.809422
1333 0.812021
1334 0.836529
1335 0.767271
1336 0.807002
1337 0.909222
1338 0.859112
1339 0.83646
1340 0.813581
1341 0.756595
1342 0.762344
1343 0.785487
1344 0.788014
1345 0.851418
1346 0.852366
1347 0.818111
1348 0.856429
1349 0.864991
1350 0.836464
1351 0.814208
1352 0.810895
1353 0.83652
1354 0.769098
1355 0.799426
1356 0.868658
1357 0.789421
1358 0.855916
1359 0.85569
1360 0.776318
1361 0.780704
1362 0.94428
1363 0.771335
1364 0.739668
1365 0.822855
1366 0.766933
1367 0.829028
1368 0.804086
1369 0.808808
1370 0.862895
1371 0.84374
1372 0.772607
1373 0.755014
1374 0.774402
1375 0.842245
1376 0.749186
1377 0.820051
1378 0.791854
1379 0.778246
1380 0.820148
1381 0.803388
1382 0.75521
1383 0.794917
1384 0.819087
1385 0.823559
1386 0.799966
1387 0.798663
1388 0.774649
1389 0.75896
1390 0.822546
1391 0.790918
1392 0.81374
1393 0.756502
1394 0.741643
1395 0.766365
1396 0.874009
1397 0.766051
1398 0.794851
1399 0.788437
1400 0.74304
1401 0.769239
1402 0.747227
1403 0.769822
1404 0.855944
1405 0.801809
1406 0.740168
1407 0.755386
1408 0.867897
1409 0.817257
1410 0.81813
1411 0.756378
1412 0.775478
1413 0.761531
1414 0.749201
1415 0.788248
1416 0.746997
1417 0.741614
1418 0.795897
1419 0.808294
1420 0.803483
1421 0.748694
1422 0.818059
1423 0.865775
1424 0.742189
1425 0.782284
1426 0.768394
1427 0.755578
1428 0.754158
1429 0.769794
1430 0.751419
1431 0.785202
1432 0.765381
1433 0.779254
1434 0.794577
1435 0.736562
1436 0.813883
1437 0.72888
1438 0.741448
1439 0.843587
1440 0.812265
1441 0.740068
1442 0.711659
1443 0.78754
1444 0.768871
1445 0.727171
1446 0.848826
1447 0.810204
1448 0.807503
1449 0.714988
1450 0.742292
1451 0.749339
1452 0.719861
1453 0.840851
1454 0.866501
1455 0.849217
1456 0.782429
1457 0.843684
1458 0.752285
1459 0.953141
1460 0.724822
1461 0.836233
1462 0.783893
1463 0.760694
1464 0.815989
1465 0.731435
1466 0.756803
1467 0.744724
1468 0.819889
1469 0.750585
1470 0.863567
1471 0.753239
1472 0.704319
1473 0.774692
1474 0.773818
1475 0.780756
1476 0.786407
1477 0.717207
1478 0.740899
1479 0.771326
1480 0.755916
1481 0.821156
1482 0.798997
1483 0.727569
1484 0.722463
1485 0.799754
1486 0.778464
1487 0.757788
1488 0.81497
1489 0.768667
1490 0.830593
1491 0.807764
1492 0.774321
1493 0.713441
1494 0.842439
1495 0.80985
1496 0.776103
1497 0.759225
1498 0.764592
1499 0.783478
1500 0.799101
1501 0.728601
1502 0.757858
1503 0.827861
1504 0.732274
1505 0.783036
1506 0.736212
1507 0.804315
1508 0.750586
1509 0.702776
1510 0.86151
1511 0.732348
1512 0.683184
1513 0.769075
1514 0.707095
1515 0.77197
1516 0.777304
1517 0.751331
1518 0.759726
1519 0.841863
1520 0.749173
1521 0.72218
1522 0.759876
1523 0.749418
1524 0.858145
1525 0.791673
1526 0.700644
1527 0.737893
1528 0.803151
1529 0.841721
1530 0.730875
1531 0.743248
1532 0.734629
1533 0.718996
1534 0.779516
1535 0.783435
1536 0.850599
1537 0.727417
1538 0.811828
1539 0.792338
1540 0.729023
1541 0.775901
1542 0.759066
1543 0.718094
1544 0.702973
1545 0.721823
1546 0.786861
1547 0.78588
1548 0.763126
1549 0.750284
1550 0.687968
1551 0.696144
1552 0.690063
1553 0.779618
1554 0.848856
1555 0.723089
1556 0.755332
1557 0.734096
1558 0.763802
1559 0.792933
1560 0.725866
1561 0.713661
1562 0.739422
1563 0.708924
1564 0.736358
1565 0.782993
1566 0.727301
1567 0.783013
1568 0.719716
1569 0.853329
1570 0.769313
1571 0.796491
1572 0.755922
1573 0.7351
1574 0.70644
1575 0.746711
1576 0.738008
1577 0.708232
1578 0.737225
1579 0.827405
1580 0.718541
1581 0.808043
1582 0.816939
1583 0.763107
1584 0.728487
1585 0.680006
1586 0.733223
1587 0.755719
1588 0.772161
1589 0.722169
1590 0.725383
1591 0.775253
1592 0.694696
1593 0.725406
1594 0.78242
1595 0.708888
1596 0.70777
1597 0.746208
1598 0.707916
1599 0.760012
1600 0.747263
1601 0.701623
1602 0.774692
1603 0.794126
1604 0.724343
1605 0.734122
1606 0.742965
1607 0.750279
1608 0.859367
1609 0.761283
1610 0.690479
1611 0.690267
1612 0.716641
1613 0.69347
1614 0.739588
1615 0.692305
1616 0.796783
1617 0.737801
1618 0.763286
1619 0.745216
1620 0.800265
1621 0.733445
1622 0.717709
1623 0.678738
1624 0.724072
1625 0.702093
1626 0.716946
1627 0.744487
1628 0.678207
1629 0.857246
1630 0.826675
1631 0.765219
1632 0.708555
1633 0.738748
1634 0.785305
1635 0.694104
1636 0.845621
1637 0.707514
1638 0.701786
1639 0.731702
1640 0.797788
1641 0.796512
1642 0.68739
1643 0.761311
1644 0.688137
1645 0.678754
1646 0.649249
1647 0.797851
1648 0.717654
1649 0.719426
1650 0.704924
1651 0.672275
1652 0.726691
1653 0.760864
1654 0.794193
1655 0.705639
1656 0.717225
1657 0.659664
1658 0.718349
1659 0.736475
1660 0.836986
1661 0.702036
1662 0.712925
1663 0.660529
1664 0.674342
1665 0.728565
1666 0.762418
1667 0.713166
1668 0.711027
1669 0.706483
1670 0.70438
1671 0.732118
1672 0.690111
1673 0.692927
1674 0.683144
1675 0.694728
1676 0.71688
1677 0.660726
1678 0.728514
1679 0.719592
1680 0.704768
1681 0.69454
1682 0.722487
1683 0.698196
1684 0.669409
1685 0.689488
1686 0.688674
1687 0.69843
1688 0.737395
1689 0.753561
1690 0.724558
1691 0.67094
1692 0.717293
1693 0.673867
1694 0.726595
1695 0.670788
1696 0.686046
1697 0.73671
1698 0.724577
1699 0.673031
1700 0.728302
1701 0.658985
1702 0.663005
1703 0.691533
1704 0.627264
1705 0.668227
1706 0.710638
1707 0.641219
1708 0.649451
1709 0.641653
1710 0.729679
1711 0.642298
1712 0.666211
1713 0.85003
1714 0.65294
1715 0.714293
1716 0.678917
1717 0.703386
1718 0.687351
1719 0.689386
1720 0.718812
1721 0.709874
1722 0.650938
1723 0.652073
1724 0.691213
1725 0.671789
1726 0.704901
1727 0.71416
1728 0.663974
1729 0.855712
1730 0.71146
1731 0.697177
1732 0.737021
1733 0.642741
1734 0.671609
1735 0.709784
1736 0.685046
1737 0.68209
1738 0.687134
1739 0.825402
1740 0.679199
1741 0.703785
1742 0.648524
1743 0.756094
1744 0.794665
1745 0.723029
1746 0.706982
1747 0.697658
1748 0.70283
1749 0.681042
1750 0.673485
1751 0.650667
1752 0.655592
1753 0.689531
1754 0.720475
1755 0.845683
1756 0.658401
1757 0.685548
1758 0.625864
1759 0.684637
1760 0.659542
1761 0.720745
1762 0.655351
1763 0.700296
1764 0.661503
1765 0.676138
1766 0.724254
1767 0.686415
1768 0.682584
1769 0.735069
1770 0.626604
1771 0.670765
1772 0.651573
1773 0.728891
1774 0.768717
1775 0.689071
1776 0.652439
1777 0.720959
1778 0.682732
1779 0.660407
1780 0.677826
1781 0.652772
1782 0.692569
1783 0.692368
1784 0.684194
1785 0.737642
1786 0.691041
1787 0.690501
1788 0.649422
1789 0.664401
1790 0.676141
1791 0.747231
1792 0.639755
1793 0.708539
1794 0.665101
1795 0.699211
1796 0.687885
1797 0.669277
1798 0.732785
1799 0.668088
1800 0.706624
1801 0.658757
1802 0.644508
1803 0.68706
1804 0.667758
1805 0.672933
1806 0.708049
1807 0.656247
1808 0.667191
1809 0.664153
1810 0.702713
1811 0.683626
1812 0.71067
1813 0.676241
1814 0.742324
1815 0.640545
1816 0.709284
1817 0.633583
1818 0.622156
1819 0.683529
1820 0.686091
1821 0.682229
1822 0.645869
1823 0.613026
1824 0.68883
1825 0.686934
1826 0.704579
1827 0.65037
1828 0.638567
1829 0.635771
1830 0.649463
1831 0.658049
1832 0.678401
1833 0.742326
1834 0.698564
1835 0.651462
1836 0.66292
1837 0.738158
1838 0.697348
1839 0.688387
1840 0.678662
1841 0.639928
1842 0.662114
1843 0.647697
1844 0.727981
1845 0.649664
1846 0.609816
1847 0.663332
1848 0.686235
1849 0.718129
1850 0.613308
1851 0.702314
1852 0.695546
1853 0.65316
1854 0.665736
1855 0.617881
1856 0.713071
1857 0.630171
1858 0.688532
1859 0.651319
1860 0.671185
1861 0.651219
1862 0.681364
1863 0.628469
1864 0.668638
1865 0.624176
1866 0.629375
1867 0.655597
1868 0.686882
1869 0.691439
1870 0.653415
1871 0.616283
1872 0.660252
1873 0.627451
1874 0.632631
1875 0.703873
1876 0.661458
1877 0.687954
1878 0.663278
1879 0.656591
1880 0.597492
1881 0.738507
1882 0.728768
1883 0.772821
1884 0.710913
1885 0.763045
1886 0.61625
1887 0.686109
1888 0.769579
1889 0.632896
1890 0.682882
1891 0.645322
1892 0.664268
1893 0.682164
1894 0.634157
1895 0.667759
1896 0.627878
1897 0.695824
1898 0.658765
1899 0.756148
1900 0.636515
1901 0.643103
1902 0.648892
1903 0.679478
1904 0.680599
1905 0.629544
1906 0.61437
1907 0.657804
1908 0.646607
1909 0.627283
1910 0.694066
1911 0.713033
1912 0.653265
1913 0.630857
1914 0.648805
1915 0.635476
1916 0.638858
1917 0.649512
1918 0.646146
1919 0.671302
1920 0.722022
1921 0.635767
1922 0.660398
1923 0.685379
1924 0.718144
1925 0.671313
1926 0.622035
1927 0.680685
1928 0.702927
1929 0.649895
1930 0.643653
1931 0.656429
1932 0.688313
1933 0.636542
1934 0.640825
1935 0.610155
1936 0.642634
1937 0.607782
1938 0.667073
1939 0.672685
1940 0.575457
1941 0.629998
1942 0.643999
1943 0.607578
1944 0.707355
1945 0.681109
1946 0.660958
1947 0.735759
1948 0.720809
1949 0.618289
1950 0.68945
1951 0.603695
1952 0.729675
1953 0.678005
1954 0.645212
1955 0.681334
1956 0.630291
1957 0.725619
1958 0.656122
1959 0.59071
1960 0.675263
1961 0.613675
1962 0.673896
1963 0.616985
1964 0.62758
1965 0.742363
1966 0.657546
1967 0.71062
1968 0.676519
1969 0.629114
1970 0.641775
1971 0.664655
1972 0.650209
1973 0.577101
1974 0.62654
1975 0.669969
1976 0.656246
1977 0.644964
1978 0.674808
1979 0.589006
1980 0.589208
1981 0.662265
1982 0.667578
1983 0.748814
1984 0.630726
1985 0.633951
1986 0.671892
1987 0.657386
1988 0.610051
1989 0.617903
1990 0.595563
1991 0.67194
1992 0.649587
1993 0.638652
1994 0.636495
1995 0.692092
1996 0.63474
1997 0.60842
1998 0.701561
1999 0.635353
2000 0.646712
2001 0.659875
2002 0.614081
2003 0.665039
2004 0.621301
2005 0.621171
2006 0.651992
2007 0.730807
2008 0.643355
2009 0.614512
2010 0.631934
2011 0.718875
2012 0.616512
2013 0.620788
2014 0.591715
2015 0.629874
2016 0.699685
2017 0.586624
2018 0.614196
2019 0.63583
2020 0.644563
2021 0.649587
2022 0.626266
2023 0.632951
2024 0.607436
2025 0.632336
2026 0.625392
2027 0.606986
2028 0.67204
2029 0.613778
2030 0.665761
2031 0.647372
2032 0.620973
2033 0.682542
2034 0.716573
2035 0.640336
2036 0.687293
2037 0.772535
2038 0.612696
2039 0.593361
2040 0.627911
2041 0.616335
2042 0.65418
2043 0.609276
2044 0.685153
2045 0.65345
2046 0.667907
2047 0.689484
2048 0.768234
2049 0.609918
2050 0.688458
2051 0.639335
2052 0.607052
2053 0.600746
2054 0.629905
2055 0.613064
2056 0.596391
2057 0.684537
2058 0.752873
2059 0.658295
2060 0.649388
2061 0.576701
2062 0.709957
2063 0.620872
2064 0.574333
2065 0.780968
2066 0.601727
2067 0.613184
2068 0.67477
2069 0.665325
2070 0.654039
2071 0.625008
2072 0.618448
2073 0.578508
2074 0.591102
2075 0.613078
2076 0.666401
2077 0.592301
2078 0.596715
2079 0.608663
2080 0.597254
2081 0.635768
2082 0.609029
2083 0.688287
2084 0.614154
2085 0.618328
2086 0.587861
2087 0.664705
2088 0.67434
2089 0.718217
2090 0.596177
2091 0.614408
2092 0.621294
2093 0.613286
2094 0.649291
2095 0.602583
2096 0.671976
2097 0.673867
2098 0.603913
2099 0.629061
2100 0.61684
2101 0.589617
2102 0.603638
2103 0.585143
2104 0.649646
2105 0.583034
2106 0.607114
2107 0.606687
2108 0.606312
2109 0.637464
2110 0.566508
2111 0.604197
2112 0.610622
2113 0.600336
2114 0.652132
2115 0.599506
2116 0.637184
2117 0.602358
2118 0.596441
2119 0.625396
2120 0.587811
2121 0.596543
2122 0.587167
2123 0.63748
2124 0.585983
2125 0.578578
2126 0.627168
2127 0.596638
2128 0.592062
2129 0.610591
2130 0.556795
2131 0.569626
2132 0.571297
2133 0.586713
2134 0.549116
2135 0.621409
2136 0.55626
2137 0.557169
2138 0.576352
2139 0.633872
2140 0.623885
2141 0.584547
2142 0.738527
2143 0.621969
2144 0.668401
2145 0.615287
2146 0.60049
2147 0.582991
2148 0.646674
2149 0.608343
2150 0.67811
2151 0.568281
2152 0.59011
2153 0.609142
2154 0.62771
2155 0.592431
2156 0.650462
2157 0.667421
2158 0.637971
2159 0.615921
2160 0.626961
2161 0.620964
2162 0.578133
2163 0.606562
2164 0.591461
2165 0.589809
2166 0.594038
2167 0.59046
2168 0.680501
2169 0.580761
2170 0.636126
2171 0.56116
2172 0.71669
2173 0.688829
2174 0.582077
2175 0.611612
2176 0.628751
2177 0.578655
2178 0.608721
2179 0.549024
2180 0.598265
2181 0.535932
2182 0.613773
2183 0.59464
2184 0.925981
2185 0.683915
2186 0.633165
2187 0.536846
2188 0.600405
2189 0.676256
2190 0.612023
2191 0.610292
2192 0.548966
2193 0.574443
2194 0.653104
2195 0.603128
2196 0.654603
2197 0.642976
2198 0.602896
2199 0.572499
2200 0.579843
2201 0.566274
2202 0.666422
2203 0.671577
2204 0.610399
2205 0.57736
2206 0.593246
2207 0.595809
2208 0.578911
2209 0.601498
2210 0.555485
2211 0.679651
2212 0.579626
2213 0.617289
2214 0.593554
2215 0.600475
2216 0.618806
2217 0.555737
2218 0.585691
2219 0.703318
2220 0.568922
2221 0.550713
2222 0.613855
2223 0.541932
2224 0.598289
2225 0.546228
2226 0.565712
2227 0.639189
2228 0.62601
2229 0.589988
2230 0.581565
2231 0.567347
2232 0.581329
2233 0.607765
2234 0.617132
2235 0.580555
2236 0.592486
2237 0.571629
2238 0.58189
2239 0.54999
2240 0.5739
2241 0.648799
2242 0.644904
2243 0.641819
2244 0.5798
2245 0.562298
2246 0.552598
2247 0.574973
2248 0.600087
2249 0.583792
2250 0.563253
2251 0.540966
2252 0.577526
2253 0.678704
2254 0.601781
2255 0.574767
2256 0.591422
2257 0.535302
2258 0.541724
2259 0.588752
2260 0.621324
2261 0.583934
2262 0.609627
2263 0.604921
2264 0.534893
2265 0.627147
2266 0.634677
2267 0.610919
2268 0.600093
2269 0.595497
2270 0.556653
2271 0.567691
2272 0.571051
2273 0.630225
2274 0.554828
2275 0.554124
2276 0.578407
2277 0.61097
2278 0.581785
2279 0.533721
2280 0.627856
2281 0.594778
2282 0.557456
2283 0.539876
2284 0.550837
2285 0.561642
2286 0.54494
2287 0.557806
2288 0.61353
2289 0.562759
2290 0.549349
2291 0.588473
2292 0.53831
2293 0.526494
2294 0.545884
2295 0.579853
2296 0.593533
2297 0.546076
2298 0.592109
2299 0.565598
2300 0.601159
2301 0.544397
2302 0.5607
2303 0.593697
2304 0.645663
2305 0.56418
2306 0.553353
2307 0.570623
2308 0.555748
2309 0.523025
2310 0.678554
2311 0.693686
2312 0.645273
2313 0.598295
2314 0.633166
2315 0.534915
2316 0.596834
2317 0.594031
2318 0.571677
2319 0.563326
2320 0.605162
2321 0.619259
2322 0.540743
2323 0.547323
2324 0.538607
2325 0.60356
2326 0.604594
2327 0.573944
2328 0.603613
2329 0.555957
2330 0.608252
2331 0.585359
2332 0.59385
2333 0.592605
2334 0.555871
2335 0.540296
2336 0.55945
2337 0.589872
2338 0.531329
2339 0.602479
2340 0.537059
2341 0.537497
2342 0.617643
2343 0.564683
2344 0.534433
2345 0.599172
2346 0.549856
2347 0.575776
2348 0.656236
2349 0.548503
2350 0.546661
2351 0.62447
2352 0.609646
2353 0.55713
2354 0.558625
2355 0.572203
2356 0.551343
2357 0.598269
2358 0.580686
2359 0.581005
2360 0.593872
2361 0.585737
2362 0.558781
2363 0.528488
2364 0.533928
2365 0.561254
2366 0.54165
2367 0.531867
2368 0.532787
2369 0.522768
2370 0.546723
2371 0.528686
2372 0.504239
2373 0.609459
2374 0.522133
2375 0.612625
2376 0.588838
2377 0.568567
2378 0.616141
2379 0.557537
2380 0.521753
2381 0.642416
2382 0.564078
2383 0.548004
2384 0.524426
2385 0.565841
2386 0.604064
2387 0.549453
2388 0.5404
2389 0.549457
2390 0.526987
2391 0.589361
2392 0.553002
2393 0.625239
2394 0.570126
2395 0.526385
2396 0.625037
2397 0.561496
2398 0.547132
2399 0.659038
2400 0.512405
2401 0.557233
2402 0.508254
2403 0.558222
2404 0.565993
2405 0.606671
2406 0.546941
2407 0.564979
2408 0.560571
2409 0.507365
2410 0.565303
2411 0.570837
2412 0.596707
2413 0.542099
2414 0.56251
2415 0.585838
2416 0.529907
2417 0.553602
2418 0.548105
2419 0.599735
2420 0.54017
2421 0.559853
2422 0.545174
2423 0.55042
2424 0.592978
2425 0.580317
2426 0.627224
2427 0.58624
2428 0.591472
2429 0.524471
2430 0.543134
2431 0.553888
2432 0.566943
2433 0.577823
2434 0.527643
2435 0.589764
2436 0.629683
2437 0.537923
2438 0.519966
2439 0.578159
2440 0.546645
2441 0.534188
2442 0.50906
2443 0.555638
2444 0.53873
2445 0.594876
2446 0.501411
2447 0.538967
2448 0.556119
2449 0.532781
2450 0.572103
2451 0.628153
2452 0.507224
2453 0.52644
2454 0.522521
2455 0.579215
2456 0.543918
2457 0.574725
2458 0.547892
2459 0.557274
2460 0.57962
2461 0.549641
2462 0.581682
2463 0.541596
2464 0.565251
2465 0.603314
2466 0.659813
2467 0.549667
2468 0.488173
2469 0.548531
2470 0.549425
2471 0.526734
2472 0.563706
2473 0.6263
2474 0.526986
2475 0.519707
2476 0.659312
2477 0.530899
2478 0.591629
2479 0.519307
2480 0.536255
2481 0.556337
2482 0.529783
2483 0.550122
2484 0.497289
2485 0.504596
2486 0.596538
2487 0.617564
2488 0.558559
2489 0.508674
2490 0.524677
2491 0.597393
2492 0.558255
2493 0.520631
2494 0.644931
2495 0.520174
2496 0.571537
2497 0.5507
2498 0.548582
2499 0.593239
2500 0.54003
2501 0.513113
2502 0.538539
2503 0.48198
2504 0.596574
2505 0.574253
2506 0.545801
2507 0.534588
2508 0.527083
2509 0.490746
2510 0.557144
2511 0.609048
2512 0.533299
2513 0.495834
2514 0.535974
2515 0.528867
2516 0.535411
2517 0.600646
2518 0.609354
2519 0.508295
2520 0.550836
2521 0.513971
2522 0.596776
2523 0.555221
2524 0.511659
2525 0.53084
2526 0.575039
2527 0.532658
2528 0.574284
2529 0.511781
2530 0.565765
2531 0.51241
2532 0.537476
2533 0.529174
2534 0.509174
2535 0.516782
2536 0.591211
2537 0.491562
2538 0.514758
2539 0.535654
2540 0.515004
2541 0.52742
2542 0.495371
2543 0.546178
2544 0.541142
2545 0.543518
2546 0.539163
2547 0.515259
2548 0.499686
2549 0.507371
2550 0.531525
2551 0.521904
2552 0.556365
2553 0.511571
2554 0.567454
2555 0.556257
2556 0.530013
2557 0.530191
2558 0.505148
2559 0.490736
2560 0.475965
2561 0.485053
2562 0.481106
2563 0.481586
2564 0.524982
2565 0.475559
2566 0.474835
2567 0.529819
2568 0.479573
2569 0.476916
2570 0.640518
2571 0.504626
2572 0.600355
2573 0.584989
2574 0.538627
2575 0.508219
2576 0.519823
2577 0.519733
2578 0.535942
2579 0.529041
2580 0.496923
2581 0.510059
2582 0.527351
2583 0.55042
2584 0.479671
2585 0.557011
2586 0.584769
2587 0.597019
2588 0.571716
2589 0.528465
2590 0.513316
2591 0.51349
2592 0.565914
2593 0.521897
2594 0.553693
2595 0.483536
2596 0.542781
2597 0.605054
2598 0.530858
2599 0.545737
2600 0.522768
2601 0.618859
2602 0.60238
2603 0.485984
2604 0.562041
2605 0.534936
2606 0.501063
2607 0.544527
2608 0.497405
2609 0.523164
2610 0.473581
2611 0.567565
2612 0.515165
2613 0.537591
2614 0.483589
2615 0.468083
2616 0.503875
2617 0.519855
2618 0.534617
2619 0.496931
2620 0.523671
2621 0.505959
2622 0.502611
2623 0.58228
2624 0.536394
2625 0.524401
2626 0.510981
2627 0.498474
2628 0.477494
2629 0.535666
2630 0.474777
2631 0.614906
2632 0.508818
2633 0.541113
2634 0.528177
2635 0.512965
2636 0.512473
2637 0.516227
2638 0.484461
2639 0.505823
2640 0.536997
2641 0.494059
2642 0.522029
2643 0.57835
2644 0.51853
2645 0.510295
2646 0.481852
2647 0.530833
2648 0.540869
2649 0.496237
2650 0.481752
2651 0.5172
2652 0.520911
2653 0.536673
2654 0.512221
2655 0.550446
2656 0.561846
2657 0.512491
2658 0.495725
2659 0.504077
2660 0.485749
2661 0.525511
2662 0.509957
2663 0.542943
2664 0.512478
2665 0.502937
2666 0.510675
2667 0.540131
2668 0.482262
2669 0.503393
2670 0.554879
2671 0.617097
2672 0.527129
2673 0.511238
2674 0.512854
2675 0.476418
2676 0.552835
2677 0.494238
2678 0.482203
2679 0.493114
2680 0.508743
2681 0.492029
2682 0.619326
2683 0.524495
2684 0.502238
2685 0.530487
2686 0.488462
2687 0.526397
2688 0.505186
2689 0.524969
2690 0.532986
2691 0.529144
2692 0.501809
2693 0.505006
2694 0.595938
2695 0.540696
2696 0.520219
2697 0.510956
2698 0.531955
2699 0.493575
2700 0.51727
2701 0.539228
2702 0.521753
2703 0.476364
2704 0.518131
2705 0.50293
2706 0.549873
2707 0.493616
2708 0.473591
2709 0.58565
2710 0.505137
2711 0.510228
2712 0.470323
2713 0.487962
2714 0.497558
2715 0.509664
2716 0.494516
2717 0.508537
2718 0.499762
2719 0.528881
2720 0.512188
2721 0.506046
2722 0.502736
2723 0.475171
2724 0.484068
2725 0.531603
2726 0.518047
2727 0.508777
2728 0.467697
2729 0.510596
2730 0.499497
2731 0.478253
2732 0.559774
2733 0.500548
2734 0.50174
2735 0.492595
2736 0.514266
2737 0.479115
2738 0.484065
2739 0.552061
2740 0.611876
2741 0.525324
2742 0.524798
2743 0.52246
2744 0.506419
2745 0.580902
2746 0.470552
2747 0.531965
2748 0.489738
2749 0.522368
2750 0.543591
2751 0.477704
2752 0.515586
2753 0.488764
2754 0.498835
2755 0.503135
2756 0.562716
2757 0.520167
2758 0.470749
2759 0.506763
2760 0.466786
2761 0.550594
2762 0.507885
2763 0.495855
2764 0.466841
2765 0.475042
2766 0.518141
2767 0.503749
2768 0.504222
2769 0.483171
2770 0.471707
2771 0.494816
2772 0.524938
2773 0.503049
2774 0.515896
2775 0.474933
2776 0.541351
2777 0.522393
2778 0.487503
2779 0.486251
2780 0.519389
2781 0.536654
2782 0.505141
2783 0.512061
2784 0.541338
2785 0.554068
2786 0.52231
2787 0.494921
2788 0.497635
2789 0.535606
2790 0.447377
2791 0.458682
2792 0.471254
2793 0.497325
2794 0.502351
2795 0.48681
2796 0.491013
2797 0.462049
2798 0.465329
2799 0.489922
2800 0.486427
2801 0.527933
2802 0.507038
2803 0.516497
2804 0.516099
2805 0.551757
2806 0.481292
2807 0.506805
2808 0.499225
2809 0.46295
2810 0.546072
2811 0.497545
2812 0.490537
2813 0.52426
2814 0.54064
2815 0.577809
2816 0.459894
2817 0.501015
2818 0.473357
2819 0.462568
2820 0.493787
2821 0.492325
2822 0.514931
2823 0.531707
2824 0.511223
2825 0.550313
2826 0.501536
2827 0.500655
2828 0.552495
2829 0.46193
2830 0.480676
2831 0.470489
2832 0.480225
2833 0.493004
2834 0.527122
2835 0.503607
2836 0.441371
2837 0.478
2838 0.436382
2839 0.508918
2840 0.54236
2841 0.518971
2842 0.488013
2843 0.509205
2844 0.487753
2845 0.491189
2846 0.484879
2847 0.472185
2848 0.496676
2849 0.454139
2850 0.472461
2851 0.495433
2852 0.475237
2853 0.52063
2854 0.501501
2855 0.560785
2856 0.473482
2857 0.516927
2858 0.487089
2859 0.454656
2860 0.505552
2861 0.48457
2862 0.489436
2863 0.488022
2864 0.516449
2865 0.558551
2866 0.499355
2867 0.523062
2868 0.480721
2869 0.515039
2870 0.476716
2871 0.444827
2872 0.481036
2873 0.492215
2874 0.520406
2875 0.460415
2876 0.493676
2877 0.488982
2878 0.49946
2879 0.465075
2880 0.549062
2881 0.455713
2882 0.493409
2883 0.461476
2884 0.516164
2885 0.573174
2886 0.49212
2887 0.474212
2888 0.50878
2889 0.535568
2890 0.512887
2891 0.487911
2892 0.480455
2893 0.500732
2894 0.614769
2895 0.517239
2896 0.446998
2897 0.467219
2898 0.484061
2899 0.478993
2900 0.509839
2901 0.456535
2902 0.587806
2903 0.499243
2904 0.549871
2905 0.522944
2906 0.500637
2907 0.535808
2908 0.492099
2909 0.451468
2910 0.456802
2911 0.467383
2912 0.504214
2913 0.503718
2914 0.453811
2915 0.584133
2916 0.554462
2917 0.507759
2918 0.478887
2919 0.502896
2920 0.487139
2921 0.529708
2922 0.53678
2923 0.480805
2924 0.44116
2925 0.488675
2926 0.515273
2927 0.498441
2928 0.448281
2929 0.468151
2930 0.470182
2931 0.433647
2932 0.444891
2933 0.559959
2934 0.443961
2935 0.462516
2936 0.472671
2937 0.462876
2938 0.468253
2939 0.497057
2940 0.502753
2941 0.491171
2942 0.459838
2943 0.427439
2944 0.476863
2945 0.487406
2946 0.551654
2947 0.457093
2948 0.515304
2949 0.438614
2950 0.467381
2951 0.47271
2952 0.488185
2953 0.521921
2954 0.552366
2955 0.494008
2956 0.438419
2957 0.47945
2958 0.478206
2959 0.503253
2960 0.446684
2961 0.492883
2962 0.473671
2963 0.43862
2964 0.464305
2965 0.489014
2966 0.482122
2967 0.441577
2968 0.489441
2969 0.483102
2970 0.462213
2971 0.454612
2972 0.494946
2973 0.480343
2974 0.489556
2975 0.514048
2976 0.502065
2977 0.461922
2978 0.497226
2979 0.451142
2980 0.517812
2981 0.466086
2982 0.455092
2983 0.485696
2984 0.472226
2985 0.433661
2986 0.466318
2987 0.448588
2988 0.443912
2989 0.442358
2990 0.413085
2991 0.433216
2992 0.459499
2993 0.423191
2994 0.430667
2995 0.43852
2996 0.458599
2997 0.432967
2998 0.436285
2999 0.595301
3000 0.420956
3001 0.474995
3002 0.455665
3003 0.472975
3004 0.425195
3005 0.463901
3006 0.49034
3007 0.503688
3008 0.449063
3009 0.458118
3010 0.46864
3011 0.489176
3012 0.458125
3013 0.451188
3014 0.468783
3015 0.564421
3016 0.495986
3017 0.465589
3018 0.486862
3019 0.422914
3020 0.458991
3021 0.487606
3022 0.479903
3023 0.460893
3024 0.445547
3025 0.530136
3026 0.481998
3027 0.468751
3028 0.446404
3029 0.510134
3030 0.479083
3031 0.48925
3032 0.460431
3033 0.487262
3034 0.4963
3035 0.44799
3036 0.433944
3037 0.431827
3038 0.447248
3039 0.434077
3040 0.494583
3041 0.546835
3042 0.45311
3043 0.432905
3044 0.430355
3045 0.455579
3046 0.446556
3047 0.491249
3048 0.471816
3049 0.476426
3050 0.445215
3051 0.451365
3052 0.496523
3053 0.469027
3054 0.462651
3055 0.494939
3056 0.426923
3057 0.47025
3058 0.463485
3059 0.429955
3060 0.481756
3061 0.461833
3062 0.46733
3063 0.477446
3064 0.432434
3065 0.420833
3066 0.443009
3067 0.450856
3068 0.485784
3069 0.45805
3070 0.439984
3071 0.447709
3072 0.470364
3073 0.430516
3074 0.459934
3075 0.465783
3076 0.47864
3077 0.47118
3078 0.433977
3079 0.458627
3080 0.451948
3081 0.466694
3082 0.450697
3083 0.450305
3084 0.463381
3085 0.44312
3086 0.455489
3087 0.455298
3088 0.417186
3089 0.435947
3090 0.43779
3091 0.440849
3092 0.464236
3093 0.446704
3094 0.441879
3095 0.439865
3096 0.454637
3097 0.429544
3098 0.439314
3099 0.454251
3100 0.523045
3101 0.456049
3102 0.467171
3103 0.431314
3104 0.45991
3105 0.44592
3106 0.419723
3107 0.463513
3108 0.463136
3109 0.435426
3110 0.445323
3111 0.508317
3112 0.427961
3113 0.442383
3114 0.496325
3115 0.414735
3116 0.455604
3117 0.455432
3118 0.478212
3119 0.489165
3120 0.481805
3121 0.449148
3122 0.455609
3123 0.489678
3124 0.48983
3125 0.46418
3126 0.464184
3127 0.423728
3128 0.465636
3129 0.438625
3130 0.517784
3131 0.441636
3132 0.420006
3133 0.443781
3134 0.43133
3135 0.477757
3136 0.418812
3137 0.462403
3138 0.489923
3139 0.463353
3140 0.460091
3141 0.428257
3142 0.441879
3143 0.407505
3144 0.434461
3145 0.469669
3146 0.505411
3147 0.479264
3148 0.465914
3149 0.430545
3150 0.457334
3151 0.425355
3152 0.426968
3153 0.443858
3154 0.444339
3155 0.472769
3156 0.453404
3157 0.436493
3158 0.453434
3159 0.409065
3160 0.407165
3161 0.498737
3162 0.479413
3163 0.468977
3164 0.413792
3165 0.441509
3166 0.413518
3167 0.483436
3168 0.511893
3169 0.548964
3170 0.50268
3171 0.477128
3172 0.430841
3173 0.446708
3174 0.498047
3175 0.407624
3176 0.485436
3177 0.472497
3178 0.445952
3179 0.495514
3180 0.44031
3181 0.436414
3182 0.420534
3183 0.472562
3184 0.431944
3185 0.480583
3186 0.457595
3187 0.428742
3188 0.440683
3189 0.43587
3190 0.466132
3191 0.436914
3192 0.464033
3193 0.435432
3194 0.446995
3195 0.435022
3196 0.459029
3197 0.439071
3198 0.411106
3199 0.425723
3200 0.439078
3201 0.425072
3202 0.417128
3203 0.465083
3204 0.480796
3205 0.460044
3206 0.445794
3207 0.413323
3208 0.44043
3209 0.475465
3210 0.445172
3211 0.430472
3212 0.436242
3213 0.472134
3214 0.483161
3215 0.444143
3216 0.449215
3217 0.466228
3218 0.458634
3219 0.410661
3220 0.41187
3221 0.42771
3222 0.470845
3223 0.436544
3224 0.422976
3225 0.451622
3226 0.393162
3227 0.437121
3228 0.414169
3229 0.41224
3230 0.471266
3231 0.428655
3232 0.460885
3233 0.479494
3234 0.43087
3235 0.446799
3236 0.450911
3237 0.443881
3238 0.542029
3239 0.409769
3240 0.459496
3241 0.43069
3242 0.409242
3243 0.497308
3244 0.414207
3245 0.421563
3246 0.416053
3247 0.410479
3248 0.428142
3249 0.437688
3250 0.420821
3251 0.496921
3252 0.419163
3253 0.439532
3254 0.491647
3255 0.428009
3256 0.439942
3257 0.495931
3258 0.43633
3259 0.467769
3260 0.413667
3261 0.485623
3262 0.427988
3263 0.475378
3264 0.455597
3265 0.439292
3266 0.434568
3267 0.44756
3268 0.456843
3269 0.532302
3270 0.450595
3271 0.426733
3272 0.440211
3273 0.487116
3274 0.420368
3275 0.416789
3276 0.400659
3277 0.4671
3278 0.418424
3279 0.42779
3280 0.43635
3281 0.454635
3282 0.427762
3283 0.409
3284 0.492714
3285 0.424431
3286 0.470056
3287 0.402801
3288 0.419218
3289 0.463644
3290 0.441656
3291 0.436185
3292 0.443602
3293 0.472433
3294 0.450873
3295 0.45514
3296 0.465112
3297 0.4583
3298 0.4676
3299 0.392735
3300 0.401962
3301 0.449265
3302 0.486526
3303 0.392736
3304 0.439332
3305 0.4218
3306 0.462167
3307 0.427975
3308 0.460952
3309 0.470214
3310 0.408585
3311 0.418909
3312 0.43496
3313 0.418606
3314 0.477805
3315 0.444667
3316 0.443423
3317 0.444598
3318 0.426937
3319 0.438759
3320 0.463443
3321 0.447313
3322 0.431679
3323 0.573403
3324 0.444033
3325 0.420825
3326 0.416732
3327 0.430323
3328 0.428994
3329 0.426204
3330 0.440603
3331 0.517048
3332 0.418684
3333 0.482559
3334 0.480392
3335 0.410845
3336 0.485586
3337 0.40972
3338 0.409802
3339 0.415355
3340 0.417562
3341 0.434854
3342 0.425601
3343 0.445356
3344 0.475299
3345 0.457132
3346 0.453189
3347 0.403713
3348 0.514183
3349 0.432149
3350 0.450032
3351 0.528078
3352 0.41369
3353 0.397874
3354 0.465201
3355 0.468406
3356 0.45801
3357 0.426592
3358 0.428901
3359 0.39829
3360 0.40783
3361 0.411929
3362 0.476104
3363 0.432846
3364 0.390373
3365 0.413987
3366 0.428039
3367 0.422811
3368 0.4365
3369 0.462561
3370 0.405293
3371 0.406733
3372 0.389678
3373 0.457642
3374 0.413645
3375 0.561301
3376 0.387963
3377 0.450742
3378 0.423782
3379 0.429875
3380 0.502434
3381 0.411153
3382 0.455164
3383 0.422952
3384 0.415451
3385 0.407175
3386 0.430356
3387 0.428374
3388 0.424419
3389 0.400154
3390 0.434516
3391 0.418482
3392 0.395744
3393 0.418711
3394 0.456006
3395 0.432112
3396 0.423785
3397 0.432505
3398 0.427761
3399 0.42405
3400 0.427564
3401 0.444008
3402 0.453611
3403 0.423331
3404 0.417485
3405 0.39372
3406 0.423363
3407 0.406414
3408 0.381174
3409 0.429501
3410 0.441671
3411 0.380321
3412 0.465015
3413 0.39636
3414 0.410513
3415 0.390469
3416 0.38226
3417 0.384605
3418 0.395113
3419 0.398506
3420 0.385289
3421 0.393764
3422 0.372303
3423 0.389929
3424 0.433444
3425 0.385243
3426 0.378429
3427 0.43911
3428 0.543356
3429 0.504727
3430 0.425008
3431 0.400483
3432 0.405857
3433 0.383244
3434 0.452381
3435 0.456867
3436 0.427656
3437 0.398322
3438 0.388361
3439 0.389287
3440 0.433108
3441 0.402637
3442 0.436875
3443 0.446471
3444 0.461311
3445 0.430621
3446 0.430002
3447 0.419831
3448 0.389728
3449 0.424816
3450 0.407483
3451 0.402123
3452 0.403294
3453 0.445136
3454 0.453915
3455 0.440127
3456 0.45356
3457 0.394909
3458 0.459566
3459 0.43367
3460 0.394671
3461 0.426776
3462 0.412194
3463 0.432133
3464 0.438024
3465 0.406585
3466 0.394795
3467 0.390255
3468 0.38229
3469 0.389974
3470 0.539007
3471 0.408902
3472 0.410986
3473 0.389361
3474 0.437433
3475 0.387198
3476 0.417052
3477 0.400108
3478 0.414117
3479 0.410376
3480 0.423135
3481 0.461818
3482 0.436555
3483 0.398371
3484 0.378431
3485 0.392325
3486 0.452226
3487 0.416116
3488 0.462412
3489 0.435672
3490 0.406204
3491 0.420323
3492 0.412981
3493 0.382052
3494 0.407768
3495 0.406195
3496 0.381913
3497 0.405585
3498 0.390538
3499 0.435011
3500 0.418381
3501 0.387717
3502 0.400022
3503 0.377224
3504 0.390709
3505 0.458677
3506 0.423676
3507 0.365922
3508 0.4075
3509 0.40418
3510 0.389561
3511 0.389629
3512 0.392852
3513 0.427063
3514 0.452784
3515 0.421999
3516 0.402764
3517 0.389957
3518 0.385224
3519 0.377148
3520 0.416178
3521 0.424282
3522 0.404388
3523 0.40902
3524 0.435658
3525 0.375867
3526 0.386353
3527 0.450356
3528 0.445091
3529 0.48205
3530 0.384262
3531 0.379279
3532 0.402134
3533 0.407442
3534 0.397147
3535 0.421815
3536 0.382656
3537 0.413556
3538 0.390002
3539 0.457642
3540 0.407936
3541 0.419853
3542 0.401743
3543 0.391294
3544 0.410799
3545 0.422319
3546 0.407317
3547 0.414908
3548 0.449874
3549 0.411766
3550 0.377932
3551 0.417498
3552 0.432963
3553 0.418864
3554 0.379682
3555 0.412596
3556 0.37547
3557 0.438798
3558 0.362802
3559 0.421764
3560 0.380483
3561 0.406512
3562 0.374803
3563 0.45319
3564 0.397103
3565 0.374519
3566 0.423908
3567 0.425767
3568 0.42695
3569 0.401061
3570 0.402379
3571 0.396786
3572 0.377642
3573 0.396872
3574 0.417236
3575 0.377869
3576 0.385355
3577 0.428229
3578 0.375492
3579 0.384551
3580 0.408365
3581 0.413053
3582 0.41781
3583 0.40249
3584 0.415861
3585 0.400714
3586 0.39297
3587 0.395752
3588 0.404187
3589 0.381421
3590 0.478795
3591 0.404957
3592 0.417996
3593 0.385425
3594 0.359661
3595 0.38289
3596 0.42009
3597 0.507207
3598 0.423857
3599 0.410202
3600 0.431612
3601 0.386892
3602 0.42493
3603 0.425396
3604 0.438624
3605 0.444846
3606 0.433422
3607 0.431339
3608 0.390705
3609 0.362933
3610 0.396468
3611 0.390409
3612 0.414007
3613 0.369076
3614 0.473585
3615 0.377772
3616 0.39798
3617 0.401311
3618 0.410423
3619 0.42167
3620 0.376531
3621 0.377455
3622 0.425237
3623 0.390701
3624 0.386412
3625 0.386006
3626 0.388564
3627 0.367265
3628 0.409592
3629 0.426053
3630 0.385734
3631 0.374943
3632 0.391418
3633 0.41238
3634 0.432146
3635 0.417581
3636 0.38361
3637 0.431937
3638 0.429903
3639 0.376161
3640 0.395044
3641 0.379652
3642 0.39526
3643 0.42979
3644 0.416556
3645 0.364296
3646 0.406245
3647 0.371897
3648 0.381117
3649 0.376745
3650 0.39683
3651 0.39714
3652 0.377803
3653 0.421947
3654 0.405846
3655 0.37578
3656 0.396275
3657 0.364972
3658 0.355715
3659 0.441636
3660 0.4064
3661 0.48123
3662 0.414516
3663 0.365921
3664 0.383411
3665 0.38484
3666 0.392189
3667 0.477304
3668 0.374095
3669 0.380366
3670 0.41239
3671 0.397157
3672 0.459702
3673 0.418364
3674 0.40293
3675 0.375678
3676 0.375009
3677 0.420672
3678 0.400566
3679 0.474374
3680 0.400898
3681 0.402479
3682 0.45308
3683 0.408325
3684 0.392536
3685 0.41234
3686 0.41716
3687 0.39486
3688 0.368437
3689 0.382869
3690 0.400967
3691 0.399648
3692 0.411014
3693 0.370137
3694 0.379934
3695 0.379162
3696 0.410272
3697 0.420777
3698 0.476844
3699 0.368877
3700 0.3875
3701 0.406547
3702 0.371512
3703 0.376068
3704 0.385121
3705 0.430837
3706 0.385046
3707 0.373246
3708 0.367761
3709 0.383449
3710 0.41397
3711 0.385118
3712 0.4291
3713 0.457199
3714 0.414258
3715 0.393022
3716 0.399621
3717 0.393268
3718 0.375678
3719 0.390367
3720 0.372213
3721 0.436857
3722 0.49359
3723 0.376854
3724 0.381112
3725 0.422577
3726 0.396373
3727 0.388992
3728 0.359666
3729 0.393916
3730 0.372798
3731 0.403398
3732 0.385732
3733 0.388594
3734 0.437915
3735 0.413007
3736 0.391961
3737 0.4467
3738 0.35742
3739 0.368242
3740 0.385607
3741 0.403727
3742 0.355722
3743 0.449299
3744 0.380858
3745 0.375519
3746 0.430677
3747 0.398472
3748 0.380531
3749 0.382384
3750 0.412083
3751 0.434227
3752 0.456648
3753 0.372191
3754 0.382096
3755 0.389615
3756 0.382896
3757 0.418724
3758 0.354948
3759 0.444324
3760 0.402944
3761 0.368385
3762 0.425253
3763 0.442876
3764 0.394691
3765 0.377192
3766 0.399667
3767 0.36026
3768 0.38909
3769 0.367063
3770 0.385135
3771 0.382573
3772 0.422593
3773 0.457725
3774 0.400761
3775 0.378182
3776 0.369049
3777 0.417706
3778 0.380249
3779 0.352007
3780 0.424174
3781 0.389126
3782 0.389683
3783 0.400023
3784 0.388935
3785 0.404908
3786 0.379045
3787 0.392856
3788 0.369103
3789 0.37491
3790 0.410752
3791 0.436629
3792 0.38361
3793 0.364837
3794 0.396021
3795 0.380154
3796 0.391259
3797 0.414963
3798 0.396386
3799 0.37564
3800 0.384511
3801 0.357992
3802 0.384512
3803 0.412904
3804 0.444398
3805 0.369912
3806 0.411991
3807 0.356665
3808 0.390481
3809 0.422867
3810 0.358897
3811 0.380995
3812 0.383223
3813 0.375014
3814 0.383591
3815 0.361699
3816 0.408054
3817 0.360206
3818 0.360452
3819 0.412309
3820 0.365561
3821 0.382715
3822 0.439047
3823 0.345211
3824 0.372129
3825 0.35341
3826 0.370656
3827 0.374223
3828 0.353365
3829 0.376732
3830 0.383101
3831 0.41262
3832 0.380336
3833 0.380503
3834 0.352623
3835 0.367159
3836 0.369089
3837 0.360695
3838 0.386765
3839 0.383225
3840 0.381264
3841 0.380448
3842 0.358633
3843 0.381336
3844 0.354832
3845 0.352451
3846 0.376376
3847 0.373635
3848 0.350412
3849 0.362973
3850 0.358153
3851 0.333461
3852 0.359505
3853 0.355558
3854 0.359886
3855 0.339844
3856 0.4138
3857 0.412853
3858 0.458985
3859 0.378601
3860 0.390336
3861 0.356317
3862 0.35335
3863 0.422153
3864 0.417602
3865 0.404777
3866 0.338237
3867 0.409193
3868 0.385024
3869 0.399319
3870 0.348066
3871 0.38835
3872 0.452964
3873 0.449189
3874 0.390954
3875 0.428566
3876 0.369014
3877 0.367383
3878 0.40489
3879 0.386573
3880 0.375468
3881 0.383809
3882 0.382197
3883 0.477851
3884 0.35389
3885 0.398664
3886 0.357794
3887 0.449896
3888 0.412516
3889 0.362486
3890 0.391079
3891 0.402666
3892 0.38933
3893 0.372841
3894 0.361027
3895 0.371614
3896 0.348585
3897 0.398555
3898 0.431365
3899 0.414767
3900 0.348055
3901 0.335002
3902 0.348716
3903 0.384867
3904 0.346949
3905 0.405501
3906 0.363764
3907 0.363471
3908 0.394635
3909 0.414526
3910 0.403091
3911 0.400596
3912 0.383816
3913 0.349099
3914 0.367061
3915 0.360194
3916 0.37954
3917 0.388278
3918 0.389744
3919 0.391251
3920 0.390335
3921 0.378056
3922 0.358061
3923 0.356502
3924 0.378794
3925 0.334222
3926 0.379954
3927 0.378683
3928 0.371657
3929 0.376114
3930 0.362999
3931 0.369107
3932 0.365967
3933 0.373569
3934 0.38677
3935 0.359929
3936 0.346532
3937 0.388182
3938 0.372795
3939 0.377624
3940 0.399666
3941 0.345609
3942 0.404223
3943 0.356061
3944 0.377273
3945 0.366908
3946 0.337861
3947 0.39041
3948 0.356408
3949 0.373658
3950 0.385916
3951 0.354452
3952 0.362555
3953 0.412899
3954 0.338144
3955 0.377338
3956 0.378071
3957 0.43475
3958 0.40794
3959 0.372985
3960 0.368958
3961 0.342485
3962 0.379395
3963 0.358111
3964 0.337033
3965 0.349157
3966 0.32396
3967 0.345679
3968 0.404941
3969 0.377222
3970 0.410743
3971 0.428642
3972 0.337887
3973 0.334369
3974 0.378938
3975 0.402884
3976 0.343725
3977 0.376457
3978 0.36419
3979 0.357789
3980 0.390084
3981 0.408793
3982 0.371873
3983 0.362165
3984 0.394223
3985 0.363649
3986 0.356411
3987 0.396278
3988 0.337774
3989 0.320995
3990 0.369881
3991 0.343003
3992 0.428324
3993 0.369462
3994 0.405956
3995 0.42241
3996 0.402625
3997 0.366694
3998 0.34968
3999 0.339493
4000 0.369427
4001 0.352917
4002 0.366299
4003 0.394606
4004 0.37687
4005 0.405227
4006 0.392509
4007 0.361066
4008 0.346655
4009 0.337486
4010 0.337629
4011 0.383781
4012 0.361411
4013 0.371137
4014 0.363873
4015 0.353148
4016 0.334537
4017 0.328683
4018 0.378505
4019 0.371107
4020 0.379972
4021 0.349711
4022 0.371882
4023 0.356866
4024 0.334332
4025 0.418142
4026 0.500341
4027 0.384466
4028 0.356864
4029 0.394765
4030 0.365031
4031 0.406876
4032 0.362473
4033 0.371492
4034 0.342058
4035 0.344076
4036 0.413957
4037 0.341246
4038 0.342754
4039 0.340005
4040 0.3601
4041 0.364577
4042 0.381898
4043 0.389988
4044 0.352702
4045 0.343652
4046 0.381267
4047 0.371397
4048 0.385722
4049 0.378934
4050 0.377771
4051 0.355882
4052 0.333007
4053 0.394548
4054 0.358267
4055 0.321656
4056 0.348746
4057 0.332436
4058 0.372158
4059 0.346515
4060 0.362492
4061 0.348981
4062 0.41435
4063 0.367648
4064 0.362241
4065 0.390842
4066 0.387356
4067 0.387006
4068 0.351791
4069 0.416292
4070 0.357493
4071 0.399526
4072 0.432444
4073 0.36271
4074 0.37991
4075 0.385029
4076 0.369172
4077 0.322382
4078 0.345451
4079 0.360267
4080 0.381769
4081 0.343449
4082 0.328263
4083 0.349504
4084 0.326061
4085 0.3554
4086 0.315061
4087 0.413819
4088 0.379069
4089 0.349608
4090 0.354479
4091 0.367077
4092 0.349129
4093 0.383864
4094 0.359217
4095 0.342365
4096 0.421683
4097 0.392681
4098 0.361314
4099 0.355049
4100 0.366266
4101 0.394305
4102 0.354801
4103 0.424788
4104 0.342901
4105 0.359904
4106 0.380638
4107 0.367947
4108 0.402481
4109 0.388964
4110 0.352312
4111 0.370969
4112 0.350908
4113 0.352509
4114 0.440935
4115 0.333618
4116 0.362283
4117 0.342875
4118 0.417044
4119 0.343049
4120 0.390264
4121 0.382252
4122 0.326267
4123 0.338065
4124 0.35784
4125 0.35884
4126 0.380274
4127 0.384241
4128 0.342956
4129 0.392613
4130 0.38626
4131 0.351879
4132 0.337175
4133 0.34557
4134 0.356704
4135 0.352495
4136 0.345166
4137 0.337207
4138 0.367674
4139 0.416569
4140 0.391891
4141 0.370157
4142 0.368726
4143 0.387587
4144 0.344448
4145 0.354532
4146 0.375668
4147 0.341887
4148 0.372179
4149 0.35342
4150 0.376918
4151 0.427177
4152 0.347804
4153 0.346637
4154 0.349127
4155 0.359498
4156 0.377698
4157 0.319134
4158 0.335603
4159 0.366006
4160 0.361723
4161 0.33915
4162 0.3728
4163 0.341593
4164 0.353559
4165 0.353802
4166 0.391694
4167 0.317667
4168 0.330364
4169 0.353694
4170 0.331317
4171 0.383937
4172 0.365595
4173 0.328717
4174 0.378393
4175 0.378915
4176 0.353655
4177 0.384855
4178 0.352554
4179 0.393793
4180 0.476276
4181 0.358505
4182 0.361901
4183 0.322971
4184 0.388602
4185 0.35716
4186 0.372397
4187 0.357946
4188 0.44447
4189 0.34959
4190 0.348419
4191 0.410025
4192 0.386589
4193 0.36643
4194 0.373087
4195 0.319929
4196 0.356971
4197 0.367653
4198 0.357105
4199 0.354131
4200 0.341631
4201 0.418528
4202 0.370125
4203 0.36337
4204 0.336102
4205 0.359568
4206 0.349415
4207 0.35164
4208 0.400136
4209 0.345012
4210 0.379964
4211 0.377157
4212 0.409974
4213 0.375342
4214 0.346187
4215 0.35454
4216 0.354955
4217 0.34747
4218 0.323135
4219 0.379571
4220 0.334557
4221 0.336119
4222 0.330755
4223 0.345742
4224 0.337445
4225 0.357649
4226 0.380845
4227 0.352084
4228 0.339844
4229 0.355737
4230 0.320969
4231 0.344284
4232 0.380775
4233 0.363617
4234 0.352032
4235 0.329863
4236 0.330766
4237 0.358506
4238 0.34336
4239 0.347093
4240 0.351523
4241 0.36941
4242 0.33188
4243 0.351963
4244 0.348127
4245 0.360092
4246 0.32187
4247 0.362776
4248 0.325079
4249 0.318415
4250 0.32906
4251 0.380529
4252 0.335958
4253 0.324224
4254 0.370073
4255 0.355747
4256 0.338999
4257 0.323093
4258 0.343192
4259 0.35045
4260 0.33836
4261 0.335619
4262 0.330633
4263 0.347722
4264 0.342689
4265 0.342346
4266 0.353096
4267 0.345054
4268 0.323889
4269 0.339766
4270 0.347152
4271 0.336368
4272 0.375709
4273 0.342336
4274 0.313797
4275 0.303974
4276 0.350303
4277 0.300308
4278 0.333158
4279 0.30074
4280 0.304421
4281 0.322284
4282 0.362535
4283 0.347525
4284 0.322133
4285 0.481548
4286 0.323287
4287 0.382012
4288 0.326133
4289 0.348268
4290 0.338383
4291 0.352066
4292 0.389687
4293 0.386139
4294 0.324693
4295 0.33099
4296 0.338554
4297 0.337199
4298 0.31789
4299 0.356426
4300 0.325232
4301 0.412093
4302 0.38609
4303 0.351814
4304 0.367045
4305 0.312046
4306 0.338227
4307 0.344599
4308 0.348358
4309 0.352071
4310 0.364686
4311 0.455847
4312 0.327267
4313 0.389621
4314 0.323418
4315 0.334633
4316 0.450993
4317 0.372349
4318 0.344255
4319 0.348259
4320 0.35717
4321 0.342957
4322 0.312248
4323 0.332955
4324 0.326421
4325 0.317009
4326 0.377622
4327 0.40863
4328 0.303619
4329 0.327448
4330 0.317537
4331 0.322433
4332 0.329328
4333 0.349398
4334 0.345409
4335 0.365144
4336 0.33437
4337 0.328459
4338 0.388898
4339 0.368624
4340 0.357341
4341 0.35321
4342 0.316296
4343 0.325275
4344 0.337246
4345 0.340219
4346 0.361248
4347 0.313593
4348 0.355722
4349 0.348776
4350 0.307589
4351 0.325662
4352 0.330648
4353 0.327413
4354 0.334081
4355 0.330686
4356 0.351279
4357 0.384077
4358 0.350728
4359 0.378234
4360 0.334923
4361 0.310927
4362 0.31543
4363 0.378612
4364 0.318829
4365 0.336825
4366 0.309438
4367 0.32606
4368 0.328555
4369 0.341536
4370 0.355631
4371 0.382191
4372 0.350914
4373 0.359582
4374 0.307763
4375 0.333731
4376 0.34455
4377 0.383957
4378 0.355078
4379 0.323717
4380 0.33956
4381 0.353494
4382 0.326088
4383 0.322549
4384 0.357458
4385 0.336715
4386 0.410235
4387 0.332637
4388 0.329726
4389 0.321564
4390 0.361202
4391 0.332552
4392 0.331109
4393 0.299892
4394 0.294187
4395 0.307715
4396 0.32657
4397 0.347833
4398 0.328731
4399 0.312514
4400 0.345912
4401 0.299492
4402 0.329319
4403 0.32346
4404 0.342987
4405 0.347216
4406 0.335194
4407 0.302583
4408 0.309208
4409 0.398307
4410 0.354613
4411 0.340292
4412 0.325727
4413 0.32302
4414 0.306552
4415 0.317203
4416 0.367523
4417 0.322149
4418 0.328911
4419 0.316671
4420 0.353323
4421 0.356611
4422 0.314854
4423 0.317942
4424 0.357255
4425 0.302934
4426 0.311307
4427 0.291465
4428 0.349134
4429 0.316249
4430 0.326172
4431 0.319114
4432 0.354373
4433 0.3552
4434 0.366742
4435 0.362649
4436 0.321202
4437 0.317469
4438 0.323537
4439 0.329589
4440 0.340988
4441 0.34874
4442 0.336551
4443 0.308351
4444 0.35151
4445 0.335293
4446 0.305909
4447 0.411138
4448 0.317913
4449 0.355848
4450 0.312015
4451 0.34105
4452 0.297669
4453 0.334849
4454 0.397219
4455 0.43559
4456 0.382812
4457 0.361281
4458 0.307501
4459 0.338981
4460 0.381163
4461 0.318992
4462 0.356968
4463 0.30805
4464 0.327188
4465 0.377482
4466 0.303659
4467 0.347487
4468 0.324424
4469 0.345225
4470 0.344308
4471 0.344137
4472 0.338386
4473 0.334459
4474 0.32105
4475 0.341687
4476 0.355895
4477 0.39133
4478 0.299897
4479 0.326505
4480 0.32371
4481 0.309988
4482 0.343759
4483 0.32448
4484 0.321086
4485 0.306774
4486 0.341844
4487 0.316428
4488 0.313942
4489 0.319283
4490 0.329239
4491 0.357903
4492 0.339147
4493 0.337048
4494 0.335662
4495 0.371377
4496 0.333003
4497 0.338666
4498 0.335515
4499 0.350296
4500 0.37781
4501 0.367055
4502 0.337333
4503 0.366382
4504 0.344198
4505 0.301356
4506 0.337272
4507 0.314732
4508 0.360301
4509 0.332042
4510 0.322839
4511 0.33481
4512 0.293472
4513 0.326298
4514 0.305324
4515 0.323302
4516 0.351278
4517 0.322166
4518 0.361547
4519 0.350147
4520 0.331037
4521 0.355674
4522 0.357126
4523 0.370052
4524 0.335671
4525 0.353263
4526 0.377862
4527 0.306386
4528 0.30532
4529 0.38741
4530 0.311208
4531 0.312776
4532 0.341162
4533 0.306077
4534 0.30833
4535 0.336747
4536 0.345464
4537 0.367955
4538 0.296519
4539 0.350852
4540 0.348675
4541 0.326091
4542 0.330459
4543 0.355104
4544 0.306349
4545 0.296755
4546 0.301795
4547 0.335134
4548 0.318487
4549 0.333452
4550 0.324193
4551 0.309209
4552 0.3071
4553 0.36491
4554 0.310185
4555 0.374145
4556 0.322484
4557 0.362422
4558 0.372946
4559 0.355408
4560 0.321122
4561 0.30035
4562 0.320719
4563 0.342365
4564 0.34768
4565 0.333174
4566 0.32752
4567 0.342799
4568 0.33361
4569 0.329728
4570 0.36556
4571 0.365633
4572 0.344201
4573 0.321322
4574 0.305034
4575 0.380893
4576 0.335475
4577 0.316183
4578 0.320788
4579 0.352067
4580 0.332939
4581 0.407187
4582 0.339205
4583 0.346837
4584 0.352914
4585 0.338317
4586 0.288248
4587 0.312411
4588 0.366089
4589 0.303236
4590 0.325822
4591 0.335097
4592 0.323187
4593 0.299596
4594 0.324339
4595 0.343539
4596 0.318585
4597 0.313964
4598 0.31572
4599 0.329867
4600 0.377516
4601 0.326695
4602 0.344528
4603 0.391448
4604 0.330255
4605 0.328215
4606 0.35516
4607 0.332768
4608 0.319406
4609 0.417768
4610 0.327512
4611 0.304382
4612 0.311695
4613 0.366171
4614 0.302269
4615 0.344296
4616 0.358278
4617 0.365629
4618 0.350863
4619 0.384085
4620 0.370661
4621 0.32991
4622 0.332449
4623 0.311488
4624 0.299129
4625 0.287959
4626 0.349156
4627 0.34839
4628 0.301477
4629 0.303362
4630 0.394378
4631 0.334037
4632 0.374781
4633 0.309117
4634 0.378108
4635 0.343142
4636 0.336553
4637 0.359413
4638 0.310902
4639 0.302145
4640 0.324848
4641 0.370962
4642 0.308888
4643 0.30232
4644 0.331743
4645 0.304903
4646 0.294242
4647 0.320209
4648 0.406983
4649 0.32609
4650 0.295041
4651 0.330286
4652 0.330359
4653 0.323978
4654 0.351092
4655 0.387696
4656 0.318537
4657 0.309732
4658 0.296394
4659 0.356867
4660 0.314316
4661 0.369961
4662 0.299122
4663 0.355877
4664 0.336064
4665 0.316097
4666 0.347454
4667 0.333222
4668 0.347162
4669 0.315632
4670 0.298041
4671 0.298465
4672 0.325475
4673 0.312133
4674 0.319882
4675 0.298504
4676 0.332609
4677 0.313919
4678 0.293262
4679 0.319313
4680 0.345743
4681 0.333873
4682 0.298105
4683 0.327449
4684 0.350931
4685 0.334984
4686 0.332819
4687 0.313357
4688 0.340804
4689 0.340236
4690 0.336617
4691 0.324906
4692 0.303036
4693 0.322084
4694 0.309219
4695 0.337858
4696 0.31806
4697 0.304276
4698 0.319496
4699 0.317774
4700 0.309373
4701 0.329543
4702 0.285138
4703 0.284421
4704 0.274329
4705 0.303594
4706 0.285148
4707 0.319271
4708 0.2809
4709 0.280783
4710 0.309423
4711 0.322459
4712 0.28291
4713 0.324425
4714 0.435441
4715 0.380649
4716 0.336251
4717 0.310937
4718 0.312491
4719 0.290303
4720 0.309445
4721 0.340385
4722 0.333627
4723 0.288025
4724 0.299733
4725 0.311355
4726 0.362
4727 0.306515
4728 0.328053
4729 0.308861
4730 0.388501
4731 0.342918
4732 0.303317
4733 0.345795
4734 0.320031
4735 0.343594
4736 0.316635
4737 0.299361
4738 0.315506
4739 0.325085
4740 0.321947
4741 0.293593
4742 0.335917
4743 0.294629
4744 0.360576
4745 0.352962
4746 0.335637
4747 0.329137
4748 0.299628
4749 0.350703
4750 0.297837
4751 0.2938
4752 0.309334
4753 0.274748
4754 0.30217
4755 0.290255
4756 0.405125
4757 0.283315
4758 0.285582
4759 0.290828
4760 0.314328
4761 0.281641
4762 0.34599
4763 0.285668
4764 0.328768
4765 0.310274
4766 0.303171
4767 0.348581
4768 0.299065
4769 0.335705
4770 0.326744
4771 0.359338
4772 0.302895
4773 0.31523
4774 0.379006
4775 0.328781
4776 0.334364
4777 0.319378
4778 0.319581
4779 0.295988
4780 0.273725
4781 0.314134
4782 0.317306
4783 0.305753
4784 0.297037
4785 0.326935
4786 0.357828
4787 0.312729
4788 0.325677
4789 0.294014
4790 0.336918
4791 0.300979
4792 0.29587
4793 0.306651
4794 0.316733
4795 0.287471
4796 0.301729
4797 0.302321
4798 0.305025
4799 0.347806
4800 0.343039
4801 0.330247
4802 0.284499
4803 0.303929
4804 0.28565
4805 0.304237
4806 0.301865
4807 0.344956
4808 0.291891
4809 0.284444
4810 0.303926
4811 0.30615
4812 0.295644
4813 0.354026
4814 0.334702
4815 0.326414
4816 0.292996
4817 0.313377
4818 0.303456
4819 0.276603
4820 0.293749
4821 0.29091
4822 0.315674
4823 0.270389
4824 0.302712
4825 0.335499
4826 0.314627
4827 0.316279
4828 0.307941
4829 0.337396
4830 0.297865
4831 0.320274
4832 0.357855
4833 0.304598
4834 0.411924
4835 0.303763
4836 0.283575
4837 0.278563
4838 0.393288
4839 0.312577
4840 0.309934
4841 0.30016
4842 0.304436
4843 0.272652
4844 0.298149
4845 0.348154
4846 0.289249
4847 0.317773
4848 0.283845
4849 0.320545
4850 0.296854
4851 0.281008
4852 0.312423
4853 0.287803
4854 0.320791
4855 0.267591
4856 0.305902
4857 0.312245
4858 0.282341
4859 0.309005
4860 0.318091
4861 0.295423
4862 0.275218
4863 0.311965
4864 0.299559
4865 0.290725
4866 0.311485
4867 0.282555
4868 0.301115
4869 0.291063
4870 0.303286
4871 0.299124
4872 0.280565
4873 0.332251
4874 0.299571
4875 0.286076
4876 0.398798
4877 0.326781
4878 0.319953
4879 0.311723
4880 0.31002
4881 0.307058
4882 0.316968
4883 0.37369
4884 0.386691
4885 0.358368
4886 0.343324
4887 0.288204
4888 0.318643
4889 0.314357
4890 0.29468
4891 0.321949
4892 0.302081
4893 0.305409
4894 0.317336
4895 0.275973
4896 0.332916
4897 0.285302
4898 0.320634
4899 0.280103
4900 0.369629
4901 0.280967
4902 0.283929
4903 0.309533
4904 0.300558
4905 0.325236
4906 0.315027
4907 0.283783
4908 0.306971
4909 0.310546
4910 0.31742
4911 0.305011
4912 0.310281
4913 0.276079
4914 0.323573
4915 0.295481
4916 0.306446
4917 0.302562
4918 0.30119
4919 0.304206
4920 0.319315
4921 0.313425
4922 0.286537
4923 0.351152
4924 0.362615
4925 0.308252
4926 0.315539
4927 0.298633
4928 0.328468
4929 0.355652
4930 0.308373
4931 0.29421
4932 0.289518
4933 0.312091
4934 0.328297
4935 0.281761
4936 0.309478
4937 0.292515
4938 0.307351
4939 0.2887
4940 0.296472
4941 0.267708
4942 0.306639
4943 0.260284
4944 0.280891
4945 0.310978
4946 0.334015
4947 0.338686
4948 0.334935
4949 0.309801
4950 0.306198
4951 0.343399
4952 0.277017
4953 0.341478
4954 0.317726
4955 0.278782
4956 0.290385
4957 0.319171
4958 0.375203
4959 0.320986
4960 0.288001
4961 0.314119
4962 0.283288
4963 0.317379
4964 0.28833
4965 0.355555
4966 0.348211
4967 0.292382
4968 0.340512
4969 0.298082
4970 0.288268
4971 0.326067
4972 0.338951
4973 0.296217
4974 0.289665
4975 0.305884
4976 0.290089
4977 0.305529
4978 0.330537
4979 0.282298
4980 0.287542
4981 0.28668
4982 0.307116
4983 0.344078
4984 0.369308
4985 0.307218
4986 0.318621
4987 0.333901
4988 0.303543
4989 0.272703
4990 0.297085
4991 0.315359
4992 0.301122
4993 0.310857
4994 0.299343
4995 0.284143
4996 0.306911
4997 0.303282
4998 0.328955
4999 0.306638
5000 0.314876
