0 3.37866
1 9.01565
2 7.93221
3 4.02946
4 2.88044
5 2.38652
6 2.2371
7 1.98218
8 1.6809
9 1.98829
10 2.3929
11 2.35304
12 2.06
13 1.76617
14 1.6641
15 1.45516
16 1.40415
17 1.71134
18 1.48319
19 1.32037
20 1.2277
21 1.4559
22 2.18679
23 2.0189
24 1.69868
25 1.80128
26 1.52159
27 1.44592
28 1.58816
29 1.5411
30 1.64358
31 1.24557
32 1.22968
33 1.23255
34 1.23713
35 1.15918
36 0.962733
37 1.12617
38 0.94297
39 1.02281
40 0.934594
41 1.0343
42 1.14353
43 1.25819
44 1.16908
45 0.917174
46 0.955021
47 0.930752
48 1.02877
49 0.999634
50 1.05902
51 1.41613
52 1.1014
53 0.914791
54 0.886502
55 0.852773
56 1.07655
57 0.979324
58 1.0941
59 1.17508
60 1.05811
61 0.939443
62 1.17753
63 1.24355
64 0.880991
65 0.870585
66 0.864308
67 1.01606
68 1.00693
69 0.914791
70 1.10844
71 1.07839
72 1.63208
73 1.13573
74 0.988104
75 1.13502
76 1.10348
77 0.868195
78 0.92162
79 0.936879
80 0.814739
81 0.823216
82 0.833214
83 0.833637
84 0.972108
85 1.00934
86 0.934389
87 0.78853
88 0.91271
89 1.10605
90 0.957616
91 0.950022
92 0.889927
93 0.962529
94 0.900533
95 0.862895
96 0.778903
97 0.927901
98 1.03369
99 1.04069
100 0.911807
101 0.768398
102 0.741723
103 0.702084
104 0.828462
105 0.783199
106 0.851991
107 0.821846
108 0.663141
109 0.798566
110 0.780598
111 0.861046
112 0.835345
113 0.985259
114 0.698258
115 0.821268
116 0.817812
117 1.20801
118 1.22641
119 0.90087
120 0.72203
121 0.781583
122 0.82165
123 0.922929
124 0.905808
125 0.842688
126 0.836979
127 0.747479
128 0.730178
129 0.784841
130 0.689193
131 0.630801
132 0.743503
133 0.864511
134 0.861052
135 0.621977
136 0.988733
137 1.08511
138 0.803342
139 0.796876
140 0.668706
141 0.758862
142 0.710338
143 0.64347
144 0.673003
145 0.721414
146 0.810082
147 0.904106
148 0.96504
149 0.882862
150 0.828938
151 0.724811
152 0.798647
153 0.921021
154 0.950636
155 0.794031
156 0.653293
157 0.732886
158 0.72456
159 0.626554
160 0.732697
161 0.710346
162 0.756504
163 0.745259
164 0.660561
165 0.62699
166 0.712438
167 0.796783
168 0.832236
169 1.00522
170 1.04637
171 0.761071
172 0.733879
173 1.33051
174 1.13916
175 0.957125
176 0.746123
177 0.804525
178 0.707091
179 0.652203
180 0.746737
181 0.692457
182 0.805237
183 0.632923
184 0.883776
185 0.718942
186 0.703423
187 0.682797
188 0.791555
189 0.759583
190 0.752295
191 0.663811
192 0.669542
193 0.714511
194 0.824493
195 0.826896
196 0.828421
197 0.59529
198 0.607796
199 0.749085
200 0.801658
201 0.698846
202 0.791507
203 0.766419
204 0.834799
205 0.931295
206 0.791647
207 0.672986
208 0.944157
209 0.687186
210 0.631032
211 0.870878
212 0.753359
213 0.969373
214 0.933179
215 0.614624
216 0.750142
217 0.779165
218 0.63475
219 0.689391
220 0.625919
221 0.723767
222 0.715972
223 0.62197
224 0.685851
225 0.620126
226 0.966933
227 0.889264
228 0.638174
229 0.662819
230 0.721435
231 0.675021
232 0.765059
233 0.80331
234 0.641133
235 0.715325
236 0.688344
237 0.630188
238 0.653334
239 0.758287
240 0.596866
241 0.612914
242 0.701532
243 0.727858
244 0.556435
245 0.69149
246 0.570253
247 0.572372
248 0.684328
249 0.63125
250 0.708544
251 0.683987
252 0.987032
253 0.799924
254 0.682705
255 0.737998
256 0.702012
257 0.67716
258 0.570073
259 0.592845
260 0.740433
261 0.654878
262 0.691042
263 0.64414
264 0.527375
265 0.602265
266 0.554437
267 0.703482
268 0.922409
269 0.654625
270 0.737478
271 0.779312
272 0.688609
273 0.667099
274 0.633503
275 0.679779
276 0.592593
277 0.692765
278 0.636757
279 0.627212
280 0.563105
281 0.642226
282 0.571972
283 0.778076
284 0.719316
285 0.740611
286 0.593529
287 0.701984
288 0.712439
289 0.65384
290 0.614341
291 0.705863
292 0.770307
293 0.656575
294 0.694314
295 0.765117
296 0.77034
297 0.623684
298 0.640345
299 0.518887
300 0.57672
301 0.583344
302 0.609086
303 0.598864
304 0.6437
305 0.662916
306 0.668299
307 0.599044
308 0.627964
309 0.521324
310 0.585252
311 0.704812
312 0.634857
313 0.748708
314 0.609363
315 0.615396
316 0.737261
317 0.665569
318 0.67223
319 0.693179
320 0.675377
321 0.66588
322 0.850656
323 0.797722
324 0.556828
325 0.617193
326 0.606774
327 0.617641
328 0.639394
329 0.680512
330 0.782451
331 0.735068
332 0.67627
333 0.714311
334 0.564283
335 0.71092
336 0.675922
337 0.522129
338 0.711763
339 0.560847
340 0.581278
341 0.571365
342 0.513313
343 0.929999
344 0.848411
345 0.793415
346 0.576914
347 0.904494
348 0.894449
349 0.655926
350 0.884488
351 0.656795
352 0.645051
353 0.736305
354 0.870396
355 0.6054
356 0.742178
357 0.766658
358 0.600431
359 0.527555
360 0.608219
361 0.671985
362 0.528741
363 0.59731
364 0.567321
365 0.593771
366 0.565407
367 0.680768
368 0.690271
369 0.687035
370 0.556235
371 0.605595
372 0.717399
373 0.644728
374 0.830213
375 0.615331
376 0.709748
377 0.524316
378 0.568015
379 0.642324
380 0.682709
381 0.630451
382 0.643354
383 0.536474
384 0.548892
385 0.581723
386 0.553028
387 0.60359
388 0.5372
389 0.749018
390 0.596294
391 0.534523
392 0.665014
393 0.607714
394 0.548948
395 0.511749
396 0.63217
397 0.607764
398 0.519492
399 0.569117
400 0.652279
401 0.595071
402 0.59105
403 0.547648
404 0.584204
405 0.527444
406 0.634888
407 0.4786
408 0.595101
409 0.504155
410 0.561946
411 0.727778
412 0.607188
413 0.498103
414 0.579883
415 0.430634
416 0.473461
417 0.542063
418 0.488017
419 0.489201
420 0.539055
421 0.452946
422 0.461862
423 0.506996
424 0.71697
425 0.490836
426 0.480717
427 0.812164
428 0.44138
429 0.651923
430 0.572079
431 0.644798
432 0.541004
433 0.545441
434 0.576084
435 0.610746
436 0.490547
437 0.563763
438 0.599409
439 0.476794
440 0.666102
441 0.601344
442 0.564371
443 0.714892
444 0.624048
445 0.529128
446 0.692225
447 0.586136
448 0.587836
449 0.559403
450 0.658512
451 0.610746
452 0.577845
453 0.723047
454 0.561448
455 0.702783
456 0.500856
457 0.806074
458 0.775556
459 0.680438
460 0.635484
461 0.6038
462 0.606433
463 0.641462
464 0.591591
465 0.526535
466 0.500091
467 0.510237
468 0.538787
469 0.719551
470 0.556306
471 0.546453
472 0.469646
473 0.602134
474 0.527083
475 0.571808
476 0.464736
477 0.583175
478 0.548364
479 0.579985
480 0.653768
481 0.567558
482 0.574407
483 0.555714
484 0.477964
485 0.577228
486 0.530584
487 0.733697
488 0.671037
489 0.576724
490 0.517999
491 0.660883
492 0.596399
493 0.53339
494 0.537615
495 0.510438
496 0.656835
497 0.549861
498 0.720411
499 0.69961
500 0.648439
501 0.70288
502 0.536499
503 0.587201
504 0.727979
505 0.65483
506 0.511192
507 0.571799
508 0.548017
509 0.516068
510 0.556746
511 0.511534
512 0.636876
513 0.565407
514 0.631593
515 0.497684
516 0.59363
517 0.463785
518 0.518022
519 0.531965
520 0.552399
521 0.578221
522 0.579972
523 0.593188
524 0.524057
525 0.533155
526 0.558851
527 0.528314
528 0.609815
529 0.541506
530 0.505383
531 0.526727
532 0.572278
533 0.503497
534 0.595174
535 0.524654
536 0.457328
537 0.466408
538 0.571986
539 0.577984
540 0.585081
541 0.50055
542 0.562017
543 0.48377
544 0.522728
545 0.538625
546 0.630973
547 0.661594
548 0.517344
549 0.440931
550 0.587456
551 0.65294
552 0.607356
553 0.597282
554 0.565512
555 0.47089
556 0.568381
557 0.56095
558 0.583939
559 0.514308
560 0.502294
561 0.5735
562 0.56406
563 0.567281
564 0.536012
565 0.686141
566 0.546029
567 0.508923
568 0.494624
569 0.501247
570 0.586042
571 0.463233
572 0.488764
573 0.544529
574 0.538792
575 0.619383
576 0.653416
577 0.451304
578 0.434982
579 0.556261
580 0.470772
581 0.643393
582 0.569849
583 0.615229
584 0.502918
585 0.467971
586 0.508314
587 0.488291
588 0.458314
589 0.566485
590 0.463801
591 0.532535
592 0.495843
593 0.495939
594 0.481553
595 0.66829
596 0.589249
597 0.67718
598 0.627836
599 0.663265
600 0.469068
601 0.681481
602 0.52889
603 0.494079
604 0.550368
605 0.531071
606 0.529366
607 0.51135
608 0.461208
609 0.539287
610 0.513412
611 0.611296
612 0.507811
613 0.677512
614 0.524653
615 0.530863
616 0.557804
617 0.624719
618 0.576325
619 0.538929
620 0.528421
621 0.53444
622 0.523062
623 0.544433
624 0.601429
625 0.573697
626 0.460654
627 0.507101
628 0.559613
629 0.519303
630 0.520006
631 0.576079
632 0.485929
633 0.539542
634 0.63714
635 0.478597
636 0.597885
637 0.69212
638 0.592611
639 0.567202
640 0.497739
641 0.546601
642 0.561993
643 0.504739
644 0.556504
645 0.583544
646 0.559103
647 0.433516
648 0.485131
649 0.534151
650 0.562877
651 0.477248
652 0.491444
653 0.527241
654 0.413536
655 0.466208
656 0.440662
657 0.423501
658 0.60718
659 0.493174
660 0.603463
661 0.667241
662 0.533056
663 0.495283
664 0.570461
665 0.47562
666 0.560639
667 0.494973
668 0.53158
669 0.52402
670 0.489426
671 0.62095
672 0.536397
673 0.435736
674 0.550141
675 0.484839
676 0.486037
677 0.499808
678 0.48644
679 0.534311
680 0.47051
681 0.709198
682 0.52426
683 0.534547
684 0.568205
685 0.57921
686 0.501796
687 0.412528
688 0.505547
689 0.495939
690 0.507437
691 0.571248
692 0.574566
693 0.44826
694 0.436287
695 0.498404
696 0.557549
697 0.744125
698 0.504535
699 0.498694
700 0.494552
701 0.613751
702 0.494716
703 0.445683
704 0.455252
705 0.556857
706 0.538544
707 0.468839
708 0.453078
709 0.501603
710 0.479404
711 0.448006
712 0.639189
713 0.594588
714 0.50694
715 0.501764
716 0.442402
717 0.549992
718 0.460417
719 0.442088
720 0.515367
721 0.685154
722 0.51211
723 0.519002
724 0.520662
725 0.567326
726 0.419313
727 0.446053
728 0.395655
729 0.508238
730 0.518549
731 0.423694
732 0.521856
733 0.473837
734 0.478301
735 0.492994
736 0.539496
737 0.451285
738 0.443742
739 0.443528
740 0.588801
741 0.514587
742 0.5163
743 0.479637
744 0.500272
745 0.616068
746 0.452019
747 0.590706
748 0.523329
749 0.533599
750 0.513066
751 0.679766
752 0.509056
753 0.456302
754 0.572049
755 0.456948
756 0.487961
757 0.4649
758 0.623627
759 0.569992
760 0.558288
761 0.50796
762 0.53962
763 0.487997
764 0.519004
765 0.479244
766 0.462228
767 0.54666
768 0.505873
769 0.504199
770 0.452796
771 0.526997
772 0.622851
773 0.468148
774 0.540734
775 0.429157
776 0.611717
777 0.5611
778 0.456619
779 0.712354
780 0.482051
781 0.480124
782 0.607658
783 0.634862
784 0.726584
785 0.498124
786 0.445992
787 0.45959
788 0.453523
789 0.506027
790 0.569811
791 0.476303
792 0.452637
793 0.464023
794 0.462874
795 0.505002
796 0.462146
797 0.577617
798 0.451981
799 0.448489
800 0.426951
801 0.530028
802 0.584239
803 0.716815
804 0.49097
805 0.468551
806 0.456152
807 0.522033
808 0.52106
809 0.489003
810 0.505907
811 0.466396
812 0.421783
813 0.454039
814 0.397883
815 0.446076
816 0.453814
817 0.455608
818 0.582663
819 0.453262
820 0.464352
821 0.478867
822 0.406554
823 0.463959
824 0.416416
825 0.443104
826 0.498263
827 0.429747
828 0.473942
829 0.421598
830 0.51571
831 0.447657
832 0.456149
833 0.415498
834 0.39488
835 0.506438
836 0.437316
837 0.465203
838 0.449749
839 0.450584
840 0.625031
841 0.420132
842 0.431058
843 0.437769
844 0.377101
845 0.380634
846 0.37284
847 0.430999
848 0.373437
849 0.489733
850 0.35418
851 0.375122
852 0.423425
853 0.56383
854 0.466736
855 0.42246
856 0.706831
857 0.579078
858 0.539073
859 0.474735
860 0.440091
861 0.421483
862 0.491035
863 0.539803
864 0.574274
865 0.430615
866 0.475051
867 0.439947
868 0.51637
869 0.403275
870 0.490864
871 0.459107
872 0.543094
873 0.487765
874 0.454881
875 0.46261
876 0.41255
877 0.556009
878 0.422662
879 0.49014
880 0.479557
881 0.485618
882 0.617554
883 0.497917
884 0.545461
885 0.416012
886 0.701856
887 0.649445
888 0.419734
889 0.469732
890 0.479916
891 0.472107
892 0.50355
893 0.407183
894 0.404571
895 0.37835
896 0.486982
897 0.43906
898 0.713821
899 0.724478
900 0.444627
901 0.4313
902 0.487946
903 0.467358
904 0.533936
905 0.501476
906 0.411654
907 0.453057
908 0.554771
909 0.514291
910 0.509942
911 0.470871
912 0.459113
913 0.419014
914 0.494417
915 0.462069
916 0.483055
917 0.484652
918 0.452589
919 0.456252
920 0.508957
921 0.432009
922 0.429256
923 0.426655
924 0.420912
925 0.533195
926 0.412584
927 0.505436
928 0.525515
929 0.423503
930 0.500959
931 0.406541
932 0.461465
933 0.583708
934 0.473307
935 0.372768
936 0.501594
937 0.394245
938 0.458248
939 0.38345
940 0.399627
941 0.508026
942 0.586473
943 0.467251
944 0.453718
945 0.400606
946 0.46302
947 0.41265
948 0.515038
949 0.479011
950 0.474351
951 0.440302
952 0.503384
953 0.391148
954 0.48005
955 0.559102
956 0.470186
957 0.5013
958 0.441275
959 0.41782
960 0.393156
961 0.47239
962 0.476849
963 0.448383
964 0.438399
965 0.388319
966 0.388035
967 0.483265
968 0.436892
969 0.494293
970 0.493112
971 0.416687
972 0.389054
973 0.439065
974 0.447048
975 0.506365
976 0.467979
977 0.454235
978 0.379043
979 0.497796
980 0.511796
981 0.484227
982 0.507569
983 0.415535
984 0.377004
985 0.439867
986 0.436542
987 0.480661
988 0.36713
989 0.421577
990 0.411223
991 0.54464
992 0.382313
993 0.429883
994 0.517728
995 0.42614
996 0.470871
997 0.406515
998 0.504371
999 0.426479
1000 0.389995
1001 0.453338
1002 0.447597
1003 0.480665
1004 0.40137
1005 0.471268
1006 0.400653
1007 0.474012
1008 0.394685
1009 0.436593
1010 0.502068
1011 0.411616
1012 0.527295
1013 0.413784
1014 0.416929
1015 0.399476
1016 0.395831
1017 0.415077
1018 0.510364
1019 0.446086
1020 0.371149
1021 0.399993
1022 0.384229
1023 0.375395
1024 0.537415
1025 0.520149
1026 0.552415
1027 0.512721
1028 0.541942
1029 0.388729
1030 0.561564
1031 0.4581
1032 0.432025
1033 0.446778
1034 0.467516
1035 0.568276
1036 0.411901
1037 0.39219
1038 0.450281
1039 0.50466
1040 0.45519
1041 0.376029
1042 0.565299
1043 0.407413
1044 0.420119
1045 0.486111
1046 0.484065
1047 0.445027
1048 0.423503
1049 0.404116
1050 0.425069
1051 0.444095
1052 0.530567
1053 0.495054
1054 0.392713
1055 0.399223
1056 0.463197
1057 0.426167
1058 0.382714
1059 0.446589
1060 0.420002
1061 0.46403
1062 0.44003
1063 0.460275
1064 0.360395
1065 0.488016
1066 0.52748
1067 0.450711
1068 0.517729
1069 0.483257
1070 0.418516
1071 0.468101
1072 0.391896
1073 0.437441
1074 0.483058
1075 0.418297
1076 0.424473
1077 0.356411
1078 0.410076
1079 0.468287
1080 0.433884
1081 0.391567
1082 0.44841
1083 0.361796
1084 0.457387
1085 0.376782
1086 0.361739
1087 0.467582
1088 0.413993
1089 0.521535
1090 0.470149
1091 0.36897
1092 0.495898
1093 0.415489
1094 0.423254
1095 0.470838
1096 0.385076
1097 0.427162
1098 0.445159
1099 0.419754
1100 0.511532
1101 0.392464
1102 0.378319
1103 0.419876
1104 0.363534
1105 0.420592
1106 0.419766
1107 0.452653
1108 0.436872
1109 0.459653
1110 0.565833
1111 0.475897
1112 0.406149
1113 0.553802
1114 0.453147
1115 0.399828
1116 0.382759
1117 0.396231
1118 0.410011
1119 0.473881
1120 0.4232
1121 0.407208
1122 0.368315
1123 0.354965
1124 0.424505
1125 0.537675
1126 0.525346
1127 0.396028
1128 0.453474
1129 0.452579
1130 0.414095
1131 0.370461
1132 0.363611
1133 0.437614
1134 0.397572
1135 0.415539
1136 0.428012
1137 0.371544
1138 0.481256
1139 0.354784
1140 0.511332
1141 0.51376
1142 0.571265
1143 0.408977
1144 0.426345
1145 0.408477
1146 0.466589
1147 0.424724
1148 0.386079
1149 0.458371
1150 0.560103
1151 0.414913
1152 0.442994
1153 0.471525
1154 0.429993
1155 0.406368
1156 0.387222
1157 0.408364
1158 0.437388
1159 0.439575
1160 0.411795
1161 0.511777
1162 0.386179
1163 0.390458
1164 0.460645
1165 0.522606
1166 0.361813
1167 0.383852
1168 0.422304
1169 0.400709
1170 0.445625
1171 0.405016
1172 0.362124
1173 0.468557
1174 0.432652
1175 0.397965
1176 0.536232
1177 0.471463
1178 0.443864
1179 0.527112
1180 0.562125
1181 0.355715
1182 0.363834
1183 0.422126
1184 0.409792
1185 0.459654
1186 0.413464
1187 0.572577
1188 0.407666
1189 0.481723
1190 0.494249
1191 0.398947
1192 0.427728
1193 0.395413
1194 0.393951
1195 0.363059
1196 0.427914
1197 0.399108
1198 0.426891
1199 0.367814
1200 0.542268
1201 0.46775
1202 0.423343
1203 0.389616
1204 0.421818
1205 0.527355
1206 0.468856
1207 0.383421
1208 0.545245
1209 0.37754
1210 0.462765
1211 0.449287
1212 0.462444
1213 0.411335
1214 0.433191
1215 0.382717
1216 0.374948
1217 0.396961
1218 0.443156
1219 0.401224
1220 0.386833
1221 0.385081
1222 0.459431
1223 0.351931
1224 0.414484
1225 0.501605
1226 0.402252
1227 0.398927
1228 0.333027
1229 0.423476
1230 0.488706
1231 0.49259
1232 0.553951
1233 0.405742
1234 0.401316
1235 0.346055
1236 0.433423
1237 0.427569
1238 0.367613
1239 0.399366
1240 0.451213
1241 0.356055
1242 0.388991
1243 0.339937
1244 0.437101
1245 0.320923
1246 0.449953
1247 0.47618
1248 0.346474
1249 0.447718
1250 0.414458
1251 0.402051
1252 0.347929
1253 0.397346
1254 0.375796
1255 0.406421
1256 0.388517
1257 0.408701
1258 0.405395
1259 0.428816
1260 0.352338
1261 0.367184
1262 0.417733
1263 0.412275
1264 0.367235
1265 0.429652
1266 0.414127
1267 0.407675
1268 0.451637
1269 0.395276
1270 0.346493
1271 0.333161
1272 0.359552
1273 0.322751
1274 0.370194
1275 0.311891
1276 0.351891
1277 0.401983
1278 0.364138
1279 0.300828
1280 0.31028
1281 0.381616
1282 0.350423
1283 0.332601
1284 0.56765
1285 0.341289
1286 0.49478
1287 0.409536
1288 0.444254
1289 0.355091
1290 0.378898
1291 0.443505
1292 0.425165
1293 0.428417
1294 0.422275
1295 0.393453
1296 0.325014
1297 0.394343
1298 0.348928
1299 0.371499
1300 0.465472
1301 0.469624
1302 0.367262
1303 0.423463
1304 0.383855
1305 0.36192
1306 0.452071
1307 0.398083
1308 0.484138
1309 0.38251
1310 0.381161
1311 0.499178
1312 0.361398
1313 0.412531
1314 0.420145
1315 0.547009
1316 0.52395
1317 0.405134
1318 0.411972
1319 0.462118
1320 0.420509
1321 0.361048
1322 0.351694
1323 0.367528
1324 0.341823
1325 0.453623
1326 0.423736
1327 0.404536
1328 0.352429
1329 0.319049
1330 0.372476
1331 0.39299
1332 0.372263
1333 0.411256
1334 0.415509
1335 0.355762
1336 0.377885
1337 0.481876
1338 0.443943
1339 0.407369
1340 0.403231
1341 0.348315
1342 0.329692
1343 0.393697
1344 0.354441
1345 0.372206
1346 0.445753
1347 0.39399
1348 0.409519
1349 0.445315
1350 0.36889
1351 0.37503
1352 0.350651
1353 0.391978
1354 0.363774
1355 0.387919
1356 0.479548
1357 0.469664
1358 0.490156
1359 0.437131
1360 0.373034
1361 0.387883
1362 0.459319
1363 0.396572
1364 0.352195
1365 0.428575
1366 0.380812
1367 0.412202
1368 0.378587
1369 0.419741
1370 0.469329
1371 0.430956
1372 0.423584
1373 0.404504
1374 0.334811
1375 0.366243
1376 0.353255
1377 0.447638
1378 0.425376
1379 0.469679
1380 0.448517
1381 0.352333
1382 0.394697
1383 0.37702
1384 0.468134
1385 0.433514
1386 0.40113
1387 0.395011
1388 0.377788
1389 0.343732
1390 0.408978
1391 0.366909
1392 0.384777
1393 0.357586
1394 0.318451
1395 0.357603
1396 0.385223
1397 0.391354
1398 0.38484
1399 0.381515
1400 0.331618
1401 0.370248
1402 0.335019
1403 0.397321
1404 0.429052
1405 0.406892
1406 0.322912
1407 0.360575
1408 0.399427
1409 0.416904
1410 0.439238
1411 0.372333
1412 0.381745
1413 0.393053
1414 0.353539
1415 0.40253
1416 0.332963
1417 0.316101
1418 0.393861
1419 0.382175
1420 0.424315
1421 0.394385
1422 0.440301
1423 0.50037
1424 0.37494
1425 0.383038
1426 0.36217
1427 0.332751
1428 0.351406
1429 0.382123
1430 0.373875
1431 0.419926
1432 0.390882
1433 0.444766
1434 0.427977
1435 0.326879
1436 0.441783
1437 0.332976
1438 0.374287
1439 0.37156
1440 0.442493
1441 0.353538
1442 0.33842
1443 0.42079
1444 0.366359
1445 0.330571
1446 0.48806
1447 0.390669
1448 0.377643
1449 0.325378
1450 0.34536
1451 0.323197
1452 0.374519
1453 0.44758
1454 0.493117
1455 0.409404
1456 0.362172
1457 0.437294
1458 0.377285
1459 0.635452
1460 0.383387
1461 0.380746
1462 0.399206
1463 0.377495
1464 0.476775
1465 0.351885
1466 0.36083
1467 0.339535
1468 0.425596
1469 0.392626
1470 0.481406
1471 0.40402
1472 0.364084
1473 0.371704
1474 0.434923
1475 0.389097
1476 0.383913
1477 0.35547
1478 0.395463
1479 0.374305
1480 0.387166
1481 0.455543
1482 0.441355
1483 0.377364
1484 0.375494
1485 0.388081
1486 0.399785
1487 0.355299
1488 0.383759
1489 0.354524
1490 0.427071
1491 0.41449
1492 0.374293
1493 0.391546
1494 0.44208
1495 0.43746
1496 0.346299
1497 0.361473
1498 0.399607
1499 0.350672
1500 0.419397
1501 0.397534
1502 0.407025
1503 0.396191
1504 0.332194
1505 0.341199
1506 0.33815
1507 0.365374
1508 0.380721
1509 0.314729
1510 0.408497
1511 0.323093
1512 0.3059
1513 0.351831
1514 0.338076
1515 0.450798
1516 0.356452
1517 0.400243
1518 0.381515
1519 0.475226
1520 0.356088
1521 0.37445
1522 0.382837
1523 0.342012
1524 0.472619
1525 0.375621
1526 0.322888
1527 0.3661
1528 0.394148
1529 0.487715
1530 0.309341
1531 0.352446
1532 0.350214
1533 0.366183
1534 0.412078
1535 0.342822
1536 0.419993
1537 0.333482
1538 0.383723
1539 0.422994
1540 0.363155
1541 0.401225
1542 0.43589
1543 0.379713
1544 0.338202
1545 0.322569
1546 0.364489
1547 0.390875
1548 0.398104
1549 0.388937
1550 0.297646
1551 0.344495
1552 0.322705
1553 0.455092
1554 0.459662
1555 0.358772
1556 0.447412
1557 0.367984
1558 0.341075
1559 0.388298
1560 0.303472
1561 0.364698
1562 0.343683
1563 0.341525
1564 0.344792
1565 0.360344
1566 0.345015
1567 0.428023
1568 0.307017
1569 0.448047
1570 0.378987
1571 0.370359
1572 0.33305
1573 0.362586
1574 0.350917
1575 0.362674
1576 0.376961
1577 0.396623
1578 0.342187
1579 0.458223
1580 0.39887
1581 0.399263
1582 0.417998
1583 0.371782
1584 0.316305
1585 0.310298
1586 0.317128
1587 0.355666
1588 0.365102
1589 0.358752
1590 0.408743
1591 0.366822
1592 0.402175
1593 0.414629
1594 0.426169
1595 0.328509
1596 0.317036
1597 0.423049
1598 0.311913
1599 0.358475
1600 0.350541
1601 0.40171
1602 0.41658
1603 0.358384
1604 0.342028
1605 0.392074
1606 0.369699
1607 0.366953
1608 0.466102
1609 0.403331
1610 0.307008
1611 0.291261
1612 0.378102
1613 0.344723
1614 0.382493
1615 0.354017
1616 0.455529
1617 0.407153
1618 0.425493
1619 0.394409
1620 0.383563
1621 0.354112
1622 0.395529
1623 0.312897
1624 0.376414
1625 0.317269
1626 0.360924
1627 0.346829
1628 0.290893
1629 0.499191
1630 0.413078
1631 0.376853
1632 0.309519
1633 0.446007
1634 0.440977
1635 0.310657
1636 0.441249
1637 0.331987
1638 0.333315
1639 0.392986
1640 0.502377
1641 0.398391
1642 0.366704
1643 0.372701
1644 0.328535
1645 0.295228
1646 0.320869
1647 0.461243
1648 0.351898
1649 0.322878
1650 0.383315
1651 0.343465
1652 0.31744
1653 0.376518
1654 0.415955
1655 0.376148
1656 0.341728
1657 0.303153
1658 0.400547
1659 0.395846
1660 0.493094
1661 0.342552
1662 0.38825
1663 0.322201
1664 0.376161
1665 0.373155
1666 0.398451
1667 0.401655
1668 0.347666
1669 0.336215
1670 0.332656
1671 0.328399
1672 0.370198
1673 0.339229
1674 0.31208
1675 0.357703
1676 0.336376
1677 0.310509
1678 0.372569
1679 0.383096
1680 0.336967
1681 0.366917
1682 0.359599
1683 0.404654
1684 0.315093
1685 0.358242
1686 0.375895
1687 0.352138
1688 0.381408
1689 0.302232
1690 0.309969
1691 0.318898
1692 0.391447
1693 0.307185
1694 0.356276
1695 0.347636
1696 0.365441
1697 0.395314
1698 0.34127
1699 0.326579
1700 0.40207
1701 0.28955
1702 0.290883
1703 0.326817
1704 0.291678
1705 0.321169
1706 0.340253
1707 0.269214
1708 0.258854
1709 0.286265
1710 0.327658
1711 0.284852
1712 0.300516
1713 0.547859
1714 0.275382
1715 0.426601
1716 0.372394
1717 0.356925
1718 0.344646
1719 0.311465
1720 0.387778
1721 0.403397
1722 0.306268
1723 0.34866
1724 0.343011
1725 0.326693
1726 0.33318
1727 0.347416
1728 0.324866
1729 0.44685
1730 0.372808
1731 0.330032
1732 0.407979
1733 0.324751
1734 0.336867
1735 0.386504
1736 0.332738
1737 0.408027
1738 0.318021
1739 0.44362
1740 0.356673
1741 0.389191
1742 0.292094
1743 0.440975
1744 0.392815
1745 0.355743
1746 0.334615
1747 0.312477
1748 0.362807
1749 0.419852
1750 0.334072
1751 0.281981
1752 0.314527
1753 0.305908
1754 0.443249
1755 0.581964
1756 0.39216
1757 0.386866
1758 0.293778
1759 0.357424
1760 0.311679
1761 0.406102
1762 0.323673
1763 0.347506
1764 0.327257
1765 0.322748
1766 0.372822
1767 0.340565
1768 0.366629
1769 0.389044
1770 0.312289
1771 0.323411
1772 0.344193
1773 0.382936
1774 0.420875
1775 0.331302
1776 0.352659
1777 0.318674
1778 0.324404
1779 0.302655
1780 0.326977
1781 0.289333
1782 0.329773
1783 0.334924
1784 0.367158
1785 0.376546
1786 0.394332
1787 0.381332
1788 0.293051
1789 0.35707
1790 0.434194
1791 0.438707
1792 0.318235
1793 0.328307
1794 0.295528
1795 0.343099
1796 0.36685
1797 0.335521
1798 0.395696
1799 0.37607
1800 0.376839
1801 0.349299
1802 0.341071
1803 0.334899
1804 0.320326
1805 0.346164
1806 0.341368
1807 0.351978
1808 0.335445
1809 0.360745
1810 0.311988
1811 0.329159
1812 0.379426
1813 0.328626
1814 0.422841
1815 0.320061
1816 0.336307
1817 0.351353
1818 0.347129
1819 0.353324
1820 0.336017
1821 0.316161
1822 0.284739
1823 0.291503
1824 0.3421
1825 0.355545
1826 0.388943
1827 0.303874
1828 0.353514
1829 0.306396
1830 0.336526
1831 0.323323
1832 0.333647
1833 0.407547
1834 0.349963
1835 0.28447
1836 0.31985
1837 0.428772
1838 0.33875
1839 0.362134
1840 0.296629
1841 0.290203
1842 0.300237
1843 0.298713
1844 0.400781
1845 0.291982
1846 0.297889
1847 0.35431
1848 0.357507
1849 0.399979
1850 0.356061
1851 0.346675
1852 0.319623
1853 0.28896
1854 0.28167
1855 0.291769
1856 0.334449
1857 0.279176
1858 0.299683
1859 0.308013
1860 0.357631
1861 0.322419
1862 0.388426
1863 0.315984
1864 0.296221
1865 0.299927
1866 0.287806
1867 0.332829
1868 0.340829
1869 0.354499
1870 0.304727
1871 0.290513
1872 0.355565
1873 0.314915
1874 0.286427
1875 0.421517
1876 0.350112
1877 0.345837
1878 0.300983
1879 0.298272
1880 0.273064
1881 0.363313
1882 0.403903
1883 0.436748
1884 0.399835
1885 0.522139
1886 0.33693
1887 0.347891
1888 0.399662
1889 0.306472
1890 0.353304
1891 0.365384
1892 0.343341
1893 0.387647
1894 0.288986
1895 0.324924
1896 0.322879
1897 0.373731
1898 0.311862
1899 0.448949
1900 0.318473
1901 0.334916
1902 0.325111
1903 0.369088
1904 0.340423
1905 0.373311
1906 0.296663
1907 0.328562
1908 0.322333
1909 0.320982
1910 0.352026
1911 0.336379
1912 0.272675
1913 0.297703
1914 0.336719
1915 0.287261
1916 0.320391
1917 0.348211
1918 0.351648
1919 0.357736
1920 0.356761
1921 0.351632
1922 0.358992
1923 0.374787
1924 0.344375
1925 0.337156
1926 0.307353
1927 0.356668
1928 0.333499
1929 0.355876
1930 0.3523
1931 0.310463
1932 0.337091
1933 0.284698
1934 0.291937
1935 0.293736
1936 0.348188
1937 0.316289
1938 0.346406
1939 0.311062
1940 0.27523
1941 0.328975
1942 0.281208
1943 0.297238
1944 0.35758
1945 0.321585
1946 0.366598
1947 0.368606
1948 0.319562
1949 0.320385
1950 0.402283
1951 0.288997
1952 0.429191
1953 0.340279
1954 0.294933
1955 0.307279
1956 0.309395
1957 0.454813
1958 0.333151
1959 0.268878
1960 0.324049
1961 0.285822
1962 0.321496
1963 0.320236
1964 0.296423
1965 0.358983
1966 0.325978
1967 0.381799
1968 0.327257
1969 0.303896
1970 0.307934
1971 0.402482
1972 0.320156
1973 0.284665
1974 0.286711
1975 0.344163
1976 0.319396
1977 0.310513
1978 0.314439
1979 0.281967
1980 0.293103
1981 0.303825
1982 0.356078
1983 0.381679
1984 0.335974
1985 0.376835
1986 0.317735
1987 0.360373
1988 0.281176
1989 0.285136
1990 0.317548
1991 0.34948
1992 0.329812
1993 0.306705
1994 0.302018
1995 0.31728
1996 0.309053
1997 0.324757
1998 0.411186
1999 0.324646
2000 0.34904
2001 0.285808
2002 0.280039
2003 0.322456
2004 0.355548
2005 0.355937
2006 0.366153
2007 0.446263
2008 0.328686
2009 0.338735
2010 0.342989
2011 0.349493
2012 0.385197
2013 0.322143
2014 0.264891
2015 0.294699
2016 0.419321
2017 0.268472
2018 0.33255
2019 0.336948
2020 0.342993
2021 0.31397
2022 0.305079
2023 0.356121
2024 0.309274
2025 0.278742
2026 0.359653
2027 0.281298
2028 0.353852
2029 0.316421
2030 0.331818
2031 0.382358
2032 0.356645
2033 0.323416
2034 0.346084
2035 0.346211
2036 0.362361
2037 0.446931
2038 0.331363
2039 0.266804
2040 0.324002
2041 0.313498
2042 0.342832
2043 0.364683
2044 0.43327
2045 0.344717
2046 0.327212
2047 0.392637
2048 0.441646
2049 0.303051
2050 0.345202
2051 0.33485
2052 0.299985
2053 0.353744
2054 0.303049
2055 0.313743
2056 0.281557
2057 0.346538
2058 0.367756
2059 0.29929
2060 0.336493
2061 0.279228
2062 0.451098
2063 0.36646
2064 0.295207
2065 0.47368
2066 0.322175
2067 0.354729
2068 0.378891
2069 0.379998
2070 0.342463
2071 0.324775
2072 0.319658
2073 0.29246
2074 0.283225
2075 0.318836
2076 0.364389
2077 0.317659
2078 0.301269
2079 0.3456
2080 0.281334
2081 0.307909
2082 0.337784
2083 0.361372
2084 0.26479
2085 0.331086
2086 0.254504
2087 0.402788
2088 0.371417
2089 0.479852
2090 0.321432
2091 0.33626
2092 0.31231
2093 0.336211
2094 0.351461
2095 0.329375
2096 0.343678
2097 0.31388
2098 0.2787
2099 0.34392
2100 0.271881
2101 0.336064
2102 0.300756
2103 0.30003
2104 0.329628
2105 0.293899
2106 0.308394
2107 0.301105
2108 0.317676
2109 0.303824
2110 0.296637
2111 0.314839
2112 0.331636
2113 0.289574
2114 0.328666
2115 0.305106
2116 0.324277
2117 0.294977
2118 0.295955
2119 0.297621
2120 0.266809
2121 0.335768
2122 0.25445
2123 0.353432
2124 0.301468
2125 0.304056
2126 0.419533
2127 0.296823
2128 0.329075
2129 0.30131
2130 0.251925
2131 0.2765
2132 0.290309
2133 0.311855
2134 0.251841
2135 0.327258
2136 0.260874
2137 0.243485
2138 0.253078
2139 0.303763
2140 0.240768
2141 0.288979
2142 0.434078
2143 0.408398
2144 0.351727
2145 0.308267
2146 0.323973
2147 0.314255
2148 0.311349
2149 0.372289
2150 0.356939
2151 0.277212
2152 0.292525
2153 0.291446
2154 0.299774
2155 0.268485
2156 0.298375
2157 0.363965
2158 0.355595
2159 0.352566
2160 0.343821
2161 0.332513
2162 0.261171
2163 0.332737
2164 0.336347
2165 0.369141
2166 0.29834
2167 0.270432
2168 0.40243
2169 0.295509
2170 0.384111
2171 0.273358
2172 0.464148
2173 0.444838
2174 0.326308
2175 0.342298
2176 0.348777
2177 0.299425
2178 0.3252
2179 0.297887
2180 0.2694
2181 0.25655
2182 0.318548
2183 0.304368
2184 0.533508
2185 0.426723
2186 0.291388
2187 0.243537
2188 0.337545
2189 0.317108
2190 0.347018
2191 0.316976
2192 0.291512
2193 0.260393
2194 0.327013
2195 0.358934
2196 0.326196
2197 0.313029
2198 0.273748
2199 0.275921
2200 0.305257
2201 0.310733
2202 0.361908
2203 0.32226
2204 0.306942
2205 0.382599
2206 0.334171
2207 0.327495
2208 0.279241
2209 0.292353
2210 0.281802
2211 0.369073
2212 0.257099
2213 0.324293
2214 0.301963
2215 0.35234
2216 0.331192
2217 0.264359
2218 0.339842
2219 0.367701
2220 0.284497
2221 0.265374
2222 0.299517
2223 0.288208
2224 0.337197
2225 0.278507
2226 0.27154
2227 0.332354
2228 0.362038
2229 0.318001
2230 0.293395
2231 0.283727
2232 0.29653
2233 0.295228
2234 0.283801
2235 0.320927
2236 0.336153
2237 0.32497
2238 0.350981
2239 0.257566
2240 0.313505
2241 0.308779
2242 0.334922
2243 0.319831
2244 0.273943
2245 0.309768
2246 0.257693
2247 0.360448
2248 0.318752
2249 0.286065
2250 0.273913
2251 0.259987
2252 0.274239
2253 0.336944
2254 0.336941
2255 0.319956
2256 0.347034
2257 0.275356
2258 0.257709
2259 0.250014
2260 0.315657
2261 0.337665
2262 0.344843
2263 0.307299
2264 0.253623
2265 0.360528
2266 0.392364
2267 0.336277
2268 0.324275
2269 0.28114
2270 0.280295
2271 0.320957
2272 0.28795
2273 0.356555
2274 0.253923
2275 0.28509
2276 0.274054
2277 0.386941
2278 0.315029
2279 0.284617
2280 0.353231
2281 0.297618
2282 0.250519
2283 0.294301
2284 0.336413
2285 0.277788
2286 0.251741
2287 0.320196
2288 0.310445
2289 0.315124
2290 0.285257
2291 0.367215
2292 0.265411
2293 0.318148
2294 0.291607
2295 0.281189
2296 0.288849
2297 0.276471
2298 0.305806
2299 0.276757
2300 0.288446
2301 0.297124
2302 0.28847
2303 0.343698
2304 0.344892
2305 0.346202
2306 0.262017
2307 0.312209
2308 0.275862
2309 0.269402
2310 0.324024
2311 0.426426
2312 0.329152
2313 0.291256
2314 0.410319
2315 0.250681
2316 0.330796
2317 0.319897
2318 0.287851
2319 0.276326
2320 0.313944
2321 0.349297
2322 0.25484
2323 0.261856
2324 0.307378
2325 0.267949
2326 0.360115
2327 0.302826
2328 0.370225
2329 0.298203
2330 0.304426
2331 0.337441
2332 0.305552
2333 0.348896
2334 0.305356
2335 0.262625
2336 0.297028
2337 0.281098
2338 0.320568
2339 0.392869
2340 0.279505
2341 0.300053
2342 0.303418
2343 0.276018
2344 0.280184
2345 0.31155
2346 0.275726
2347 0.26019
2348 0.361442
2349 0.310779
2350 0.263499
2351 0.334473
2352 0.338835
2353 0.328578
2354 0.326193
2355 0.2724
2356 0.302736
2357 0.327737
2358 0.316619
2359 0.262509
2360 0.286262
2361 0.31009
2362 0.262456
2363 0.281735
2364 0.298201
2365 0.274529
2366 0.276488
2367 0.24966
2368 0.298229
2369 0.2258
2370 0.305872
2371 0.240706
2372 0.250513
2373 0.393121
2374 0.280232
2375 0.373906
2376 0.299299
2377 0.274067
2378 0.319988
2379 0.287161
2380 0.314434
2381 0.389717
2382 0.296884
2383 0.276567
2384 0.291911
2385 0.281552
2386 0.374149
2387 0.279362
2388 0.258732
2389 0.291501
2390 0.230342
2391 0.292172
2392 0.296049
2393 0.318492
2394 0.300225
2395 0.277008
2396 0.340629
2397 0.274908
2398 0.275368
2399 0.401576
2400 0.264935
2401 0.273182
2402 0.266093
2403 0.293982
2404 0.298087
2405 0.344274
2406 0.340835
2407 0.25714
2408 0.267224
2409 0.262892
2410 0.308564
2411 0.34607
2412 0.370444
2413 0.275905
2414 0.291254
2415 0.319453
2416 0.272407
2417 0.277316
2418 0.25815
2419 0.351379
2420 0.246453
2421 0.292959
2422 0.263725
2423 0.251824
2424 0.296598
2425 0.276548
2426 0.353966
2427 0.283477
2428 0.312566
2429 0.259115
2430 0.263699
2431 0.289837
2432 0.291076
2433 0.283462
2434 0.261526
2435 0.356192
2436 0.342935
2437 0.318972
2438 0.30016
2439 0.345722
2440 0.310177
2441 0.29196
2442 0.250508
2443 0.298158
2444 0.301601
2445 0.32699
2446 0.283758
2447 0.358659
2448 0.321041
2449 0.26866
2450 0.279438
2451 0.337169
2452 0.265111
2453 0.291676
2454 0.295733
2455 0.288228
2456 0.280531
2457 0.334874
2458 0.264256
2459 0.33849
2460 0.335625
2461 0.293701
2462 0.331064
2463 0.268533
2464 0.32105
2465 0.350301
2466 0.41395
2467 0.262744
2468 0.235264
2469 0.326755
2470 0.288221
2471 0.329201
2472 0.255143
2473 0.376952
2474 0.272871
2475 0.29761
2476 0.364901
2477 0.33529
2478 0.343466
2479 0.28047
2480 0.234117
2481 0.282963
2482 0.288853
2483 0.279364
2484 0.280388
2485 0.268194
2486 0.359413
2487 0.30797
2488 0.305334
2489 0.251207
2490 0.251092
2491 0.39307
2492 0.288279
2493 0.244965
2494 0.343848
2495 0.273358
2496 0.323912
2497 0.296243
2498 0.313731
2499 0.290302
2500 0.247567
2501 0.270735
2502 0.294006
2503 0.251685
2504 0.334741
2505 0.327149
2506 0.269164
2507 0.256436
2508 0.315559
2509 0.262492
2510 0.282169
2511 0.323405
2512 0.288269
2513 0.250278
2514 0.254517
2515 0.276874
2516 0.312248
2517 0.337668
2518 0.381271
2519 0.27476
2520 0.294303
2521 0.242321
2522 0.28966
2523 0.315482
2524 0.281386
2525 0.280376
2526 0.295355
2527 0.246809
2528 0.286165
2529 0.239332
2530 0.323517
2531 0.248206
2532 0.270432
2533 0.275769
2534 0.264621
2535 0.264676
2536 0.306687
2537 0.244715
2538 0.267743
2539 0.262757
2540 0.257513
2541 0.283542
2542 0.223764
2543 0.269474
2544 0.303854
2545 0.330699
2546 0.242037
2547 0.235957
2548 0.257111
2549 0.248094
2550 0.271952
2551 0.26213
2552 0.301836
2553 0.284602
2554 0.321323
2555 0.299787
2556 0.253257
2557 0.276954
2558 0.245072
2559 0.224043
2560 0.227886
2561 0.247783
2562 0.270731
2563 0.24887
2564 0.25983
2565 0.223083
2566 0.225708
2567 0.256945
2568 0.302041
2569 0.230632
2570 0.35636
2571 0.260658
2572 0.377715
2573 0.327263
2574 0.283533
2575 0.229093
2576 0.274256
2577 0.313767
2578 0.276168
2579 0.314619
2580 0.278674
2581 0.311166
2582 0.227919
2583 0.309738
2584 0.229842
2585 0.266196
2586 0.32982
2587 0.295625
2588 0.304404
2589 0.280379
2590 0.285497
2591 0.280796
2592 0.288007
2593 0.254238
2594 0.309889
2595 0.280515
2596 0.263953
2597 0.375346
2598 0.249063
2599 0.32268
2600 0.298865
2601 0.369453
2602 0.365977
2603 0.240469
2604 0.267221
2605 0.280468
2606 0.288437
2607 0.272816
2608 0.233293
2609 0.247844
2610 0.219622
2611 0.312831
2612 0.297942
2613 0.287234
2614 0.248814
2615 0.222029
2616 0.247979
2617 0.293196
2618 0.252777
2619 0.25707
2620 0.269823
2621 0.234302
2622 0.26848
2623 0.311789
2624 0.319454
2625 0.265536
2626 0.320686
2627 0.246749
2628 0.273164
2629 0.276169
2630 0.266343
2631 0.267817
2632 0.354892
2633 0.29336
2634 0.268576
2635 0.251171
2636 0.275267
2637 0.23649
2638 0.283839
2639 0.234308
2640 0.249394
2641 0.273522
2642 0.289354
2643 0.276458
2644 0.313861
2645 0.279937
2646 0.253449
2647 0.262031
2648 0.33555
2649 0.242517
2650 0.252689
2651 0.291212
2652 0.264257
2653 0.282672
2654 0.283714
2655 0.254908
2656 0.338441
2657 0.271962
2658 0.27385
2659 0.266264
2660 0.23822
2661 0.254502
2662 0.238634
2663 0.290844
2664 0.275095
2665 0.29308
2666 0.310812
2667 0.268885
2668 0.223004
2669 0.282476
2670 0.331153
2671 0.307496
2672 0.248117
2673 0.286166
2674 0.225197
2675 0.259572
2676 0.301707
2677 0.257422
2678 0.232454
2679 0.252141
2680 0.239748
2681 0.266971
2682 0.305374
2683 0.289384
2684 0.280926
2685 0.281083
2686 0.230426
2687 0.249435
2688 0.247627
2689 0.290224
2690 0.295816
2691 0.23002
2692 0.27765
2693 0.256534
2694 0.320988
2695 0.346998
2696 0.31421
2697 0.242887
2698 0.248528
2699 0.232489
2700 0.231171
2701 0.280326
2702 0.274524
2703 0.216415
2704 0.252463
2705 0.255207
2706 0.373647
2707 0.272037
2708 0.26727
2709 0.300316
2710 0.281369
2711 0.262696
2712 0.239124
2713 0.232299
2714 0.258497
2715 0.258602
2716 0.235096
2717 0.27042
2718 0.289065
2719 0.326639
2720 0.324794
2721 0.253922
2722 0.273951
2723 0.217282
2724 0.25157
2725 0.27673
2726 0.320835
2727 0.280933
2728 0.239561
2729 0.318209
2730 0.26599
2731 0.223704
2732 0.325906
2733 0.271403
2734 0.337501
2735 0.273243
2736 0.235528
2737 0.247363
2738 0.263849
2739 0.269205
2740 0.392333
2741 0.279334
2742 0.273087
2743 0.31337
2744 0.252783
2745 0.382798
2746 0.251436
2747 0.277093
2748 0.242971
2749 0.311199
2750 0.314018
2751 0.216676
2752 0.24491
2753 0.257148
2754 0.279584
2755 0.233561
2756 0.31217
2757 0.306609
2758 0.230997
2759 0.290254
2760 0.274284
2761 0.28603
2762 0.249102
2763 0.258799
2764 0.285197
2765 0.280528
2766 0.266248
2767 0.314509
2768 0.248932
2769 0.219598
2770 0.242125
2771 0.292704
2772 0.266307
2773 0.250055
2774 0.280872
2775 0.234081
2776 0.296572
2777 0.280949
2778 0.263712
2779 0.246576
2780 0.307084
2781 0.289642
2782 0.25083
2783 0.288934
2784 0.250366
2785 0.27174
2786 0.286188
2787 0.248639
2788 0.239702
2789 0.290549
2790 0.221377
2791 0.244715
2792 0.261338
2793 0.27577
2794 0.276937
2795 0.249706
2796 0.303814
2797 0.234125
2798 0.219332
2799 0.272401
2800 0.245232
2801 0.326294
2802 0.245869
2803 0.276434
2804 0.302027
2805 0.29254
2806 0.247347
2807 0.278864
2808 0.262403
2809 0.264165
2810 0.351943
2811 0.284107
2812 0.271869
2813 0.253361
2814 0.23605
2815 0.345622
2816 0.242538
2817 0.239386
2818 0.233972
2819 0.240652
2820 0.276677
2821 0.25261
2822 0.294865
2823 0.258235
2824 0.27489
2825 0.313706
2826 0.243424
2827 0.284847
2828 0.25668
2829 0.250202
2830 0.262631
2831 0.245368
2832 0.282983
2833 0.264515
2834 0.294963
2835 0.249675
2836 0.237042
2837 0.25629
2838 0.219049
2839 0.277181
2840 0.305264
2841 0.278117
2842 0.269729
2843 0.273607
2844 0.303607
2845 0.273794
2846 0.216583
2847 0.256826
2848 0.2451
2849 0.22588
2850 0.260772
2851 0.259093
2852 0.235549
2853 0.266685
2854 0.24504
2855 0.30737
2856 0.248653
2857 0.307024
2858 0.259636
2859 0.275522
2860 0.264734
2861 0.296203
2862 0.259205
2863 0.24568
2864 0.311658
2865 0.336928
2866 0.253475
2867 0.310456
2868 0.331123
2869 0.311591
2870 0.264444
2871 0.21528
2872 0.270307
2873 0.253773
2874 0.249914
2875 0.254756
2876 0.300849
2877 0.253801
2878 0.252074
2879 0.294339
2880 0.260014
2881 0.21895
2882 0.218338
2883 0.266956
2884 0.315254
2885 0.301775
2886 0.272424
2887 0.277909
2888 0.286168
2889 0.27641
2890 0.233019
2891 0.276035
2892 0.268407
2893 0.285468
2894 0.314194
2895 0.263395
2896 0.245965
2897 0.241892
2898 0.286921
2899 0.246073
2900 0.28409
2901 0.234041
2902 0.33504
2903 0.257392
2904 0.311566
2905 0.273032
2906 0.297428
2907 0.291042
2908 0.257363
2909 0.248069
2910 0.238023
2911 0.256884
2912 0.236236
2913 0.249883
2914 0.241715
2915 0.34735
2916 0.332293
2917 0.27913
2918 0.221009
2919 0.378107
2920 0.299482
2921 0.271851
2922 0.370171
2923 0.231548
2924 0.271354
2925 0.294305
2926 0.293698
2927 0.294454
2928 0.24853
2929 0.225869
2930 0.2454
2931 0.224596
2932 0.229905
2933 0.303467
2934 0.258368
2935 0.25695
2936 0.301481
2937 0.268081
2938 0.23997
2939 0.268351
2940 0.267123
2941 0.265209
2942 0.242235
2943 0.219402
2944 0.268888
2945 0.253402
2946 0.352852
2947 0.272308
2948 0.319248
2949 0.25138
2950 0.236613
2951 0.264421
2952 0.264475
2953 0.249921
2954 0.23071
2955 0.273377
2956 0.227396
2957 0.255983
2958 0.259029
2959 0.241353
2960 0.232555
2961 0.266278
2962 0.248285
2963 0.25113
2964 0.290476
2965 0.276221
2966 0.257418
2967 0.231357
2968 0.236699
2969 0.257367
2970 0.216618
2971 0.225972
2972 0.276081
2973 0.25467
2974 0.274126
2975 0.233947
2976 0.239771
2977 0.228238
2978 0.288029
2979 0.234302
2980 0.27324
2981 0.271823
2982 0.280416
2983 0.289176
2984 0.267942
2985 0.220174
2986 0.269529
2987 0.2456
2988 0.20774
2989 0.217324
2990 0.226163
2991 0.22818
2992 0.217928
2993 0.224711
2994 0.209016
2995 0.219467
2996 0.232225
2997 0.234385
2998 0.206242
2999 0.402194
3000 0.198314
3001 0.319442
3002 0.288547
3003 0.267053
3004 0.235946
3005 0.266636
3006 0.276218
3007 0.285408
3008 0.233136
3009 0.26261
3010 0.251297
3011 0.233924
3012 0.263845
3013 0.297781
3014 0.215744
3015 0.337091
3016 0.282349
3017 0.235336
3018 0.301111
3019 0.25684
3020 0.22607
3021 0.297891
3022 0.285442
3023 0.340509
3024 0.266509
3025 0.270473
3026 0.264836
3027 0.248665
3028 0.249292
3029 0.303836
3030 0.256977
3031 0.295705
3032 0.242034
3033 0.272385
3034 0.213934
3035 0.237682
3036 0.24105
3037 0.226281
3038 0.224403
3039 0.216584
3040 0.326522
3041 0.417208
3042 0.244614
3043 0.219219
3044 0.204222
3045 0.214278
3046 0.23027
3047 0.279342
3048 0.21714
3049 0.228574
3050 0.216522
3051 0.23376
3052 0.327914
3053 0.328383
3054 0.303702
3055 0.265563
3056 0.225457
3057 0.282444
3058 0.247376
3059 0.301283
3060 0.290621
3061 0.261263
3062 0.246046
3063 0.274918
3064 0.227571
3065 0.22782
3066 0.230659
3067 0.253991
3068 0.296855
3069 0.261202
3070 0.242115
3071 0.24919
3072 0.237049
3073 0.247826
3074 0.239537
3075 0.235057
3076 0.272455
3077 0.259757
3078 0.266502
3079 0.243576
3080 0.211788
3081 0.229479
3082 0.221466
3083 0.2299
3084 0.266752
3085 0.280984
3086 0.235662
3087 0.286415
3088 0.262349
3089 0.260493
3090 0.219828
3091 0.241455
3092 0.265979
3093 0.244642
3094 0.24157
3095 0.243347
3096 0.271981
3097 0.239188
3098 0.271878
3099 0.236881
3100 0.300858
3101 0.201452
3102 0.275845
3103 0.232865
3104 0.240588
3105 0.27995
3106 0.236171
3107 0.228564
3108 0.226038
3109 0.193984
3110 0.224592
3111 0.241512
3112 0.258953
3113 0.2596
3114 0.261356
3115 0.221474
3116 0.210321
3117 0.260918
3118 0.262221
3119 0.303108
3120 0.273532
3121 0.231635
3122 0.24633
3123 0.351582
3124 0.292251
3125 0.270572
3126 0.270214
3127 0.245358
3128 0.244686
3129 0.248813
3130 0.280335
3131 0.227286
3132 0.235431
3133 0.23564
3134 0.219089
3135 0.257659
3136 0.232607
3137 0.241078
3138 0.28792
3139 0.228613
3140 0.220697
3141 0.240076
3142 0.239845
3143 0.227418
3144 0.204797
3145 0.216784
3146 0.265955
3147 0.249981
3148 0.307428
3149 0.249344
3150 0.22577
3151 0.231566
3152 0.240708
3153 0.255619
3154 0.272233
3155 0.311937
3156 0.241091
3157 0.2541
3158 0.27523
3159 0.217808
3160 0.226422
3161 0.300805
3162 0.259821
3163 0.310833
3164 0.249294
3165 0.229633
3166 0.194639
3167 0.250517
3168 0.259843
3169 0.33976
3170 0.29858
3171 0.309165
3172 0.238142
3173 0.244094
3174 0.317872
3175 0.232427
3176 0.248386
3177 0.261807
3178 0.248767
3179 0.269272
3180 0.200675
3181 0.26618
3182 0.222015
3183 0.298459
3184 0.232144
3185 0.25191
3186 0.331239
3187 0.261117
3188 0.217172
3189 0.253837
3190 0.224631
3191 0.248914
3192 0.22157
3193 0.26415
3194 0.235314
3195 0.232766
3196 0.256027
3197 0.243691
3198 0.203602
3199 0.217561
3200 0.236873
3201 0.268424
3202 0.236001
3203 0.256112
3204 0.265149
3205 0.245233
3206 0.292158
3207 0.223245
3208 0.267891
3209 0.316674
3210 0.270136
3211 0.254136
3212 0.231303
3213 0.247826
3214 0.229935
3215 0.267241
3216 0.244241
3217 0.266109
3218 0.261839
3219 0.204839
3220 0.227972
3221 0.24286
3222 0.257058
3223 0.242744
3224 0.243969
3225 0.257448
3226 0.219257
3227 0.232676
3228 0.247932
3229 0.22212
3230 0.32711
3231 0.254234
3232 0.298448
3233 0.246474
3234 0.230586
3235 0.253549
3236 0.220915
3237 0.227799
3238 0.328371
3239 0.207615
3240 0.28796
3241 0.221381
3242 0.210734
3243 0.331689
3244 0.270875
3245 0.209922
3246 0.234665
3247 0.228097
3248 0.269838
3249 0.230905
3250 0.222201
3251 0.312489
3252 0.225943
3253 0.272904
3254 0.318708
3255 0.256712
3256 0.260275
3257 0.287835
3258 0.230433
3259 0.205498
3260 0.218862
3261 0.285224
3262 0.247251
3263 0.253647
3264 0.249542
3265 0.20721
3266 0.213453
3267 0.255475
3268 0.294098
3269 0.334216
3270 0.237918
3271 0.289746
3272 0.249076
3273 0.264529
3274 0.228807
3275 0.267277
3276 0.215215
3277 0.27205
3278 0.222868
3279 0.240351
3280 0.239586
3281 0.238718
3282 0.218557
3283 0.277158
3284 0.264309
3285 0.251412
3286 0.29124
3287 0.222299
3288 0.21377
3289 0.229825
3290 0.227484
3291 0.268656
3292 0.275636
3293 0.272655
3294 0.271962
3295 0.24566
3296 0.261481
3297 0.273496
3298 0.29971
3299 0.235261
3300 0.203468
3301 0.230783
3302 0.280186
3303 0.214586
3304 0.237949
3305 0.306233
3306 0.280107
3307 0.225712
3308 0.23595
3309 0.26107
3310 0.20148
3311 0.223133
3312 0.253959
3313 0.271445
3314 0.276481
3315 0.198718
3316 0.268402
3317 0.259319
3318 0.254974
3319 0.253345
3320 0.273263
3321 0.254588
3322 0.24049
3323 0.336017
3324 0.242908
3325 0.209822
3326 0.305571
3327 0.245865
3328 0.228611
3329 0.267231
3330 0.247454
3331 0.270873
3332 0.231893
3333 0.26562
3334 0.304804
3335 0.244462
3336 0.24211
3337 0.234751
3338 0.21694
3339 0.24867
3340 0.229099
3341 0.270356
3342 0.22475
3343 0.249566
3344 0.347528
3345 0.243343
3346 0.27685
3347 0.197671
3348 0.344811
3349 0.259803
3350 0.2165
3351 0.353073
3352 0.235632
3353 0.223656
3354 0.232218
3355 0.273169
3356 0.249883
3357 0.223524
3358 0.208751
3359 0.211948
3360 0.202599
3361 0.213428
3362 0.362129
3363 0.218369
3364 0.218513
3365 0.250977
3366 0.242867
3367 0.233136
3368 0.248433
3369 0.282049
3370 0.222267
3371 0.219961
3372 0.199642
3373 0.306854
3374 0.266976
3375 0.322275
3376 0.233667
3377 0.261409
3378 0.250578
3379 0.226441
3380 0.256758
3381 0.252314
3382 0.22488
3383 0.223172
3384 0.213425
3385 0.242408
3386 0.232312
3387 0.228677
3388 0.217685
3389 0.196421
3390 0.276771
3391 0.226402
3392 0.207023
3393 0.233612
3394 0.269951
3395 0.27427
3396 0.205067
3397 0.237099
3398 0.218172
3399 0.229139
3400 0.217464
3401 0.248469
3402 0.292662
3403 0.22743
3404 0.229336
3405 0.205774
3406 0.219994
3407 0.238067
3408 0.215139
3409 0.241477
3410 0.256734
3411 0.223022
3412 0.266791
3413 0.234678
3414 0.197139
3415 0.249423
3416 0.199939
3417 0.203406
3418 0.210099
3419 0.228116
3420 0.182112
3421 0.23394
3422 0.173817
3423 0.207645
3424 0.187896
3425 0.202452
3426 0.191715
3427 0.218136
3428 0.308548
3429 0.306742
3430 0.270384
3431 0.227128
3432 0.225132
3433 0.228473
3434 0.197845
3435 0.255303
3436 0.244857
3437 0.241678
3438 0.201588
3439 0.220824
3440 0.278411
3441 0.203158
3442 0.261495
3443 0.216772
3444 0.283707
3445 0.275256
3446 0.225744
3447 0.272964
3448 0.19983
3449 0.245745
3450 0.242939
3451 0.2664
3452 0.247971
3453 0.23488
3454 0.288201
3455 0.205938
3456 0.257602
3457 0.202352
3458 0.393624
3459 0.307022
3460 0.253863
3461 0.207335
3462 0.240763
3463 0.236883
3464 0.227209
3465 0.202653
3466 0.237423
3467 0.200957
3468 0.227543
3469 0.231045
3470 0.374581
3471 0.202
3472 0.230932
3473 0.197858
3474 0.253551
3475 0.217972
3476 0.293904
3477 0.224644
3478 0.224278
3479 0.207488
3480 0.268784
3481 0.292451
3482 0.218279
3483 0.261511
3484 0.230549
3485 0.232989
3486 0.214426
3487 0.236896
3488 0.310603
3489 0.295992
3490 0.309309
3491 0.219641
3492 0.260908
3493 0.213171
3494 0.244142
3495 0.263592
3496 0.21414
3497 0.231365
3498 0.26428
3499 0.238836
3500 0.233115
3501 0.242017
3502 0.261877
3503 0.224741
3504 0.281625
3505 0.238293
3506 0.228711
3507 0.182206
3508 0.250042
3509 0.202367
3510 0.212945
3511 0.210827
3512 0.193449
3513 0.235882
3514 0.271261
3515 0.227228
3516 0.221413
3517 0.231789
3518 0.204862
3519 0.227699
3520 0.220587
3521 0.236227
3522 0.243453
3523 0.219739
3524 0.258792
3525 0.173969
3526 0.233901
3527 0.242714
3528 0.21183
3529 0.268101
3530 0.231186
3531 0.24382
3532 0.225237
3533 0.245056
3534 0.226463
3535 0.221656
3536 0.23811
3537 0.209385
3538 0.208923
3539 0.2917
3540 0.222646
3541 0.224007
3542 0.269899
3543 0.23318
3544 0.195708
3545 0.19664
3546 0.2472
3547 0.197987
3548 0.327112
3549 0.240855
3550 0.2082
3551 0.265379
3552 0.333731
3553 0.248873
3554 0.235153
3555 0.21336
3556 0.205921
3557 0.22641
3558 0.210688
3559 0.260676
3560 0.203965
3561 0.209725
3562 0.21858
3563 0.297502
3564 0.205324
3565 0.206747
3566 0.223461
3567 0.217823
3568 0.199888
3569 0.195483
3570 0.225341
3571 0.216076
3572 0.180308
3573 0.228992
3574 0.246325
3575 0.228471
3576 0.244177
3577 0.278943
3578 0.200029
3579 0.187264
3580 0.197714
3581 0.187937
3582 0.216461
3583 0.216455
3584 0.221727
3585 0.206713
3586 0.228441
3587 0.21086
3588 0.217461
3589 0.192197
3590 0.28948
3591 0.225912
3592 0.233012
3593 0.203399
3594 0.208847
3595 0.221994
3596 0.230921
3597 0.301203
3598 0.281299
3599 0.231728
3600 0.281814
3601 0.206881
3602 0.260781
3603 0.245254
3604 0.210387
3605 0.236065
3606 0.228377
3607 0.28446
3608 0.214183
3609 0.196618
3610 0.212994
3611 0.206866
3612 0.212314
3613 0.2109
3614 0.246062
3615 0.217163
3616 0.219317
3617 0.232383
3618 0.231183
3619 0.246789
3620 0.203625
3621 0.201148
3622 0.223293
3623 0.210193
3624 0.232362
3625 0.290838
3626 0.183299
3627 0.19985
3628 0.191502
3629 0.235208
3630 0.195531
3631 0.212681
3632 0.202114
3633 0.202043
3634 0.271516
3635 0.242706
3636 0.212264
3637 0.28145
3638 0.288974
3639 0.280065
3640 0.265552
3641 0.231352
3642 0.20495
3643 0.28727
3644 0.234766
3645 0.20782
3646 0.261319
3647 0.225853
3648 0.198815
3649 0.191898
3650 0.209799
3651 0.249172
3652 0.23343
3653 0.210167
3654 0.209653
3655 0.215306
3656 0.214845
3657 0.189729
3658 0.190619
3659 0.2969
3660 0.222016
3661 0.289903
3662 0.246829
3663 0.247158
3664 0.264606
3665 0.200167
3666 0.192749
3667 0.277783
3668 0.235009
3669 0.202201
3670 0.266891
3671 0.226223
3672 0.221804
3673 0.24573
3674 0.202607
3675 0.238338
3676 0.218813
3677 0.239096
3678 0.212404
3679 0.2572
3680 0.319147
3681 0.218193
3682 0.242459
3683 0.200799
3684 0.211033
3685 0.277937
3686 0.230229
3687 0.210198
3688 0.203007
3689 0.187349
3690 0.246274
3691 0.21733
3692 0.231013
3693 0.187246
3694 0.227549
3695 0.193965
3696 0.229057
3697 0.305795
3698 0.255313
3699 0.231487
3700 0.267594
3701 0.285855
3702 0.199287
3703 0.198316
3704 0.222148
3705 0.236178
3706 0.199427
3707 0.201124
3708 0.215097
3709 0.189177
3710 0.224922
3711 0.221536
3712 0.24915
3713 0.278991
3714 0.303699
3715 0.209156
3716 0.202563
3717 0.231824
3718 0.226917
3719 0.225921
3720 0.18174
3721 0.257868
3722 0.254716
3723 0.200352
3724 0.22224
3725 0.269191
3726 0.21294
3727 0.204657
3728 0.193686
3729 0.229655
3730 0.211184
3731 0.239016
3732 0.200657
3733 0.241641
3734 0.240944
3735 0.204789
3736 0.214801
3737 0.274587
3738 0.189265
3739 0.206469
3740 0.232395
3741 0.208359
3742 0.26891
3743 0.275122
3744 0.199885
3745 0.308087
3746 0.224914
3747 0.203906
3748 0.219515
3749 0.226594
3750 0.240844
3751 0.261667
3752 0.293995
3753 0.209641
3754 0.1971
3755 0.2136
3756 0.231248
3757 0.241833
3758 0.255937
3759 0.272942
3760 0.234139
3761 0.237428
3762 0.234773
3763 0.283692
3764 0.228276
3765 0.257274
3766 0.190431
3767 0.204598
3768 0.230486
3769 0.225547
3770 0.208939
3771 0.210498
3772 0.285018
3773 0.239763
3774 0.200723
3775 0.209358
3776 0.212975
3777 0.280965
3778 0.227344
3779 0.189892
3780 0.354195
3781 0.227569
3782 0.241388
3783 0.258154
3784 0.242389
3785 0.20112
3786 0.227379
3787 0.211595
3788 0.215763
3789 0.195641
3790 0.262444
3791 0.23127
3792 0.215265
3793 0.209705
3794 0.228239
3795 0.185819
3796 0.234398
3797 0.238171
3798 0.24325
3799 0.205075
3800 0.207905
3801 0.225717
3802 0.256508
3803 0.27746
3804 0.267354
3805 0.194847
3806 0.264363
3807 0.202235
3808 0.225759
3809 0.230319
3810 0.193913
3811 0.189096
3812 0.195342
3813 0.216399
3814 0.214343
3815 0.19695
3816 0.248552
3817 0.163764
3818 0.193279
3819 0.255075
3820 0.180147
3821 0.228722
3822 0.257043
3823 0.201469
3824 0.220988
3825 0.220501
3826 0.226865
3827 0.209536
3828 0.206852
3829 0.248846
3830 0.238311
3831 0.256048
3832 0.222187
3833 0.207708
3834 0.223038
3835 0.202681
3836 0.222577
3837 0.199575
3838 0.259464
3839 0.238516
3840 0.276292
3841 0.212405
3842 0.210397
3843 0.201511
3844 0.224231
3845 0.178454
3846 0.217232
3847 0.203815
3848 0.217578
3849 0.184347
3850 0.210727
3851 0.169716
3852 0.180073
3853 0.188094
3854 0.225007
3855 0.18013
3856 0.226156
3857 0.240584
3858 0.305428
3859 0.227615
3860 0.19699
3861 0.198448
3862 0.205447
3863 0.283348
3864 0.279356
3865 0.270478
3866 0.197013
3867 0.229007
3868 0.208329
3869 0.235861
3870 0.198788
3871 0.200185
3872 0.231887
3873 0.227207
3874 0.234072
3875 0.239354
3876 0.215718
3877 0.212991
3878 0.272235
3879 0.195241
3880 0.264775
3881 0.211714
3882 0.19545
3883 0.292346
3884 0.211414
3885 0.215925
3886 0.183243
3887 0.271626
3888 0.257169
3889 0.227134
3890 0.204703
3891 0.233908
3892 0.216208
3893 0.198066
3894 0.175531
3895 0.188618
3896 0.193584
3897 0.206214
3898 0.251677
3899 0.243985
3900 0.195359
3901 0.169728
3902 0.174076
3903 0.243108
3904 0.175295
3905 0.217393
3906 0.242908
3907 0.190278
3908 0.181272
3909 0.250275
3910 0.23804
3911 0.221181
3912 0.185185
3913 0.191019
3914 0.213605
3915 0.21721
3916 0.21531
3917 0.228459
3918 0.245102
3919 0.230805
3920 0.188696
3921 0.215522
3922 0.215069
3923 0.170301
3924 0.226531
3925 0.19284
3926 0.202679
3927 0.208226
3928 0.232349
3929 0.218366
3930 0.210766
3931 0.270627
3932 0.222969
3933 0.229018
3934 0.223668
3935 0.20198
3936 0.214221
3937 0.20459
3938 0.196917
3939 0.184319
3940 0.189724
3941 0.21954
3942 0.2668
3943 0.201911
3944 0.218198
3945 0.190988
3946 0.195517
3947 0.197043
3948 0.205797
3949 0.209419
3950 0.20891
3951 0.198659
3952 0.221832
3953 0.199495
3954 0.182898
3955 0.219694
3956 0.233059
3957 0.272301
3958 0.227328
3959 0.211078
3960 0.178504
3961 0.233189
3962 0.225866
3963 0.210406
3964 0.218603
3965 0.186147
3966 0.231278
3967 0.193382
3968 0.218481
3969 0.215191
3970 0.244932
3971 0.245265
3972 0.183398
3973 0.190997
3974 0.208943
3975 0.213687
3976 0.218324
3977 0.203593
3978 0.198105
3979 0.175147
3980 0.240152
3981 0.277989
3982 0.25877
3983 0.212191
3984 0.19185
3985 0.19191
3986 0.247301
3987 0.241982
3988 0.202404
3989 0.179144
3990 0.230161
3991 0.170524
3992 0.263241
3993 0.221838
3994 0.194857
3995 0.232409
3996 0.239336
3997 0.21832
3998 0.196812
3999 0.205301
4000 0.194098
4001 0.206642
4002 0.177645
4003 0.229875
4004 0.214587
4005 0.209851
4006 0.230377
4007 0.195854
4008 0.23854
4009 0.174197
4010 0.215119
4011 0.209151
4012 0.247613
4013 0.211554
4014 0.181108
4015 0.231103
4016 0.212984
4017 0.171952
4018 0.253015
4019 0.195591
4020 0.224203
4021 0.2236
4022 0.204183
4023 0.196159
4024 0.174868
4025 0.26644
4026 0.32226
4027 0.247341
4028 0.256294
4029 0.269294
4030 0.172992
4031 0.253167
4032 0.252643
4033 0.232186
4034 0.235175
4035 0.195416
4036 0.263656
4037 0.177159
4038 0.191731
4039 0.191613
4040 0.228332
4041 0.182061
4042 0.242153
4043 0.199123
4044 0.215013
4045 0.205041
4046 0.208728
4047 0.225575
4048 0.240713
4049 0.21196
4050 0.196963
4051 0.204008
4052 0.199181
4053 0.229186
4054 0.21837
4055 0.205621
4056 0.158614
4057 0.196828
4058 0.219936
4059 0.191352
4060 0.197686
4061 0.207644
4062 0.242309
4063 0.211991
4064 0.239275
4065 0.218432
4066 0.271914
4067 0.2233
4068 0.22056
4069 0.212669
4070 0.196481
4071 0.224297
4072 0.228721
4073 0.215266
4074 0.200426
4075 0.230243
4076 0.229089
4077 0.214224
4078 0.188398
4079 0.1931
4080 0.250195
4081 0.204506
4082 0.239529
4083 0.188082
4084 0.170283
4085 0.216484
4086 0.216811
4087 0.269845
4088 0.21309
4089 0.2263
4090 0.252641
4091 0.248613
4092 0.201926
4093 0.214973
4094 0.213282
4095 0.189042
4096 0.286772
4097 0.252042
4098 0.169038
4099 0.228091
4100 0.197427
4101 0.269277
4102 0.224959
4103 0.220219
4104 0.175188
4105 0.199541
4106 0.237831
4107 0.213392
4108 0.218139
4109 0.201863
4110 0.231791
4111 0.228959
4112 0.224607
4113 0.21938
4114 0.252918
4115 0.179029
4116 0.193128
4117 0.192776
4118 0.237581
4119 0.229109
4120 0.270883
4121 0.213581
4122 0.175288
4123 0.179364
4124 0.19035
4125 0.202885
4126 0.315883
4127 0.270345
4128 0.218578
4129 0.224042
4130 0.20238
4131 0.182793
4132 0.164969
4133 0.204768
4134 0.197804
4135 0.204973
4136 0.180497
4137 0.198621
4138 0.185707
4139 0.230906
4140 0.186105
4141 0.249913
4142 0.241229
4143 0.224072
4144 0.204643
4145 0.218589
4146 0.233184
4147 0.199693
4148 0.226314
4149 0.191513
4150 0.223302
4151 0.232821
4152 0.212905
4153 0.244343
4154 0.257527
4155 0.238402
4156 0.168654
4157 0.181876
4158 0.208418
4159 0.256284
4160 0.243559
4161 0.239526
4162 0.236889
4163 0.225058
4164 0.210969
4165 0.245846
4166 0.228118
4167 0.18939
4168 0.198681
4169 0.235604
4170 0.17133
4171 0.23575
4172 0.221651
4173 0.206642
4174 0.25779
4175 0.225324
4176 0.217
4177 0.203968
4178 0.201117
4179 0.249241
4180 0.298064
4181 0.200307
4182 0.15614
4183 0.204565
4184 0.22203
4185 0.176455
4186 0.248943
4187 0.199607
4188 0.313127
4189 0.204804
4190 0.250811
4191 0.276074
4192 0.230795
4193 0.231464
4194 0.231769
4195 0.165241
4196 0.2249
4197 0.181685
4198 0.20861
4199 0.202446
4200 0.161986
4201 0.253259
4202 0.245851
4203 0.214551
4204 0.22135
4205 0.256852
4206 0.254186
4207 0.19156
4208 0.263013
4209 0.194926
4210 0.229569
4211 0.227083
4212 0.219399
4213 0.215064
4214 0.172518
4215 0.199624
4216 0.189693
4217 0.170971
4218 0.180872
4219 0.293072
4220 0.205017
4221 0.185903
4222 0.187151
4223 0.243635
4224 0.215442
4225 0.202852
4226 0.224459
4227 0.209953
4228 0.195424
4229 0.184211
4230 0.209121
4231 0.2219
4232 0.250233
4233 0.244885
4234 0.244966
4235 0.186379
4236 0.206899
4237 0.22128
4238 0.242612
4239 0.181116
4240 0.202972
4241 0.182707
4242 0.180885
4243 0.18173
4244 0.181759
4245 0.213532
4246 0.2079
4247 0.217367
4248 0.226287
4249 0.183469
4250 0.214284
4251 0.200533
4252 0.222842
4253 0.187027
4254 0.20793
4255 0.246237
4256 0.171636
4257 0.197031
4258 0.208799
4259 0.199125
4260 0.180811
4261 0.213817
4262 0.192802
4263 0.193965
4264 0.214995
4265 0.180275
4266 0.201099
4267 0.173619
4268 0.241657
4269 0.233154
4270 0.187874
4271 0.201941
4272 0.227501
4273 0.177006
4274 0.19276
4275 0.168865
4276 0.174387
4277 0.191355
4278 0.183055
4279 0.189448
4280 0.15059
4281 0.168658
4282 0.201902
4283 0.198365
4284 0.165166
4285 0.275515
4286 0.167036
4287 0.234908
4288 0.203808
4289 0.214319
4290 0.173258
4291 0.18332
4292 0.212712
4293 0.216825
4294 0.171406
4295 0.16851
4296 0.218978
4297 0.213765
4298 0.206009
4299 0.191908
4300 0.177404
4301 0.251835
4302 0.199835
4303 0.175116
4304 0.236927
4305 0.218537
4306 0.187121
4307 0.201432
4308 0.215051
4309 0.230246
4310 0.215067
4311 0.253354
4312 0.21117
4313 0.197765
4314 0.216923
4315 0.253835
4316 0.235344
4317 0.250682
4318 0.189268
4319 0.189083
4320 0.195475
4321 0.192512
4322 0.201322
4323 0.184417
4324 0.172841
4325 0.172254
4326 0.225474
4327 0.256204
4328 0.194789
4329 0.183608
4330 0.156996
4331 0.177461
4332 0.177826
4333 0.208101
4334 0.1756
4335 0.198802
4336 0.199701
4337 0.161704
4338 0.240271
4339 0.220923
4340 0.204706
4341 0.217995
4342 0.170346
4343 0.229208
4344 0.19183
4345 0.186638
4346 0.220651
4347 0.234572
4348 0.196714
4349 0.214902
4350 0.20618
4351 0.183022
4352 0.201856
4353 0.167287
4354 0.230147
4355 0.185964
4356 0.209693
4357 0.215011
4358 0.242219
4359 0.223599
4360 0.195759
4361 0.184418
4362 0.190646
4363 0.204962
4364 0.207335
4365 0.216698
4366 0.202798
4367 0.196691
4368 0.194999
4369 0.178785
4370 0.198644
4371 0.253183
4372 0.195012
4373 0.2209
4374 0.184308
4375 0.186032
4376 0.183738
4377 0.192836
4378 0.227005
4379 0.187929
4380 0.227906
4381 0.207552
4382 0.192933
4383 0.183653
4384 0.189685
4385 0.196678
4386 0.237686
4387 0.162931
4388 0.224468
4389 0.169319
4390 0.189181
4391 0.198842
4392 0.192628
4393 0.191592
4394 0.196034
4395 0.177795
4396 0.212053
4397 0.207529
4398 0.223509
4399 0.192156
4400 0.207631
4401 0.187168
4402 0.186712
4403 0.179625
4404 0.197324
4405 0.221112
4406 0.19559
4407 0.160585
4408 0.176127
4409 0.234415
4410 0.240146
4411 0.185776
4412 0.18493
4413 0.194939
4414 0.168367
4415 0.176903
4416 0.197444
4417 0.164596
4418 0.173702
4419 0.188858
4420 0.193073
4421 0.233176
4422 0.159088
4423 0.198971
4424 0.260949
4425 0.189933
4426 0.180412
4427 0.171218
4428 0.190137
4429 0.185842
4430 0.192587
4431 0.175971
4432 0.236214
4433 0.232384
4434 0.217642
4435 0.197068
4436 0.175808
4437 0.190787
4438 0.169298
4439 0.17226
4440 0.182311
4441 0.208684
4442 0.192769
4443 0.167135
4444 0.246098
4445 0.228881
4446 0.18767
4447 0.283342
4448 0.237532
4449 0.200792
4450 0.204173
4451 0.181335
4452 0.18198
4453 0.199244
4454 0.275907
4455 0.312503
4456 0.214914
4457 0.247476
4458 0.183947
4459 0.243594
4460 0.23248
4461 0.160722
4462 0.189535
4463 0.178903
4464 0.213902
4465 0.238531
4466 0.172336
4467 0.208953
4468 0.180799
4469 0.207319
4470 0.177444
4471 0.224585
4472 0.206755
4473 0.185934
4474 0.18439
4475 0.225851
4476 0.198466
4477 0.198904
4478 0.188024
4479 0.167042
4480 0.199275
4481 0.223641
4482 0.217253
4483 0.189323
4484 0.16966
4485 0.179324
4486 0.220489
4487 0.181965
4488 0.207649
4489 0.208565
4490 0.190099
4491 0.229856
4492 0.22646
4493 0.182107
4494 0.213374
4495 0.327508
4496 0.200302
4497 0.207299
4498 0.209222
4499 0.195655
4500 0.232936
4501 0.212629
4502 0.191703
4503 0.194839
4504 0.208796
4505 0.17075
4506 0.176808
4507 0.184788
4508 0.220967
4509 0.195201
4510 0.170802
4511 0.272942
4512 0.165298
4513 0.189503
4514 0.193522
4515 0.171277
4516 0.26642
4517 0.222115
4518 0.242962
4519 0.216376
4520 0.200599
4521 0.19702
4522 0.243228
4523 0.199785
4524 0.20343
4525 0.235461
4526 0.211319
4527 0.19653
4528 0.184215
4529 0.265885
4530 0.20472
4531 0.167267
4532 0.210189
4533 0.208955
4534 0.226299
4535 0.21153
4536 0.185875
4537 0.220443
4538 0.177494
4539 0.251583
4540 0.234748
4541 0.180665
4542 0.228863
4543 0.251041
4544 0.179224
4545 0.194683
4546 0.197601
4547 0.215592
4548 0.199351
4549 0.209155
4550 0.211521
4551 0.184272
4552 0.20427
4553 0.189911
4554 0.207076
4555 0.255243
4556 0.192143
4557 0.261803
4558 0.190882
4559 0.218448
4560 0.182592
4561 0.162131
4562 0.209455
4563 0.20564
4564 0.19704
4565 0.221957
4566 0.199105
4567 0.196293
4568 0.19552
4569 0.222615
4570 0.241793
4571 0.203071
4572 0.201253
4573 0.216292
4574 0.188572
4575 0.21623
4576 0.21434
4577 0.173316
4578 0.190965
4579 0.22848
4580 0.211244
4581 0.196288
4582 0.200895
4583 0.234521
4584 0.217083
4585 0.181905
4586 0.177498
4587 0.181518
4588 0.24579
4589 0.186746
4590 0.229301
4591 0.219582
4592 0.196899
4593 0.185273
4594 0.184568
4595 0.221719
4596 0.172466
4597 0.200284
4598 0.201031
4599 0.196535
4600 0.254341
4601 0.193429
4602 0.214993
4603 0.200698
4604 0.213915
4605 0.228949
4606 0.193909
4607 0.212776
4608 0.193502
4609 0.237154
4610 0.197509
4611 0.173476
4612 0.209618
4613 0.191041
4614 0.224121
4615 0.183686
4616 0.224875
4617 0.237545
4618 0.171893
4619 0.209745
4620 0.190465
4621 0.206169
4622 0.207425
4623 0.154962
4624 0.156693
4625 0.214432
4626 0.237805
4627 0.218486
4628 0.168844
4629 0.208919
4630 0.285792
4631 0.178828
4632 0.209848
4633 0.172954
4634 0.304737
4635 0.223521
4636 0.168383
4637 0.274331
4638 0.181338
4639 0.195108
4640 0.211138
4641 0.234188
4642 0.198785
4643 0.167158
4644 0.180475
4645 0.190027
4646 0.161224
4647 0.170959
4648 0.208408
4649 0.181582
4650 0.159498
4651 0.178626
4652 0.180376
4653 0.20066
4654 0.184708
4655 0.201586
4656 0.183466
4657 0.206641
4658 0.182545
4659 0.215523
4660 0.218697
4661 0.255597
4662 0.171048
4663 0.197291
4664 0.208473
4665 0.169572
4666 0.182288
4667 0.171188
4668 0.207974
4669 0.179228
4670 0.182023
4671 0.210376
4672 0.194077
4673 0.171282
4674 0.185457
4675 0.184288
4676 0.209532
4677 0.179296
4678 0.187654
4679 0.186481
4680 0.20144
4681 0.211731
4682 0.162539
4683 0.172342
4684 0.171724
4685 0.185705
4686 0.194002
4687 0.188618
4688 0.212952
4689 0.21661
4690 0.191574
4691 0.188163
4692 0.159585
4693 0.197356
4694 0.169979
4695 0.22822
4696 0.190498
4697 0.168408
4698 0.263602
4699 0.166156
4700 0.168765
4701 0.204505
4702 0.153273
4703 0.155932
4704 0.178337
4705 0.183018
4706 0.184635
4707 0.223531
4708 0.151074
4709 0.159208
4710 0.160557
4711 0.209588
4712 0.165392
4713 0.194282
4714 0.271774
4715 0.188707
4716 0.228549
4717 0.190592
4718 0.204924
4719 0.188272
4720 0.205088
4721 0.226619
4722 0.203546
4723 0.174165
4724 0.185588
4725 0.207626
4726 0.179475
4727 0.191066
4728 0.18348
4729 0.188864
4730 0.239228
4731 0.207442
4732 0.201564
4733 0.246585
4734 0.184764
4735 0.21578
4736 0.220426
4737 0.183522
4738 0.183217
4739 0.179092
4740 0.2819
4741 0.192623
4742 0.276477
4743 0.178326
4744 0.23388
4745 0.261966
4746 0.206883
4747 0.213425
4748 0.204088
4749 0.198103
4750 0.190045
4751 0.147418
4752 0.164824
4753 0.159396
4754 0.181176
4755 0.230724
4756 0.327807
4757 0.182846
4758 0.173721
4759 0.149862
4760 0.184107
4761 0.166419
4762 0.192854
4763 0.182562
4764 0.193035
4765 0.181959
4766 0.205426
4767 0.236303
4768 0.187564
4769 0.180522
4770 0.179389
4771 0.187861
4772 0.167851
4773 0.194236
4774 0.220167
4775 0.197268
4776 0.193582
4777 0.198942
4778 0.217908
4779 0.180914
4780 0.179591
4781 0.192017
4782 0.182272
4783 0.215551
4784 0.167575
4785 0.213177
4786 0.192493
4787 0.203359
4788 0.178691
4789 0.165766
4790 0.18524
4791 0.208423
4792 0.209924
4793 0.181697
4794 0.190031
4795 0.15299
4796 0.214732
4797 0.203808
4798 0.17633
4799 0.212892
4800 0.204304
4801 0.229188
4802 0.166802
4803 0.176657
4804 0.181457
4805 0.205886
4806 0.194613
4807 0.182548
4808 0.176361
4809 0.166136
4810 0.179656
4811 0.180475
4812 0.209033
4813 0.183412
4814 0.218153
4815 0.202887
4816 0.210705
4817 0.200387
4818 0.17386
4819 0.191103
4820 0.185893
4821 0.172039
4822 0.165982
4823 0.161459
4824 0.165873
4825 0.208442
4826 0.197059
4827 0.203713
4828 0.20837
4829 0.192137
4830 0.170319
4831 0.184946
4832 0.195843
4833 0.17569
4834 0.240057
4835 0.201584
4836 0.15414
4837 0.176791
4838 0.266046
4839 0.177577
4840 0.187205
4841 0.168156
4842 0.184508
4843 0.176883
4844 0.183715
4845 0.206578
4846 0.188219
4847 0.162163
4848 0.177355
4849 0.226603
4850 0.200062
4851 0.160355
4852 0.201967
4853 0.18995
4854 0.182003
4855 0.16928
4856 0.172202
4857 0.208145
4858 0.176691
4859 0.168319
4860 0.207311
4861 0.195904
4862 0.175222
4863 0.235569
4864 0.182855
4865 0.186512
4866 0.227227
4867 0.158326
4868 0.17493
4869 0.195186
4870 0.195727
4871 0.156558
4872 0.2003
4873 0.199614
4874 0.181148
4875 0.165681
4876 0.211529
4877 0.193658
4878 0.177845
4879 0.185298
4880 0.217395
4881 0.175441
4882 0.186944
4883 0.229596
4884 0.268747
4885 0.215487
4886 0.269768
4887 0.159385
4888 0.203309
4889 0.213864
4890 0.186252
4891 0.18921
4892 0.191243
4893 0.185746
4894 0.197621
4895 0.191998
4896 0.168513
4897 0.167591
4898 0.197191
4899 0.164195
4900 0.205575
4901 0.186293
4902 0.183813
4903 0.180623
4904 0.189712
4905 0.204348
4906 0.189548
4907 0.174512
4908 0.208587
4909 0.185644
4910 0.203552
4911 0.206798
4912 0.172981
4913 0.158297
4914 0.165848
4915 0.183223
4916 0.209124
4917 0.194961
4918 0.164287
4919 0.187017
4920 0.223684
4921 0.170293
4922 0.174878
4923 0.235856
4924 0.208486
4925 0.175171
4926 0.190638
4927 0.169701
4928 0.181477
4929 0.233253
4930 0.196145
4931 0.218336
4932 0.180312
4933 0.19518
4934 0.160379
4935 0.150432
4936 0.190821
4937 0.195811
4938 0.165343
4939 0.185969
4940 0.168064
4941 0.193274
4942 0.171029
4943 0.177875
4944 0.169065
4945 0.259269
4946 0.179449
4947 0.236885
4948 0.197363
4949 0.181242
4950 0.197854
4951 0.205036
4952 0.171155
4953 0.252279
4954 0.208438
4955 0.17398
4956 0.179056
4957 0.17541
4958 0.286916
4959 0.164262
4960 0.154859
4961 0.163183
4962 0.175465
4963 0.205327
4964 0.217819
4965 0.210027
4966 0.230093
4967 0.20526
4968 0.209474
4969 0.200972
4970 0.210428
4971 0.235699
4972 0.209488
4973 0.162298
4974 0.152203
4975 0.184276
4976 0.179092
4977 0.196451
4978 0.176059
4979 0.154443
4980 0.174258
4981 0.176724
4982 0.19568
4983 0.217471
4984 0.237858
4985 0.158165
4986 0.211075
4987 0.22665
4988 0.17916
4989 0.166327
4990 0.180614
4991 0.208905
4992 0.181426
4993 0.181787
4994 0.186919
4995 0.164657
4996 0.18691
4997 0.191841
4998 0.196517
4999 0.224857
5000 0.220976
