0 2.93255
1 2.75247
2 2.94417
3 2.38027
4 2.07604
5 1.78847
6 1.58101
7 1.36867
8 1.39983
9 2.51499
10 2.74482
11 2.52752
12 2.01755
13 1.87226
14 1.69002
15 1.48591
16 1.47845
17 1.59747
18 1.36818
19 1.31664
20 1.27942
21 1.23777
22 1.93581
23 1.76866
24 1.44312
25 1.73833
26 1.50912
27 1.27559
28 1.25674
29 1.41393
30 1.32791
31 0.925867
32 1.0465
33 1.14961
34 1.32142
35 1.13255
36 0.88379
37 0.976499
38 0.844751
39 0.897174
40 0.873469
41 0.871958
42 0.85865
43 0.875376
44 1.10758
45 0.924796
46 0.801703
47 0.804099
48 0.929516
49 1.21539
50 1.25297
51 1.16518
52 1.06042
53 0.915523
54 0.842885
55 0.714082
56 0.912249
57 0.921069
58 1.0468
59 1.27298
60 1.25673
61 1.04172
62 1.05229
63 1.12868
64 0.776829
65 0.7928
66 0.855422
67 0.846634
68 0.830103
69 0.745437
70 1.01285
71 0.984678
72 1.05244
73 0.973622
74 0.919739
75 1.0787
76 1.00188
77 0.734571
78 0.694175
79 0.801086
80 0.677777
81 0.752328
82 0.824065
83 0.722528
84 0.827605
85 0.916689
86 0.929913
87 0.751271
88 1.0306
89 0.973532
90 0.788236
91 0.783498
92 0.834618
93 0.771904
94 0.672117
95 0.835655
96 0.671878
97 0.805211
98 0.858394
99 0.874788
100 0.79583
101 0.579011
102 0.59007
103 0.581096
104 0.753029
105 0.625185
106 0.720358
107 0.741812
108 0.542825
109 0.7206
110 0.656094
111 0.832542
112 0.916958
113 0.945859
114 0.674325
115 0.645186
116 0.704935
117 0.929071
118 1.0408
119 0.681432
120 0.576946
121 0.695672
122 0.777414
123 0.811959
124 0.953937
125 0.72147
126 0.612713
127 0.64263
128 0.624653
129 0.690979
130 0.612188
131 0.48954
132 0.581193
133 0.739978
134 0.815199
135 0.607356
136 0.900426
137 0.881472
138 0.657097
139 0.721662
140 0.581939
141 0.642665
142 0.597145
143 0.617427
144 0.626392
145 0.578898
146 0.744292
147 0.648252
148 0.713275
149 0.658526
150 0.778496
151 0.593832
152 0.665907
153 0.828405
154 0.819106
155 0.739769
156 0.63721
157 0.644414
158 0.620697
159 0.530183
160 0.664804
161 0.571672
162 0.745233
163 0.640513
164 0.546989
165 0.539566
166 0.582084
167 0.776815
168 0.769101
169 1.04926
170 1.27869
171 1.01743
172 1.23053
173 1.21786
174 0.717454
175 0.724672
176 0.57886
177 0.612108
178 0.652296
179 0.598626
180 0.688807
181 0.595237
182 0.77401
183 0.545465
184 0.768153
185 0.600759
186 0.608615
187 0.624611
188 0.708908
189 0.677911
190 0.651988
191 0.557544
192 0.515012
193 0.685925
194 0.640088
195 0.691243
196 0.712388
197 0.583176
198 0.5153
199 0.571131
200 0.657366
201 0.609968
202 0.662101
203 0.60243
204 0.753444
205 0.844943
206 0.857007
207 0.544328
208 0.800163
209 0.630972
210 0.617001
211 0.671083
212 0.61587
213 0.691804
214 0.849371
215 0.531567
216 0.672585
217 0.68523
218 0.524962
219 0.544796
220 0.564773
221 0.602961
222 0.579638
223 0.490914
224 0.609823
225 0.452166
226 0.60481
227 0.490132
228 0.505248
229 0.5913
230 0.654985
231 0.620311
232 0.708756
233 0.739809
234 0.536609
235 0.582662
236 0.670563
237 0.517749
238 0.618351
239 0.607145
240 0.464718
241 0.514317
242 0.666044
243 0.611908
244 0.504873
245 0.611606
246 0.493098
247 0.449552
248 0.63336
249 0.57346
250 0.673094
251 0.543847
252 0.779728
253 0.629562
254 0.619487
255 0.67098
256 0.59692
257 0.558802
258 0.515788
259 0.552364
260 0.61546
261 0.544623
262 0.618086
263 0.547476
264 0.421687
265 0.541016
266 0.495335
267 0.578483
268 0.847874
269 0.630308
270 0.640996
271 0.631166
272 0.610679
273 0.634185
274 0.582828
275 0.56873
276 0.558629
277 0.55376
278 0.603841
279 0.541166
280 0.479992
281 0.661666
282 0.451116
283 0.663724
284 0.686275
285 0.651379
286 0.488229
287 0.505186
288 0.502516
289 0.585483
290 0.531901
291 0.644323
292 0.674132
293 0.546086
294 0.637097
295 0.658913
296 0.761616
297 0.548348
298 0.573382
299 0.390944
300 0.485525
301 0.560582
302 0.565961
303 0.528848
304 0.57018
305 0.559488
306 0.569743
307 0.592773
308 0.585232
309 0.439547
310 0.485239
311 0.619372
312 0.610798
313 0.675476
314 0.535553
315 0.534103
316 0.608042
317 0.588697
318 0.614302
319 0.612911
320 0.641658
321 0.648926
322 0.796865
323 0.800653
324 0.511623
325 0.489633
326 0.504129
327 0.502837
328 0.481048
329 0.583905
330 0.625966
331 0.567434
332 0.612318
333 0.558864
334 0.464126
335 0.645358
336 0.543446
337 0.408794
338 0.640243
339 0.493946
340 0.518601
341 0.495947
342 0.429699
343 0.743786
344 0.564701
345 0.602761
346 0.454438
347 0.7208
348 0.745138
349 0.533955
350 0.706112
351 0.492551
352 0.470734
353 0.567164
354 0.801685
355 0.590288
356 0.625807
357 0.510816
358 0.492655
359 0.44053
360 0.517417
361 0.595048
362 0.46703
363 0.530995
364 0.485015
365 0.564175
366 0.488896
367 0.602529
368 0.62329
369 0.587821
370 0.458435
371 0.416712
372 0.626811
373 0.610492
374 0.807275
375 0.564215
376 0.553936
377 0.390428
378 0.512452
379 0.560291
380 0.461313
381 0.549942
382 0.595393
383 0.470314
384 0.459295
385 0.476766
386 0.493498
387 0.441348
388 0.451869
389 0.623324
390 0.532696
391 0.474173
392 0.535088
393 0.531709
394 0.49268
395 0.457182
396 0.534188
397 0.512166
398 0.477723
399 0.472127
400 0.518156
401 0.553593
402 0.505017
403 0.564463
404 0.521882
405 0.506969
406 0.511856
407 0.386377
408 0.474493
409 0.445237
410 0.486082
411 0.624874
412 0.465016
413 0.449342
414 0.45394
415 0.384614
416 0.366499
417 0.45803
418 0.437483
419 0.477159
420 0.523981
421 0.359019
422 0.365839
423 0.374087
424 0.677743
425 0.478966
426 0.39187
427 0.687201
428 0.397926
429 0.635325
430 0.470053
431 0.552825
432 0.465392
433 0.501002
434 0.525546
435 0.544375
436 0.405323
437 0.447145
438 0.578617
439 0.480161
440 0.513945
441 0.4854
442 0.496073
443 0.658929
444 0.592911
445 0.436105
446 0.567049
447 0.525321
448 0.56176
449 0.489624
450 0.568009
451 0.479401
452 0.470065
453 0.675946
454 0.436362
455 0.528824
456 0.476974
457 0.646677
458 0.638407
459 0.719633
460 0.536126
461 0.501389
462 0.526515
463 0.52973
464 0.549329
465 0.403021
466 0.515907
467 0.431411
468 0.54395
469 0.734172
470 0.619996
471 0.535507
472 0.421943
473 0.551547
474 0.518679
475 0.536116
476 0.409112
477 0.495995
478 0.439805
479 0.52323
480 0.664316
481 0.499696
482 0.504679
483 0.502602
484 0.388404
485 0.517223
486 0.499269
487 0.557244
488 0.588205
489 0.497102
490 0.508355
491 0.620833
492 0.489166
493 0.433574
494 0.466938
495 0.455116
496 0.553062
497 0.490033
498 0.463804
499 0.548879
500 0.469686
501 0.617772
502 0.415471
503 0.500542
504 0.610949
505 0.751677
506 0.424812
507 0.504684
508 0.581501
509 0.420427
510 0.53205
511 0.412977
512 0.569369
513 0.470854
514 0.59232
515 0.448666
516 0.453817
517 0.376679
518 0.484173
519 0.469705
520 0.557831
521 0.498168
522 0.441969
523 0.483516
524 0.504529
525 0.441013
526 0.532205
527 0.545013
528 0.584626
529 0.515418
530 0.446947
531 0.434392
532 0.504042
533 0.447543
534 0.521595
535 0.436073
536 0.407698
537 0.376909
538 0.547735
539 0.518014
540 0.472568
541 0.475533
542 0.402178
543 0.395147
544 0.497774
545 0.434306
546 0.488154
547 0.557479
548 0.426472
549 0.370903
550 0.484423
551 0.593236
552 0.56353
553 0.49828
554 0.526062
555 0.431665
556 0.445625
557 0.396654
558 0.49998
559 0.468795
560 0.43056
561 0.476135
562 0.445112
563 0.473158
564 0.383059
565 0.630121
566 0.497476
567 0.460117
568 0.417002
569 0.438055
570 0.506866
571 0.408988
572 0.476621
573 0.492377
574 0.486608
575 0.454216
576 0.503581
577 0.41004
578 0.514673
579 0.431578
580 0.420399
581 0.500946
582 0.546545
583 0.639676
584 0.485223
585 0.375819
586 0.491352
587 0.437853
588 0.385015
589 0.450479
590 0.421205
591 0.573189
592 0.403104
593 0.44686
594 0.401994
595 0.546039
596 0.499318
597 0.556272
598 0.550303
599 0.559177
600 0.399323
601 0.559032
602 0.493323
603 0.4109
604 0.457044
605 0.408964
606 0.464695
607 0.417289
608 0.370507
609 0.424972
610 0.37644
611 0.610809
612 0.461495
613 0.532414
614 0.42164
615 0.40376
616 0.459589
617 0.483924
618 0.469848
619 0.407171
620 0.458074
621 0.489417
622 0.455081
623 0.459334
624 0.486344
625 0.481954
626 0.361045
627 0.398889
628 0.452193
629 0.443671
630 0.432805
631 0.449472
632 0.537399
633 0.45134
634 0.582923
635 0.42503
636 0.470483
637 0.592217
638 0.512426
639 0.527434
640 0.444079
641 0.440642
642 0.57439
643 0.424721
644 0.444519
645 0.485258
646 0.506858
647 0.400059
648 0.351465
649 0.470328
650 0.46168
651 0.431432
652 0.439311
653 0.495675
654 0.358268
655 0.436546
656 0.436398
657 0.363348
658 0.517902
659 0.529999
660 0.539661
661 0.603362
662 0.459358
663 0.390437
664 0.505976
665 0.383294
666 0.520247
667 0.454327
668 0.395401
669 0.410538
670 0.479855
671 0.462797
672 0.525715
673 0.337334
674 0.496662
675 0.411632
676 0.397995
677 0.476736
678 0.39665
679 0.528145
680 0.433997
681 0.649773
682 0.560887
683 0.42276
684 0.462327
685 0.454777
686 0.46227
687 0.362018
688 0.411166
689 0.481534
690 0.410616
691 0.459048
692 0.427273
693 0.37321
694 0.355231
695 0.405615
696 0.518852
697 0.526073
698 0.4565
699 0.476208
700 0.535953
701 0.495014
702 0.374952
703 0.394647
704 0.423056
705 0.454411
706 0.495348
707 0.443587
708 0.407862
709 0.432071
710 0.526598
711 0.383352
712 0.518434
713 0.55408
714 0.486834
715 0.448824
716 0.392794
717 0.482505
718 0.400385
719 0.362802
720 0.444755
721 0.687494
722 0.390477
723 0.469577
724 0.457111
725 0.569577
726 0.407881
727 0.37322
728 0.359516
729 0.418853
730 0.495267
731 0.367218
732 0.478473
733 0.446327
734 0.432328
735 0.460402
736 0.551521
737 0.413851
738 0.383061
739 0.402723
740 0.51299
741 0.429423
742 0.473688
743 0.390031
744 0.446314
745 0.499047
746 0.417359
747 0.511093
748 0.472062
749 0.53565
750 0.486304
751 0.580813
752 0.40522
753 0.404379
754 0.419726
755 0.404791
756 0.442191
757 0.358321
758 0.527444
759 0.517354
760 0.400654
761 0.445576
762 0.490614
763 0.396473
764 0.463396
765 0.402901
766 0.37063
767 0.424676
768 0.409278
769 0.404082
770 0.363152
771 0.462791
772 0.625715
773 0.382729
774 0.436302
775 0.341086
776 0.584041
777 0.514572
778 0.383968
779 0.609928
780 0.424553
781 0.392547
782 0.513399
783 0.68128
784 0.677333
785 0.426003
786 0.371915
787 0.387114
788 0.343824
789 0.395064
790 0.470145
791 0.406377
792 0.42004
793 0.426764
794 0.403252
795 0.478291
796 0.466991
797 0.484003
798 0.470411
799 0.381122
800 0.376012
801 0.502022
802 0.500323
803 0.588636
804 0.426473
805 0.37189
806 0.342193
807 0.46181
808 0.489621
809 0.417149
810 0.417434
811 0.430225
812 0.383581
813 0.37491
814 0.379598
815 0.394489
816 0.356809
817 0.341801
818 0.510019
819 0.406938
820 0.377531
821 0.442367
822 0.394679
823 0.420134
824 0.333185
825 0.434649
826 0.446989
827 0.389373
828 0.428044
829 0.347265
830 0.451822
831 0.405635
832 0.413964
833 0.365164
834 0.348321
835 0.403529
836 0.366246
837 0.401796
838 0.384981
839 0.336873
840 0.493503
841 0.347939
842 0.332098
843 0.405407
844 0.326393
845 0.303341
846 0.343479
847 0.396975
848 0.325568
849 0.447634
850 0.286218
851 0.310989
852 0.366612
853 0.420039
854 0.316858
855 0.359231
856 0.557032
857 0.465033
858 0.450811
859 0.393854
860 0.372716
861 0.448863
862 0.398589
863 0.510778
864 0.440532
865 0.371358
866 0.37684
867 0.369106
868 0.393947
869 0.350258
870 0.381049
871 0.413961
872 0.451952
873 0.386297
874 0.441646
875 0.451545
876 0.358022
877 0.523606
878 0.3926
879 0.401534
880 0.377897
881 0.357296
882 0.495605
883 0.388645
884 0.423924
885 0.322739
886 0.623553
887 0.658105
888 0.465711
889 0.412165
890 0.487878
891 0.36649
892 0.374131
893 0.352145
894 0.381472
895 0.346043
896 0.362186
897 0.37208
898 0.777654
899 0.518286
900 0.351807
901 0.32754
902 0.468824
903 0.389597
904 0.415588
905 0.391165
906 0.320328
907 0.335772
908 0.447558
909 0.468065
910 0.399634
911 0.372615
912 0.396781
913 0.354395
914 0.441566
915 0.374383
916 0.401803
917 0.428427
918 0.4131
919 0.403428
920 0.465811
921 0.359808
922 0.36673
923 0.382782
924 0.320677
925 0.469245
926 0.374866
927 0.416142
928 0.430394
929 0.43081
930 0.445675
931 0.380956
932 0.401065
933 0.479377
934 0.429362
935 0.305532
936 0.44883
937 0.366047
938 0.401122
939 0.332046
940 0.35134
941 0.524158
942 0.446691
943 0.36647
944 0.432627
945 0.34742
946 0.364309
947 0.351332
948 0.44908
949 0.432072
950 0.452039
951 0.351956
952 0.411491
953 0.340511
954 0.391396
955 0.474089
956 0.450256
957 0.431717
958 0.453445
959 0.374678
960 0.320494
961 0.393183
962 0.434468
963 0.413714
964 0.334045
965 0.301205
966 0.362465
967 0.469321
968 0.387599
969 0.403253
970 0.434641
971 0.379087
972 0.365735
973 0.373751
974 0.40218
975 0.434302
976 0.409076
977 0.397816
978 0.340564
979 0.404701
980 0.542838
981 0.485941
982 0.391382
983 0.372921
984 0.324336
985 0.381949
986 0.353079
987 0.42977
988 0.333783
989 0.346508
990 0.380399
991 0.550972
992 0.409323
993 0.326727
994 0.498641
995 0.364223
996 0.377638
997 0.355232
998 0.411079
999 0.375512
1000 0.351626
1001 0.381184
1002 0.35373
1003 0.411567
1004 0.37161
1005 0.452454
1006 0.322631
1007 0.417236
1008 0.298086
1009 0.353668
1010 0.416049
1011 0.367385
1012 0.412138
1013 0.359791
1014 0.394568
1015 0.337603
1016 0.323789
1017 0.38415
1018 0.394396
1019 0.43707
1020 0.331589
1021 0.342522
1022 0.339101
1023 0.351731
1024 0.474105
1025 0.496401
1026 0.47679
1027 0.467964
1028 0.565932
1029 0.31733
1030 0.478386
1031 0.402262
1032 0.325951
1033 0.399923
1034 0.392123
1035 0.377267
1036 0.301351
1037 0.329768
1038 0.331847
1039 0.452656
1040 0.391447
1041 0.367765
1042 0.422537
1043 0.323199
1044 0.356213
1045 0.397608
1046 0.391554
1047 0.391608
1048 0.352261
1049 0.326667
1050 0.401031
1051 0.396818
1052 0.389622
1053 0.412265
1054 0.316058
1055 0.315476
1056 0.344716
1057 0.379305
1058 0.347014
1059 0.327462
1060 0.351931
1061 0.441603
1062 0.399442
1063 0.420209
1064 0.376297
1065 0.443833
1066 0.453347
1067 0.352028
1068 0.386319
1069 0.363515
1070 0.3639
1071 0.405335
1072 0.374009
1073 0.314845
1074 0.398606
1075 0.369984
1076 0.310275
1077 0.321553
1078 0.375896
1079 0.327403
1080 0.359131
1081 0.366862
1082 0.383947
1083 0.296391
1084 0.410477
1085 0.357752
1086 0.309899
1087 0.485097
1088 0.382817
1089 0.428817
1090 0.437174
1091 0.301941
1092 0.414261
1093 0.375235
1094 0.336891
1095 0.446765
1096 0.38076
1097 0.342532
1098 0.325476
1099 0.401811
1100 0.445517
1101 0.427396
1102 0.359469
1103 0.34441
1104 0.318346
1105 0.349445
1106 0.375975
1107 0.420844
1108 0.421695
1109 0.335851
1110 0.567198
1111 0.436365
1112 0.363711
1113 0.505363
1114 0.3132
1115 0.288523
1116 0.328217
1117 0.361664
1118 0.362475
1119 0.397225
1120 0.332592
1121 0.326484
1122 0.301251
1123 0.353108
1124 0.354929
1125 0.499503
1126 0.473776
1127 0.356279
1128 0.316857
1129 0.409098
1130 0.442117
1131 0.363685
1132 0.35441
1133 0.398246
1134 0.319946
1135 0.376907
1136 0.352276
1137 0.326553
1138 0.39481
1139 0.339309
1140 0.440791
1141 0.399491
1142 0.448682
1143 0.389066
1144 0.341505
1145 0.33897
1146 0.408505
1147 0.350722
1148 0.309326
1149 0.470508
1150 0.477863
1151 0.39001
1152 0.373586
1153 0.42812
1154 0.403581
1155 0.350831
1156 0.347607
1157 0.32177
1158 0.371488
1159 0.397371
1160 0.316317
1161 0.422148
1162 0.354655
1163 0.346394
1164 0.351719
1165 0.43324
1166 0.324928
1167 0.346933
1168 0.365654
1169 0.426315
1170 0.45226
1171 0.361036
1172 0.307578
1173 0.420637
1174 0.424156
1175 0.351629
1176 0.444409
1177 0.342841
1178 0.449396
1179 0.472177
1180 0.494106
1181 0.321624
1182 0.344618
1183 0.348267
1184 0.339644
1185 0.388171
1186 0.317421
1187 0.540806
1188 0.398779
1189 0.365927
1190 0.479946
1191 0.395097
1192 0.410513
1193 0.362058
1194 0.321343
1195 0.322923
1196 0.371125
1197 0.373234
1198 0.334501
1199 0.274646
1200 0.464027
1201 0.493412
1202 0.393696
1203 0.327535
1204 0.351728
1205 0.438589
1206 0.418289
1207 0.337055
1208 0.479668
1209 0.337452
1210 0.399152
1211 0.41785
1212 0.42297
1213 0.358483
1214 0.355688
1215 0.311727
1216 0.326562
1217 0.339278
1218 0.411988
1219 0.375165
1220 0.368474
1221 0.339501
1222 0.396853
1223 0.309621
1224 0.356634
1225 0.434869
1226 0.407024
1227 0.33397
1228 0.331608
1229 0.327565
1230 0.380487
1231 0.489017
1232 0.440319
1233 0.375983
1234 0.369529
1235 0.28881
1236 0.453364
1237 0.39466
1238 0.356562
1239 0.332001
1240 0.367581
1241 0.29886
1242 0.312172
1243 0.33431
1244 0.394294
1245 0.307753
1246 0.3788
1247 0.392316
1248 0.366203
1249 0.395072
1250 0.360128
1251 0.34598
1252 0.306968
1253 0.347255
1254 0.314587
1255 0.356463
1256 0.295421
1257 0.380859
1258 0.317813
1259 0.364936
1260 0.322765
1261 0.32206
1262 0.32371
1263 0.343625
1264 0.303357
1265 0.314028
1266 0.295949
1267 0.318911
1268 0.371568
1269 0.324716
1270 0.284615
1271 0.312443
1272 0.312183
1273 0.26418
1274 0.283603
1275 0.28346
1276 0.302095
1277 0.318678
1278 0.307731
1279 0.262983
1280 0.273614
1281 0.385503
1282 0.357956
1283 0.265157
1284 0.533651
1285 0.284468
1286 0.485549
1287 0.380739
1288 0.343583
1289 0.305895
1290 0.319598
1291 0.375904
1292 0.391314
1293 0.334005
1294 0.305451
1295 0.337275
1296 0.29026
1297 0.344537
1298 0.293142
1299 0.309669
1300 0.417707
1301 0.435277
1302 0.361676
1303 0.412986
1304 0.352275
1305 0.342649
1306 0.368513
1307 0.347077
1308 0.385554
1309 0.358831
1310 0.304443
1311 0.439992
1312 0.309126
1313 0.348433
1314 0.327655
1315 0.499148
1316 0.534141
1317 0.386926
1318 0.322345
1319 0.39553
1320 0.34464
1321 0.311995
1322 0.276197
1323 0.312562
1324 0.311245
1325 0.318918
1326 0.523694
1327 0.355713
1328 0.31616
1329 0.276244
1330 0.364724
1331 0.371381
1332 0.333103
1333 0.311222
1334 0.329456
1335 0.264863
1336 0.304989
1337 0.391379
1338 0.389633
1339 0.335548
1340 0.310314
1341 0.290526
1342 0.298688
1343 0.340593
1344 0.330893
1345 0.355157
1346 0.327793
1347 0.33218
1348 0.330209
1349 0.349618
1350 0.32704
1351 0.338148
1352 0.300057
1353 0.303564
1354 0.336432
1355 0.301412
1356 0.379803
1357 0.370066
1358 0.385418
1359 0.369882
1360 0.33377
1361 0.413987
1362 0.470153
1363 0.331548
1364 0.316273
1365 0.400605
1366 0.338229
1367 0.379492
1368 0.315231
1369 0.331024
1370 0.38405
1371 0.393455
1372 0.371247
1373 0.316692
1374 0.297273
1375 0.337241
1376 0.297836
1377 0.379989
1378 0.349604
1379 0.338205
1380 0.376167
1381 0.36952
1382 0.295026
1383 0.302539
1384 0.384742
1385 0.389575
1386 0.329586
1387 0.363693
1388 0.317344
1389 0.285459
1390 0.364842
1391 0.287103
1392 0.322628
1393 0.303255
1394 0.286822
1395 0.27873
1396 0.378274
1397 0.310032
1398 0.357362
1399 0.349897
1400 0.288309
1401 0.328915
1402 0.337422
1403 0.36649
1404 0.421487
1405 0.391755
1406 0.298058
1407 0.333622
1408 0.417717
1409 0.387442
1410 0.327833
1411 0.279472
1412 0.284867
1413 0.307848
1414 0.291434
1415 0.332664
1416 0.285005
1417 0.253269
1418 0.37609
1419 0.34553
1420 0.398024
1421 0.340364
1422 0.323275
1423 0.383502
1424 0.344245
1425 0.35985
1426 0.288166
1427 0.296339
1428 0.318081
1429 0.326436
1430 0.280763
1431 0.3322
1432 0.328579
1433 0.343078
1434 0.367506
1435 0.285946
1436 0.38364
1437 0.245508
1438 0.291325
1439 0.371713
1440 0.381722
1441 0.31117
1442 0.258734
1443 0.354513
1444 0.3059
1445 0.290886
1446 0.40135
1447 0.362824
1448 0.417185
1449 0.28476
1450 0.311924
1451 0.30262
1452 0.304236
1453 0.364515
1454 0.419594
1455 0.423254
1456 0.340384
1457 0.310696
1458 0.258953
1459 0.533729
1460 0.30146
1461 0.339727
1462 0.326292
1463 0.344134
1464 0.370139
1465 0.275524
1466 0.287143
1467 0.278651
1468 0.382927
1469 0.308206
1470 0.367036
1471 0.305672
1472 0.320841
1473 0.308373
1474 0.326516
1475 0.362721
1476 0.311954
1477 0.327431
1478 0.284132
1479 0.318583
1480 0.343654
1481 0.37493
1482 0.337662
1483 0.308617
1484 0.308768
1485 0.320705
1486 0.337488
1487 0.312257
1488 0.346873
1489 0.297793
1490 0.428343
1491 0.342049
1492 0.329613
1493 0.336875
1494 0.447545
1495 0.348513
1496 0.324194
1497 0.34138
1498 0.341259
1499 0.311682
1500 0.36383
1501 0.300343
1502 0.344178
1503 0.360557
1504 0.310213
1505 0.281414
1506 0.269656
1507 0.374257
1508 0.318587
1509 0.2798
1510 0.441932
1511 0.277605
1512 0.236684
1513 0.350194
1514 0.247272
1515 0.412762
1516 0.345701
1517 0.356221
1518 0.381677
1519 0.364332
1520 0.300656
1521 0.340903
1522 0.33277
1523 0.313299
1524 0.323429
1525 0.322883
1526 0.284411
1527 0.298964
1528 0.34375
1529 0.402812
1530 0.302982
1531 0.312867
1532 0.284402
1533 0.270916
1534 0.33372
1535 0.320261
1536 0.360535
1537 0.310171
1538 0.37048
1539 0.425006
1540 0.348544
1541 0.346946
1542 0.357415
1543 0.275462
1544 0.283701
1545 0.287728
1546 0.350033
1547 0.372216
1548 0.325715
1549 0.315115
1550 0.253575
1551 0.323396
1552 0.304472
1553 0.356878
1554 0.414829
1555 0.3364
1556 0.320442
1557 0.328165
1558 0.291928
1559 0.341523
1560 0.27066
1561 0.295193
1562 0.291083
1563 0.285234
1564 0.3189
1565 0.344285
1566 0.261986
1567 0.35432
1568 0.322109
1569 0.361637
1570 0.353142
1571 0.347928
1572 0.305557
1573 0.316234
1574 0.315795
1575 0.347405
1576 0.312812
1577 0.359847
1578 0.373336
1579 0.410877
1580 0.309472
1581 0.409163
1582 0.385246
1583 0.318441
1584 0.283049
1585 0.248692
1586 0.264662
1587 0.310351
1588 0.3789
1589 0.286301
1590 0.369295
1591 0.316607
1592 0.275959
1593 0.353762
1594 0.357508
1595 0.282582
1596 0.257223
1597 0.358569
1598 0.313931
1599 0.327348
1600 0.263661
1601 0.31198
1602 0.330905
1603 0.362979
1604 0.387877
1605 0.319305
1606 0.325053
1607 0.337646
1608 0.452589
1609 0.383311
1610 0.259483
1611 0.253762
1612 0.307944
1613 0.297168
1614 0.303937
1615 0.306715
1616 0.415546
1617 0.361962
1618 0.338768
1619 0.318086
1620 0.35343
1621 0.331309
1622 0.326476
1623 0.262992
1624 0.32697
1625 0.259734
1626 0.333999
1627 0.276749
1628 0.287103
1629 0.485901
1630 0.350117
1631 0.315927
1632 0.254699
1633 0.319839
1634 0.372284
1635 0.296803
1636 0.530305
1637 0.281955
1638 0.28257
1639 0.388153
1640 0.428127
1641 0.344445
1642 0.278212
1643 0.334581
1644 0.264401
1645 0.266894
1646 0.255073
1647 0.368551
1648 0.2821
1649 0.291046
1650 0.329372
1651 0.326708
1652 0.308261
1653 0.349669
1654 0.42453
1655 0.285883
1656 0.304492
1657 0.259349
1658 0.342879
1659 0.3421
1660 0.494665
1661 0.275401
1662 0.354263
1663 0.274838
1664 0.271688
1665 0.337614
1666 0.321539
1667 0.309934
1668 0.27469
1669 0.277262
1670 0.291462
1671 0.293529
1672 0.298896
1673 0.297752
1674 0.280367
1675 0.317512
1676 0.304935
1677 0.258485
1678 0.314229
1679 0.337811
1680 0.321853
1681 0.262422
1682 0.296344
1683 0.309228
1684 0.271224
1685 0.280702
1686 0.316929
1687 0.287047
1688 0.291003
1689 0.341535
1690 0.297865
1691 0.251961
1692 0.312455
1693 0.264992
1694 0.271832
1695 0.307639
1696 0.274271
1697 0.323591
1698 0.259897
1699 0.270594
1700 0.356467
1701 0.242514
1702 0.234546
1703 0.262135
1704 0.258533
1705 0.290701
1706 0.302517
1707 0.246128
1708 0.223152
1709 0.235968
1710 0.294035
1711 0.23715
1712 0.249014
1713 0.421782
1714 0.240099
1715 0.386456
1716 0.277053
1717 0.336115
1718 0.264082
1719 0.270059
1720 0.345315
1721 0.338615
1722 0.291584
1723 0.243126
1724 0.288061
1725 0.298491
1726 0.280456
1727 0.294481
1728 0.262308
1729 0.384369
1730 0.333641
1731 0.253353
1732 0.365689
1733 0.305207
1734 0.292832
1735 0.315244
1736 0.334448
1737 0.29383
1738 0.296412
1739 0.381357
1740 0.275144
1741 0.284582
1742 0.25451
1743 0.386001
1744 0.396817
1745 0.295091
1746 0.338483
1747 0.304163
1748 0.300835
1749 0.275178
1750 0.251231
1751 0.238867
1752 0.270862
1753 0.245089
1754 0.304951
1755 0.592282
1756 0.332155
1757 0.307651
1758 0.292102
1759 0.327446
1760 0.277353
1761 0.354601
1762 0.250301
1763 0.309579
1764 0.237234
1765 0.321573
1766 0.372843
1767 0.315856
1768 0.296652
1769 0.331365
1770 0.277342
1771 0.275022
1772 0.275135
1773 0.278185
1774 0.322785
1775 0.292573
1776 0.303549
1777 0.304345
1778 0.318514
1779 0.285155
1780 0.29753
1781 0.260228
1782 0.315771
1783 0.311704
1784 0.29844
1785 0.323732
1786 0.30928
1787 0.328404
1788 0.279613
1789 0.285015
1790 0.329119
1791 0.371153
1792 0.288014
1793 0.329558
1794 0.269094
1795 0.316558
1796 0.287966
1797 0.279733
1798 0.335299
1799 0.326394
1800 0.34986
1801 0.263001
1802 0.282585
1803 0.252652
1804 0.29241
1805 0.270209
1806 0.313017
1807 0.303024
1808 0.297937
1809 0.288752
1810 0.314622
1811 0.316896
1812 0.345384
1813 0.316485
1814 0.407135
1815 0.280362
1816 0.28455
1817 0.25883
1818 0.250165
1819 0.307156
1820 0.27182
1821 0.283718
1822 0.251694
1823 0.235381
1824 0.342638
1825 0.295296
1826 0.304348
1827 0.272276
1828 0.316847
1829 0.251738
1830 0.301479
1831 0.309622
1832 0.296719
1833 0.384657
1834 0.30355
1835 0.240432
1836 0.275721
1837 0.435938
1838 0.301959
1839 0.290628
1840 0.308272
1841 0.251789
1842 0.260102
1843 0.26985
1844 0.320358
1845 0.259994
1846 0.268958
1847 0.295595
1848 0.305951
1849 0.327292
1850 0.266866
1851 0.342318
1852 0.318337
1853 0.270971
1854 0.26865
1855 0.275815
1856 0.278844
1857 0.262761
1858 0.268708
1859 0.302168
1860 0.288521
1861 0.281991
1862 0.363585
1863 0.253514
1864 0.310069
1865 0.291618
1866 0.24599
1867 0.310187
1868 0.29168
1869 0.293388
1870 0.329763
1871 0.275678
1872 0.312708
1873 0.233692
1874 0.263442
1875 0.350381
1876 0.290443
1877 0.340446
1878 0.243463
1879 0.279859
1880 0.241226
1881 0.346569
1882 0.366468
1883 0.361278
1884 0.338869
1885 0.513875
1886 0.42881
1887 0.384006
1888 0.362575
1889 0.28276
1890 0.32278
1891 0.316915
1892 0.297237
1893 0.339179
1894 0.269324
1895 0.310489
1896 0.286489
1897 0.317612
1898 0.254738
1899 0.3389
1900 0.259049
1901 0.26198
1902 0.274717
1903 0.264737
1904 0.312939
1905 0.334417
1906 0.219059
1907 0.28743
1908 0.273803
1909 0.307283
1910 0.299406
1911 0.311
1912 0.250362
1913 0.273052
1914 0.294679
1915 0.27005
1916 0.245274
1917 0.295745
1918 0.256208
1919 0.320592
1920 0.284804
1921 0.265391
1922 0.354713
1923 0.353143
1924 0.258969
1925 0.304184
1926 0.311111
1927 0.321665
1928 0.329776
1929 0.304158
1930 0.321523
1931 0.265532
1932 0.336951
1933 0.239825
1934 0.226194
1935 0.266784
1936 0.30566
1937 0.283614
1938 0.355201
1939 0.304984
1940 0.247853
1941 0.289723
1942 0.273609
1943 0.252119
1944 0.352452
1945 0.300476
1946 0.351044
1947 0.309689
1948 0.281789
1949 0.315364
1950 0.296455
1951 0.271335
1952 0.392955
1953 0.267112
1954 0.270085
1955 0.249978
1956 0.279018
1957 0.343706
1958 0.316601
1959 0.268162
1960 0.28768
1961 0.241048
1962 0.291998
1963 0.284521
1964 0.280885
1965 0.349429
1966 0.264624
1967 0.337771
1968 0.321267
1969 0.263496
1970 0.336296
1971 0.310401
1972 0.290323
1973 0.240789
1974 0.279357
1975 0.313873
1976 0.298359
1977 0.255848
1978 0.282869
1979 0.24206
1980 0.238389
1981 0.273989
1982 0.342505
1983 0.374818
1984 0.256553
1985 0.287633
1986 0.273813
1987 0.284948
1988 0.245511
1989 0.269493
1990 0.273531
1991 0.289335
1992 0.306783
1993 0.284411
1994 0.227907
1995 0.280122
1996 0.279762
1997 0.259194
1998 0.332806
1999 0.3436
2000 0.3434
2001 0.279428
2002 0.241464
2003 0.321678
2004 0.279408
2005 0.297435
2006 0.320053
2007 0.465008
2008 0.258487
2009 0.30859
2010 0.30093
2011 0.390877
2012 0.298116
2013 0.27951
2014 0.243792
2015 0.28366
2016 0.318395
2017 0.244301
2018 0.318537
2019 0.338205
2020 0.284642
2021 0.270576
2022 0.29807
2023 0.292171
2024 0.256892
2025 0.25698
2026 0.296392
2027 0.273351
2028 0.319968
2029 0.237839
2030 0.309853
2031 0.320949
2032 0.273083
2033 0.361807
2034 0.357524
2035 0.295264
2036 0.346794
2037 0.383836
2038 0.287862
2039 0.253013
2040 0.263493
2041 0.260639
2042 0.266697
2043 0.256463
2044 0.365774
2045 0.268585
2046 0.262702
2047 0.338337
2048 0.330268
2049 0.274786
2050 0.304276
2051 0.234623
2052 0.238774
2053 0.284512
2054 0.305944
2055 0.28077
2056 0.271237
2057 0.321346
2058 0.421719
2059 0.261272
2060 0.268702
2061 0.258743
2062 0.351345
2063 0.296255
2064 0.251014
2065 0.465394
2066 0.287436
2067 0.266298
2068 0.343646
2069 0.396069
2070 0.428984
2071 0.303987
2072 0.283949
2073 0.284555
2074 0.244669
2075 0.243268
2076 0.323057
2077 0.306152
2078 0.272946
2079 0.30085
2080 0.256382
2081 0.252945
2082 0.308818
2083 0.329089
2084 0.239269
2085 0.291368
2086 0.223749
2087 0.286174
2088 0.364284
2089 0.391611
2090 0.294738
2091 0.297043
2092 0.233504
2093 0.286326
2094 0.294292
2095 0.256672
2096 0.308695
2097 0.260643
2098 0.279359
2099 0.230276
2100 0.26986
2101 0.28097
2102 0.253398
2103 0.217593
2104 0.354059
2105 0.234758
2106 0.275755
2107 0.288184
2108 0.264205
2109 0.298121
2110 0.265985
2111 0.311757
2112 0.297807
2113 0.262549
2114 0.277469
2115 0.240614
2116 0.301985
2117 0.23939
2118 0.26522
2119 0.238272
2120 0.249908
2121 0.253836
2122 0.238177
2123 0.280418
2124 0.266434
2125 0.22248
2126 0.274447
2127 0.254073
2128 0.235229
2129 0.265717
2130 0.221656
2131 0.244951
2132 0.213664
2133 0.246849
2134 0.216858
2135 0.295511
2136 0.217461
2137 0.216533
2138 0.268171
2139 0.304676
2140 0.232383
2141 0.235079
2142 0.445785
2143 0.383599
2144 0.33679
2145 0.258001
2146 0.281327
2147 0.24795
2148 0.288786
2149 0.345389
2150 0.300491
2151 0.244307
2152 0.231916
2153 0.229609
2154 0.281218
2155 0.287966
2156 0.245506
2157 0.262466
2158 0.331771
2159 0.269941
2160 0.278775
2161 0.293327
2162 0.236298
2163 0.296026
2164 0.249286
2165 0.309186
2166 0.276886
2167 0.254567
2168 0.318206
2169 0.253602
2170 0.277682
2171 0.221528
2172 0.353954
2173 0.341785
2174 0.266126
2175 0.248814
2176 0.326497
2177 0.263831
2178 0.255523
2179 0.228774
2180 0.236726
2181 0.222236
2182 0.275073
2183 0.259524
2184 0.490394
2185 0.286014
2186 0.282493
2187 0.233091
2188 0.289534
2189 0.275404
2190 0.259527
2191 0.279614
2192 0.235499
2193 0.238358
2194 0.306832
2195 0.278772
2196 0.277771
2197 0.251498
2198 0.275885
2199 0.223186
2200 0.287985
2201 0.279059
2202 0.280805
2203 0.289189
2204 0.278826
2205 0.284931
2206 0.257571
2207 0.294287
2208 0.238047
2209 0.261786
2210 0.236351
2211 0.279454
2212 0.26982
2213 0.323691
2214 0.281839
2215 0.263557
2216 0.307937
2217 0.225462
2218 0.306884
2219 0.376325
2220 0.296966
2221 0.242343
2222 0.294028
2223 0.240119
2224 0.289328
2225 0.231338
2226 0.250158
2227 0.333635
2228 0.291969
2229 0.243403
2230 0.253352
2231 0.228142
2232 0.263039
2233 0.245115
2234 0.250512
2235 0.248264
2236 0.278314
2237 0.262356
2238 0.313467
2239 0.245039
2240 0.265831
2241 0.334773
2242 0.311602
2243 0.306178
2244 0.292175
2245 0.27174
2246 0.220281
2247 0.273347
2248 0.271512
2249 0.24328
2250 0.23472
2251 0.23466
2252 0.242912
2253 0.28608
2254 0.244468
2255 0.250759
2256 0.308801
2257 0.239772
2258 0.217783
2259 0.248081
2260 0.296665
2261 0.28566
2262 0.289581
2263 0.273202
2264 0.246991
2265 0.269711
2266 0.332943
2267 0.30119
2268 0.26118
2269 0.283169
2270 0.220999
2271 0.23413
2272 0.253617
2273 0.272413
2274 0.196996
2275 0.244645
2276 0.231611
2277 0.32961
2278 0.26764
2279 0.203495
2280 0.352062
2281 0.215136
2282 0.260256
2283 0.238658
2284 0.280355
2285 0.228647
2286 0.224447
2287 0.233889
2288 0.274657
2289 0.255925
2290 0.247346
2291 0.327965
2292 0.240636
2293 0.226663
2294 0.250969
2295 0.253956
2296 0.248096
2297 0.249551
2298 0.24661
2299 0.223228
2300 0.24488
2301 0.270773
2302 0.250166
2303 0.293085
2304 0.267891
2305 0.321996
2306 0.203992
2307 0.253001
2308 0.275418
2309 0.231215
2310 0.31274
2311 0.370706
2312 0.299696
2313 0.291205
2314 0.34328
2315 0.235751
2316 0.322039
2317 0.298253
2318 0.260641
2319 0.264308
2320 0.284001
2321 0.295217
2322 0.219061
2323 0.219802
2324 0.239212
2325 0.251903
2326 0.265342
2327 0.21911
2328 0.308768
2329 0.239935
2330 0.249294
2331 0.257902
2332 0.235427
2333 0.282286
2334 0.236406
2335 0.238107
2336 0.250305
2337 0.227564
2338 0.246483
2339 0.281507
2340 0.203125
2341 0.223261
2342 0.247399
2343 0.29005
2344 0.264891
2345 0.245671
2346 0.273052
2347 0.271843
2348 0.301567
2349 0.227991
2350 0.294387
2351 0.30818
2352 0.28244
2353 0.269551
2354 0.272623
2355 0.252278
2356 0.258609
2357 0.341158
2358 0.222533
2359 0.284301
2360 0.290541
2361 0.286734
2362 0.23898
2363 0.234942
2364 0.257903
2365 0.293834
2366 0.241412
2367 0.306693
2368 0.273933
2369 0.218547
2370 0.256678
2371 0.228932
2372 0.219161
2373 0.325461
2374 0.263029
2375 0.31394
2376 0.275861
2377 0.237445
2378 0.280261
2379 0.243146
2380 0.236951
2381 0.353511
2382 0.293561
2383 0.228461
2384 0.252695
2385 0.246104
2386 0.317065
2387 0.237072
2388 0.232718
2389 0.252148
2390 0.216652
2391 0.264071
2392 0.277386
2393 0.251696
2394 0.334858
2395 0.234765
2396 0.342005
2397 0.269165
2398 0.262475
2399 0.345043
2400 0.21957
2401 0.209545
2402 0.202111
2403 0.30333
2404 0.257161
2405 0.300187
2406 0.253594
2407 0.210251
2408 0.228197
2409 0.253432
2410 0.231658
2411 0.307037
2412 0.298383
2413 0.224512
2414 0.276189
2415 0.307015
2416 0.274704
2417 0.230499
2418 0.250285
2419 0.288836
2420 0.227723
2421 0.250702
2422 0.23216
2423 0.240925
2424 0.283995
2425 0.235391
2426 0.313917
2427 0.245586
2428 0.293222
2429 0.230283
2430 0.296121
2431 0.246318
2432 0.275331
2433 0.253792
2434 0.226622
2435 0.28747
2436 0.415578
2437 0.234641
2438 0.26536
2439 0.261943
2440 0.263147
2441 0.275268
2442 0.224642
2443 0.226825
2444 0.260828
2445 0.281156
2446 0.207885
2447 0.284816
2448 0.251037
2449 0.243351
2450 0.242539
2451 0.323754
2452 0.215522
2453 0.238152
2454 0.252629
2455 0.267406
2456 0.261686
2457 0.336336
2458 0.221788
2459 0.313687
2460 0.349821
2461 0.27749
2462 0.301411
2463 0.275917
2464 0.283652
2465 0.35911
2466 0.32641
2467 0.244915
2468 0.227922
2469 0.245212
2470 0.251887
2471 0.275106
2472 0.205755
2473 0.302982
2474 0.277334
2475 0.267716
2476 0.347301
2477 0.265994
2478 0.253401
2479 0.232015
2480 0.217617
2481 0.236352
2482 0.25735
2483 0.25655
2484 0.243217
2485 0.23242
2486 0.31427
2487 0.289927
2488 0.265883
2489 0.231924
2490 0.240346
2491 0.334216
2492 0.303663
2493 0.244188
2494 0.314316
2495 0.251798
2496 0.298208
2497 0.269518
2498 0.299557
2499 0.284425
2500 0.249705
2501 0.219284
2502 0.252734
2503 0.209622
2504 0.245178
2505 0.243429
2506 0.250158
2507 0.252145
2508 0.242897
2509 0.224559
2510 0.241577
2511 0.315063
2512 0.252181
2513 0.224098
2514 0.235724
2515 0.230832
2516 0.292976
2517 0.318761
2518 0.36505
2519 0.241823
2520 0.308589
2521 0.222523
2522 0.304778
2523 0.279603
2524 0.253876
2525 0.219969
2526 0.264399
2527 0.256061
2528 0.217021
2529 0.215401
2530 0.260471
2531 0.214593
2532 0.252602
2533 0.276267
2534 0.22914
2535 0.239361
2536 0.267673
2537 0.212821
2538 0.219151
2539 0.263086
2540 0.223508
2541 0.239601
2542 0.205531
2543 0.247097
2544 0.258033
2545 0.249939
2546 0.219818
2547 0.240902
2548 0.237392
2549 0.236622
2550 0.245177
2551 0.197628
2552 0.244754
2553 0.294796
2554 0.226619
2555 0.250984
2556 0.242923
2557 0.230085
2558 0.230238
2559 0.193376
2560 0.23779
2561 0.208247
2562 0.208847
2563 0.231793
2564 0.23158
2565 0.194398
2566 0.197343
2567 0.241019
2568 0.226957
2569 0.226898
2570 0.346974
2571 0.221346
2572 0.282612
2573 0.265258
2574 0.228141
2575 0.217059
2576 0.205554
2577 0.254176
2578 0.260463
2579 0.248501
2580 0.237486
2581 0.233621
2582 0.226688
2583 0.240884
2584 0.218921
2585 0.228436
2586 0.306099
2587 0.267111
2588 0.213199
2589 0.261202
2590 0.243378
2591 0.225962
2592 0.236145
2593 0.254452
2594 0.274893
2595 0.208086
2596 0.288526
2597 0.299423
2598 0.237062
2599 0.26754
2600 0.241935
2601 0.377827
2602 0.3044
2603 0.213684
2604 0.240655
2605 0.24842
2606 0.245058
2607 0.21298
2608 0.194336
2609 0.233921
2610 0.203377
2611 0.238557
2612 0.283489
2613 0.279721
2614 0.195479
2615 0.192466
2616 0.23472
2617 0.245191
2618 0.230289
2619 0.203099
2620 0.226688
2621 0.232294
2622 0.239361
2623 0.21391
2624 0.30512
2625 0.232912
2626 0.246179
2627 0.207575
2628 0.230151
2629 0.239554
2630 0.209356
2631 0.296974
2632 0.229182
2633 0.240545
2634 0.237253
2635 0.23403
2636 0.241144
2637 0.215836
2638 0.239743
2639 0.22288
2640 0.257262
2641 0.204718
2642 0.235575
2643 0.229304
2644 0.246782
2645 0.215765
2646 0.22748
2647 0.230883
2648 0.281397
2649 0.206825
2650 0.208541
2651 0.269426
2652 0.249876
2653 0.216981
2654 0.215405
2655 0.23176
2656 0.260908
2657 0.242753
2658 0.225535
2659 0.202116
2660 0.199677
2661 0.242196
2662 0.215097
2663 0.255136
2664 0.255584
2665 0.241212
2666 0.25489
2667 0.225248
2668 0.208549
2669 0.236858
2670 0.245177
2671 0.318033
2672 0.280292
2673 0.300438
2674 0.21095
2675 0.208973
2676 0.274335
2677 0.226489
2678 0.229678
2679 0.246266
2680 0.200615
2681 0.238961
2682 0.286892
2683 0.271241
2684 0.265541
2685 0.224542
2686 0.201944
2687 0.205145
2688 0.272531
2689 0.243103
2690 0.315595
2691 0.226009
2692 0.230641
2693 0.201839
2694 0.276921
2695 0.269567
2696 0.226666
2697 0.208152
2698 0.233093
2699 0.208692
2700 0.248468
2701 0.253168
2702 0.210777
2703 0.208102
2704 0.268156
2705 0.205663
2706 0.273371
2707 0.215471
2708 0.238641
2709 0.341552
2710 0.216162
2711 0.208129
2712 0.226145
2713 0.230648
2714 0.226014
2715 0.246123
2716 0.21693
2717 0.245143
2718 0.226956
2719 0.261481
2720 0.270696
2721 0.210339
2722 0.239905
2723 0.213696
2724 0.237402
2725 0.292289
2726 0.215333
2727 0.238547
2728 0.202165
2729 0.286525
2730 0.238612
2731 0.197116
2732 0.290111
2733 0.215232
2734 0.281247
2735 0.19739
2736 0.218127
2737 0.19003
2738 0.195473
2739 0.280364
2740 0.329206
2741 0.255999
2742 0.28214
2743 0.349804
2744 0.186001
2745 0.392713
2746 0.249091
2747 0.223995
2748 0.21515
2749 0.218841
2750 0.321956
2751 0.19684
2752 0.180271
2753 0.244967
2754 0.274841
2755 0.205155
2756 0.26665
2757 0.22972
2758 0.20799
2759 0.241952
2760 0.259771
2761 0.258131
2762 0.22526
2763 0.211806
2764 0.216216
2765 0.217995
2766 0.240542
2767 0.234049
2768 0.226367
2769 0.194583
2770 0.214445
2771 0.213175
2772 0.2422
2773 0.202993
2774 0.205055
2775 0.201995
2776 0.268253
2777 0.231706
2778 0.213394
2779 0.220243
2780 0.306598
2781 0.271057
2782 0.226338
2783 0.264251
2784 0.235839
2785 0.24398
2786 0.256675
2787 0.232938
2788 0.221588
2789 0.280424
2790 0.177625
2791 0.192176
2792 0.230166
2793 0.235112
2794 0.232723
2795 0.186006
2796 0.311692
2797 0.204688
2798 0.225366
2799 0.237975
2800 0.184357
2801 0.337416
2802 0.234002
2803 0.219544
2804 0.234925
2805 0.270373
2806 0.22865
2807 0.278233
2808 0.249988
2809 0.229702
2810 0.325124
2811 0.252521
2812 0.193055
2813 0.248309
2814 0.26621
2815 0.336216
2816 0.211368
2817 0.272136
2818 0.203483
2819 0.209044
2820 0.24528
2821 0.237965
2822 0.246004
2823 0.251145
2824 0.234038
2825 0.277374
2826 0.269354
2827 0.291101
2828 0.305251
2829 0.200466
2830 0.224672
2831 0.211869
2832 0.262523
2833 0.199705
2834 0.284242
2835 0.236294
2836 0.191624
2837 0.22872
2838 0.221845
2839 0.233672
2840 0.340833
2841 0.301637
2842 0.28354
2843 0.23564
2844 0.278024
2845 0.237962
2846 0.202954
2847 0.210861
2848 0.241303
2849 0.221949
2850 0.22815
2851 0.227554
2852 0.205029
2853 0.268031
2854 0.221756
2855 0.299172
2856 0.221254
2857 0.281506
2858 0.257765
2859 0.221402
2860 0.252667
2861 0.277833
2862 0.227864
2863 0.215983
2864 0.266073
2865 0.343799
2866 0.276353
2867 0.265454
2868 0.264509
2869 0.2569
2870 0.201681
2871 0.219156
2872 0.242999
2873 0.220057
2874 0.262414
2875 0.219378
2876 0.259904
2877 0.236307
2878 0.250291
2879 0.247788
2880 0.30252
2881 0.205991
2882 0.198865
2883 0.221173
2884 0.253086
2885 0.245069
2886 0.216483
2887 0.216739
2888 0.285786
2889 0.212333
2890 0.251011
2891 0.258334
2892 0.276314
2893 0.272364
2894 0.370438
2895 0.219582
2896 0.20158
2897 0.199095
2898 0.23189
2899 0.199757
2900 0.226072
2901 0.223341
2902 0.330135
2903 0.240677
2904 0.29455
2905 0.234866
2906 0.236186
2907 0.255566
2908 0.246623
2909 0.189512
2910 0.231622
2911 0.228201
2912 0.264771
2913 0.199355
2914 0.204571
2915 0.317967
2916 0.299279
2917 0.248769
2918 0.205644
2919 0.257137
2920 0.278441
2921 0.239502
2922 0.299526
2923 0.217442
2924 0.202084
2925 0.220963
2926 0.250562
2927 0.263986
2928 0.216775
2929 0.235831
2930 0.202771
2931 0.198524
2932 0.223645
2933 0.32267
2934 0.22984
2935 0.272029
2936 0.244552
2937 0.228119
2938 0.209954
2939 0.258802
2940 0.264463
2941 0.262976
2942 0.246868
2943 0.196801
2944 0.253282
2945 0.24761
2946 0.378271
2947 0.212237
2948 0.265778
2949 0.197261
2950 0.224728
2951 0.237053
2952 0.235505
2953 0.236426
2954 0.211398
2955 0.218477
2956 0.210817
2957 0.219036
2958 0.212212
2959 0.222324
2960 0.190341
2961 0.253452
2962 0.245877
2963 0.212668
2964 0.255159
2965 0.270629
2966 0.238275
2967 0.182285
2968 0.216703
2969 0.213004
2970 0.216728
2971 0.20192
2972 0.227708
2973 0.209569
2974 0.238328
2975 0.22223
2976 0.223562
2977 0.215814
2978 0.256813
2979 0.174505
2980 0.248481
2981 0.203483
2982 0.232452
2983 0.237679
2984 0.22922
2985 0.196781
2986 0.261121
2987 0.171877
2988 0.184091
2989 0.21827
2990 0.188576
2991 0.205071
2992 0.217244
2993 0.169804
2994 0.184714
2995 0.192616
2996 0.196088
2997 0.207625
2998 0.172973
2999 0.339313
3000 0.192218
3001 0.318624
3002 0.238443
3003 0.236933
3004 0.199377
3005 0.199233
3006 0.226519
3007 0.301768
3008 0.202885
3009 0.190468
3010 0.232342
3011 0.203668
3012 0.209802
3013 0.204126
3014 0.192253
3015 0.282278
3016 0.259664
3017 0.229695
3018 0.287466
3019 0.207788
3020 0.22413
3021 0.264436
3022 0.203413
3023 0.226759
3024 0.215582
3025 0.276412
3026 0.235529
3027 0.222578
3028 0.22655
3029 0.277632
3030 0.238883
3031 0.282682
3032 0.238224
3033 0.246369
3034 0.238469
3035 0.231501
3036 0.221292
3037 0.205276
3038 0.224364
3039 0.191889
3040 0.218865
3041 0.337334
3042 0.258695
3043 0.198202
3044 0.173211
3045 0.230896
3046 0.237911
3047 0.2579
3048 0.176969
3049 0.200343
3050 0.196459
3051 0.20718
3052 0.256921
3053 0.258551
3054 0.206563
3055 0.241221
3056 0.201965
3057 0.224962
3058 0.21098
3059 0.220727
3060 0.254445
3061 0.212408
3062 0.225738
3063 0.232031
3064 0.223293
3065 0.207094
3066 0.205872
3067 0.205929
3068 0.224997
3069 0.191754
3070 0.190349
3071 0.226923
3072 0.229346
3073 0.213047
3074 0.205215
3075 0.209566
3076 0.276627
3077 0.244847
3078 0.178702
3079 0.227835
3080 0.232133
3081 0.235212
3082 0.191172
3083 0.226979
3084 0.255623
3085 0.2775
3086 0.265889
3087 0.22975
3088 0.211154
3089 0.192098
3090 0.211244
3091 0.215471
3092 0.22101
3093 0.229133
3094 0.247741
3095 0.220506
3096 0.25261
3097 0.208722
3098 0.234545
3099 0.207326
3100 0.329414
3101 0.191107
3102 0.248773
3103 0.207348
3104 0.184137
3105 0.227264
3106 0.206112
3107 0.196377
3108 0.199229
3109 0.18452
3110 0.237821
3111 0.259124
3112 0.216556
3113 0.259761
3114 0.253554
3115 0.203686
3116 0.202925
3117 0.224992
3118 0.215753
3119 0.249233
3120 0.218478
3121 0.173463
3122 0.207933
3123 0.267336
3124 0.300368
3125 0.210381
3126 0.198948
3127 0.207656
3128 0.196726
3129 0.203601
3130 0.274627
3131 0.196732
3132 0.18865
3133 0.228825
3134 0.209584
3135 0.278075
3136 0.203903
3137 0.255059
3138 0.224979
3139 0.185116
3140 0.186146
3141 0.213431
3142 0.223892
3143 0.215133
3144 0.205801
3145 0.221566
3146 0.209905
3147 0.212171
3148 0.27756
3149 0.191686
3150 0.225404
3151 0.20331
3152 0.178505
3153 0.237101
3154 0.212733
3155 0.217459
3156 0.233039
3157 0.207598
3158 0.216081
3159 0.203105
3160 0.205255
3161 0.269493
3162 0.213116
3163 0.223898
3164 0.178467
3165 0.223918
3166 0.190577
3167 0.242001
3168 0.295254
3169 0.307796
3170 0.314283
3171 0.416777
3172 0.286891
3173 0.266753
3174 0.276825
3175 0.203443
3176 0.257464
3177 0.208439
3178 0.217637
3179 0.23587
3180 0.175419
3181 0.185832
3182 0.179588
3183 0.261952
3184 0.19441
3185 0.235551
3186 0.247006
3187 0.211531
3188 0.245722
3189 0.237826
3190 0.209786
3191 0.185669
3192 0.201263
3193 0.211285
3194 0.240371
3195 0.223889
3196 0.225221
3197 0.192566
3198 0.182107
3199 0.219568
3200 0.227388
3201 0.214571
3202 0.20601
3203 0.231416
3204 0.224556
3205 0.229974
3206 0.277122
3207 0.188991
3208 0.230223
3209 0.304225
3210 0.236803
3211 0.234082
3212 0.206057
3213 0.221126
3214 0.227758
3215 0.226892
3216 0.209199
3217 0.224192
3218 0.25725
3219 0.176896
3220 0.220339
3221 0.270069
3222 0.209793
3223 0.226352
3224 0.254146
3225 0.202997
3226 0.190247
3227 0.182927
3228 0.173634
3229 0.188211
3230 0.278765
3231 0.239192
3232 0.24662
3233 0.235945
3234 0.244124
3235 0.181884
3236 0.231244
3237 0.2174
3238 0.303981
3239 0.19658
3240 0.227983
3241 0.202089
3242 0.189919
3243 0.261749
3244 0.249844
3245 0.181791
3246 0.225792
3247 0.190959
3248 0.216728
3249 0.224512
3250 0.206497
3251 0.257296
3252 0.219082
3253 0.299227
3254 0.22995
3255 0.195142
3256 0.253326
3257 0.272639
3258 0.185227
3259 0.178598
3260 0.220405
3261 0.240144
3262 0.206083
3263 0.241475
3264 0.201377
3265 0.183425
3266 0.190533
3267 0.231898
3268 0.242399
3269 0.29664
3270 0.208765
3271 0.241289
3272 0.254125
3273 0.220797
3274 0.183107
3275 0.20238
3276 0.216234
3277 0.239029
3278 0.235035
3279 0.238006
3280 0.221939
3281 0.227432
3282 0.218722
3283 0.223062
3284 0.293016
3285 0.237132
3286 0.269018
3287 0.212304
3288 0.218636
3289 0.236391
3290 0.218333
3291 0.205173
3292 0.238261
3293 0.313609
3294 0.235312
3295 0.233463
3296 0.222119
3297 0.217354
3298 0.228703
3299 0.178097
3300 0.190658
3301 0.249471
3302 0.253594
3303 0.221185
3304 0.215582
3305 0.250058
3306 0.219029
3307 0.207524
3308 0.221336
3309 0.267581
3310 0.173888
3311 0.182092
3312 0.219825
3313 0.255928
3314 0.283284
3315 0.202304
3316 0.213254
3317 0.238098
3318 0.231137
3319 0.199965
3320 0.274463
3321 0.237592
3322 0.199448
3323 0.317308
3324 0.197885
3325 0.20328
3326 0.22024
3327 0.19803
3328 0.18798
3329 0.243409
3330 0.214702
3331 0.250687
3332 0.220871
3333 0.280394
3334 0.343598
3335 0.196305
3336 0.239466
3337 0.227214
3338 0.184908
3339 0.21317
3340 0.200172
3341 0.194635
3342 0.20095
3343 0.196611
3344 0.338175
3345 0.225142
3346 0.253355
3347 0.182476
3348 0.232955
3349 0.245011
3350 0.188822
3351 0.281359
3352 0.195596
3353 0.193755
3354 0.239468
3355 0.282686
3356 0.221639
3357 0.207947
3358 0.201062
3359 0.181437
3360 0.171251
3361 0.208102
3362 0.289333
3363 0.205984
3364 0.214285
3365 0.198202
3366 0.19759
3367 0.195531
3368 0.187089
3369 0.275693
3370 0.172284
3371 0.230496
3372 0.206379
3373 0.23233
3374 0.271081
3375 0.295751
3376 0.182205
3377 0.240369
3378 0.205752
3379 0.181916
3380 0.206519
3381 0.199764
3382 0.195195
3383 0.213553
3384 0.217068
3385 0.204548
3386 0.219541
3387 0.201488
3388 0.205881
3389 0.205403
3390 0.231589
3391 0.231319
3392 0.222209
3393 0.208222
3394 0.21402
3395 0.208427
3396 0.199458
3397 0.263605
3398 0.247986
3399 0.205132
3400 0.19819
3401 0.188267
3402 0.21431
3403 0.188385
3404 0.202394
3405 0.216136
3406 0.191
3407 0.232077
3408 0.174272
3409 0.198632
3410 0.21609
3411 0.20022
3412 0.211025
3413 0.251449
3414 0.179035
3415 0.229869
3416 0.18085
3417 0.159314
3418 0.184241
3419 0.212518
3420 0.174048
3421 0.208887
3422 0.172588
3423 0.161297
3424 0.172285
3425 0.2259
3426 0.163125
3427 0.201861
3428 0.296604
3429 0.267477
3430 0.246591
3431 0.194994
3432 0.215187
3433 0.22888
3434 0.209811
3435 0.213909
3436 0.210996
3437 0.19741
3438 0.194922
3439 0.17456
3440 0.188994
3441 0.175607
3442 0.200756
3443 0.197239
3444 0.276551
3445 0.218145
3446 0.215272
3447 0.213805
3448 0.185133
3449 0.207199
3450 0.203554
3451 0.20614
3452 0.225382
3453 0.19895
3454 0.289673
3455 0.225883
3456 0.217176
3457 0.189939
3458 0.272818
3459 0.268782
3460 0.220568
3461 0.198475
3462 0.223769
3463 0.223002
3464 0.189494
3465 0.180542
3466 0.218992
3467 0.195436
3468 0.198107
3469 0.246555
3470 0.352332
3471 0.177777
3472 0.214869
3473 0.186622
3474 0.218197
3475 0.225484
3476 0.305308
3477 0.182576
3478 0.193028
3479 0.183698
3480 0.202579
3481 0.273008
3482 0.248673
3483 0.225781
3484 0.19884
3485 0.161912
3486 0.195984
3487 0.1885
3488 0.247897
3489 0.220803
3490 0.189348
3491 0.180604
3492 0.226045
3493 0.174416
3494 0.225754
3495 0.188678
3496 0.202816
3497 0.204506
3498 0.168697
3499 0.222082
3500 0.216233
3501 0.209852
3502 0.205611
3503 0.178761
3504 0.220915
3505 0.249782
3506 0.207939
3507 0.163509
3508 0.212479
3509 0.171355
3510 0.226732
3511 0.189056
3512 0.214562
3513 0.184927
3514 0.222191
3515 0.214682
3516 0.185284
3517 0.194547
3518 0.182582
3519 0.180735
3520 0.215706
3521 0.189367
3522 0.212617
3523 0.214001
3524 0.250779
3525 0.174009
3526 0.216989
3527 0.253887
3528 0.207178
3529 0.265342
3530 0.254038
3531 0.213045
3532 0.174414
3533 0.200989
3534 0.231254
3535 0.172641
3536 0.194932
3537 0.197407
3538 0.17292
3539 0.204686
3540 0.212402
3541 0.212536
3542 0.206865
3543 0.204586
3544 0.157059
3545 0.177557
3546 0.219668
3547 0.200246
3548 0.294641
3549 0.234554
3550 0.166941
3551 0.209096
3552 0.229201
3553 0.208695
3554 0.216437
3555 0.194614
3556 0.176891
3557 0.194877
3558 0.160397
3559 0.191332
3560 0.203273
3561 0.187068
3562 0.220112
3563 0.234421
3564 0.232257
3565 0.176593
3566 0.253962
3567 0.19996
3568 0.161077
3569 0.21482
3570 0.202446
3571 0.181679
3572 0.192749
3573 0.199416
3574 0.213088
3575 0.193182
3576 0.180976
3577 0.25368
3578 0.225604
3579 0.210409
3580 0.177617
3581 0.197991
3582 0.204529
3583 0.209196
3584 0.213312
3585 0.178614
3586 0.211443
3587 0.169601
3588 0.20194
3589 0.199913
3590 0.284092
3591 0.199196
3592 0.221589
3593 0.189585
3594 0.189958
3595 0.172015
3596 0.230198
3597 0.286987
3598 0.257437
3599 0.237071
3600 0.281951
3601 0.180351
3602 0.271103
3603 0.226279
3604 0.201531
3605 0.217595
3606 0.18196
3607 0.210975
3608 0.207903
3609 0.17489
3610 0.19849
3611 0.199239
3612 0.231743
3613 0.198176
3614 0.247323
3615 0.183424
3616 0.185826
3617 0.171638
3618 0.194981
3619 0.218062
3620 0.183392
3621 0.187467
3622 0.180242
3623 0.239838
3624 0.18884
3625 0.251078
3626 0.186442
3627 0.182232
3628 0.178638
3629 0.190435
3630 0.189333
3631 0.188097
3632 0.195771
3633 0.209182
3634 0.193874
3635 0.202089
3636 0.190676
3637 0.239251
3638 0.214368
3639 0.204057
3640 0.203537
3641 0.185238
3642 0.197331
3643 0.185415
3644 0.189917
3645 0.185413
3646 0.191089
3647 0.219712
3648 0.185312
3649 0.170675
3650 0.227577
3651 0.195933
3652 0.221612
3653 0.236358
3654 0.1928
3655 0.158679
3656 0.206752
3657 0.21204
3658 0.190124
3659 0.298324
3660 0.176057
3661 0.253204
3662 0.194636
3663 0.186995
3664 0.180388
3665 0.213291
3666 0.166845
3667 0.289275
3668 0.256804
3669 0.194622
3670 0.191248
3671 0.213605
3672 0.242859
3673 0.195716
3674 0.195495
3675 0.176438
3676 0.164415
3677 0.225554
3678 0.223995
3679 0.210862
3680 0.222749
3681 0.206133
3682 0.242519
3683 0.226316
3684 0.20263
3685 0.215479
3686 0.232615
3687 0.170943
3688 0.175842
3689 0.216029
3690 0.194085
3691 0.21827
3692 0.241641
3693 0.199156
3694 0.200087
3695 0.184811
3696 0.209781
3697 0.261982
3698 0.244806
3699 0.171948
3700 0.223129
3701 0.244626
3702 0.170203
3703 0.199699
3704 0.207192
3705 0.216462
3706 0.184945
3707 0.211399
3708 0.211589
3709 0.195655
3710 0.200058
3711 0.178709
3712 0.22823
3713 0.225365
3714 0.281391
3715 0.212596
3716 0.212383
3717 0.203215
3718 0.199142
3719 0.197181
3720 0.178544
3721 0.272867
3722 0.310377
3723 0.200777
3724 0.209308
3725 0.219175
3726 0.192586
3727 0.200985
3728 0.166303
3729 0.209078
3730 0.213618
3731 0.235642
3732 0.185044
3733 0.206216
3734 0.224426
3735 0.18987
3736 0.206917
3737 0.308561
3738 0.180186
3739 0.16858
3740 0.20038
3741 0.172379
3742 0.204954
3743 0.219006
3744 0.211852
3745 0.230546
3746 0.242981
3747 0.246855
3748 0.23423
3749 0.198177
3750 0.229431
3751 0.24165
3752 0.242166
3753 0.180493
3754 0.167126
3755 0.192026
3756 0.188178
3757 0.228323
3758 0.189698
3759 0.243687
3760 0.204762
3761 0.201843
3762 0.250883
3763 0.266325
3764 0.211455
3765 0.206515
3766 0.18346
3767 0.185984
3768 0.203635
3769 0.2484
3770 0.20842
3771 0.182709
3772 0.216881
3773 0.263089
3774 0.211758
3775 0.174462
3776 0.172489
3777 0.24789
3778 0.209877
3779 0.183737
3780 0.255925
3781 0.201743
3782 0.199693
3783 0.185165
3784 0.233079
3785 0.21084
3786 0.171499
3787 0.199884
3788 0.169435
3789 0.178105
3790 0.271214
3791 0.228778
3792 0.189752
3793 0.234687
3794 0.229313
3795 0.194499
3796 0.198164
3797 0.232197
3798 0.182347
3799 0.172945
3800 0.172686
3801 0.169115
3802 0.201164
3803 0.259035
3804 0.263599
3805 0.200258
3806 0.182981
3807 0.181877
3808 0.194741
3809 0.23921
3810 0.221698
3811 0.202729
3812 0.21297
3813 0.206918
3814 0.171247
3815 0.177388
3816 0.21526
3817 0.155015
3818 0.172411
3819 0.202641
3820 0.176622
3821 0.182664
3822 0.224604
3823 0.18387
3824 0.172284
3825 0.225455
3826 0.194206
3827 0.200694
3828 0.178877
3829 0.186807
3830 0.195775
3831 0.202745
3832 0.202894
3833 0.199965
3834 0.199191
3835 0.194455
3836 0.183476
3837 0.178232
3838 0.190763
3839 0.168092
3840 0.176505
3841 0.194799
3842 0.192867
3843 0.185933
3844 0.18476
3845 0.172587
3846 0.172264
3847 0.150789
3848 0.201383
3849 0.164669
3850 0.171801
3851 0.150413
3852 0.175468
3853 0.180309
3854 0.171937
3855 0.173146
3856 0.192861
3857 0.266038
3858 0.284693
3859 0.211173
3860 0.171439
3861 0.179739
3862 0.207993
3863 0.202936
3864 0.204738
3865 0.198714
3866 0.182312
3867 0.20544
3868 0.169837
3869 0.193612
3870 0.169116
3871 0.173611
3872 0.225535
3873 0.260162
3874 0.201131
3875 0.217578
3876 0.181822
3877 0.171391
3878 0.185674
3879 0.211778
3880 0.213213
3881 0.193425
3882 0.174007
3883 0.28565
3884 0.171385
3885 0.206546
3886 0.176855
3887 0.269318
3888 0.228711
3889 0.161643
3890 0.208226
3891 0.178859
3892 0.221085
3893 0.164935
3894 0.182358
3895 0.212889
3896 0.178127
3897 0.201015
3898 0.253205
3899 0.204378
3900 0.150206
3901 0.180246
3902 0.155793
3903 0.225852
3904 0.17406
3905 0.225366
3906 0.174495
3907 0.153694
3908 0.174566
3909 0.228213
3910 0.233671
3911 0.203747
3912 0.186252
3913 0.185441
3914 0.174208
3915 0.17892
3916 0.153109
3917 0.231812
3918 0.183822
3919 0.178402
3920 0.202389
3921 0.209183
3922 0.189912
3923 0.171473
3924 0.189279
3925 0.185743
3926 0.191786
3927 0.186658
3928 0.192545
3929 0.191496
3930 0.217189
3931 0.199795
3932 0.178741
3933 0.233161
3934 0.221419
3935 0.159759
3936 0.165969
3937 0.217766
3938 0.194347
3939 0.194146
3940 0.169514
3941 0.159397
3942 0.221451
3943 0.2013
3944 0.173632
3945 0.198696
3946 0.162727
3947 0.187598
3948 0.168972
3949 0.206119
3950 0.171353
3951 0.181931
3952 0.234645
3953 0.206494
3954 0.156285
3955 0.233585
3956 0.243663
3957 0.200765
3958 0.205779
3959 0.205196
3960 0.180741
3961 0.181795
3962 0.215745
3963 0.198032
3964 0.177735
3965 0.213814
3966 0.165695
3967 0.188034
3968 0.204258
3969 0.238088
3970 0.225013
3971 0.202184
3972 0.182239
3973 0.189598
3974 0.209251
3975 0.20881
3976 0.16418
3977 0.17846
3978 0.182576
3979 0.195971
3980 0.229202
3981 0.229077
3982 0.189534
3983 0.211752
3984 0.233717
3985 0.14714
3986 0.192009
3987 0.235806
3988 0.173163
3989 0.165338
3990 0.193351
3991 0.182643
3992 0.208987
3993 0.244543
3994 0.17466
3995 0.178561
3996 0.226993
3997 0.191094
3998 0.205441
3999 0.162489
4000 0.184757
4001 0.164043
4002 0.170538
4003 0.184798
4004 0.176743
4005 0.206364
4006 0.196981
4007 0.174837
4008 0.178719
4009 0.16467
4010 0.178002
4011 0.204514
4012 0.197793
4013 0.205062
4014 0.167876
4015 0.191265
4016 0.204061
4017 0.165345
4018 0.258013
4019 0.184066
4020 0.189958
4021 0.186568
4022 0.157239
4023 0.181993
4024 0.175895
4025 0.202716
4026 0.274845
4027 0.207438
4028 0.219688
4029 0.247362
4030 0.185544
4031 0.259584
4032 0.175886
4033 0.204597
4034 0.201595
4035 0.178124
4036 0.221405
4037 0.16211
4038 0.176154
4039 0.187838
4040 0.203818
4041 0.178262
4042 0.202719
4043 0.172767
4044 0.18561
4045 0.197668
4046 0.167854
4047 0.19366
4048 0.233135
4049 0.182962
4050 0.189385
4051 0.187721
4052 0.203789
4053 0.212543
4054 0.182643
4055 0.160508
4056 0.179168
4057 0.174953
4058 0.196849
4059 0.166157
4060 0.197569
4061 0.181386
4062 0.213671
4063 0.161804
4064 0.210632
4065 0.18138
4066 0.256524
4067 0.212081
4068 0.192354
4069 0.201291
4070 0.174912
4071 0.189158
4072 0.193147
4073 0.193196
4074 0.194011
4075 0.194786
4076 0.19304
4077 0.180596
4078 0.181847
4079 0.187525
4080 0.238935
4081 0.178264
4082 0.215899
4083 0.185826
4084 0.140311
4085 0.173971
4086 0.154531
4087 0.229903
4088 0.18563
4089 0.195785
4090 0.22193
4091 0.234399
4092 0.186763
4093 0.167948
4094 0.207701
4095 0.214608
4096 0.222952
4097 0.238946
4098 0.169163
4099 0.178635
4100 0.216081
4101 0.233833
4102 0.222597
4103 0.22246
4104 0.159817
4105 0.195251
4106 0.204643
4107 0.199901
4108 0.199428
4109 0.222951
4110 0.201246
4111 0.214996
4112 0.181149
4113 0.191063
4114 0.265887
4115 0.159172
4116 0.156958
4117 0.174446
4118 0.186863
4119 0.185705
4120 0.22817
4121 0.172829
4122 0.150026
4123 0.164956
4124 0.171985
4125 0.157299
4126 0.276505
4127 0.220605
4128 0.210855
4129 0.160855
4130 0.186387
4131 0.165466
4132 0.168965
4133 0.180205
4134 0.185729
4135 0.184307
4136 0.185589
4137 0.17564
4138 0.169978
4139 0.213099
4140 0.179132
4141 0.235797
4142 0.178456
4143 0.217572
4144 0.215041
4145 0.18637
4146 0.185934
4147 0.170102
4148 0.16448
4149 0.180026
4150 0.217469
4151 0.253885
4152 0.229002
4153 0.173169
4154 0.221909
4155 0.228505
4156 0.181646
4157 0.143691
4158 0.191886
4159 0.181182
4160 0.211744
4161 0.148288
4162 0.240208
4163 0.194216
4164 0.172735
4165 0.194031
4166 0.223405
4167 0.184751
4168 0.169488
4169 0.182789
4170 0.158462
4171 0.216403
4172 0.175547
4173 0.183518
4174 0.232163
4175 0.197714
4176 0.160133
4177 0.179937
4178 0.186808
4179 0.197204
4180 0.258196
4181 0.187916
4182 0.18035
4183 0.166669
4184 0.18313
4185 0.199054
4186 0.275221
4187 0.188731
4188 0.261571
4189 0.195018
4190 0.197964
4191 0.230383
4192 0.197654
4193 0.206068
4194 0.199729
4195 0.164599
4196 0.185472
4197 0.208742
4198 0.189907
4199 0.15615
4200 0.170396
4201 0.258825
4202 0.234163
4203 0.172537
4204 0.171025
4205 0.196988
4206 0.206339
4207 0.184929
4208 0.224388
4209 0.183882
4210 0.167385
4211 0.208541
4212 0.180285
4213 0.217781
4214 0.170619
4215 0.236922
4216 0.164899
4217 0.175246
4218 0.176717
4219 0.229663
4220 0.229432
4221 0.214225
4222 0.208772
4223 0.238795
4224 0.185311
4225 0.187724
4226 0.200366
4227 0.205768
4228 0.177393
4229 0.169098
4230 0.211171
4231 0.192651
4232 0.27022
4233 0.194559
4234 0.206795
4235 0.179552
4236 0.201928
4237 0.223112
4238 0.184029
4239 0.147742
4240 0.207606
4241 0.210836
4242 0.175704
4243 0.193363
4244 0.171362
4245 0.154014
4246 0.15276
4247 0.181114
4248 0.171674
4249 0.160861
4250 0.174864
4251 0.212192
4252 0.201535
4253 0.163875
4254 0.196489
4255 0.193081
4256 0.1618
4257 0.180957
4258 0.187533
4259 0.190163
4260 0.179868
4261 0.198996
4262 0.208282
4263 0.174688
4264 0.156705
4265 0.172892
4266 0.217812
4267 0.191639
4268 0.20727
4269 0.17822
4270 0.200662
4271 0.149645
4272 0.178677
4273 0.161977
4274 0.154939
4275 0.156205
4276 0.153686
4277 0.178004
4278 0.162075
4279 0.154354
4280 0.162308
4281 0.153682
4282 0.184188
4283 0.156023
4284 0.15973
4285 0.24196
4286 0.137022
4287 0.193246
4288 0.213616
4289 0.169657
4290 0.195152
4291 0.168826
4292 0.213337
4293 0.222422
4294 0.192751
4295 0.172465
4296 0.208913
4297 0.160828
4298 0.165305
4299 0.171723
4300 0.150959
4301 0.254101
4302 0.200327
4303 0.176372
4304 0.256948
4305 0.172881
4306 0.170029
4307 0.217338
4308 0.178448
4309 0.223408
4310 0.209592
4311 0.193923
4312 0.189274
4313 0.184878
4314 0.181326
4315 0.183866
4316 0.261473
4317 0.184514
4318 0.181821
4319 0.171105
4320 0.207387
4321 0.169809
4322 0.159445
4323 0.16002
4324 0.161916
4325 0.177845
4326 0.182757
4327 0.246542
4328 0.156647
4329 0.155208
4330 0.156961
4331 0.184682
4332 0.193695
4333 0.217267
4334 0.165118
4335 0.182449
4336 0.161379
4337 0.165913
4338 0.190255
4339 0.205965
4340 0.18395
4341 0.166757
4342 0.171461
4343 0.18475
4344 0.153254
4345 0.193631
4346 0.191721
4347 0.16014
4348 0.178206
4349 0.171294
4350 0.168016
4351 0.179794
4352 0.156483
4353 0.168432
4354 0.176592
4355 0.186998
4356 0.188005
4357 0.210782
4358 0.177502
4359 0.177548
4360 0.199937
4361 0.166769
4362 0.172999
4363 0.187491
4364 0.161469
4365 0.166213
4366 0.155712
4367 0.166499
4368 0.148785
4369 0.172614
4370 0.182735
4371 0.203802
4372 0.168779
4373 0.20116
4374 0.177174
4375 0.147851
4376 0.178064
4377 0.183407
4378 0.165016
4379 0.153102
4380 0.173865
4381 0.204964
4382 0.192621
4383 0.158829
4384 0.155584
4385 0.194021
4386 0.2091
4387 0.231441
4388 0.173902
4389 0.154772
4390 0.148012
4391 0.156435
4392 0.179999
4393 0.163426
4394 0.155596
4395 0.149356
4396 0.176621
4397 0.215018
4398 0.1847
4399 0.170364
4400 0.192808
4401 0.156666
4402 0.168921
4403 0.184114
4404 0.204705
4405 0.165503
4406 0.186038
4407 0.140141
4408 0.152227
4409 0.220737
4410 0.20468
4411 0.172623
4412 0.176245
4413 0.179997
4414 0.16167
4415 0.162301
4416 0.211181
4417 0.160928
4418 0.178692
4419 0.165127
4420 0.202224
4421 0.214828
4422 0.165681
4423 0.161028
4424 0.24529
4425 0.17473
4426 0.171942
4427 0.165611
4428 0.168185
4429 0.148339
4430 0.172835
4431 0.181194
4432 0.191019
4433 0.19739
4434 0.234158
4435 0.163172
4436 0.141186
4437 0.173855
4438 0.146229
4439 0.175912
4440 0.183287
4441 0.179889
4442 0.168852
4443 0.170249
4444 0.213362
4445 0.155952
4446 0.165599
4447 0.21782
4448 0.160778
4449 0.166918
4450 0.14685
4451 0.167947
4452 0.188064
4453 0.203217
4454 0.238097
4455 0.239658
4456 0.180778
4457 0.202952
4458 0.168846
4459 0.195759
4460 0.199482
4461 0.155159
4462 0.186425
4463 0.149163
4464 0.167249
4465 0.156931
4466 0.175378
4467 0.186896
4468 0.179668
4469 0.200493
4470 0.160672
4471 0.191852
4472 0.209919
4473 0.172403
4474 0.180882
4475 0.195979
4476 0.209574
4477 0.183762
4478 0.141237
4479 0.169821
4480 0.184542
4481 0.160735
4482 0.1864
4483 0.183072
4484 0.155527
4485 0.174347
4486 0.18451
4487 0.175914
4488 0.162191
4489 0.172836
4490 0.170073
4491 0.182824
4492 0.189595
4493 0.167905
4494 0.211071
4495 0.234689
4496 0.175146
4497 0.197769
4498 0.179155
4499 0.15612
4500 0.187261
4501 0.189957
4502 0.160271
4503 0.237726
4504 0.203198
4505 0.153175
4506 0.169685
4507 0.179228
4508 0.226927
4509 0.168205
4510 0.171485
4511 0.214981
4512 0.160134
4513 0.176409
4514 0.145499
4515 0.159277
4516 0.25649
4517 0.192546
4518 0.185291
4519 0.200624
4520 0.19439
4521 0.177866
4522 0.194797
4523 0.207964
4524 0.183322
4525 0.22683
4526 0.176241
4527 0.175907
4528 0.154269
4529 0.238507
4530 0.216615
4531 0.159656
4532 0.159001
4533 0.141492
4534 0.152971
4535 0.193291
4536 0.178142
4537 0.234097
4538 0.151895
4539 0.202438
4540 0.195806
4541 0.167534
4542 0.190101
4543 0.235164
4544 0.141468
4545 0.148524
4546 0.163437
4547 0.222918
4548 0.178452
4549 0.178357
4550 0.188837
4551 0.157026
4552 0.161788
4553 0.203414
4554 0.200029
4555 0.255389
4556 0.199515
4557 0.209416
4558 0.198848
4559 0.196262
4560 0.194289
4561 0.146796
4562 0.174229
4563 0.202123
4564 0.18554
4565 0.194917
4566 0.188007
4567 0.214789
4568 0.188289
4569 0.183055
4570 0.220628
4571 0.188998
4572 0.202045
4573 0.167618
4574 0.160565
4575 0.180371
4576 0.155291
4577 0.173079
4578 0.166484
4579 0.197
4580 0.215183
4581 0.177592
4582 0.198121
4583 0.170959
4584 0.2109
4585 0.171091
4586 0.168585
4587 0.184458
4588 0.220387
4589 0.140527
4590 0.160668
4591 0.229224
4592 0.206046
4593 0.190035
4594 0.173999
4595 0.24568
4596 0.164231
4597 0.155518
4598 0.222529
4599 0.159707
4600 0.214851
4601 0.147987
4602 0.17944
4603 0.201787
4604 0.152111
4605 0.16541
4606 0.198088
4607 0.203548
4608 0.164194
4609 0.247058
4610 0.170491
4611 0.172953
4612 0.17156
4613 0.181649
4614 0.173559
4615 0.162819
4616 0.221715
4617 0.25148
4618 0.161172
4619 0.223743
4620 0.248654
4621 0.15232
4622 0.198807
4623 0.162961
4624 0.149187
4625 0.174089
4626 0.185683
4627 0.175371
4628 0.133492
4629 0.143521
4630 0.221575
4631 0.177615
4632 0.209404
4633 0.153898
4634 0.235396
4635 0.193918
4636 0.180185
4637 0.273302
4638 0.170766
4639 0.163213
4640 0.236034
4641 0.235431
4642 0.20441
4643 0.170919
4644 0.185606
4645 0.165757
4646 0.161098
4647 0.17147
4648 0.281956
4649 0.16892
4650 0.165743
4651 0.15574
4652 0.16868
4653 0.173082
4654 0.162768
4655 0.241294
4656 0.176114
4657 0.146027
4658 0.174197
4659 0.209289
4660 0.171421
4661 0.213608
4662 0.194607
4663 0.193429
4664 0.179757
4665 0.179494
4666 0.170014
4667 0.173403
4668 0.170537
4669 0.181492
4670 0.189745
4671 0.16304
4672 0.175588
4673 0.159945
4674 0.172271
4675 0.158185
4676 0.218455
4677 0.224229
4678 0.174085
4679 0.177654
4680 0.182294
4681 0.176112
4682 0.163553
4683 0.183053
4684 0.1748
4685 0.154289
4686 0.158134
4687 0.18357
4688 0.196153
4689 0.15329
4690 0.143904
4691 0.15371
4692 0.139158
4693 0.190842
4694 0.155705
4695 0.1624
4696 0.160331
4697 0.150808
4698 0.193738
4699 0.150266
4700 0.138998
4701 0.206777
4702 0.141996
4703 0.154401
4704 0.135798
4705 0.15777
4706 0.141369
4707 0.174734
4708 0.131448
4709 0.149359
4710 0.148007
4711 0.185884
4712 0.182548
4713 0.16683
4714 0.267883
4715 0.232198
4716 0.274829
4717 0.171251
4718 0.215384
4719 0.160065
4720 0.15964
4721 0.185222
4722 0.20902
4723 0.167611
4724 0.199627
4725 0.179402
4726 0.161386
4727 0.146624
4728 0.150463
4729 0.17153
4730 0.23491
4731 0.195208
4732 0.154227
4733 0.240061
4734 0.162378
4735 0.177909
4736 0.164328
4737 0.162636
4738 0.176787
4739 0.179813
4740 0.221459
4741 0.210538
4742 0.172041
4743 0.180589
4744 0.221398
4745 0.204786
4746 0.192454
4747 0.178523
4748 0.17761
4749 0.165351
4750 0.17083
4751 0.161766
4752 0.16909
4753 0.13156
4754 0.161028
4755 0.191738
4756 0.274104
4757 0.157188
4758 0.152317
4759 0.150464
4760 0.16388
4761 0.198976
4762 0.197179
4763 0.169
4764 0.149196
4765 0.160492
4766 0.162186
4767 0.200764
4768 0.174179
4769 0.180005
4770 0.155483
4771 0.144759
4772 0.174269
4773 0.186683
4774 0.171452
4775 0.183649
4776 0.167806
4777 0.157379
4778 0.167439
4779 0.204646
4780 0.166624
4781 0.170356
4782 0.186045
4783 0.163184
4784 0.20122
4785 0.181314
4786 0.181877
4787 0.177917
4788 0.163255
4789 0.15948
4790 0.150431
4791 0.207761
4792 0.177731
4793 0.148116
4794 0.183047
4795 0.162996
4796 0.204015
4797 0.167074
4798 0.149311
4799 0.2093
4800 0.151698
4801 0.193658
4802 0.154328
4803 0.151902
4804 0.175369
4805 0.158831
4806 0.171511
4807 0.178371
4808 0.16561
4809 0.159613
4810 0.164898
4811 0.165834
4812 0.158458
4813 0.193069
4814 0.164974
4815 0.233587
4816 0.157206
4817 0.17582
4818 0.168606
4819 0.153956
4820 0.20104
4821 0.140181
4822 0.15016
4823 0.192437
4824 0.16991
4825 0.196592
4826 0.168608
4827 0.178525
4828 0.18792
4829 0.151455
4830 0.134775
4831 0.184937
4832 0.182264
4833 0.167868
4834 0.239992
4835 0.168501
4836 0.150029
4837 0.143852
4838 0.235197
4839 0.171602
4840 0.199888
4841 0.155854
4842 0.15615
4843 0.153327
4844 0.175166
4845 0.193986
4846 0.136797
4847 0.149754
4848 0.167784
4849 0.178472
4850 0.178298
4851 0.153099
4852 0.18671
4853 0.163618
4854 0.15886
4855 0.13354
4856 0.164029
4857 0.168764
4858 0.154251
4859 0.161185
4860 0.151361
4861 0.170527
4862 0.163789
4863 0.253778
4864 0.152214
4865 0.181661
4866 0.178247
4867 0.165226
4868 0.172455
4869 0.181404
4870 0.177621
4871 0.175659
4872 0.181228
4873 0.197316
4874 0.149342
4875 0.147073
4876 0.207834
4877 0.145062
4878 0.173956
4879 0.172447
4880 0.182342
4881 0.155542
4882 0.180335
4883 0.213999
4884 0.256535
4885 0.178521
4886 0.192711
4887 0.137194
4888 0.206471
4889 0.172034
4890 0.175883
4891 0.179106
4892 0.190614
4893 0.16791
4894 0.16744
4895 0.175366
4896 0.15303
4897 0.176369
4898 0.183227
4899 0.158861
4900 0.177083
4901 0.181169
4902 0.183962
4903 0.174901
4904 0.189452
4905 0.210916
4906 0.16196
4907 0.15856
4908 0.183204
4909 0.16358
4910 0.153619
4911 0.167653
4912 0.159247
4913 0.157624
4914 0.165227
4915 0.170939
4916 0.1974
4917 0.151922
4918 0.183987
4919 0.179771
4920 0.153749
4921 0.181355
4922 0.157795
4923 0.208062
4924 0.200218
4925 0.183359
4926 0.174534
4927 0.184547
4928 0.1584
4929 0.207099
4930 0.1797
4931 0.167391
4932 0.18015
4933 0.192151
4934 0.146599
4935 0.159338
4936 0.173613
4937 0.153387
4938 0.161418
4939 0.176336
4940 0.183125
4941 0.169216
4942 0.153984
4943 0.144429
4944 0.157361
4945 0.225851
4946 0.161363
4947 0.202138
4948 0.196697
4949 0.165772
4950 0.17945
4951 0.156425
4952 0.147764
4953 0.242115
4954 0.205117
4955 0.157521
4956 0.154373
4957 0.161849
4958 0.234876
4959 0.171944
4960 0.177633
4961 0.177856
4962 0.161646
4963 0.1558
4964 0.15126
4965 0.168902
4966 0.176196
4967 0.147153
4968 0.22643
4969 0.165547
4970 0.15868
4971 0.212666
4972 0.222843
4973 0.163363
4974 0.133008
4975 0.184186
4976 0.176449
4977 0.182662
4978 0.223365
4979 0.15464
4980 0.178765
4981 0.147595
4982 0.16239
4983 0.180338
4984 0.214252
4985 0.15116
4986 0.160802
4987 0.196997
4988 0.161794
4989 0.145167
4990 0.16129
4991 0.165684
4992 0.161874
4993 0.165739
4994 0.153401
4995 0.135219
4996 0.184037
4997 0.172513
4998 0.15974
4999 0.199307
5000 0.163435
