0 2.60564
1 2.5201
2 2.23284
3 2.01481
4 1.86729
5 1.87597
6 2.02672
7 1.90872
8 1.59498
9 1.61811
10 1.65732
11 2.39922
12 2.33902
13 2.2296
14 2.01317
15 1.73973
16 1.48996
17 1.5067
18 1.34206
19 1.22437
20 1.37924
21 1.44968
22 1.40098
23 1.27764
24 1.09381
25 1.25895
26 1.16663
27 1.05895
28 1.2791
29 1.05239
30 1.06581
31 0.795538
32 0.872939
33 1.00904
34 1.15969
35 1.0221
36 0.704353
37 0.815592
38 0.726598
39 0.811738
40 0.672371
41 0.757467
42 0.885735
43 0.760676
44 1.05998
45 1.01126
46 0.742606
47 0.713758
48 0.675316
49 0.648606
50 0.688738
51 0.975841
52 0.846585
53 0.700291
54 0.701201
55 0.971829
56 0.978591
57 0.913036
58 0.870939
59 1.00089
60 0.658201
61 0.661362
62 0.972609
63 1.00587
64 0.624626
65 0.645108
66 0.601929
67 0.690385
68 0.741119
69 0.661659
70 0.862111
71 0.817114
72 0.890734
73 0.899736
74 0.940224
75 0.901501
76 1.03824
77 0.672281
78 0.609593
79 0.706279
80 0.587405
81 0.624302
82 0.684519
83 0.648574
84 0.72583
85 0.708355
86 0.733805
87 0.512492
88 0.559733
89 0.602831
90 0.65754
91 0.657003
92 0.637282
93 0.758013
94 0.774781
95 0.707266
96 0.632689
97 0.728827
98 0.767533
99 0.707431
100 0.714677
101 0.493159
102 0.476202
103 0.517535
104 0.574772
105 0.49366
106 0.658628
107 0.603657
108 0.486099
109 0.510645
110 0.5334
111 0.712634
112 0.787427
113 0.793361
114 0.51841
115 0.461055
116 0.574669
117 0.869414
118 0.880159
119 0.547328
120 0.470791
121 0.505804
122 0.631294
123 0.652981
124 0.694676
125 0.540591
126 0.505013
127 0.501404
128 0.479694
129 0.499088
130 0.426885
131 0.338721
132 0.418677
133 0.532784
134 0.620607
135 0.451501
136 0.757946
137 0.878719
138 0.545721
139 0.586086
140 0.397163
141 0.491163
142 0.455287
143 0.426475
144 0.475578
145 0.477397
146 0.579898
147 0.591566
148 0.812466
149 0.633419
150 0.638616
151 0.502202
152 0.71336
153 0.820486
154 0.713014
155 0.50039
156 0.473682
157 0.470572
158 0.505547
159 0.35625
160 0.524394
161 0.436185
162 0.574311
163 0.485742
164 0.427593
165 0.360995
166 0.508747
167 0.584855
168 0.511832
169 0.732629
170 1.06255
171 0.72576
172 0.863606
173 0.870425
174 0.55799
175 0.574791
176 0.440583
177 0.501575
178 0.5462
179 0.407829
180 0.464024
181 0.399901
182 0.633325
183 0.390128
184 0.590281
185 0.504225
186 0.470356
187 0.467224
188 0.581072
189 0.556074
190 0.537873
191 0.460078
192 0.415459
193 0.622599
194 0.652615
195 0.537578
196 0.563106
197 0.436235
198 0.501147
199 0.475573
200 0.539458
201 0.468105
202 0.541718
203 0.476406
204 0.638988
205 0.781814
206 0.767325
207 0.446935
208 0.747541
209 0.499156
210 0.502517
211 0.524434
212 0.531619
213 0.774177
214 0.79476
215 0.446645
216 0.485434
217 0.561524
218 0.429997
219 0.429141
220 0.421469
221 0.549873
222 0.454706
223 0.340537
224 0.498077
225 0.367565
226 0.499118
227 0.32992
228 0.371276
229 0.48138
230 0.569845
231 0.56999
232 0.566972
233 0.555724
234 0.367256
235 0.421972
236 0.471965
237 0.396908
238 0.502081
239 0.50173
240 0.33052
241 0.408461
242 0.498692
243 0.503823
244 0.36273
245 0.518691
246 0.418532
247 0.341228
248 0.396021
249 0.367331
250 0.546623
251 0.408588
252 0.728563
253 0.519681
254 0.529015
255 0.604058
256 0.437775
257 0.48492
258 0.417006
259 0.427883
260 0.429472
261 0.365707
262 0.486609
263 0.477248
264 0.280321
265 0.406347
266 0.324702
267 0.541598
268 0.783714
269 0.581548
270 0.62514
271 0.540668
272 0.471981
273 0.561678
274 0.571643
275 0.416071
276 0.396937
277 0.436919
278 0.523156
279 0.399936
280 0.37869
281 0.479619
282 0.413018
283 0.522766
284 0.509952
285 0.504213
286 0.426719
287 0.427053
288 0.430098
289 0.443682
290 0.473846
291 0.526777
292 0.578587
293 0.457411
294 0.410267
295 0.537369
296 0.634508
297 0.357702
298 0.44973
299 0.259402
300 0.302539
301 0.406611
302 0.425003
303 0.44968
304 0.453723
305 0.522566
306 0.499868
307 0.440915
308 0.436117
309 0.304661
310 0.299272
311 0.496307
312 0.489834
313 0.588324
314 0.409139
315 0.353076
316 0.519354
317 0.484107
318 0.489565
319 0.512661
320 0.449638
321 0.437669
322 0.631481
323 0.659735
324 0.354498
325 0.423543
326 0.359878
327 0.389173
328 0.396634
329 0.408333
330 0.471087
331 0.53131
332 0.532214
333 0.42236
334 0.411925
335 0.542343
336 0.498324
337 0.298352
338 0.490105
339 0.335057
340 0.384053
341 0.396344
342 0.396847
343 0.757162
344 0.509687
345 0.411102
346 0.357778
347 0.7077
348 0.493022
349 0.401162
350 0.645674
351 0.39733
352 0.420435
353 0.457728
354 0.732285
355 0.488469
356 0.512255
357 0.521511
358 0.431596
359 0.360879
360 0.387167
361 0.478541
362 0.38003
363 0.369154
364 0.373052
365 0.416206
366 0.333251
367 0.52415
368 0.466385
369 0.425185
370 0.407504
371 0.353659
372 0.53611
373 0.441352
374 0.653698
375 0.409085
376 0.447122
377 0.275616
378 0.377607
379 0.451672
380 0.380371
381 0.410432
382 0.469603
383 0.33867
384 0.370607
385 0.363671
386 0.38389
387 0.380333
388 0.344139
389 0.543782
390 0.436597
391 0.331978
392 0.448051
393 0.363544
394 0.344325
395 0.322377
396 0.407463
397 0.38621
398 0.328871
399 0.351596
400 0.453761
401 0.346315
402 0.361882
403 0.374144
404 0.328408
405 0.308742
406 0.382529
407 0.237818
408 0.352815
409 0.346443
410 0.312389
411 0.585866
412 0.356214
413 0.275439
414 0.317906
415 0.252556
416 0.236908
417 0.30339
418 0.361485
419 0.231632
420 0.394684
421 0.213284
422 0.228329
423 0.255768
424 0.621407
425 0.477246
426 0.276809
427 0.647581
428 0.232944
429 0.537098
430 0.297147
431 0.480266
432 0.393376
433 0.376123
434 0.432865
435 0.453807
436 0.292289
437 0.337752
438 0.398983
439 0.355382
440 0.410349
441 0.395933
442 0.329438
443 0.484831
444 0.455602
445 0.364019
446 0.454356
447 0.381661
448 0.389689
449 0.379151
450 0.468423
451 0.320412
452 0.34331
453 0.581769
454 0.343927
455 0.450303
456 0.325844
457 0.69343
458 0.636077
459 0.525949
460 0.39885
461 0.3676
462 0.322793
463 0.443116
464 0.448594
465 0.330435
466 0.364097
467 0.285762
468 0.442474
469 0.559802
470 0.367968
471 0.335153
472 0.276518
473 0.432459
474 0.38274
475 0.468692
476 0.270779
477 0.377054
478 0.292217
479 0.393983
480 0.42793
481 0.365959
482 0.416761
483 0.430811
484 0.292128
485 0.354844
486 0.305819
487 0.524833
488 0.623958
489 0.438384
490 0.357102
491 0.493391
492 0.367654
493 0.365612
494 0.393837
495 0.347679
496 0.397894
497 0.38423
498 0.420978
499 0.347412
500 0.337205
501 0.466118
502 0.3773
503 0.403412
504 0.537297
505 0.673151
506 0.2859
507 0.475733
508 0.384655
509 0.330283
510 0.383573
511 0.370675
512 0.45397
513 0.465933
514 0.534585
515 0.374905
516 0.35876
517 0.248993
518 0.33292
519 0.404408
520 0.395983
521 0.357236
522 0.414188
523 0.396518
524 0.396152
525 0.335553
526 0.381529
527 0.385157
528 0.395068
529 0.331052
530 0.302324
531 0.297945
532 0.346117
533 0.321644
534 0.326318
535 0.325666
536 0.290321
537 0.262431
538 0.317616
539 0.403675
540 0.403307
541 0.383141
542 0.39571
543 0.325098
544 0.384262
545 0.366934
546 0.37142
547 0.625836
548 0.32185
549 0.27951
550 0.368348
551 0.504963
552 0.431817
553 0.480627
554 0.432559
555 0.247985
556 0.288215
557 0.311427
558 0.354188
559 0.297343
560 0.294382
561 0.349193
562 0.338245
563 0.379252
564 0.328375
565 0.56687
566 0.329001
567 0.327372
568 0.281034
569 0.30144
570 0.365164
571 0.259677
572 0.377296
573 0.333411
574 0.425216
575 0.396091
576 0.424918
577 0.288533
578 0.343094
579 0.394744
580 0.317615
581 0.387573
582 0.37265
583 0.434514
584 0.326363
585 0.283081
586 0.375933
587 0.353833
588 0.315121
589 0.380458
590 0.363325
591 0.41146
592 0.330204
593 0.32741
594 0.263871
595 0.431562
596 0.386429
597 0.495006
598 0.383635
599 0.585683
600 0.36415
601 0.439603
602 0.364649
603 0.34855
604 0.323336
605 0.293765
606 0.402393
607 0.324399
608 0.276679
609 0.348158
610 0.268032
611 0.496252
612 0.310586
613 0.482141
614 0.299143
615 0.273659
616 0.348068
617 0.388111
618 0.351439
619 0.339575
620 0.329247
621 0.386926
622 0.336612
623 0.401595
624 0.393027
625 0.374131
626 0.291303
627 0.323168
628 0.346193
629 0.338079
630 0.325771
631 0.325693
632 0.363391
633 0.360143
634 0.503679
635 0.368887
636 0.403182
637 0.40817
638 0.337481
639 0.374847
640 0.328371
641 0.442204
642 0.573643
643 0.536124
644 0.460972
645 0.33439
646 0.333247
647 0.289929
648 0.294417
649 0.376496
650 0.440043
651 0.321403
652 0.309153
653 0.354477
654 0.217171
655 0.378131
656 0.251951
657 0.245861
658 0.384209
659 0.370637
660 0.459894
661 0.510978
662 0.357791
663 0.347985
664 0.347286
665 0.285593
666 0.380751
667 0.286538
668 0.284952
669 0.294734
670 0.343361
671 0.392239
672 0.376574
673 0.239974
674 0.367359
675 0.254409
676 0.319304
677 0.339154
678 0.304819
679 0.432765
680 0.342302
681 0.471665
682 0.520491
683 0.38021
684 0.348538
685 0.397361
686 0.334133
687 0.258049
688 0.311322
689 0.341081
690 0.29694
691 0.402667
692 0.271462
693 0.276121
694 0.314099
695 0.359703
696 0.468793
697 0.493633
698 0.407027
699 0.375438
700 0.317274
701 0.350169
702 0.329399
703 0.281477
704 0.278447
705 0.41243
706 0.369217
707 0.331878
708 0.313653
709 0.279102
710 0.38584
711 0.341373
712 0.427259
713 0.426371
714 0.363531
715 0.354214
716 0.257338
717 0.363702
718 0.318769
719 0.295496
720 0.38304
721 0.588965
722 0.30405
723 0.374043
724 0.428812
725 0.529935
726 0.26344
727 0.309445
728 0.247656
729 0.290475
730 0.385731
731 0.271142
732 0.317071
733 0.301351
734 0.300976
735 0.328561
736 0.440965
737 0.242538
738 0.274504
739 0.28135
740 0.443313
741 0.338398
742 0.37104
743 0.357155
744 0.329458
745 0.483237
746 0.356577
747 0.423969
748 0.373146
749 0.359002
750 0.350585
751 0.461698
752 0.314615
753 0.23831
754 0.356208
755 0.25976
756 0.337318
757 0.276371
758 0.462535
759 0.497464
760 0.340229
761 0.343906
762 0.466423
763 0.274081
764 0.383265
765 0.351643
766 0.290802
767 0.295852
768 0.293812
769 0.32558
770 0.226134
771 0.37283
772 0.591563
773 0.33948
774 0.371861
775 0.253115
776 0.530277
777 0.426178
778 0.281044
779 0.531705
780 0.344984
781 0.361445
782 0.365584
783 0.546803
784 0.607468
785 0.374127
786 0.322451
787 0.258142
788 0.239434
789 0.299218
790 0.326411
791 0.25287
792 0.306694
793 0.276573
794 0.36137
795 0.304694
796 0.416884
797 0.320195
798 0.325612
799 0.305046
800 0.244925
801 0.389696
802 0.365543
803 0.547041
804 0.368447
805 0.295411
806 0.243627
807 0.332107
808 0.391547
809 0.310463
810 0.308142
811 0.326622
812 0.250781
813 0.267723
814 0.250442
815 0.314892
816 0.258543
817 0.247108
818 0.374899
819 0.290145
820 0.28234
821 0.319025
822 0.282848
823 0.247491
824 0.254151
825 0.286718
826 0.28906
827 0.267418
828 0.329779
829 0.304697
830 0.423506
831 0.269761
832 0.266938
833 0.274708
834 0.238626
835 0.270715
836 0.254709
837 0.290699
838 0.292261
839 0.25529
840 0.43138
841 0.289762
842 0.241648
843 0.294128
844 0.242492
845 0.203211
846 0.223787
847 0.264651
848 0.198318
849 0.330721
850 0.174588
851 0.188047
852 0.307323
853 0.27968
854 0.201693
855 0.255
856 0.529598
857 0.388942
858 0.388757
859 0.246569
860 0.281457
861 0.334892
862 0.345384
863 0.384313
864 0.468873
865 0.317836
866 0.297256
867 0.292614
868 0.344558
869 0.237296
870 0.306897
871 0.354079
872 0.372216
873 0.37235
874 0.327305
875 0.400789
876 0.260435
877 0.386289
878 0.282273
879 0.376138
880 0.277946
881 0.271254
882 0.424814
883 0.297604
884 0.304803
885 0.264797
886 0.500228
887 0.482035
888 0.241594
889 0.29849
890 0.345735
891 0.2955
892 0.332291
893 0.240784
894 0.28441
895 0.21657
896 0.302904
897 0.261309
898 0.508011
899 0.418639
900 0.223724
901 0.250251
902 0.391627
903 0.278811
904 0.287994
905 0.335246
906 0.218304
907 0.238477
908 0.382627
909 0.33842
910 0.28583
911 0.297212
912 0.302922
913 0.279585
914 0.347737
915 0.259761
916 0.324062
917 0.300141
918 0.293235
919 0.31385
920 0.405924
921 0.337497
922 0.306708
923 0.339922
924 0.257775
925 0.372274
926 0.323056
927 0.352518
928 0.334932
929 0.368972
930 0.391995
931 0.2651
932 0.350631
933 0.432504
934 0.317678
935 0.22445
936 0.407517
937 0.339112
938 0.281346
939 0.302117
940 0.295537
941 0.329994
942 0.397333
943 0.329009
944 0.263967
945 0.206573
946 0.294848
947 0.289593
948 0.266214
949 0.333504
950 0.299559
951 0.342245
952 0.371095
953 0.224193
954 0.266712
955 0.396694
956 0.337156
957 0.285252
958 0.317329
959 0.23862
960 0.270338
961 0.271059
962 0.284081
963 0.261889
964 0.259604
965 0.221423
966 0.249721
967 0.349277
968 0.352546
969 0.295684
970 0.284154
971 0.25603
972 0.217655
973 0.323757
974 0.320836
975 0.374885
976 0.32804
977 0.249105
978 0.245819
979 0.403433
980 0.432846
981 0.356465
982 0.326743
983 0.314518
984 0.22405
985 0.256181
986 0.294939
987 0.338838
988 0.2004
989 0.314214
990 0.240259
991 0.351006
992 0.326587
993 0.324086
994 0.463677
995 0.352539
996 0.34634
997 0.236569
998 0.323803
999 0.248091
1000 0.23526
1001 0.336713
1002 0.369758
1003 0.320004
1004 0.262396
1005 0.315028
1006 0.230231
1007 0.314434
1008 0.232944
1009 0.314075
1010 0.328039
1011 0.275953
1012 0.294144
1013 0.295219
1014 0.251076
1015 0.273566
1016 0.211204
1017 0.281235
1018 0.323028
1019 0.357348
1020 0.272952
1021 0.301499
1022 0.251329
1023 0.229699
1024 0.407133
1025 0.44846
1026 0.353882
1027 0.356708
1028 0.374678
1029 0.222634
1030 0.417866
1031 0.314418
1032 0.242963
1033 0.309331
1034 0.345109
1035 0.308336
1036 0.235723
1037 0.243663
1038 0.290076
1039 0.291684
1040 0.32628
1041 0.316653
1042 0.370393
1043 0.296896
1044 0.299679
1045 0.329701
1046 0.29946
1047 0.327425
1048 0.263269
1049 0.257027
1050 0.311859
1051 0.326586
1052 0.31668
1053 0.350237
1054 0.22827
1055 0.22385
1056 0.298881
1057 0.291281
1058 0.242486
1059 0.278501
1060 0.243099
1061 0.336519
1062 0.410239
1063 0.368688
1064 0.240415
1065 0.369895
1066 0.297679
1067 0.345413
1068 0.323844
1069 0.272988
1070 0.321544
1071 0.371458
1072 0.288958
1073 0.266706
1074 0.370749
1075 0.287136
1076 0.316331
1077 0.239786
1078 0.316931
1079 0.247731
1080 0.261165
1081 0.274678
1082 0.304608
1083 0.180947
1084 0.329913
1085 0.222321
1086 0.235731
1087 0.405745
1088 0.248861
1089 0.420625
1090 0.398167
1091 0.272621
1092 0.347131
1093 0.279356
1094 0.263718
1095 0.356534
1096 0.260727
1097 0.304125
1098 0.275222
1099 0.377455
1100 0.36971
1101 0.266962
1102 0.289436
1103 0.243538
1104 0.213588
1105 0.285318
1106 0.309025
1107 0.336479
1108 0.298696
1109 0.284275
1110 0.497443
1111 0.435241
1112 0.288426
1113 0.352687
1114 0.251417
1115 0.268435
1116 0.213651
1117 0.297795
1118 0.266417
1119 0.370096
1120 0.274609
1121 0.259929
1122 0.212174
1123 0.226699
1124 0.320748
1125 0.481018
1126 0.370694
1127 0.281124
1128 0.318896
1129 0.332817
1130 0.239126
1131 0.287851
1132 0.231672
1133 0.296726
1134 0.299722
1135 0.325868
1136 0.254097
1137 0.232721
1138 0.307221
1139 0.264846
1140 0.39748
1141 0.348918
1142 0.385672
1143 0.2725
1144 0.285614
1145 0.299481
1146 0.303745
1147 0.262466
1148 0.225871
1149 0.369295
1150 0.365017
1151 0.369491
1152 0.270221
1153 0.3317
1154 0.35227
1155 0.251038
1156 0.259858
1157 0.226274
1158 0.26583
1159 0.256196
1160 0.245822
1161 0.398165
1162 0.238058
1163 0.266062
1164 0.319302
1165 0.366721
1166 0.216814
1167 0.246244
1168 0.323679
1169 0.338518
1170 0.332644
1171 0.233874
1172 0.227606
1173 0.312054
1174 0.342835
1175 0.266905
1176 0.339339
1177 0.275448
1178 0.345639
1179 0.394046
1180 0.394211
1181 0.229233
1182 0.200743
1183 0.326697
1184 0.228587
1185 0.263261
1186 0.229655
1187 0.398962
1188 0.322604
1189 0.260803
1190 0.394558
1191 0.254097
1192 0.317061
1193 0.31972
1194 0.238458
1195 0.298515
1196 0.28744
1197 0.366651
1198 0.242938
1199 0.236591
1200 0.395534
1201 0.346896
1202 0.33455
1203 0.200413
1204 0.274597
1205 0.404748
1206 0.302635
1207 0.231468
1208 0.419276
1209 0.232787
1210 0.342409
1211 0.317751
1212 0.329031
1213 0.330713
1214 0.267238
1215 0.218584
1216 0.22927
1217 0.229236
1218 0.322596
1219 0.303189
1220 0.249643
1221 0.235465
1222 0.296354
1223 0.203044
1224 0.290332
1225 0.37143
1226 0.28185
1227 0.263537
1228 0.210057
1229 0.225474
1230 0.297091
1231 0.359298
1232 0.34016
1233 0.310879
1234 0.221377
1235 0.203754
1236 0.349071
1237 0.268202
1238 0.254596
1239 0.277424
1240 0.258817
1241 0.21835
1242 0.271478
1243 0.234054
1244 0.319419
1245 0.204552
1246 0.269801
1247 0.301929
1248 0.219515
1249 0.252406
1250 0.294551
1251 0.287666
1252 0.229332
1253 0.245146
1254 0.3463
1255 0.24277
1256 0.233317
1257 0.268314
1258 0.24222
1259 0.271281
1260 0.249558
1261 0.230389
1262 0.28547
1263 0.231349
1264 0.202557
1265 0.267613
1266 0.274691
1267 0.268593
1268 0.286324
1269 0.299284
1270 0.208929
1271 0.234748
1272 0.215604
1273 0.19555
1274 0.209079
1275 0.161574
1276 0.189215
1277 0.228165
1278 0.215282
1279 0.184105
1280 0.17006
1281 0.317655
1282 0.26383
1283 0.170677
1284 0.503439
1285 0.227536
1286 0.325395
1287 0.296495
1288 0.303183
1289 0.215265
1290 0.262709
1291 0.26777
1292 0.316027
1293 0.295781
1294 0.286237
1295 0.231405
1296 0.216927
1297 0.266092
1298 0.263214
1299 0.242033
1300 0.345138
1301 0.404434
1302 0.247006
1303 0.33962
1304 0.335505
1305 0.275894
1306 0.283445
1307 0.256091
1308 0.358051
1309 0.300322
1310 0.263761
1311 0.356284
1312 0.258786
1313 0.345377
1314 0.315206
1315 0.370454
1316 0.468503
1317 0.246652
1318 0.272335
1319 0.281857
1320 0.297592
1321 0.223268
1322 0.219869
1323 0.248955
1324 0.201231
1325 0.300193
1326 0.263826
1327 0.2652
1328 0.210252
1329 0.199609
1330 0.264316
1331 0.239908
1332 0.278033
1333 0.270102
1334 0.265247
1335 0.212519
1336 0.22334
1337 0.336084
1338 0.313739
1339 0.265666
1340 0.244918
1341 0.209109
1342 0.217426
1343 0.2268
1344 0.227581
1345 0.447723
1346 0.256765
1347 0.256137
1348 0.313404
1349 0.357995
1350 0.24441
1351 0.296168
1352 0.293564
1353 0.282035
1354 0.30717
1355 0.268303
1356 0.291347
1357 0.251552
1358 0.346362
1359 0.312954
1360 0.295347
1361 0.287121
1362 0.386981
1363 0.229158
1364 0.22561
1365 0.336288
1366 0.256263
1367 0.262508
1368 0.286984
1369 0.278441
1370 0.316422
1371 0.316006
1372 0.261883
1373 0.244711
1374 0.212246
1375 0.242911
1376 0.22938
1377 0.330731
1378 0.255716
1379 0.291872
1380 0.222619
1381 0.292385
1382 0.230926
1383 0.284892
1384 0.333458
1385 0.283786
1386 0.242683
1387 0.315588
1388 0.279201
1389 0.227275
1390 0.269601
1391 0.219834
1392 0.288851
1393 0.259475
1394 0.205897
1395 0.216182
1396 0.33325
1397 0.317096
1398 0.336401
1399 0.255316
1400 0.204961
1401 0.236702
1402 0.247498
1403 0.270332
1404 0.367487
1405 0.277567
1406 0.207274
1407 0.237368
1408 0.343162
1409 0.342407
1410 0.350121
1411 0.24825
1412 0.252415
1413 0.206721
1414 0.278708
1415 0.392246
1416 0.219372
1417 0.195769
1418 0.240011
1419 0.219463
1420 0.2866
1421 0.279686
1422 0.344597
1423 0.478075
1424 0.278082
1425 0.202593
1426 0.188207
1427 0.251357
1428 0.219326
1429 0.302308
1430 0.244718
1431 0.268405
1432 0.257058
1433 0.312076
1434 0.351821
1435 0.191192
1436 0.290528
1437 0.203956
1438 0.275674
1439 0.323386
1440 0.266928
1441 0.235044
1442 0.186253
1443 0.244044
1444 0.257784
1445 0.168414
1446 0.333575
1447 0.263332
1448 0.311765
1449 0.244523
1450 0.215245
1451 0.231395
1452 0.266399
1453 0.354299
1454 0.420495
1455 0.410012
1456 0.371678
1457 0.37203
1458 0.229924
1459 0.453524
1460 0.214883
1461 0.262049
1462 0.244752
1463 0.258129
1464 0.36027
1465 0.205187
1466 0.222213
1467 0.228159
1468 0.28215
1469 0.240374
1470 0.343031
1471 0.261992
1472 0.202782
1473 0.238866
1474 0.347646
1475 0.310589
1476 0.340221
1477 0.209399
1478 0.235755
1479 0.243878
1480 0.258542
1481 0.351123
1482 0.322469
1483 0.259682
1484 0.228511
1485 0.2693
1486 0.28772
1487 0.267175
1488 0.250863
1489 0.231965
1490 0.324822
1491 0.360492
1492 0.249291
1493 0.355474
1494 0.366051
1495 0.264778
1496 0.222241
1497 0.241252
1498 0.301821
1499 0.278703
1500 0.339624
1501 0.22809
1502 0.308285
1503 0.342355
1504 0.210703
1505 0.229884
1506 0.193934
1507 0.273009
1508 0.249033
1509 0.202574
1510 0.304906
1511 0.23347
1512 0.188605
1513 0.281049
1514 0.19771
1515 0.322314
1516 0.247246
1517 0.266768
1518 0.329163
1519 0.314949
1520 0.228737
1521 0.207813
1522 0.273485
1523 0.209316
1524 0.323653
1525 0.25374
1526 0.202341
1527 0.225596
1528 0.29148
1529 0.315598
1530 0.207799
1531 0.238191
1532 0.256476
1533 0.228949
1534 0.218709
1535 0.236665
1536 0.287438
1537 0.244411
1538 0.314821
1539 0.334687
1540 0.302272
1541 0.290285
1542 0.291497
1543 0.2206
1544 0.185618
1545 0.22911
1546 0.247631
1547 0.233757
1548 0.241159
1549 0.262572
1550 0.193586
1551 0.233554
1552 0.223499
1553 0.310144
1554 0.351986
1555 0.239739
1556 0.229999
1557 0.213336
1558 0.224284
1559 0.229404
1560 0.239957
1561 0.2029
1562 0.262394
1563 0.229532
1564 0.264046
1565 0.239495
1566 0.190161
1567 0.288068
1568 0.287292
1569 0.373746
1570 0.366543
1571 0.240782
1572 0.211698
1573 0.236653
1574 0.283768
1575 0.246209
1576 0.226256
1577 0.258161
1578 0.316413
1579 0.3488
1580 0.267297
1581 0.326015
1582 0.338924
1583 0.311508
1584 0.32035
1585 0.181093
1586 0.223714
1587 0.256706
1588 0.260458
1589 0.28758
1590 0.264343
1591 0.233533
1592 0.269034
1593 0.251849
1594 0.377447
1595 0.238417
1596 0.232646
1597 0.296372
1598 0.248796
1599 0.249257
1600 0.241412
1601 0.26406
1602 0.267216
1603 0.308035
1604 0.312699
1605 0.279539
1606 0.274347
1607 0.237888
1608 0.320908
1609 0.26178
1610 0.191998
1611 0.193707
1612 0.272372
1613 0.235559
1614 0.282981
1615 0.22168
1616 0.314462
1617 0.275072
1618 0.278418
1619 0.341941
1620 0.220144
1621 0.296646
1622 0.259575
1623 0.199867
1624 0.22013
1625 0.190581
1626 0.254972
1627 0.205241
1628 0.171065
1629 0.445993
1630 0.384929
1631 0.346241
1632 0.204125
1633 0.354821
1634 0.334552
1635 0.266324
1636 0.391245
1637 0.202262
1638 0.172496
1639 0.266482
1640 0.313901
1641 0.239503
1642 0.231964
1643 0.220964
1644 0.208694
1645 0.181175
1646 0.224895
1647 0.335543
1648 0.216095
1649 0.229046
1650 0.227565
1651 0.282065
1652 0.259508
1653 0.224893
1654 0.317979
1655 0.22709
1656 0.193925
1657 0.190505
1658 0.265775
1659 0.24241
1660 0.464878
1661 0.267637
1662 0.232419
1663 0.167589
1664 0.234674
1665 0.268071
1666 0.264786
1667 0.284656
1668 0.254841
1669 0.211203
1670 0.227253
1671 0.202168
1672 0.230312
1673 0.201948
1674 0.189675
1675 0.23313
1676 0.26865
1677 0.20905
1678 0.277919
1679 0.247606
1680 0.231585
1681 0.172
1682 0.262023
1683 0.304932
1684 0.172577
1685 0.200051
1686 0.221567
1687 0.268761
1688 0.253658
1689 0.219145
1690 0.233075
1691 0.182645
1692 0.238553
1693 0.17164
1694 0.272352
1695 0.224638
1696 0.232463
1697 0.269309
1698 0.264482
1699 0.198007
1700 0.21987
1701 0.180443
1702 0.173265
1703 0.196319
1704 0.169144
1705 0.179674
1706 0.280005
1707 0.20022
1708 0.164629
1709 0.146302
1710 0.25033
1711 0.170367
1712 0.1496
1713 0.518652
1714 0.183833
1715 0.239242
1716 0.25852
1717 0.266167
1718 0.196985
1719 0.236524
1720 0.254728
1721 0.292715
1722 0.176637
1723 0.214451
1724 0.233197
1725 0.18861
1726 0.229839
1727 0.237066
1728 0.20878
1729 0.381268
1730 0.333752
1731 0.22469
1732 0.295477
1733 0.205264
1734 0.213461
1735 0.305388
1736 0.246368
1737 0.254497
1738 0.24586
1739 0.353892
1740 0.245304
1741 0.243603
1742 0.192096
1743 0.373538
1744 0.353044
1745 0.225805
1746 0.231868
1747 0.202365
1748 0.241966
1749 0.251585
1750 0.214621
1751 0.163908
1752 0.234718
1753 0.18817
1754 0.281829
1755 0.40079
1756 0.269818
1757 0.250485
1758 0.168871
1759 0.235056
1760 0.211349
1761 0.301508
1762 0.200517
1763 0.230457
1764 0.207523
1765 0.230819
1766 0.283894
1767 0.274368
1768 0.218584
1769 0.25249
1770 0.209444
1771 0.21084
1772 0.223252
1773 0.257464
1774 0.253157
1775 0.250517
1776 0.219111
1777 0.291631
1778 0.213611
1779 0.241109
1780 0.192099
1781 0.2314
1782 0.283307
1783 0.237598
1784 0.239664
1785 0.234015
1786 0.234928
1787 0.23405
1788 0.252294
1789 0.232702
1790 0.290102
1791 0.266543
1792 0.221334
1793 0.259688
1794 0.206738
1795 0.292522
1796 0.263172
1797 0.215796
1798 0.302389
1799 0.304971
1800 0.311614
1801 0.20281
1802 0.222726
1803 0.176581
1804 0.19985
1805 0.218345
1806 0.241399
1807 0.244813
1808 0.256442
1809 0.241255
1810 0.286353
1811 0.220432
1812 0.23753
1813 0.262455
1814 0.27824
1815 0.213515
1816 0.253163
1817 0.208175
1818 0.20634
1819 0.253814
1820 0.245804
1821 0.180711
1822 0.177602
1823 0.178127
1824 0.230097
1825 0.232741
1826 0.261144
1827 0.202346
1828 0.252801
1829 0.20536
1830 0.278444
1831 0.211889
1832 0.291409
1833 0.290578
1834 0.238615
1835 0.192599
1836 0.234555
1837 0.413701
1838 0.249126
1839 0.290667
1840 0.266242
1841 0.206658
1842 0.228509
1843 0.232112
1844 0.268592
1845 0.184171
1846 0.202571
1847 0.240117
1848 0.260192
1849 0.270782
1850 0.249483
1851 0.302058
1852 0.308671
1853 0.189311
1854 0.198221
1855 0.214733
1856 0.229325
1857 0.172297
1858 0.304574
1859 0.206141
1860 0.304024
1861 0.225346
1862 0.264435
1863 0.197748
1864 0.232523
1865 0.229845
1866 0.192984
1867 0.271707
1868 0.24413
1869 0.264529
1870 0.219827
1871 0.192286
1872 0.247662
1873 0.201281
1874 0.207478
1875 0.248613
1876 0.184036
1877 0.273196
1878 0.236654
1879 0.187604
1880 0.182786
1881 0.278787
1882 0.310842
1883 0.339359
1884 0.347168
1885 0.443295
1886 0.251101
1887 0.305359
1888 0.308519
1889 0.186705
1890 0.251806
1891 0.217433
1892 0.268207
1893 0.255908
1894 0.185648
1895 0.237452
1896 0.167209
1897 0.26846
1898 0.213413
1899 0.274391
1900 0.206514
1901 0.233478
1902 0.250032
1903 0.313176
1904 0.247562
1905 0.221509
1906 0.194025
1907 0.249809
1908 0.201438
1909 0.220852
1910 0.244533
1911 0.23645
1912 0.1672
1913 0.189829
1914 0.240545
1915 0.213987
1916 0.198544
1917 0.213337
1918 0.225427
1919 0.266851
1920 0.354037
1921 0.18199
1922 0.293445
1923 0.29048
1924 0.259285
1925 0.262921
1926 0.237622
1927 0.246803
1928 0.324879
1929 0.231696
1930 0.231056
1931 0.263368
1932 0.224757
1933 0.178602
1934 0.242756
1935 0.267099
1936 0.26349
1937 0.197242
1938 0.239586
1939 0.259018
1940 0.173455
1941 0.256989
1942 0.172907
1943 0.167906
1944 0.284098
1945 0.22831
1946 0.283281
1947 0.261613
1948 0.23441
1949 0.229433
1950 0.206971
1951 0.234217
1952 0.291191
1953 0.248653
1954 0.187297
1955 0.224055
1956 0.18134
1957 0.322655
1958 0.19591
1959 0.183626
1960 0.257761
1961 0.17619
1962 0.223365
1963 0.189819
1964 0.214994
1965 0.28517
1966 0.217309
1967 0.30191
1968 0.273975
1969 0.209113
1970 0.218079
1971 0.306993
1972 0.203106
1973 0.168167
1974 0.203107
1975 0.27569
1976 0.225085
1977 0.249516
1978 0.228628
1979 0.197174
1980 0.176521
1981 0.252735
1982 0.313798
1983 0.313982
1984 0.194686
1985 0.298755
1986 0.255296
1987 0.21528
1988 0.214998
1989 0.178276
1990 0.20384
1991 0.258427
1992 0.223384
1993 0.239748
1994 0.197583
1995 0.219347
1996 0.270668
1997 0.236659
1998 0.353985
1999 0.258182
2000 0.224702
2001 0.251003
2002 0.209217
2003 0.251097
2004 0.197842
2005 0.237025
2006 0.24464
2007 0.402547
2008 0.241097
2009 0.282466
2010 0.247718
2011 0.308529
2012 0.182924
2013 0.225172
2014 0.180219
2015 0.21883
2016 0.347922
2017 0.190355
2018 0.258916
2019 0.243051
2020 0.217664
2021 0.228009
2022 0.266999
2023 0.238665
2024 0.21218
2025 0.179857
2026 0.285684
2027 0.178329
2028 0.241714
2029 0.227629
2030 0.226723
2031 0.306051
2032 0.184902
2033 0.269023
2034 0.275102
2035 0.227462
2036 0.258693
2037 0.292773
2038 0.212901
2039 0.202131
2040 0.24022
2041 0.212643
2042 0.239053
2043 0.213097
2044 0.294914
2045 0.229237
2046 0.233386
2047 0.264901
2048 0.317451
2049 0.213831
2050 0.309125
2051 0.239143
2052 0.190677
2053 0.229729
2054 0.250034
2055 0.241355
2056 0.173245
2057 0.303131
2058 0.41939
2059 0.22086
2060 0.269952
2061 0.193893
2062 0.400758
2063 0.222838
2064 0.191418
2065 0.347364
2066 0.208146
2067 0.202943
2068 0.254537
2069 0.305325
2070 0.338301
2071 0.217864
2072 0.195328
2073 0.198609
2074 0.159572
2075 0.226056
2076 0.308843
2077 0.213019
2078 0.202443
2079 0.211204
2080 0.199038
2081 0.23506
2082 0.262396
2083 0.252901
2084 0.211391
2085 0.207026
2086 0.158649
2087 0.272603
2088 0.306619
2089 0.355848
2090 0.241914
2091 0.221763
2092 0.190449
2093 0.206487
2094 0.297821
2095 0.240063
2096 0.25539
2097 0.198004
2098 0.224867
2099 0.203291
2100 0.168483
2101 0.233615
2102 0.161145
2103 0.186971
2104 0.310492
2105 0.207698
2106 0.215371
2107 0.22885
2108 0.227913
2109 0.217267
2110 0.185345
2111 0.26872
2112 0.260471
2113 0.209821
2114 0.259036
2115 0.188681
2116 0.254783
2117 0.176296
2118 0.216869
2119 0.176707
2120 0.161843
2121 0.194148
2122 0.158193
2123 0.234013
2124 0.25348
2125 0.17355
2126 0.295853
2127 0.2084
2128 0.17277
2129 0.229903
2130 0.165371
2131 0.16937
2132 0.164996
2133 0.1654
2134 0.160223
2135 0.284889
2136 0.132282
2137 0.136548
2138 0.18526
2139 0.279096
2140 0.228294
2141 0.198793
2142 0.428309
2143 0.283517
2144 0.31152
2145 0.206194
2146 0.214268
2147 0.230957
2148 0.221457
2149 0.271743
2150 0.296957
2151 0.19123
2152 0.188097
2153 0.21923
2154 0.176937
2155 0.217696
2156 0.236634
2157 0.237379
2158 0.207571
2159 0.314147
2160 0.23765
2161 0.298054
2162 0.21442
2163 0.247365
2164 0.221736
2165 0.254062
2166 0.228275
2167 0.167292
2168 0.290784
2169 0.217144
2170 0.265787
2171 0.179724
2172 0.439382
2173 0.456719
2174 0.217094
2175 0.213354
2176 0.268633
2177 0.19271
2178 0.245785
2179 0.237367
2180 0.191885
2181 0.167518
2182 0.198916
2183 0.200138
2184 0.318665
2185 0.173154
2186 0.148203
2187 0.182416
2188 0.252061
2189 0.221284
2190 0.21931
2191 0.199455
2192 0.172573
2193 0.182629
2194 0.253422
2195 0.233563
2196 0.211207
2197 0.225349
2198 0.238377
2199 0.199525
2200 0.180702
2201 0.166397
2202 0.377191
2203 0.286265
2204 0.219101
2205 0.250814
2206 0.270365
2207 0.223387
2208 0.196838
2209 0.209278
2210 0.169652
2211 0.296952
2212 0.196635
2213 0.28908
2214 0.247065
2215 0.283837
2216 0.244136
2217 0.196058
2218 0.31101
2219 0.276695
2220 0.221067
2221 0.148697
2222 0.260439
2223 0.235336
2224 0.24092
2225 0.194012
2226 0.228123
2227 0.288831
2228 0.266731
2229 0.242083
2230 0.205645
2231 0.221302
2232 0.177979
2233 0.193239
2234 0.187406
2235 0.248139
2236 0.185396
2237 0.238324
2238 0.225683
2239 0.173893
2240 0.188055
2241 0.250473
2242 0.191021
2243 0.234936
2244 0.212015
2245 0.239911
2246 0.159732
2247 0.212422
2248 0.211609
2249 0.185313
2250 0.180051
2251 0.157327
2252 0.165913
2253 0.251202
2254 0.242043
2255 0.234022
2256 0.22976
2257 0.17185
2258 0.205973
2259 0.238401
2260 0.220348
2261 0.270618
2262 0.231274
2263 0.166961
2264 0.169375
2265 0.300106
2266 0.29437
2267 0.232699
2268 0.252017
2269 0.182198
2270 0.195086
2271 0.172508
2272 0.20607
2273 0.253277
2274 0.160903
2275 0.203228
2276 0.210944
2277 0.319252
2278 0.234109
2279 0.200421
2280 0.36647
2281 0.191415
2282 0.218927
2283 0.167083
2284 0.271055
2285 0.164798
2286 0.162576
2287 0.213204
2288 0.250318
2289 0.199955
2290 0.218594
2291 0.252406
2292 0.193618
2293 0.21993
2294 0.213348
2295 0.189744
2296 0.280496
2297 0.222479
2298 0.253389
2299 0.166463
2300 0.171204
2301 0.205349
2302 0.205754
2303 0.173279
2304 0.277395
2305 0.287872
2306 0.161434
2307 0.215026
2308 0.207575
2309 0.188262
2310 0.25443
2311 0.372798
2312 0.24491
2313 0.29844
2314 0.273238
2315 0.214604
2316 0.287777
2317 0.192123
2318 0.198915
2319 0.22727
2320 0.217972
2321 0.281829
2322 0.192268
2323 0.17176
2324 0.185171
2325 0.210444
2326 0.340398
2327 0.222447
2328 0.323331
2329 0.170765
2330 0.243098
2331 0.259246
2332 0.198608
2333 0.231911
2334 0.191514
2335 0.20097
2336 0.231151
2337 0.210847
2338 0.191642
2339 0.243979
2340 0.18839
2341 0.169657
2342 0.190769
2343 0.235179
2344 0.180317
2345 0.187966
2346 0.200939
2347 0.218421
2348 0.344071
2349 0.245124
2350 0.170645
2351 0.273699
2352 0.2303
2353 0.207293
2354 0.186346
2355 0.209338
2356 0.217348
2357 0.359955
2358 0.282753
2359 0.181176
2360 0.217937
2361 0.184324
2362 0.195775
2363 0.211838
2364 0.239746
2365 0.187697
2366 0.180527
2367 0.209271
2368 0.236561
2369 0.147859
2370 0.199511
2371 0.193406
2372 0.184527
2373 0.305994
2374 0.171673
2375 0.338564
2376 0.232657
2377 0.238146
2378 0.260331
2379 0.222007
2380 0.177732
2381 0.288764
2382 0.20259
2383 0.155397
2384 0.192905
2385 0.198257
2386 0.269209
2387 0.199452
2388 0.21271
2389 0.199207
2390 0.176993
2391 0.232982
2392 0.230759
2393 0.221746
2394 0.236011
2395 0.180316
2396 0.323108
2397 0.202664
2398 0.158679
2399 0.316609
2400 0.170491
2401 0.173077
2402 0.160486
2403 0.228954
2404 0.248085
2405 0.286503
2406 0.202764
2407 0.192977
2408 0.183838
2409 0.184343
2410 0.203022
2411 0.284754
2412 0.299589
2413 0.199762
2414 0.275231
2415 0.201642
2416 0.159995
2417 0.183672
2418 0.193396
2419 0.223473
2420 0.174304
2421 0.285095
2422 0.20447
2423 0.208304
2424 0.211211
2425 0.219899
2426 0.330135
2427 0.277865
2428 0.268726
2429 0.187135
2430 0.215998
2431 0.213906
2432 0.180164
2433 0.244718
2434 0.210951
2435 0.288853
2436 0.360559
2437 0.188356
2438 0.234036
2439 0.312504
2440 0.29574
2441 0.18664
2442 0.146407
2443 0.168689
2444 0.196009
2445 0.278863
2446 0.184156
2447 0.265574
2448 0.218792
2449 0.202119
2450 0.214462
2451 0.263711
2452 0.163756
2453 0.170959
2454 0.220892
2455 0.248588
2456 0.221799
2457 0.289876
2458 0.209961
2459 0.219049
2460 0.275234
2461 0.182155
2462 0.261447
2463 0.215568
2464 0.243973
2465 0.246848
2466 0.270197
2467 0.179932
2468 0.175501
2469 0.174571
2470 0.214903
2471 0.208519
2472 0.208211
2473 0.257385
2474 0.213023
2475 0.244344
2476 0.34192
2477 0.199291
2478 0.209103
2479 0.198049
2480 0.19022
2481 0.183494
2482 0.202638
2483 0.233769
2484 0.170825
2485 0.15564
2486 0.331167
2487 0.34822
2488 0.253661
2489 0.189366
2490 0.167035
2491 0.306507
2492 0.223108
2493 0.207572
2494 0.353244
2495 0.178835
2496 0.205689
2497 0.216274
2498 0.198703
2499 0.266363
2500 0.209263
2501 0.187713
2502 0.192213
2503 0.167451
2504 0.264684
2505 0.214373
2506 0.229216
2507 0.18507
2508 0.219556
2509 0.178258
2510 0.212496
2511 0.284826
2512 0.223054
2513 0.151578
2514 0.166744
2515 0.22096
2516 0.237398
2517 0.272138
2518 0.283128
2519 0.183837
2520 0.20674
2521 0.146491
2522 0.251736
2523 0.253439
2524 0.181325
2525 0.17705
2526 0.197617
2527 0.191973
2528 0.188387
2529 0.160225
2530 0.211152
2531 0.176112
2532 0.232327
2533 0.191038
2534 0.239962
2535 0.190684
2536 0.225664
2537 0.190522
2538 0.176172
2539 0.189724
2540 0.242398
2541 0.253955
2542 0.165326
2543 0.183354
2544 0.186388
2545 0.198022
2546 0.199425
2547 0.19747
2548 0.204767
2549 0.191832
2550 0.178389
2551 0.17677
2552 0.195991
2553 0.24797
2554 0.211583
2555 0.210769
2556 0.161923
2557 0.167612
2558 0.17139
2559 0.155123
2560 0.169192
2561 0.145204
2562 0.16756
2563 0.187421
2564 0.196101
2565 0.15724
2566 0.138789
2567 0.200322
2568 0.155905
2569 0.146252
2570 0.287741
2571 0.196789
2572 0.291565
2573 0.254023
2574 0.202713
2575 0.164737
2576 0.189099
2577 0.200524
2578 0.206504
2579 0.236985
2580 0.164069
2581 0.174482
2582 0.188198
2583 0.194749
2584 0.165121
2585 0.201442
2586 0.294784
2587 0.261267
2588 0.217047
2589 0.253495
2590 0.2054
2591 0.182314
2592 0.230659
2593 0.186062
2594 0.277073
2595 0.175957
2596 0.173891
2597 0.3295
2598 0.183133
2599 0.247252
2600 0.229293
2601 0.344752
2602 0.421827
2603 0.185485
2604 0.243611
2605 0.186257
2606 0.199596
2607 0.15418
2608 0.184832
2609 0.209791
2610 0.161027
2611 0.229498
2612 0.284188
2613 0.204678
2614 0.166057
2615 0.172506
2616 0.161207
2617 0.172233
2618 0.181925
2619 0.187078
2620 0.226166
2621 0.170747
2622 0.18211
2623 0.239609
2624 0.238967
2625 0.175655
2626 0.197254
2627 0.144235
2628 0.20579
2629 0.192147
2630 0.166513
2631 0.2209
2632 0.210627
2633 0.220832
2634 0.226699
2635 0.217071
2636 0.164568
2637 0.187526
2638 0.185972
2639 0.213827
2640 0.191249
2641 0.183354
2642 0.192811
2643 0.200118
2644 0.185829
2645 0.220711
2646 0.191732
2647 0.210583
2648 0.281912
2649 0.181498
2650 0.158526
2651 0.23723
2652 0.197508
2653 0.198689
2654 0.205367
2655 0.225892
2656 0.287043
2657 0.220636
2658 0.170154
2659 0.159656
2660 0.178238
2661 0.194287
2662 0.175941
2663 0.192186
2664 0.226942
2665 0.200899
2666 0.224351
2667 0.213418
2668 0.154601
2669 0.204559
2670 0.205414
2671 0.250598
2672 0.196655
2673 0.225069
2674 0.184384
2675 0.165819
2676 0.19573
2677 0.167588
2678 0.184416
2679 0.184593
2680 0.178664
2681 0.177138
2682 0.222101
2683 0.19476
2684 0.22037
2685 0.188601
2686 0.167965
2687 0.208569
2688 0.20107
2689 0.175403
2690 0.261433
2691 0.196701
2692 0.18601
2693 0.195757
2694 0.245298
2695 0.249134
2696 0.237954
2697 0.20687
2698 0.182253
2699 0.162674
2700 0.206823
2701 0.235414
2702 0.172379
2703 0.133728
2704 0.187739
2705 0.147499
2706 0.306139
2707 0.201738
2708 0.173816
2709 0.275742
2710 0.191226
2711 0.148517
2712 0.156719
2713 0.161026
2714 0.16176
2715 0.203796
2716 0.161828
2717 0.21069
2718 0.224041
2719 0.209258
2720 0.221601
2721 0.19368
2722 0.208708
2723 0.160781
2724 0.202645
2725 0.214995
2726 0.223593
2727 0.198997
2728 0.143955
2729 0.205905
2730 0.234175
2731 0.154184
2732 0.262484
2733 0.17045
2734 0.238615
2735 0.181398
2736 0.186873
2737 0.187241
2738 0.218308
2739 0.251857
2740 0.292513
2741 0.260366
2742 0.26626
2743 0.274086
2744 0.201761
2745 0.336977
2746 0.182708
2747 0.277273
2748 0.177217
2749 0.226499
2750 0.257101
2751 0.179512
2752 0.178858
2753 0.187545
2754 0.177824
2755 0.191557
2756 0.250729
2757 0.214691
2758 0.161251
2759 0.223131
2760 0.207963
2761 0.278188
2762 0.258161
2763 0.173615
2764 0.182062
2765 0.180384
2766 0.199295
2767 0.244169
2768 0.210176
2769 0.173495
2770 0.194483
2771 0.173793
2772 0.19468
2773 0.181436
2774 0.186017
2775 0.205138
2776 0.339333
2777 0.24559
2778 0.209493
2779 0.224841
2780 0.25586
2781 0.234236
2782 0.18123
2783 0.208544
2784 0.207615
2785 0.232815
2786 0.286201
2787 0.200694
2788 0.235285
2789 0.182199
2790 0.158825
2791 0.171124
2792 0.238021
2793 0.200077
2794 0.194405
2795 0.186364
2796 0.209128
2797 0.171836
2798 0.142962
2799 0.220627
2800 0.156317
2801 0.258509
2802 0.218873
2803 0.211358
2804 0.222333
2805 0.1987
2806 0.191365
2807 0.229942
2808 0.25172
2809 0.191859
2810 0.278798
2811 0.201537
2812 0.170915
2813 0.18974
2814 0.231666
2815 0.242876
2816 0.145921
2817 0.234698
2818 0.159372
2819 0.154169
2820 0.211751
2821 0.200051
2822 0.245457
2823 0.217672
2824 0.237862
2825 0.326392
2826 0.271509
2827 0.219559
2828 0.253737
2829 0.184451
2830 0.165731
2831 0.187959
2832 0.224163
2833 0.18247
2834 0.225259
2835 0.243556
2836 0.133564
2837 0.174388
2838 0.163809
2839 0.224346
2840 0.322637
2841 0.307274
2842 0.185209
2843 0.224737
2844 0.192659
2845 0.246803
2846 0.207791
2847 0.175025
2848 0.226929
2849 0.185666
2850 0.214606
2851 0.205812
2852 0.161857
2853 0.21482
2854 0.219148
2855 0.277822
2856 0.22799
2857 0.23891
2858 0.178552
2859 0.170858
2860 0.249178
2861 0.171167
2862 0.187144
2863 0.215431
2864 0.218258
2865 0.246659
2866 0.21765
2867 0.235725
2868 0.2705
2869 0.222574
2870 0.216521
2871 0.128198
2872 0.166873
2873 0.239105
2874 0.213129
2875 0.162355
2876 0.266753
2877 0.209227
2878 0.163503
2879 0.221297
2880 0.260075
2881 0.182432
2882 0.194287
2883 0.226145
2884 0.213284
2885 0.19441
2886 0.185596
2887 0.210053
2888 0.215376
2889 0.211535
2890 0.208116
2891 0.212344
2892 0.180937
2893 0.221731
2894 0.319887
2895 0.257164
2896 0.138149
2897 0.156571
2898 0.240724
2899 0.164643
2900 0.190431
2901 0.18542
2902 0.270232
2903 0.237833
2904 0.23364
2905 0.270536
2906 0.183532
2907 0.210973
2908 0.216225
2909 0.20046
2910 0.178559
2911 0.178981
2912 0.19976
2913 0.167873
2914 0.15358
2915 0.421233
2916 0.319971
2917 0.236738
2918 0.197763
2919 0.249497
2920 0.222545
2921 0.235248
2922 0.368316
2923 0.182964
2924 0.175245
2925 0.188824
2926 0.198625
2927 0.212717
2928 0.177939
2929 0.193055
2930 0.169029
2931 0.150782
2932 0.156181
2933 0.204474
2934 0.199515
2935 0.206353
2936 0.15126
2937 0.243237
2938 0.191822
2939 0.182256
2940 0.206881
2941 0.231756
2942 0.203467
2943 0.157929
2944 0.212585
2945 0.215156
2946 0.346883
2947 0.178508
2948 0.215024
2949 0.178555
2950 0.19043
2951 0.203783
2952 0.201119
2953 0.188989
2954 0.193768
2955 0.198815
2956 0.195177
2957 0.226852
2958 0.191996
2959 0.161969
2960 0.156633
2961 0.22304
2962 0.197035
2963 0.192854
2964 0.174622
2965 0.193371
2966 0.239571
2967 0.153737
2968 0.196262
2969 0.225383
2970 0.166527
2971 0.164605
2972 0.209272
2973 0.182641
2974 0.204821
2975 0.164593
2976 0.153837
2977 0.159522
2978 0.162706
2979 0.162503
2980 0.22115
2981 0.181479
2982 0.186848
2983 0.222599
2984 0.211105
2985 0.196476
2986 0.1767
2987 0.148475
2988 0.180847
2989 0.172876
2990 0.151457
2991 0.14178
2992 0.197908
2993 0.139437
2994 0.139622
2995 0.129468
2996 0.184488
2997 0.142833
2998 0.124911
2999 0.40395
3000 0.141915
3001 0.229388
3002 0.210756
3003 0.215078
3004 0.162266
3005 0.198866
3006 0.209728
3007 0.23038
3008 0.174286
3009 0.182565
3010 0.185392
3011 0.174415
3012 0.21739
3013 0.20029
3014 0.165535
3015 0.266888
3016 0.224736
3017 0.165809
3018 0.31478
3019 0.156753
3020 0.182193
3021 0.270901
3022 0.173664
3023 0.248672
3024 0.189767
3025 0.244399
3026 0.18395
3027 0.165944
3028 0.170177
3029 0.250355
3030 0.213326
3031 0.214387
3032 0.173291
3033 0.175869
3034 0.196489
3035 0.262215
3036 0.195882
3037 0.155309
3038 0.165458
3039 0.158396
3040 0.283844
3041 0.294245
3042 0.190718
3043 0.173139
3044 0.166652
3045 0.167207
3046 0.177857
3047 0.193361
3048 0.161676
3049 0.228258
3050 0.149527
3051 0.216997
3052 0.200484
3053 0.202267
3054 0.171272
3055 0.191822
3056 0.179275
3057 0.163174
3058 0.184182
3059 0.199481
3060 0.266065
3061 0.154675
3062 0.186917
3063 0.205148
3064 0.171885
3065 0.164778
3066 0.198853
3067 0.201601
3068 0.231833
3069 0.201652
3070 0.198582
3071 0.200121
3072 0.167649
3073 0.175233
3074 0.174587
3075 0.201466
3076 0.177976
3077 0.224133
3078 0.158656
3079 0.178986
3080 0.168681
3081 0.223175
3082 0.207476
3083 0.19186
3084 0.197907
3085 0.242793
3086 0.227132
3087 0.174815
3088 0.167974
3089 0.150835
3090 0.183025
3091 0.211787
3092 0.153142
3093 0.177128
3094 0.207831
3095 0.15554
3096 0.180841
3097 0.173391
3098 0.212509
3099 0.191822
3100 0.282493
3101 0.147296
3102 0.24902
3103 0.15472
3104 0.153998
3105 0.197993
3106 0.172574
3107 0.188732
3108 0.172576
3109 0.150403
3110 0.175044
3111 0.202281
3112 0.293964
3113 0.217896
3114 0.224411
3115 0.146767
3116 0.20319
3117 0.172978
3118 0.247734
3119 0.238407
3120 0.15599
3121 0.149704
3122 0.201012
3123 0.294195
3124 0.264485
3125 0.257906
3126 0.217801
3127 0.159012
3128 0.15669
3129 0.171841
3130 0.195633
3131 0.161868
3132 0.14908
3133 0.164421
3134 0.181845
3135 0.221276
3136 0.138014
3137 0.225325
3138 0.245284
3139 0.196819
3140 0.164943
3141 0.153351
3142 0.18871
3143 0.144716
3144 0.19381
3145 0.158337
3146 0.241364
3147 0.207602
3148 0.230842
3149 0.171612
3150 0.168857
3151 0.207721
3152 0.152238
3153 0.199577
3154 0.212278
3155 0.203226
3156 0.168798
3157 0.156241
3158 0.22611
3159 0.152894
3160 0.167037
3161 0.214055
3162 0.216528
3163 0.236978
3164 0.158819
3165 0.1826
3166 0.169258
3167 0.22466
3168 0.289574
3169 0.26909
3170 0.242319
3171 0.224673
3172 0.16564
3173 0.204087
3174 0.258396
3175 0.167619
3176 0.209109
3177 0.173523
3178 0.189604
3179 0.235002
3180 0.173787
3181 0.172373
3182 0.170694
3183 0.204671
3184 0.179065
3185 0.275123
3186 0.193415
3187 0.156894
3188 0.160498
3189 0.21827
3190 0.194205
3191 0.187644
3192 0.161684
3193 0.175251
3194 0.168479
3195 0.152135
3196 0.21371
3197 0.222489
3198 0.14721
3199 0.183517
3200 0.172612
3201 0.186177
3202 0.191023
3203 0.162914
3204 0.226159
3205 0.241812
3206 0.287757
3207 0.186891
3208 0.202862
3209 0.28954
3210 0.19986
3211 0.155951
3212 0.202852
3213 0.178126
3214 0.221383
3215 0.297481
3216 0.198626
3217 0.192059
3218 0.213553
3219 0.156454
3220 0.144242
3221 0.182932
3222 0.194583
3223 0.160991
3224 0.210971
3225 0.183135
3226 0.146815
3227 0.190912
3228 0.165296
3229 0.131971
3230 0.300927
3231 0.186915
3232 0.258624
3233 0.168107
3234 0.20647
3235 0.143149
3236 0.227719
3237 0.231041
3238 0.249247
3239 0.165124
3240 0.221397
3241 0.186397
3242 0.182408
3243 0.274146
3244 0.189784
3245 0.155083
3246 0.20347
3247 0.156038
3248 0.201215
3249 0.178119
3250 0.174915
3251 0.246661
3252 0.132814
3253 0.212557
3254 0.191384
3255 0.181429
3256 0.215522
3257 0.268689
3258 0.1672
3259 0.145395
3260 0.155315
3261 0.206418
3262 0.182256
3263 0.187159
3264 0.17665
3265 0.156559
3266 0.164466
3267 0.21689
3268 0.249719
3269 0.296263
3270 0.184958
3271 0.207062
3272 0.191018
3273 0.183537
3274 0.135018
3275 0.202082
3276 0.168785
3277 0.17991
3278 0.187159
3279 0.189608
3280 0.175627
3281 0.184431
3282 0.170399
3283 0.237353
3284 0.250221
3285 0.20263
3286 0.239159
3287 0.209765
3288 0.178538
3289 0.186164
3290 0.194873
3291 0.140038
3292 0.207519
3293 0.251517
3294 0.209757
3295 0.207473
3296 0.229281
3297 0.218381
3298 0.235718
3299 0.160873
3300 0.146002
3301 0.184526
3302 0.230397
3303 0.136412
3304 0.175629
3305 0.190628
3306 0.161138
3307 0.190872
3308 0.218842
3309 0.19074
3310 0.149106
3311 0.140318
3312 0.170735
3313 0.155878
3314 0.23546
3315 0.160742
3316 0.217519
3317 0.233831
3318 0.188495
3319 0.188347
3320 0.239001
3321 0.207074
3322 0.152541
3323 0.365013
3324 0.224365
3325 0.137872
3326 0.18658
3327 0.14514
3328 0.153116
3329 0.173988
3330 0.233048
3331 0.229108
3332 0.202335
3333 0.205209
3334 0.251635
3335 0.189502
3336 0.169237
3337 0.18383
3338 0.173486
3339 0.22457
3340 0.161582
3341 0.17411
3342 0.134766
3343 0.193605
3344 0.338501
3345 0.193784
3346 0.230646
3347 0.180996
3348 0.271294
3349 0.251444
3350 0.170562
3351 0.303523
3352 0.174761
3353 0.176413
3354 0.226147
3355 0.278891
3356 0.204025
3357 0.161989
3358 0.169378
3359 0.164398
3360 0.152441
3361 0.166183
3362 0.285844
3363 0.160702
3364 0.140554
3365 0.172581
3366 0.176622
3367 0.200261
3368 0.179186
3369 0.217131
3370 0.190865
3371 0.151359
3372 0.133601
3373 0.169426
3374 0.214196
3375 0.303761
3376 0.169756
3377 0.20355
3378 0.173643
3379 0.162337
3380 0.195468
3381 0.18136
3382 0.210421
3383 0.190234
3384 0.162721
3385 0.162146
3386 0.152221
3387 0.161823
3388 0.165174
3389 0.165863
3390 0.204678
3391 0.151939
3392 0.144749
3393 0.146744
3394 0.237717
3395 0.194475
3396 0.156837
3397 0.203355
3398 0.199461
3399 0.14787
3400 0.143015
3401 0.165172
3402 0.234026
3403 0.17915
3404 0.169184
3405 0.14578
3406 0.138876
3407 0.171532
3408 0.137343
3409 0.204667
3410 0.160121
3411 0.190377
3412 0.216198
3413 0.182268
3414 0.167045
3415 0.147021
3416 0.12026
3417 0.131658
3418 0.138934
3419 0.160149
3420 0.129922
3421 0.165623
3422 0.161539
3423 0.120216
3424 0.144165
3425 0.13002
3426 0.148574
3427 0.192753
3428 0.363865
3429 0.243323
3430 0.23856
3431 0.180641
3432 0.147826
3433 0.170058
3434 0.178166
3435 0.218252
3436 0.183457
3437 0.188268
3438 0.169374
3439 0.225326
3440 0.159032
3441 0.156488
3442 0.169705
3443 0.165838
3444 0.282103
3445 0.240582
3446 0.266848
3447 0.25787
3448 0.141893
3449 0.194611
3450 0.177753
3451 0.218741
3452 0.198692
3453 0.184807
3454 0.257576
3455 0.187212
3456 0.197714
3457 0.149793
3458 0.318621
3459 0.286805
3460 0.152169
3461 0.186978
3462 0.211814
3463 0.225011
3464 0.191755
3465 0.179039
3466 0.158362
3467 0.152774
3468 0.15041
3469 0.216218
3470 0.353438
3471 0.177702
3472 0.124427
3473 0.142681
3474 0.211789
3475 0.168559
3476 0.217878
3477 0.188994
3478 0.171365
3479 0.172639
3480 0.183799
3481 0.206958
3482 0.144269
3483 0.182579
3484 0.159168
3485 0.157734
3486 0.160575
3487 0.156291
3488 0.279797
3489 0.214685
3490 0.186493
3491 0.22626
3492 0.217797
3493 0.127487
3494 0.188231
3495 0.204652
3496 0.163447
3497 0.220829
3498 0.142314
3499 0.241385
3500 0.159472
3501 0.167101
3502 0.183929
3503 0.151134
3504 0.216663
3505 0.226811
3506 0.186806
3507 0.150439
3508 0.182033
3509 0.184858
3510 0.186347
3511 0.169022
3512 0.164522
3513 0.184258
3514 0.237454
3515 0.210684
3516 0.184875
3517 0.122697
3518 0.189155
3519 0.177436
3520 0.159158
3521 0.20071
3522 0.181028
3523 0.167506
3524 0.200297
3525 0.173928
3526 0.187053
3527 0.189155
3528 0.164087
3529 0.201303
3530 0.194303
3531 0.20938
3532 0.151011
3533 0.14721
3534 0.165455
3535 0.146783
3536 0.188062
3537 0.132184
3538 0.151585
3539 0.15717
3540 0.158766
3541 0.218823
3542 0.17248
3543 0.178411
3544 0.154713
3545 0.156485
3546 0.182952
3547 0.156085
3548 0.245876
3549 0.142257
3550 0.165538
3551 0.215766
3552 0.232383
3553 0.220746
3554 0.174914
3555 0.198516
3556 0.153396
3557 0.161339
3558 0.177626
3559 0.235219
3560 0.161102
3561 0.150123
3562 0.165738
3563 0.249865
3564 0.163021
3565 0.134975
3566 0.249501
3567 0.189385
3568 0.187433
3569 0.189967
3570 0.169262
3571 0.149641
3572 0.16683
3573 0.201085
3574 0.183394
3575 0.209802
3576 0.152415
3577 0.233575
3578 0.148669
3579 0.163805
3580 0.158156
3581 0.178475
3582 0.175199
3583 0.218069
3584 0.17192
3585 0.165938
3586 0.193595
3587 0.197201
3588 0.149827
3589 0.158597
3590 0.230991
3591 0.185824
3592 0.17605
3593 0.169913
3594 0.160208
3595 0.149735
3596 0.280963
3597 0.331654
3598 0.21134
3599 0.19362
3600 0.222409
3601 0.162929
3602 0.207015
3603 0.163491
3604 0.143235
3605 0.212899
3606 0.203831
3607 0.237448
3608 0.152754
3609 0.159909
3610 0.152949
3611 0.136967
3612 0.210077
3613 0.13377
3614 0.264714
3615 0.1591
3616 0.173625
3617 0.235465
3618 0.238012
3619 0.174136
3620 0.176341
3621 0.133771
3622 0.187957
3623 0.184058
3624 0.165338
3625 0.181564
3626 0.154619
3627 0.162175
3628 0.193046
3629 0.207127
3630 0.155232
3631 0.171527
3632 0.167413
3633 0.195109
3634 0.254415
3635 0.252546
3636 0.158515
3637 0.200768
3638 0.204246
3639 0.180382
3640 0.189652
3641 0.165229
3642 0.197534
3643 0.270315
3644 0.243187
3645 0.171308
3646 0.187026
3647 0.146097
3648 0.163601
3649 0.195324
3650 0.18384
3651 0.180802
3652 0.159825
3653 0.197896
3654 0.173032
3655 0.145606
3656 0.198841
3657 0.145281
3658 0.145341
3659 0.211761
3660 0.134732
3661 0.188701
3662 0.225224
3663 0.203682
3664 0.204673
3665 0.190946
3666 0.134387
3667 0.215952
3668 0.225075
3669 0.147479
3670 0.154422
3671 0.17183
3672 0.210819
3673 0.180288
3674 0.16927
3675 0.177882
3676 0.143258
3677 0.193584
3678 0.189365
3679 0.220769
3680 0.201522
3681 0.155131
3682 0.235056
3683 0.174317
3684 0.175302
3685 0.232088
3686 0.180609
3687 0.158192
3688 0.146446
3689 0.16453
3690 0.184054
3691 0.215525
3692 0.208145
3693 0.149496
3694 0.141794
3695 0.156925
3696 0.154587
3697 0.218521
3698 0.280276
3699 0.195244
3700 0.208621
3701 0.256282
3702 0.190573
3703 0.151501
3704 0.154917
3705 0.212603
3706 0.125591
3707 0.189406
3708 0.172941
3709 0.145678
3710 0.207122
3711 0.218921
3712 0.265803
3713 0.178407
3714 0.220445
3715 0.1546
3716 0.204382
3717 0.187622
3718 0.18891
3719 0.195491
3720 0.155502
3721 0.241051
3722 0.324124
3723 0.149122
3724 0.191298
3725 0.236483
3726 0.216114
3727 0.15022
3728 0.151817
3729 0.171071
3730 0.205753
3731 0.246796
3732 0.173409
3733 0.199487
3734 0.196907
3735 0.150891
3736 0.149187
3737 0.283167
3738 0.18582
3739 0.15056
3740 0.203526
3741 0.197854
3742 0.127155
3743 0.20033
3744 0.144266
3745 0.253923
3746 0.208911
3747 0.174108
3748 0.197357
3749 0.209324
3750 0.205936
3751 0.250868
3752 0.272023
3753 0.175948
3754 0.142472
3755 0.179662
3756 0.160778
3757 0.167169
3758 0.14668
3759 0.239066
3760 0.180476
3761 0.197326
3762 0.228257
3763 0.216378
3764 0.172098
3765 0.178947
3766 0.17441
3767 0.141251
3768 0.158366
3769 0.163385
3770 0.185832
3771 0.145748
3772 0.215713
3773 0.316742
3774 0.220427
3775 0.151895
3776 0.150262
3777 0.297885
3778 0.18787
3779 0.193378
3780 0.286039
3781 0.190635
3782 0.189835
3783 0.172437
3784 0.190973
3785 0.170807
3786 0.166516
3787 0.175096
3788 0.149773
3789 0.126998
3790 0.219562
3791 0.206652
3792 0.173336
3793 0.139952
3794 0.159128
3795 0.149276
3796 0.2235
3797 0.228155
3798 0.15352
3799 0.139549
3800 0.143694
3801 0.189891
3802 0.173321
3803 0.219291
3804 0.267407
3805 0.165682
3806 0.169694
3807 0.168663
3808 0.18089
3809 0.237685
3810 0.181906
3811 0.174172
3812 0.188674
3813 0.154864
3814 0.157712
3815 0.126395
3816 0.171392
3817 0.149774
3818 0.147777
3819 0.236901
3820 0.181033
3821 0.147986
3822 0.213881
3823 0.162961
3824 0.179922
3825 0.167122
3826 0.186612
3827 0.136083
3828 0.177249
3829 0.149046
3830 0.151826
3831 0.160688
3832 0.163674
3833 0.183165
3834 0.130776
3835 0.148098
3836 0.157727
3837 0.145893
3838 0.163326
3839 0.210408
3840 0.188065
3841 0.191979
3842 0.148437
3843 0.14662
3844 0.158089
3845 0.140604
3846 0.116212
3847 0.155999
3848 0.176034
3849 0.155101
3850 0.154666
3851 0.112208
3852 0.118199
3853 0.165428
3854 0.153899
3855 0.130903
3856 0.2606
3857 0.253948
3858 0.210519
3859 0.197532
3860 0.144699
3861 0.149905
3862 0.172457
3863 0.186897
3864 0.14615
3865 0.159549
3866 0.1483
3867 0.165092
3868 0.163409
3869 0.150949
3870 0.175767
3871 0.180491
3872 0.223136
3873 0.197488
3874 0.174504
3875 0.214878
3876 0.189949
3877 0.156258
3878 0.222871
3879 0.162402
3880 0.159
3881 0.201988
3882 0.126853
3883 0.263421
3884 0.175717
3885 0.172575
3886 0.157709
3887 0.272583
3888 0.28039
3889 0.159536
3890 0.17324
3891 0.183007
3892 0.167142
3893 0.144355
3894 0.158818
3895 0.17718
3896 0.149718
3897 0.153782
3898 0.178394
3899 0.205794
3900 0.163099
3901 0.125852
3902 0.174687
3903 0.160272
3904 0.143359
3905 0.169253
3906 0.156134
3907 0.1337
3908 0.163923
3909 0.183289
3910 0.178838
3911 0.158317
3912 0.151238
3913 0.153904
3914 0.13362
3915 0.142922
3916 0.138725
3917 0.200255
3918 0.181898
3919 0.184905
3920 0.173957
3921 0.190424
3922 0.130908
3923 0.162268
3924 0.217017
3925 0.161196
3926 0.191018
3927 0.16022
3928 0.172852
3929 0.142684
3930 0.226675
3931 0.182278
3932 0.150413
3933 0.189071
3934 0.210089
3935 0.142712
3936 0.142097
3937 0.197115
3938 0.176607
3939 0.189031
3940 0.146529
3941 0.203995
3942 0.238428
3943 0.200404
3944 0.159457
3945 0.185456
3946 0.134479
3947 0.143447
3948 0.150716
3949 0.199249
3950 0.187721
3951 0.192445
3952 0.219014
3953 0.174573
3954 0.147478
3955 0.177733
3956 0.155409
3957 0.256035
3958 0.168739
3959 0.217124
3960 0.131694
3961 0.155284
3962 0.206252
3963 0.16028
3964 0.148272
3965 0.136934
3966 0.163826
3967 0.163644
3968 0.1841
3969 0.201055
3970 0.195463
3971 0.160345
3972 0.147504
3973 0.172609
3974 0.227595
3975 0.185691
3976 0.16832
3977 0.148114
3978 0.165914
3979 0.143244
3980 0.222003
3981 0.281058
3982 0.253538
3983 0.171859
3984 0.158894
3985 0.148496
3986 0.188963
3987 0.229721
3988 0.150675
3989 0.124284
3990 0.168633
3991 0.152308
3992 0.253098
3993 0.194411
3994 0.175027
3995 0.218596
3996 0.162178
3997 0.152847
3998 0.124593
3999 0.152271
4000 0.152319
4001 0.190747
4002 0.142198
4003 0.237627
4004 0.177717
4005 0.172837
4006 0.189393
4007 0.144316
4008 0.160632
4009 0.135205
4010 0.181396
4011 0.191794
4012 0.234132
4013 0.210016
4014 0.155388
4015 0.200029
4016 0.202231
4017 0.138817
4018 0.227476
4019 0.141685
4020 0.221265
4021 0.157105
4022 0.172845
4023 0.190569
4024 0.133336
4025 0.231374
4026 0.280015
4027 0.200008
4028 0.253157
4029 0.172218
4030 0.132505
4031 0.246333
4032 0.223136
4033 0.155404
4034 0.17469
4035 0.154505
4036 0.220744
4037 0.154334
4038 0.160657
4039 0.166998
4040 0.21259
4041 0.156047
4042 0.192003
4043 0.171364
4044 0.139383
4045 0.135334
4046 0.229251
4047 0.181234
4048 0.156688
4049 0.178984
4050 0.167394
4051 0.174925
4052 0.167484
4053 0.160588
4054 0.194442
4055 0.138256
4056 0.160772
4057 0.153197
4058 0.176578
4059 0.138335
4060 0.167433
4061 0.159035
4062 0.235389
4063 0.210078
4064 0.219337
4065 0.171981
4066 0.249443
4067 0.195028
4068 0.154144
4069 0.151457
4070 0.137521
4071 0.182101
4072 0.216539
4073 0.166461
4074 0.195145
4075 0.17643
4076 0.149355
4077 0.155875
4078 0.203456
4079 0.198975
4080 0.146946
4081 0.173944
4082 0.154334
4083 0.157705
4084 0.119572
4085 0.16579
4086 0.118442
4087 0.223305
4088 0.14507
4089 0.184805
4090 0.223324
4091 0.196493
4092 0.152561
4093 0.186053
4094 0.170577
4095 0.17119
4096 0.232477
4097 0.213692
4098 0.119099
4099 0.166663
4100 0.172254
4101 0.161848
4102 0.16456
4103 0.230034
4104 0.152722
4105 0.143286
4106 0.168519
4107 0.173782
4108 0.177302
4109 0.173836
4110 0.165602
4111 0.209381
4112 0.170025
4113 0.190303
4114 0.222979
4115 0.159615
4116 0.162248
4117 0.152592
4118 0.215684
4119 0.150599
4120 0.199122
4121 0.175054
4122 0.131217
4123 0.130943
4124 0.142626
4125 0.216904
4126 0.249403
4127 0.214227
4128 0.222733
4129 0.180796
4130 0.137846
4131 0.158622
4132 0.154865
4133 0.147637
4134 0.159284
4135 0.224704
4136 0.165437
4137 0.168795
4138 0.136533
4139 0.234477
4140 0.144409
4141 0.228069
4142 0.196089
4143 0.220298
4144 0.176699
4145 0.165556
4146 0.201074
4147 0.176675
4148 0.186029
4149 0.124294
4150 0.217851
4151 0.260144
4152 0.161062
4153 0.187601
4154 0.229989
4155 0.216317
4156 0.148683
4157 0.16677
4158 0.191225
4159 0.225685
4160 0.202004
4161 0.130246
4162 0.210241
4163 0.149646
4164 0.163626
4165 0.165718
4166 0.238357
4167 0.138403
4168 0.158061
4169 0.254589
4170 0.154034
4171 0.172947
4172 0.171845
4173 0.146173
4174 0.170016
4175 0.173963
4176 0.169175
4177 0.166447
4178 0.145856
4179 0.19967
4180 0.261254
4181 0.240167
4182 0.134397
4183 0.146914
4184 0.170608
4185 0.149471
4186 0.210146
4187 0.127529
4188 0.250376
4189 0.174558
4190 0.179072
4191 0.21449
4192 0.185697
4193 0.186046
4194 0.155389
4195 0.1302
4196 0.158828
4197 0.135645
4198 0.177847
4199 0.140849
4200 0.166254
4201 0.209695
4202 0.189978
4203 0.176449
4204 0.153948
4205 0.205227
4206 0.172206
4207 0.20728
4208 0.219386
4209 0.156063
4210 0.155908
4211 0.190064
4212 0.177898
4213 0.177466
4214 0.173386
4215 0.158687
4216 0.170655
4217 0.186662
4218 0.14425
4219 0.253798
4220 0.165748
4221 0.158147
4222 0.139512
4223 0.150714
4224 0.172161
4225 0.164294
4226 0.231248
4227 0.176742
4228 0.188235
4229 0.152164
4230 0.177598
4231 0.149681
4232 0.290108
4233 0.201085
4234 0.197837
4235 0.124005
4236 0.132944
4237 0.176892
4238 0.189328
4239 0.154111
4240 0.149192
4241 0.126813
4242 0.138785
4243 0.207087
4244 0.162117
4245 0.15248
4246 0.14282
4247 0.202441
4248 0.173927
4249 0.127278
4250 0.162908
4251 0.188123
4252 0.170719
4253 0.138454
4254 0.147
4255 0.177741
4256 0.130328
4257 0.132179
4258 0.155685
4259 0.180697
4260 0.157865
4261 0.152495
4262 0.158304
4263 0.187522
4264 0.155518
4265 0.13555
4266 0.176507
4267 0.164396
4268 0.174446
4269 0.174694
4270 0.157015
4271 0.160375
4272 0.165314
4273 0.131438
4274 0.140746
4275 0.142219
4276 0.12781
4277 0.143921
4278 0.152102
4279 0.159242
4280 0.131754
4281 0.133127
4282 0.16817
4283 0.141073
4284 0.110367
4285 0.325094
4286 0.117803
4287 0.222509
4288 0.180445
4289 0.154852
4290 0.131226
4291 0.13487
4292 0.178828
4293 0.183848
4294 0.145467
4295 0.146785
4296 0.140428
4297 0.148301
4298 0.143727
4299 0.165262
4300 0.145468
4301 0.249686
4302 0.188402
4303 0.151687
4304 0.238774
4305 0.124238
4306 0.180232
4307 0.187324
4308 0.137108
4309 0.147785
4310 0.13935
4311 0.203085
4312 0.188063
4313 0.156982
4314 0.136572
4315 0.193002
4316 0.192327
4317 0.191256
4318 0.15042
4319 0.182482
4320 0.150573
4321 0.167491
4322 0.148078
4323 0.111688
4324 0.157166
4325 0.133964
4326 0.225755
4327 0.252695
4328 0.150622
4329 0.121464
4330 0.119779
4331 0.152735
4332 0.14515
4333 0.187593
4334 0.144366
4335 0.155636
4336 0.147345
4337 0.152855
4338 0.173827
4339 0.164993
4340 0.136256
4341 0.173861
4342 0.153478
4343 0.136517
4344 0.13847
4345 0.169108
4346 0.169204
4347 0.183049
4348 0.132985
4349 0.154228
4350 0.180046
4351 0.135945
4352 0.189777
4353 0.143704
4354 0.1628
4355 0.17206
4356 0.195541
4357 0.148667
4358 0.158096
4359 0.167282
4360 0.147325
4361 0.167866
4362 0.188707
4363 0.171873
4364 0.14625
4365 0.161509
4366 0.145503
4367 0.167084
4368 0.172743
4369 0.146533
4370 0.167905
4371 0.178907
4372 0.165673
4373 0.160918
4374 0.121357
4375 0.154095
4376 0.133162
4377 0.172828
4378 0.16541
4379 0.161639
4380 0.132113
4381 0.145512
4382 0.187413
4383 0.119575
4384 0.181502
4385 0.149507
4386 0.239865
4387 0.163473
4388 0.167827
4389 0.169623
4390 0.154567
4391 0.184953
4392 0.158555
4393 0.1522
4394 0.135563
4395 0.131201
4396 0.161637
4397 0.191993
4398 0.172203
4399 0.131358
4400 0.182501
4401 0.114745
4402 0.153593
4403 0.16588
4404 0.181903
4405 0.205534
4406 0.156439
4407 0.128227
4408 0.151582
4409 0.261179
4410 0.223975
4411 0.187554
4412 0.184596
4413 0.148301
4414 0.148412
4415 0.156315
4416 0.203164
4417 0.144397
4418 0.129833
4419 0.160937
4420 0.127225
4421 0.198492
4422 0.167817
4423 0.182427
4424 0.18207
4425 0.146732
4426 0.159543
4427 0.113921
4428 0.181445
4429 0.125411
4430 0.172743
4431 0.126021
4432 0.156097
4433 0.195206
4434 0.183693
4435 0.157445
4436 0.146687
4437 0.178319
4438 0.14408
4439 0.153427
4440 0.157182
4441 0.193269
4442 0.193477
4443 0.121263
4444 0.19401
4445 0.142025
4446 0.146583
4447 0.229621
4448 0.171065
4449 0.205222
4450 0.142032
4451 0.163315
4452 0.140017
4453 0.19445
4454 0.219672
4455 0.268235
4456 0.205289
4457 0.177925
4458 0.172587
4459 0.163639
4460 0.209164
4461 0.159506
4462 0.203454
4463 0.169892
4464 0.180177
4465 0.200954
4466 0.144731
4467 0.142121
4468 0.13231
4469 0.16107
4470 0.123983
4471 0.208386
4472 0.191668
4473 0.155029
4474 0.15406
4475 0.171196
4476 0.17444
4477 0.232647
4478 0.14053
4479 0.159207
4480 0.167837
4481 0.199959
4482 0.150891
4483 0.188155
4484 0.130547
4485 0.166341
4486 0.138528
4487 0.146041
4488 0.139217
4489 0.135134
4490 0.134664
4491 0.238672
4492 0.199246
4493 0.136385
4494 0.217513
4495 0.204713
4496 0.171263
4497 0.127023
4498 0.156181
4499 0.18218
4500 0.223672
4501 0.16931
4502 0.189936
4503 0.190443
4504 0.166405
4505 0.129881
4506 0.124961
4507 0.156149
4508 0.224246
4509 0.144273
4510 0.144108
4511 0.193027
4512 0.113694
4513 0.147925
4514 0.142976
4515 0.123542
4516 0.237186
4517 0.134359
4518 0.211693
4519 0.162317
4520 0.172933
4521 0.123387
4522 0.218612
4523 0.166823
4524 0.158874
4525 0.211749
4526 0.190983
4527 0.142526
4528 0.152906
4529 0.233011
4530 0.178519
4531 0.133016
4532 0.18077
4533 0.131148
4534 0.174326
4535 0.179229
4536 0.12822
4537 0.16467
4538 0.152643
4539 0.169837
4540 0.165379
4541 0.138103
4542 0.186664
4543 0.199492
4544 0.142297
4545 0.148189
4546 0.141512
4547 0.175941
4548 0.162995
4549 0.173526
4550 0.135141
4551 0.140198
4552 0.16068
4553 0.183699
4554 0.183267
4555 0.218581
4556 0.149226
4557 0.17452
4558 0.2075
4559 0.165394
4560 0.125602
4561 0.160405
4562 0.136867
4563 0.131198
4564 0.146142
4565 0.168625
4566 0.167747
4567 0.196369
4568 0.187263
4569 0.194139
4570 0.202292
4571 0.190172
4572 0.17637
4573 0.145121
4574 0.17325
4575 0.20496
4576 0.159602
4577 0.149009
4578 0.195447
4579 0.254975
4580 0.186868
4581 0.135879
4582 0.219384
4583 0.226554
4584 0.193473
4585 0.132402
4586 0.158551
4587 0.169556
4588 0.22302
4589 0.111576
4590 0.199013
4591 0.214591
4592 0.198134
4593 0.151966
4594 0.140947
4595 0.184806
4596 0.151739
4597 0.154873
4598 0.170423
4599 0.191097
4600 0.201958
4601 0.125411
4602 0.160282
4603 0.138534
4604 0.177588
4605 0.157757
4606 0.17086
4607 0.166892
4608 0.153009
4609 0.247144
4610 0.160166
4611 0.126219
4612 0.158301
4613 0.15716
4614 0.198384
4615 0.170977
4616 0.153145
4617 0.196659
4618 0.164112
4619 0.185836
4620 0.179897
4621 0.138815
4622 0.166313
4623 0.182279
4624 0.147959
4625 0.199025
4626 0.196619
4627 0.164662
4628 0.161657
4629 0.142386
4630 0.258885
4631 0.16871
4632 0.204958
4633 0.123719
4634 0.215507
4635 0.155589
4636 0.115794
4637 0.210001
4638 0.176099
4639 0.121905
4640 0.200191
4641 0.248415
4642 0.187887
4643 0.179824
4644 0.150648
4645 0.139704
4646 0.152843
4647 0.139324
4648 0.313205
4649 0.170633
4650 0.143448
4651 0.175265
4652 0.159568
4653 0.151698
4654 0.147678
4655 0.208623
4656 0.124176
4657 0.141415
4658 0.154999
4659 0.214566
4660 0.173102
4661 0.238484
4662 0.130156
4663 0.184984
4664 0.145972
4665 0.151219
4666 0.189147
4667 0.18875
4668 0.142949
4669 0.157774
4670 0.127105
4671 0.15731
4672 0.183234
4673 0.125825
4674 0.146426
4675 0.143267
4676 0.216866
4677 0.136361
4678 0.12887
4679 0.130653
4680 0.176261
4681 0.128721
4682 0.123793
4683 0.171421
4684 0.173969
4685 0.128392
4686 0.14146
4687 0.176605
4688 0.200909
4689 0.165217
4690 0.131237
4691 0.144821
4692 0.129294
4693 0.139427
4694 0.164517
4695 0.155925
4696 0.185139
4697 0.163086
4698 0.201427
4699 0.156844
4700 0.123467
4701 0.1961
4702 0.125746
4703 0.114898
4704 0.12442
4705 0.111761
4706 0.184178
4707 0.150472
4708 0.108987
4709 0.125411
4710 0.12951
4711 0.182792
4712 0.139942
4713 0.135046
4714 0.255698
4715 0.235943
4716 0.214169
4717 0.176612
4718 0.164183
4719 0.166414
4720 0.183424
4721 0.151784
4722 0.177452
4723 0.136238
4724 0.144397
4725 0.139421
4726 0.170217
4727 0.12887
4728 0.158515
4729 0.152378
4730 0.205859
4731 0.206678
4732 0.134274
4733 0.188947
4734 0.149856
4735 0.172838
4736 0.16475
4737 0.14176
4738 0.159561
4739 0.152849
4740 0.220133
4741 0.156461
4742 0.218727
4743 0.117117
4744 0.212452
4745 0.213974
4746 0.180218
4747 0.16767
4748 0.180597
4749 0.202225
4750 0.144768
4751 0.1952
4752 0.140495
4753 0.128005
4754 0.116731
4755 0.171932
4756 0.252492
4757 0.137514
4758 0.133691
4759 0.119786
4760 0.182078
4761 0.137695
4762 0.178041
4763 0.128994
4764 0.17186
4765 0.122015
4766 0.179999
4767 0.230113
4768 0.166962
4769 0.19799
4770 0.135803
4771 0.153689
4772 0.150307
4773 0.143124
4774 0.199342
4775 0.15669
4776 0.176048
4777 0.150433
4778 0.148564
4779 0.143252
4780 0.135926
4781 0.184911
4782 0.146433
4783 0.15918
4784 0.198178
4785 0.175833
4786 0.169714
4787 0.161471
4788 0.180724
4789 0.163358
4790 0.173721
4791 0.193094
4792 0.162213
4793 0.132543
4794 0.157097
4795 0.1511
4796 0.177078
4797 0.142523
4798 0.130233
4799 0.18335
4800 0.179626
4801 0.15441
4802 0.148279
4803 0.152858
4804 0.144027
4805 0.165689
4806 0.177784
4807 0.148075
4808 0.169334
4809 0.173444
4810 0.115233
4811 0.166194
4812 0.164774
4813 0.154977
4814 0.162166
4815 0.200364
4816 0.143534
4817 0.188781
4818 0.160566
4819 0.150322
4820 0.144964
4821 0.13822
4822 0.139037
4823 0.132253
4824 0.128019
4825 0.152822
4826 0.144989
4827 0.179965
4828 0.133626
4829 0.156177
4830 0.129816
4831 0.15964
4832 0.185612
4833 0.147335
4834 0.257585
4835 0.154554
4836 0.128225
4837 0.156179
4838 0.286229
4839 0.138697
4840 0.175057
4841 0.157983
4842 0.133471
4843 0.126858
4844 0.135026
4845 0.196572
4846 0.127783
4847 0.184172
4848 0.150635
4849 0.172788
4850 0.192249
4851 0.126126
4852 0.167988
4853 0.151043
4854 0.120401
4855 0.132942
4856 0.139635
4857 0.171083
4858 0.120369
4859 0.155698
4860 0.16399
4861 0.187842
4862 0.152235
4863 0.22204
4864 0.144031
4865 0.13539
4866 0.17614
4867 0.122977
4868 0.15652
4869 0.179481
4870 0.167428
4871 0.125799
4872 0.179831
4873 0.186475
4874 0.153721
4875 0.12941
4876 0.231506
4877 0.147584
4878 0.156383
4879 0.118643
4880 0.152534
4881 0.115149
4882 0.172175
4883 0.232757
4884 0.23031
4885 0.20616
4886 0.181871
4887 0.129188
4888 0.212784
4889 0.187521
4890 0.128622
4891 0.146231
4892 0.174721
4893 0.163899
4894 0.183479
4895 0.124031
4896 0.144599
4897 0.136438
4898 0.160238
4899 0.148322
4900 0.193159
4901 0.148782
4902 0.139568
4903 0.139876
4904 0.189185
4905 0.149433
4906 0.116792
4907 0.144355
4908 0.161202
4909 0.134421
4910 0.196402
4911 0.183694
4912 0.153847
4913 0.125477
4914 0.135358
4915 0.154348
4916 0.154516
4917 0.180483
4918 0.169509
4919 0.170175
4920 0.198482
4921 0.211481
4922 0.172649
4923 0.199229
4924 0.176558
4925 0.161603
4926 0.140278
4927 0.150106
4928 0.153079
4929 0.183953
4930 0.200183
4931 0.140957
4932 0.147152
4933 0.139642
4934 0.106592
4935 0.140748
4936 0.209652
4937 0.142068
4938 0.134831
4939 0.189249
4940 0.153069
4941 0.156613
4942 0.153894
4943 0.142625
4944 0.156529
4945 0.252888
4946 0.138587
4947 0.215182
4948 0.225576
4949 0.156208
4950 0.14753
4951 0.203778
4952 0.13996
4953 0.257898
4954 0.173998
4955 0.125403
4956 0.149648
4957 0.165836
4958 0.193176
4959 0.166514
4960 0.150425
4961 0.172747
4962 0.109461
4963 0.187935
4964 0.15647
4965 0.167477
4966 0.142902
4967 0.142456
4968 0.15858
4969 0.157905
4970 0.110747
4971 0.198935
4972 0.203324
4973 0.137091
4974 0.160605
4975 0.164873
4976 0.140415
4977 0.179066
4978 0.13488
4979 0.119302
4980 0.124981
4981 0.140935
4982 0.138109
4983 0.214325
4984 0.185517
4985 0.130492
4986 0.146892
4987 0.231724
4988 0.141469
4989 0.125253
4990 0.134813
4991 0.162295
4992 0.139108
4993 0.159946
4994 0.141033
4995 0.123204
4996 0.156328
4997 0.143751
4998 0.188244
4999 0.224762
5000 0.12567
