0 2.69773
1 2.77849
2 2.31642
3 1.91782
4 1.84127
5 1.77563
6 1.78921
7 1.52965
8 1.49547
9 1.64967
10 1.5505
11 1.5373
12 1.05201
13 1.00109
14 1.27949
15 1.33936
16 1.8149
17 2.15456
18 1.56798
19 1.37414
20 1.2319
21 1.08074
22 1.1582
23 0.998112
24 0.850268
25 1.02085
26 0.988086
27 1.33343
28 1.24608
29 1.32099
30 1.06544
31 0.788344
32 0.855042
33 0.836607
34 0.987774
35 0.844796
36 0.671803
37 0.784883
38 0.650244
39 0.723536
40 0.685637
41 0.834293
42 0.811631
43 0.660927
44 0.877429
45 0.708354
46 0.626792
47 0.667141
48 0.819556
49 0.747786
50 0.627828
51 0.951404
52 0.772938
53 0.707509
54 0.909006
55 1.30532
56 1.13367
57 0.896876
58 0.847565
59 0.856598
60 0.711755
61 0.651978
62 0.965494
63 0.964374
64 0.500368
65 0.745439
66 0.631171
67 0.661125
68 0.736979
69 0.628258
70 0.851477
71 0.840594
72 1.13326
73 0.857444
74 0.862016
75 0.925279
76 0.97891
77 0.569387
78 0.516407
79 0.621837
80 0.472627
81 0.63039
82 0.558348
83 0.614192
84 0.693091
85 0.675048
86 0.696795
87 0.499119
88 0.496969
89 0.51388
90 0.647994
91 0.715581
92 0.610943
93 0.60066
94 0.671037
95 0.662969
96 0.567218
97 0.63083
98 0.733767
99 0.714608
100 0.669075
101 0.458985
102 0.483531
103 0.497064
104 0.501784
105 0.461317
106 0.57291
107 0.602275
108 0.473787
109 0.63136
110 0.557427
111 0.691947
112 0.599356
113 0.631555
114 0.435398
115 0.499815
116 0.679528
117 0.768086
118 0.746549
119 0.492062
120 0.381948
121 0.47778
122 0.605635
123 0.739589
124 0.624811
125 0.5571
126 0.477082
127 0.644775
128 0.60482
129 0.493414
130 0.460212
131 0.33093
132 0.493636
133 0.549313
134 0.695224
135 0.459649
136 0.765365
137 0.793005
138 0.494889
139 0.538697
140 0.388212
141 0.548262
142 0.426224
143 0.432913
144 0.485985
145 0.473614
146 0.52741
147 0.524883
148 0.60989
149 0.451447
150 0.544675
151 0.469062
152 0.58707
153 0.650148
154 0.742252
155 0.574425
156 0.500629
157 0.533911
158 0.488733
159 0.38195
160 0.551822
161 0.474933
162 0.546848
163 0.455025
164 0.402829
165 0.402481
166 0.451914
167 0.512011
168 0.575198
169 0.773219
170 1.12158
171 1.02246
172 0.660425
173 1.12875
174 1.16323
175 0.832381
176 0.553082
177 0.499942
178 0.551602
179 0.384307
180 0.466235
181 0.49064
182 0.655643
183 0.422962
184 0.611751
185 0.468149
186 0.418352
187 0.464878
188 0.581866
189 0.484489
190 0.479402
191 0.417195
192 0.468764
193 0.494844
194 0.576871
195 0.566717
196 0.542892
197 0.365161
198 0.428094
199 0.504156
200 0.585634
201 0.407183
202 0.504469
203 0.519119
204 0.5886
205 0.686629
206 0.609509
207 0.423367
208 0.701078
209 0.491814
210 0.44356
211 0.582738
212 0.507783
213 0.707947
214 0.687464
215 0.387721
216 0.461386
217 0.545214
218 0.389485
219 0.464422
220 0.401855
221 0.556914
222 0.549209
223 0.387358
224 0.525008
225 0.428902
226 0.533831
227 0.350139
228 0.404794
229 0.470649
230 0.578191
231 0.5486
232 0.575198
233 0.575932
234 0.329421
235 0.46781
236 0.469855
237 0.410762
238 0.441865
239 0.49768
240 0.382321
241 0.472328
242 0.4669
243 0.495638
244 0.369388
245 0.475522
246 0.380695
247 0.334419
248 0.451646
249 0.419728
250 0.515373
251 0.478592
252 0.677405
253 0.457513
254 0.495594
255 0.666176
256 0.51355
257 0.399978
258 0.378999
259 0.474255
260 0.500457
261 0.494463
262 0.449546
263 0.441315
264 0.30307
265 0.434039
266 0.340425
267 0.472483
268 0.737685
269 0.494088
270 0.518442
271 0.438873
272 0.385186
273 0.448479
274 0.40125
275 0.431486
276 0.389265
277 0.421252
278 0.439741
279 0.357951
280 0.326914
281 0.563488
282 0.36534
283 0.554249
284 0.456068
285 0.503759
286 0.423522
287 0.415141
288 0.420482
289 0.539946
290 0.469437
291 0.544815
292 0.656842
293 0.40333
294 0.390037
295 0.474682
296 0.566166
297 0.412494
298 0.472838
299 0.276508
300 0.33468
301 0.4016
302 0.37771
303 0.462669
304 0.460469
305 0.466889
306 0.428847
307 0.428463
308 0.448204
309 0.330745
310 0.382869
311 0.517625
312 0.387542
313 0.484163
314 0.432737
315 0.393181
316 0.500451
317 0.409198
318 0.454029
319 0.53869
320 0.425698
321 0.457629
322 0.717104
323 0.772801
324 0.514722
325 0.451738
326 0.352399
327 0.376858
328 0.390076
329 0.427635
330 0.487894
331 0.453883
332 0.518177
333 0.464545
334 0.307446
335 0.45561
336 0.390096
337 0.297463
338 0.502071
339 0.322702
340 0.339256
341 0.364523
342 0.292999
343 0.647362
344 0.482222
345 0.517876
346 0.338442
347 0.629761
348 0.529414
349 0.378067
350 0.548875
351 0.389947
352 0.360702
353 0.470536
354 0.703041
355 0.467929
356 0.445576
357 0.412991
358 0.349657
359 0.318544
360 0.334741
361 0.502795
362 0.363055
363 0.372469
364 0.37976
365 0.353018
366 0.382797
367 0.492794
368 0.528644
369 0.416074
370 0.360218
371 0.313578
372 0.514816
373 0.411442
374 0.669413
375 0.331631
376 0.403692
377 0.270554
378 0.429884
379 0.440313
380 0.396563
381 0.431076
382 0.489032
383 0.41648
384 0.35636
385 0.362184
386 0.415598
387 0.39614
388 0.338098
389 0.448584
390 0.374094
391 0.370876
392 0.431301
393 0.404608
394 0.371621
395 0.329701
396 0.409091
397 0.402954
398 0.355826
399 0.32056
400 0.444229
401 0.417205
402 0.429338
403 0.40562
404 0.380023
405 0.381549
406 0.403503
407 0.26717
408 0.395914
409 0.35791
410 0.407284
411 0.459721
412 0.355592
413 0.296225
414 0.328289
415 0.250412
416 0.275161
417 0.374726
418 0.312102
419 0.2586
420 0.396618
421 0.245202
422 0.22425
423 0.257765
424 0.62247
425 0.629212
426 0.431938
427 0.732173
428 0.267843
429 0.446511
430 0.317555
431 0.462894
432 0.381007
433 0.355945
434 0.45074
435 0.462603
436 0.3357
437 0.348557
438 0.354034
439 0.353995
440 0.42862
441 0.392761
442 0.36006
443 0.466602
444 0.434595
445 0.349728
446 0.486446
447 0.411017
448 0.393969
449 0.363096
450 0.468744
451 0.349008
452 0.365299
453 0.543491
454 0.39006
455 0.395409
456 0.339396
457 0.62924
458 0.613728
459 0.508897
460 0.406499
461 0.368327
462 0.381029
463 0.387647
464 0.411502
465 0.328741
466 0.311181
467 0.33735
468 0.442239
469 0.627438
470 0.377389
471 0.437204
472 0.307493
473 0.499878
474 0.36095
475 0.393995
476 0.323531
477 0.325192
478 0.28956
479 0.42561
480 0.515193
481 0.435737
482 0.393552
483 0.346694
484 0.285304
485 0.398124
486 0.375257
487 0.490771
488 0.623144
489 0.49551
490 0.377391
491 0.488819
492 0.36869
493 0.314519
494 0.396488
495 0.338038
496 0.459791
497 0.449951
498 0.415104
499 0.337097
500 0.464644
501 0.56773
502 0.311162
503 0.35386
504 0.488811
505 0.691026
506 0.39988
507 0.365191
508 0.396888
509 0.309981
510 0.410236
511 0.313507
512 0.463124
513 0.413158
514 0.466342
515 0.322817
516 0.349511
517 0.278979
518 0.360797
519 0.409714
520 0.450517
521 0.317958
522 0.400647
523 0.376888
524 0.345868
525 0.305752
526 0.453608
527 0.397465
528 0.458232
529 0.362044
530 0.329511
531 0.345609
532 0.362623
533 0.333478
534 0.322687
535 0.375942
536 0.338075
537 0.293961
538 0.374619
539 0.366517
540 0.444605
541 0.364026
542 0.340421
543 0.290395
544 0.366961
545 0.367704
546 0.408426
547 0.514989
548 0.28438
549 0.30778
550 0.396859
551 0.530532
552 0.383023
553 0.434554
554 0.41075
555 0.25481
556 0.346055
557 0.315107
558 0.387243
559 0.26723
560 0.304705
561 0.359457
562 0.413428
563 0.452963
564 0.309977
565 0.507533
566 0.382372
567 0.351921
568 0.294329
569 0.355736
570 0.42039
571 0.257471
572 0.352471
573 0.324542
574 0.40273
575 0.401395
576 0.436667
577 0.317643
578 0.300362
579 0.41803
580 0.332278
581 0.410461
582 0.463344
583 0.600335
584 0.397817
585 0.278829
586 0.318247
587 0.311617
588 0.298083
589 0.381432
590 0.336293
591 0.459502
592 0.33699
593 0.343185
594 0.273118
595 0.408784
596 0.417177
597 0.520555
598 0.436529
599 0.427693
600 0.248025
601 0.451516
602 0.416377
603 0.34124
604 0.340251
605 0.31832
606 0.355519
607 0.305008
608 0.290774
609 0.391781
610 0.319522
611 0.441162
612 0.323017
613 0.483126
614 0.271587
615 0.32334
616 0.361157
617 0.361073
618 0.392534
619 0.295174
620 0.295497
621 0.362537
622 0.319549
623 0.409709
624 0.358194
625 0.422106
626 0.268599
627 0.329408
628 0.352368
629 0.328701
630 0.317534
631 0.352988
632 0.347071
633 0.345115
634 0.477973
635 0.346934
636 0.347868
637 0.487371
638 0.340187
639 0.366039
640 0.314912
641 0.340373
642 0.488327
643 0.338002
644 0.336529
645 0.345596
646 0.328236
647 0.253038
648 0.248592
649 0.288911
650 0.422809
651 0.345218
652 0.287942
653 0.353701
654 0.230855
655 0.327786
656 0.255023
657 0.262515
658 0.370384
659 0.367757
660 0.500376
661 0.505108
662 0.336799
663 0.295735
664 0.385018
665 0.296908
666 0.474375
667 0.296848
668 0.24001
669 0.309637
670 0.305644
671 0.40288
672 0.342158
673 0.248973
674 0.365734
675 0.234955
676 0.304821
677 0.392592
678 0.353584
679 0.389357
680 0.32342
681 0.50532
682 0.460453
683 0.287728
684 0.366906
685 0.370875
686 0.361742
687 0.249872
688 0.318679
689 0.322946
690 0.336396
691 0.403103
692 0.26526
693 0.267593
694 0.252701
695 0.27217
696 0.359444
697 0.558889
698 0.403763
699 0.328968
700 0.361881
701 0.338131
702 0.339827
703 0.23644
704 0.29716
705 0.330494
706 0.303724
707 0.288485
708 0.352018
709 0.340144
710 0.374812
711 0.302428
712 0.488138
713 0.512578
714 0.383713
715 0.325673
716 0.305227
717 0.434204
718 0.305518
719 0.286491
720 0.352441
721 0.541533
722 0.312206
723 0.351421
724 0.337545
725 0.511947
726 0.297128
727 0.272722
728 0.237934
729 0.327289
730 0.285284
731 0.273077
732 0.356319
733 0.330066
734 0.343642
735 0.312852
736 0.413023
737 0.263506
738 0.282591
739 0.276226
740 0.386251
741 0.397882
742 0.373307
743 0.267886
744 0.353569
745 0.383874
746 0.358263
747 0.405186
748 0.351702
749 0.432427
750 0.382764
751 0.463821
752 0.388577
753 0.279459
754 0.353079
755 0.318076
756 0.301144
757 0.302536
758 0.422755
759 0.320806
760 0.36606
761 0.38959
762 0.475209
763 0.292406
764 0.315678
765 0.342447
766 0.276912
767 0.290617
768 0.296056
769 0.323431
770 0.236717
771 0.337246
772 0.543466
773 0.305128
774 0.345272
775 0.271371
776 0.47263
777 0.332451
778 0.272545
779 0.463217
780 0.310805
781 0.270767
782 0.432789
783 0.625921
784 0.572819
785 0.297233
786 0.237648
787 0.266181
788 0.2785
789 0.300091
790 0.401357
791 0.271319
792 0.334633
793 0.287188
794 0.287446
795 0.31766
796 0.407034
797 0.415917
798 0.317691
799 0.280568
800 0.302809
801 0.385835
802 0.413861
803 0.467969
804 0.33702
805 0.276656
806 0.257637
807 0.330912
808 0.329462
809 0.333497
810 0.327505
811 0.310327
812 0.283627
813 0.293215
814 0.283962
815 0.303071
816 0.245295
817 0.293474
818 0.387837
819 0.335328
820 0.305037
821 0.336013
822 0.276782
823 0.349319
824 0.247681
825 0.312361
826 0.300178
827 0.2977
828 0.338734
829 0.301149
830 0.387303
831 0.253537
832 0.31621
833 0.26093
834 0.259877
835 0.27025
836 0.262806
837 0.335126
838 0.308346
839 0.260629
840 0.40146
841 0.286492
842 0.257468
843 0.309117
844 0.240776
845 0.210224
846 0.24121
847 0.255358
848 0.218409
849 0.373666
850 0.200153
851 0.190948
852 0.285506
853 0.405738
854 0.245639
855 0.278777
856 0.501911
857 0.348761
858 0.416649
859 0.277194
860 0.273069
861 0.289423
862 0.303815
863 0.389532
864 0.303522
865 0.273795
866 0.262295
867 0.257222
868 0.38872
869 0.234209
870 0.314659
871 0.320441
872 0.351778
873 0.351526
874 0.359696
875 0.365074
876 0.222312
877 0.345408
878 0.294192
879 0.370643
880 0.280613
881 0.259395
882 0.375735
883 0.314549
884 0.315604
885 0.260857
886 0.602034
887 0.621397
888 0.34991
889 0.342505
890 0.342616
891 0.291818
892 0.335088
893 0.273714
894 0.272191
895 0.239428
896 0.337789
897 0.274644
898 0.545203
899 0.541089
900 0.314121
901 0.275272
902 0.395636
903 0.235435
904 0.2919
905 0.319375
906 0.24387
907 0.281118
908 0.438581
909 0.350664
910 0.359567
911 0.33227
912 0.250226
913 0.256963
914 0.342982
915 0.250749
916 0.389832
917 0.38061
918 0.364698
919 0.355405
920 0.43898
921 0.346722
922 0.275127
923 0.28467
924 0.279388
925 0.403973
926 0.2708
927 0.341988
928 0.357857
929 0.341052
930 0.396915
931 0.276834
932 0.348527
933 0.397722
934 0.311048
935 0.222684
936 0.345643
937 0.249554
938 0.323082
939 0.312004
940 0.238375
941 0.427367
942 0.356036
943 0.320869
944 0.269243
945 0.233316
946 0.280414
947 0.277518
948 0.334154
949 0.307037
950 0.328374
951 0.302943
952 0.313956
953 0.192838
954 0.292718
955 0.388503
956 0.317226
957 0.308011
958 0.306178
959 0.266558
960 0.270393
961 0.315604
962 0.303216
963 0.269376
964 0.284389
965 0.208693
966 0.23104
967 0.383479
968 0.346545
969 0.352031
970 0.314587
971 0.255148
972 0.264507
973 0.295518
974 0.358038
975 0.38399
976 0.301304
977 0.260789
978 0.223146
979 0.423337
980 0.469042
981 0.326871
982 0.319558
983 0.271785
984 0.228724
985 0.285993
986 0.251683
987 0.325463
988 0.216813
989 0.313685
990 0.275351
991 0.408259
992 0.263344
993 0.291417
994 0.43354
995 0.329598
996 0.292381
997 0.244669
998 0.347408
999 0.276546
1000 0.236537
1001 0.350768
1002 0.318957
1003 0.274733
1004 0.279446
1005 0.320987
1006 0.279324
1007 0.300372
1008 0.225973
1009 0.271714
1010 0.370315
1011 0.265167
1012 0.288075
1013 0.261872
1014 0.244932
1015 0.272396
1016 0.255655
1017 0.288303
1018 0.302728
1019 0.351394
1020 0.236745
1021 0.279823
1022 0.280803
1023 0.268722
1024 0.397103
1025 0.444562
1026 0.413451
1027 0.329676
1028 0.384433
1029 0.224494
1030 0.425361
1031 0.292742
1032 0.29261
1033 0.300476
1034 0.300903
1035 0.336996
1036 0.238721
1037 0.230673
1038 0.296548
1039 0.314278
1040 0.34489
1041 0.283119
1042 0.392511
1043 0.248846
1044 0.277989
1045 0.357298
1046 0.316952
1047 0.32272
1048 0.253913
1049 0.260781
1050 0.322053
1051 0.330052
1052 0.30487
1053 0.297326
1054 0.27962
1055 0.235302
1056 0.307104
1057 0.261806
1058 0.315157
1059 0.279296
1060 0.269216
1061 0.349923
1062 0.345053
1063 0.347865
1064 0.25493
1065 0.384089
1066 0.39076
1067 0.302576
1068 0.291609
1069 0.379265
1070 0.311383
1071 0.347385
1072 0.297737
1073 0.248389
1074 0.313828
1075 0.273578
1076 0.254755
1077 0.214761
1078 0.275694
1079 0.276387
1080 0.297001
1081 0.279379
1082 0.278631
1083 0.188389
1084 0.280654
1085 0.24826
1086 0.210052
1087 0.356547
1088 0.29501
1089 0.37697
1090 0.332304
1091 0.267006
1092 0.385995
1093 0.31201
1094 0.265006
1095 0.37711
1096 0.244513
1097 0.257628
1098 0.257544
1099 0.288072
1100 0.371029
1101 0.250312
1102 0.29385
1103 0.232386
1104 0.239884
1105 0.262909
1106 0.281636
1107 0.335784
1108 0.278595
1109 0.232234
1110 0.510021
1111 0.338575
1112 0.31101
1113 0.413074
1114 0.246705
1115 0.264472
1116 0.207466
1117 0.283505
1118 0.281732
1119 0.351772
1120 0.256608
1121 0.274778
1122 0.252528
1123 0.233485
1124 0.296116
1125 0.397573
1126 0.364349
1127 0.292565
1128 0.30017
1129 0.313739
1130 0.26783
1131 0.283097
1132 0.244081
1133 0.315533
1134 0.260428
1135 0.266171
1136 0.281935
1137 0.245939
1138 0.359982
1139 0.232817
1140 0.366094
1141 0.370486
1142 0.436809
1143 0.311802
1144 0.303157
1145 0.299312
1146 0.321267
1147 0.329202
1148 0.234884
1149 0.395163
1150 0.411268
1151 0.264295
1152 0.299965
1153 0.362536
1154 0.293624
1155 0.275084
1156 0.205052
1157 0.278573
1158 0.243379
1159 0.306548
1160 0.241411
1161 0.348506
1162 0.296197
1163 0.249585
1164 0.29318
1165 0.371099
1166 0.20618
1167 0.268555
1168 0.300262
1169 0.313766
1170 0.407984
1171 0.313206
1172 0.235604
1173 0.316234
1174 0.361361
1175 0.277095
1176 0.389348
1177 0.300006
1178 0.382051
1179 0.359983
1180 0.409601
1181 0.232085
1182 0.233741
1183 0.288658
1184 0.228324
1185 0.353144
1186 0.229811
1187 0.352263
1188 0.294812
1189 0.280982
1190 0.415095
1191 0.260092
1192 0.33118
1193 0.265635
1194 0.215479
1195 0.267192
1196 0.267464
1197 0.330804
1198 0.22847
1199 0.201859
1200 0.334695
1201 0.404023
1202 0.275686
1203 0.246487
1204 0.268592
1205 0.337269
1206 0.321219
1207 0.238133
1208 0.314747
1209 0.260669
1210 0.349926
1211 0.371269
1212 0.358321
1213 0.31109
1214 0.309367
1215 0.213177
1216 0.218875
1217 0.229264
1218 0.306097
1219 0.284047
1220 0.2659
1221 0.271803
1222 0.265161
1223 0.229775
1224 0.314296
1225 0.449825
1226 0.259762
1227 0.256825
1228 0.222817
1229 0.273729
1230 0.308206
1231 0.355813
1232 0.32211
1233 0.280036
1234 0.308343
1235 0.179981
1236 0.342751
1237 0.302262
1238 0.249524
1239 0.268254
1240 0.309729
1241 0.189113
1242 0.2507
1243 0.233336
1244 0.235868
1245 0.209637
1246 0.262829
1247 0.323306
1248 0.241463
1249 0.258409
1250 0.373255
1251 0.256361
1252 0.230499
1253 0.253046
1254 0.251856
1255 0.270098
1256 0.215321
1257 0.310411
1258 0.272931
1259 0.29457
1260 0.253692
1261 0.223467
1262 0.267945
1263 0.227357
1264 0.198328
1265 0.276767
1266 0.283617
1267 0.250295
1268 0.288371
1269 0.329607
1270 0.229083
1271 0.258671
1272 0.196594
1273 0.215135
1274 0.23944
1275 0.215658
1276 0.223868
1277 0.26479
1278 0.210322
1279 0.187926
1280 0.177202
1281 0.314475
1282 0.245834
1283 0.165683
1284 0.546673
1285 0.229021
1286 0.336683
1287 0.249976
1288 0.345673
1289 0.235983
1290 0.35052
1291 0.279295
1292 0.292767
1293 0.255535
1294 0.232937
1295 0.23008
1296 0.232438
1297 0.280934
1298 0.205241
1299 0.305463
1300 0.298135
1301 0.300683
1302 0.264239
1303 0.301203
1304 0.258736
1305 0.240135
1306 0.303305
1307 0.268098
1308 0.392951
1309 0.30325
1310 0.256803
1311 0.427531
1312 0.275063
1313 0.282691
1314 0.26597
1315 0.459051
1316 0.465701
1317 0.241963
1318 0.32639
1319 0.325332
1320 0.273438
1321 0.23692
1322 0.216542
1323 0.201226
1324 0.196848
1325 0.31227
1326 0.386325
1327 0.271307
1328 0.212203
1329 0.234197
1330 0.244093
1331 0.277876
1332 0.307577
1333 0.267981
1334 0.281855
1335 0.197555
1336 0.254942
1337 0.353897
1338 0.343459
1339 0.248895
1340 0.276755
1341 0.235399
1342 0.232453
1343 0.223616
1344 0.240559
1345 0.478591
1346 0.292845
1347 0.261426
1348 0.2641
1349 0.338607
1350 0.242484
1351 0.260731
1352 0.328751
1353 0.255781
1354 0.290796
1355 0.280053
1356 0.293606
1357 0.277236
1358 0.313907
1359 0.318554
1360 0.308721
1361 0.289198
1362 0.344888
1363 0.246595
1364 0.231362
1365 0.321102
1366 0.258284
1367 0.243731
1368 0.249494
1369 0.285158
1370 0.318985
1371 0.273368
1372 0.28582
1373 0.214686
1374 0.219311
1375 0.261424
1376 0.233093
1377 0.300505
1378 0.256105
1379 0.274386
1380 0.290466
1381 0.308516
1382 0.212472
1383 0.258827
1384 0.337923
1385 0.354841
1386 0.260164
1387 0.284387
1388 0.243385
1389 0.211176
1390 0.302545
1391 0.232836
1392 0.265271
1393 0.220529
1394 0.202602
1395 0.224386
1396 0.334996
1397 0.325335
1398 0.251554
1399 0.26955
1400 0.233693
1401 0.255976
1402 0.27913
1403 0.301779
1404 0.289975
1405 0.258372
1406 0.200496
1407 0.236619
1408 0.388602
1409 0.332783
1410 0.334435
1411 0.261582
1412 0.232547
1413 0.243134
1414 0.253067
1415 0.293065
1416 0.213911
1417 0.171839
1418 0.311441
1419 0.227469
1420 0.365898
1421 0.247205
1422 0.315815
1423 0.373318
1424 0.264501
1425 0.241366
1426 0.227337
1427 0.24609
1428 0.204044
1429 0.233194
1430 0.228682
1431 0.258869
1432 0.278674
1433 0.300408
1434 0.28093
1435 0.216813
1436 0.301431
1437 0.212884
1438 0.261919
1439 0.274762
1440 0.302475
1441 0.229138
1442 0.203488
1443 0.226796
1444 0.254417
1445 0.207533
1446 0.374541
1447 0.284059
1448 0.359219
1449 0.227647
1450 0.265899
1451 0.23421
1452 0.244667
1453 0.331148
1454 0.38678
1455 0.395777
1456 0.266056
1457 0.301253
1458 0.217192
1459 0.410179
1460 0.223897
1461 0.284829
1462 0.243927
1463 0.248303
1464 0.303574
1465 0.2096
1466 0.211257
1467 0.205161
1468 0.26337
1469 0.258232
1470 0.325523
1471 0.245206
1472 0.237773
1473 0.250944
1474 0.331251
1475 0.273479
1476 0.271952
1477 0.20835
1478 0.25249
1479 0.286732
1480 0.283834
1481 0.306735
1482 0.330929
1483 0.216586
1484 0.193505
1485 0.240366
1486 0.261516
1487 0.220259
1488 0.258804
1489 0.250476
1490 0.412902
1491 0.361203
1492 0.28882
1493 0.250115
1494 0.330259
1495 0.243384
1496 0.277514
1497 0.256737
1498 0.302113
1499 0.279366
1500 0.319368
1501 0.267545
1502 0.29605
1503 0.298282
1504 0.215692
1505 0.26638
1506 0.197619
1507 0.220898
1508 0.244406
1509 0.236238
1510 0.248083
1511 0.181839
1512 0.194724
1513 0.221836
1514 0.225017
1515 0.293898
1516 0.292812
1517 0.319994
1518 0.339879
1519 0.37273
1520 0.246613
1521 0.254007
1522 0.237364
1523 0.236367
1524 0.315829
1525 0.262835
1526 0.188556
1527 0.251682
1528 0.272796
1529 0.361117
1530 0.191443
1531 0.240708
1532 0.227329
1533 0.182677
1534 0.278216
1535 0.256781
1536 0.311484
1537 0.240725
1538 0.305313
1539 0.372699
1540 0.280896
1541 0.287744
1542 0.270908
1543 0.206748
1544 0.185492
1545 0.197542
1546 0.279037
1547 0.315963
1548 0.250647
1549 0.230476
1550 0.187695
1551 0.213639
1552 0.176767
1553 0.296146
1554 0.40631
1555 0.256742
1556 0.291962
1557 0.268086
1558 0.202989
1559 0.214078
1560 0.230297
1561 0.23034
1562 0.244169
1563 0.271324
1564 0.279449
1565 0.248334
1566 0.229073
1567 0.294794
1568 0.208549
1569 0.350418
1570 0.262396
1571 0.346712
1572 0.254079
1573 0.216452
1574 0.231617
1575 0.23948
1576 0.246699
1577 0.245601
1578 0.294174
1579 0.316677
1580 0.239001
1581 0.326847
1582 0.265137
1583 0.269612
1584 0.246839
1585 0.162856
1586 0.231246
1587 0.257339
1588 0.289949
1589 0.238381
1590 0.283044
1591 0.292234
1592 0.201077
1593 0.258751
1594 0.30061
1595 0.228601
1596 0.211553
1597 0.301181
1598 0.245651
1599 0.288888
1600 0.231609
1601 0.24982
1602 0.236495
1603 0.284741
1604 0.276725
1605 0.264102
1606 0.275872
1607 0.257746
1608 0.379741
1609 0.269511
1610 0.214486
1611 0.184364
1612 0.243325
1613 0.216108
1614 0.335433
1615 0.220499
1616 0.286646
1617 0.249631
1618 0.384363
1619 0.356222
1620 0.238397
1621 0.303883
1622 0.267876
1623 0.186162
1624 0.258411
1625 0.209261
1626 0.280436
1627 0.230939
1628 0.174018
1629 0.437364
1630 0.295236
1631 0.278182
1632 0.184587
1633 0.324192
1634 0.269039
1635 0.211296
1636 0.334478
1637 0.194731
1638 0.245987
1639 0.251868
1640 0.414635
1641 0.314991
1642 0.238268
1643 0.205194
1644 0.198071
1645 0.192591
1646 0.229725
1647 0.407604
1648 0.262671
1649 0.279362
1650 0.225894
1651 0.234524
1652 0.218889
1653 0.302151
1654 0.283811
1655 0.254153
1656 0.232648
1657 0.17861
1658 0.227971
1659 0.270429
1660 0.37373
1661 0.212846
1662 0.323834
1663 0.227519
1664 0.251173
1665 0.262098
1666 0.249929
1667 0.245443
1668 0.241877
1669 0.260778
1670 0.195642
1671 0.208803
1672 0.265957
1673 0.216448
1674 0.210712
1675 0.238168
1676 0.314051
1677 0.176966
1678 0.284004
1679 0.258166
1680 0.262698
1681 0.218697
1682 0.224118
1683 0.280839
1684 0.244878
1685 0.218275
1686 0.255704
1687 0.223916
1688 0.271781
1689 0.242399
1690 0.264529
1691 0.184958
1692 0.27933
1693 0.201346
1694 0.272428
1695 0.214067
1696 0.217661
1697 0.274001
1698 0.267974
1699 0.189079
1700 0.217414
1701 0.181088
1702 0.178295
1703 0.224111
1704 0.173571
1705 0.182619
1706 0.273132
1707 0.184383
1708 0.177436
1709 0.149355
1710 0.255657
1711 0.174509
1712 0.16681
1713 0.498924
1714 0.165876
1715 0.270175
1716 0.211307
1717 0.301111
1718 0.229672
1719 0.247638
1720 0.241922
1721 0.315242
1722 0.232167
1723 0.214941
1724 0.218247
1725 0.223177
1726 0.28546
1727 0.231838
1728 0.194564
1729 0.351606
1730 0.289664
1731 0.245022
1732 0.288181
1733 0.200278
1734 0.211807
1735 0.246513
1736 0.213863
1737 0.323671
1738 0.237125
1739 0.329964
1740 0.237332
1741 0.222227
1742 0.197894
1743 0.346528
1744 0.326021
1745 0.275796
1746 0.218378
1747 0.269236
1748 0.231214
1749 0.255258
1750 0.188719
1751 0.209555
1752 0.189783
1753 0.203713
1754 0.306756
1755 0.416549
1756 0.287426
1757 0.247884
1758 0.178415
1759 0.312404
1760 0.192656
1761 0.283194
1762 0.190973
1763 0.209795
1764 0.200439
1765 0.237578
1766 0.311188
1767 0.26419
1768 0.296393
1769 0.255479
1770 0.216159
1771 0.32806
1772 0.213314
1773 0.226236
1774 0.310632
1775 0.217729
1776 0.26074
1777 0.291083
1778 0.257557
1779 0.192775
1780 0.248649
1781 0.212912
1782 0.257875
1783 0.27424
1784 0.245205
1785 0.229458
1786 0.304495
1787 0.304746
1788 0.239413
1789 0.228946
1790 0.266072
1791 0.328012
1792 0.196338
1793 0.273814
1794 0.192843
1795 0.222823
1796 0.251281
1797 0.184073
1798 0.318726
1799 0.227882
1800 0.304568
1801 0.231787
1802 0.216732
1803 0.174762
1804 0.242972
1805 0.263702
1806 0.236237
1807 0.237467
1808 0.226052
1809 0.260753
1810 0.263756
1811 0.207327
1812 0.29642
1813 0.201259
1814 0.348761
1815 0.246092
1816 0.235419
1817 0.235529
1818 0.204938
1819 0.290373
1820 0.237664
1821 0.275157
1822 0.187546
1823 0.151029
1824 0.233773
1825 0.240842
1826 0.293027
1827 0.212994
1828 0.211569
1829 0.178929
1830 0.233301
1831 0.221046
1832 0.317343
1833 0.30938
1834 0.266729
1835 0.179232
1836 0.240298
1837 0.341246
1838 0.272307
1839 0.220911
1840 0.272152
1841 0.182796
1842 0.201736
1843 0.23429
1844 0.282574
1845 0.180166
1846 0.181337
1847 0.230928
1848 0.248953
1849 0.313137
1850 0.246548
1851 0.299518
1852 0.255449
1853 0.194414
1854 0.193991
1855 0.225489
1856 0.223064
1857 0.199807
1858 0.23398
1859 0.246206
1860 0.225827
1861 0.263766
1862 0.272856
1863 0.196536
1864 0.220113
1865 0.19363
1866 0.180239
1867 0.222512
1868 0.227091
1869 0.23965
1870 0.260326
1871 0.189392
1872 0.221366
1873 0.227407
1874 0.192573
1875 0.245778
1876 0.255972
1877 0.268365
1878 0.231312
1879 0.225383
1880 0.198286
1881 0.256468
1882 0.279192
1883 0.358674
1884 0.296861
1885 0.326155
1886 0.206031
1887 0.250986
1888 0.279005
1889 0.192545
1890 0.244912
1891 0.218239
1892 0.263329
1893 0.247051
1894 0.193486
1895 0.192702
1896 0.247353
1897 0.351158
1898 0.202733
1899 0.338489
1900 0.170696
1901 0.249079
1902 0.240674
1903 0.291385
1904 0.232621
1905 0.216642
1906 0.191151
1907 0.266121
1908 0.214817
1909 0.241322
1910 0.254103
1911 0.214635
1912 0.239449
1913 0.217177
1914 0.23482
1915 0.248483
1916 0.186383
1917 0.215467
1918 0.273224
1919 0.231915
1920 0.292637
1921 0.195193
1922 0.267434
1923 0.305221
1924 0.242506
1925 0.244263
1926 0.212932
1927 0.278793
1928 0.412136
1929 0.243425
1930 0.249827
1931 0.233634
1932 0.241984
1933 0.230076
1934 0.166818
1935 0.215945
1936 0.253725
1937 0.220051
1938 0.23708
1939 0.287108
1940 0.195993
1941 0.223386
1942 0.191785
1943 0.190711
1944 0.274243
1945 0.270909
1946 0.300403
1947 0.251315
1948 0.26315
1949 0.245805
1950 0.219433
1951 0.193585
1952 0.342615
1953 0.232949
1954 0.249644
1955 0.228798
1956 0.191078
1957 0.2541
1958 0.263446
1959 0.170934
1960 0.259047
1961 0.184027
1962 0.212592
1963 0.23752
1964 0.211195
1965 0.298467
1966 0.198918
1967 0.327063
1968 0.249011
1969 0.195436
1970 0.226023
1971 0.275379
1972 0.212891
1973 0.168156
1974 0.209753
1975 0.267272
1976 0.217339
1977 0.244999
1978 0.240304
1979 0.214719
1980 0.181419
1981 0.229783
1982 0.296295
1983 0.406385
1984 0.227022
1985 0.268176
1986 0.240375
1987 0.197221
1988 0.206376
1989 0.193604
1990 0.196272
1991 0.232404
1992 0.233692
1993 0.21569
1994 0.227405
1995 0.273001
1996 0.237848
1997 0.201024
1998 0.364749
1999 0.309107
2000 0.295886
2001 0.228934
2002 0.216427
2003 0.283118
2004 0.239639
2005 0.213593
2006 0.273822
2007 0.336427
2008 0.237114
2009 0.258618
2010 0.222305
2011 0.296569
2012 0.227767
2013 0.162976
2014 0.171585
2015 0.195209
2016 0.297199
2017 0.228961
2018 0.243738
2019 0.230766
2020 0.236371
2021 0.221925
2022 0.227895
2023 0.26663
2024 0.197574
2025 0.197762
2026 0.268419
2027 0.239474
2028 0.236135
2029 0.221645
2030 0.234641
2031 0.271062
2032 0.233201
2033 0.233177
2034 0.280002
2035 0.251902
2036 0.256362
2037 0.320058
2038 0.184493
2039 0.212028
2040 0.229795
2041 0.208435
2042 0.205712
2043 0.219843
2044 0.277268
2045 0.256321
2046 0.215429
2047 0.330478
2048 0.371727
2049 0.183888
2050 0.257418
2051 0.206525
2052 0.206493
2053 0.214415
2054 0.23188
2055 0.191179
2056 0.202335
2057 0.276062
2058 0.414797
2059 0.246165
2060 0.244064
2061 0.163734
2062 0.305645
2063 0.191825
2064 0.206173
2065 0.37421
2066 0.179818
2067 0.237094
2068 0.285894
2069 0.300009
2070 0.400171
2071 0.221705
2072 0.221385
2073 0.191049
2074 0.18403
2075 0.173741
2076 0.3073
2077 0.182497
2078 0.231468
2079 0.221851
2080 0.210466
2081 0.275899
2082 0.243178
2083 0.251406
2084 0.198558
2085 0.261577
2086 0.162112
2087 0.210132
2088 0.329021
2089 0.374256
2090 0.276558
2091 0.225779
2092 0.186924
2093 0.302716
2094 0.235286
2095 0.180549
2096 0.226888
2097 0.242431
2098 0.232204
2099 0.214528
2100 0.18887
2101 0.233462
2102 0.177354
2103 0.182175
2104 0.286371
2105 0.214409
2106 0.207949
2107 0.18343
2108 0.236963
2109 0.20612
2110 0.159048
2111 0.265712
2112 0.214442
2113 0.198569
2114 0.210878
2115 0.185862
2116 0.280979
2117 0.173108
2118 0.211658
2119 0.16949
2120 0.183241
2121 0.233525
2122 0.175823
2123 0.237273
2124 0.186042
2125 0.179213
2126 0.284391
2127 0.186802
2128 0.181074
2129 0.202065
2130 0.188623
2131 0.164676
2132 0.160587
2133 0.180493
2134 0.165841
2135 0.333207
2136 0.151457
2137 0.178008
2138 0.191267
2139 0.252907
2140 0.15645
2141 0.229375
2142 0.401632
2143 0.352857
2144 0.27471
2145 0.235001
2146 0.235394
2147 0.202636
2148 0.225065
2149 0.26142
2150 0.290893
2151 0.190761
2152 0.225275
2153 0.216336
2154 0.218741
2155 0.195151
2156 0.223356
2157 0.207025
2158 0.320396
2159 0.263201
2160 0.195747
2161 0.248011
2162 0.178027
2163 0.25718
2164 0.229826
2165 0.282787
2166 0.211799
2167 0.226051
2168 0.335067
2169 0.193719
2170 0.24373
2171 0.194249
2172 0.427124
2173 0.384477
2174 0.211378
2175 0.214974
2176 0.276017
2177 0.22082
2178 0.178613
2179 0.215907
2180 0.202175
2181 0.167368
2182 0.258354
2183 0.201861
2184 0.389104
2185 0.172605
2186 0.183103
2187 0.15697
2188 0.273939
2189 0.178501
2190 0.282001
2191 0.213477
2192 0.198873
2193 0.23284
2194 0.257076
2195 0.264569
2196 0.22678
2197 0.231858
2198 0.215079
2199 0.206443
2200 0.22169
2201 0.21293
2202 0.256358
2203 0.31604
2204 0.251239
2205 0.247784
2206 0.29253
2207 0.254842
2208 0.226856
2209 0.249896
2210 0.20544
2211 0.284958
2212 0.208324
2213 0.30128
2214 0.261145
2215 0.206713
2216 0.262149
2217 0.200463
2218 0.236768
2219 0.27085
2220 0.261936
2221 0.172769
2222 0.244698
2223 0.230634
2224 0.28775
2225 0.198905
2226 0.173897
2227 0.261469
2228 0.258712
2229 0.235539
2230 0.216413
2231 0.172966
2232 0.171131
2233 0.208618
2234 0.22246
2235 0.210589
2236 0.251434
2237 0.284954
2238 0.244482
2239 0.1507
2240 0.190466
2241 0.283131
2242 0.212014
2243 0.247484
2244 0.232108
2245 0.215044
2246 0.170608
2247 0.252827
2248 0.22982
2249 0.192048
2250 0.174553
2251 0.182418
2252 0.195833
2253 0.2707
2254 0.243242
2255 0.342418
2256 0.21659
2257 0.18028
2258 0.182709
2259 0.191354
2260 0.235022
2261 0.24346
2262 0.248474
2263 0.195627
2264 0.166434
2265 0.246511
2266 0.293399
2267 0.244438
2268 0.242879
2269 0.223699
2270 0.18078
2271 0.20149
2272 0.187808
2273 0.325392
2274 0.177774
2275 0.194163
2276 0.199679
2277 0.254872
2278 0.20598
2279 0.171864
2280 0.282407
2281 0.22407
2282 0.183645
2283 0.162167
2284 0.252232
2285 0.185143
2286 0.15738
2287 0.211477
2288 0.239212
2289 0.203906
2290 0.229551
2291 0.25493
2292 0.207157
2293 0.232514
2294 0.205017
2295 0.193099
2296 0.216293
2297 0.21258
2298 0.21611
2299 0.1761
2300 0.225973
2301 0.19769
2302 0.179889
2303 0.23794
2304 0.263988
2305 0.259472
2306 0.165244
2307 0.186437
2308 0.206856
2309 0.162602
2310 0.27606
2311 0.362332
2312 0.265266
2313 0.231797
2314 0.271656
2315 0.187768
2316 0.348717
2317 0.212938
2318 0.238548
2319 0.21256
2320 0.223901
2321 0.238085
2322 0.169748
2323 0.192836
2324 0.200832
2325 0.225642
2326 0.220913
2327 0.186207
2328 0.248628
2329 0.208464
2330 0.194655
2331 0.238452
2332 0.264436
2333 0.276804
2334 0.186829
2335 0.166366
2336 0.223298
2337 0.206841
2338 0.208967
2339 0.238945
2340 0.162554
2341 0.182784
2342 0.194127
2343 0.236341
2344 0.203505
2345 0.194385
2346 0.240573
2347 0.192621
2348 0.321648
2349 0.228737
2350 0.183565
2351 0.220327
2352 0.27991
2353 0.190041
2354 0.230555
2355 0.21413
2356 0.259329
2357 0.26248
2358 0.216316
2359 0.199911
2360 0.232344
2361 0.194888
2362 0.20147
2363 0.16841
2364 0.209376
2365 0.203896
2366 0.176592
2367 0.165257
2368 0.235316
2369 0.183709
2370 0.19705
2371 0.154267
2372 0.150139
2373 0.279315
2374 0.216605
2375 0.293519
2376 0.211598
2377 0.192866
2378 0.288182
2379 0.213055
2380 0.232263
2381 0.348584
2382 0.221734
2383 0.209041
2384 0.216119
2385 0.191155
2386 0.239019
2387 0.179412
2388 0.192829
2389 0.195965
2390 0.163575
2391 0.193196
2392 0.236172
2393 0.24874
2394 0.223752
2395 0.186543
2396 0.315304
2397 0.227282
2398 0.213707
2399 0.287445
2400 0.176906
2401 0.195844
2402 0.148008
2403 0.230331
2404 0.176409
2405 0.309818
2406 0.188902
2407 0.186002
2408 0.155984
2409 0.153968
2410 0.24316
2411 0.250447
2412 0.298926
2413 0.198241
2414 0.233988
2415 0.255993
2416 0.253861
2417 0.206623
2418 0.180842
2419 0.253925
2420 0.168046
2421 0.26284
2422 0.265855
2423 0.19371
2424 0.253222
2425 0.217574
2426 0.262176
2427 0.251862
2428 0.342609
2429 0.21497
2430 0.215783
2431 0.256663
2432 0.205771
2433 0.248934
2434 0.175184
2435 0.332018
2436 0.289404
2437 0.183529
2438 0.197351
2439 0.247145
2440 0.180016
2441 0.204586
2442 0.160884
2443 0.194337
2444 0.209362
2445 0.225763
2446 0.194649
2447 0.243898
2448 0.248834
2449 0.191853
2450 0.176344
2451 0.25089
2452 0.210548
2453 0.1807
2454 0.235715
2455 0.217731
2456 0.210018
2457 0.247637
2458 0.151119
2459 0.208391
2460 0.244629
2461 0.223696
2462 0.268412
2463 0.202481
2464 0.281682
2465 0.254388
2466 0.364014
2467 0.160748
2468 0.184841
2469 0.227757
2470 0.225962
2471 0.250006
2472 0.1983
2473 0.269368
2474 0.214936
2475 0.26566
2476 0.313538
2477 0.193332
2478 0.194805
2479 0.191533
2480 0.177419
2481 0.184722
2482 0.174876
2483 0.21239
2484 0.193375
2485 0.181447
2486 0.266373
2487 0.286557
2488 0.244395
2489 0.1715
2490 0.194191
2491 0.31097
2492 0.246746
2493 0.208089
2494 0.264445
2495 0.198614
2496 0.269086
2497 0.225306
2498 0.267902
2499 0.229524
2500 0.203374
2501 0.168884
2502 0.164769
2503 0.13759
2504 0.276463
2505 0.199518
2506 0.193984
2507 0.230883
2508 0.241063
2509 0.169248
2510 0.240036
2511 0.261961
2512 0.212823
2513 0.206567
2514 0.177477
2515 0.182262
2516 0.227823
2517 0.312338
2518 0.255344
2519 0.195992
2520 0.244181
2521 0.155812
2522 0.302874
2523 0.223257
2524 0.174077
2525 0.200657
2526 0.220126
2527 0.189449
2528 0.182643
2529 0.190992
2530 0.229845
2531 0.155617
2532 0.192671
2533 0.218884
2534 0.203332
2535 0.175717
2536 0.251729
2537 0.176605
2538 0.176403
2539 0.164577
2540 0.16445
2541 0.205393
2542 0.19584
2543 0.256287
2544 0.187218
2545 0.223373
2546 0.194639
2547 0.192595
2548 0.161893
2549 0.149982
2550 0.187549
2551 0.207285
2552 0.204152
2553 0.196666
2554 0.208439
2555 0.239459
2556 0.187498
2557 0.220997
2558 0.189198
2559 0.147976
2560 0.162015
2561 0.185206
2562 0.162161
2563 0.135231
2564 0.218825
2565 0.15345
2566 0.151064
2567 0.180051
2568 0.249155
2569 0.150392
2570 0.338408
2571 0.210883
2572 0.284595
2573 0.212219
2574 0.193165
2575 0.250382
2576 0.233358
2577 0.213751
2578 0.232244
2579 0.224263
2580 0.199705
2581 0.147852
2582 0.178182
2583 0.233263
2584 0.192128
2585 0.172683
2586 0.273861
2587 0.296901
2588 0.228294
2589 0.240803
2590 0.212159
2591 0.169089
2592 0.213151
2593 0.192931
2594 0.242706
2595 0.179478
2596 0.203504
2597 0.288448
2598 0.19779
2599 0.188888
2600 0.189041
2601 0.325646
2602 0.277944
2603 0.180725
2604 0.210197
2605 0.229022
2606 0.193935
2607 0.193914
2608 0.150715
2609 0.158536
2610 0.171747
2611 0.284602
2612 0.292528
2613 0.183494
2614 0.158528
2615 0.155046
2616 0.223113
2617 0.239763
2618 0.200151
2619 0.166043
2620 0.181572
2621 0.152245
2622 0.179801
2623 0.292312
2624 0.246092
2625 0.198733
2626 0.175518
2627 0.173356
2628 0.230291
2629 0.180045
2630 0.1871
2631 0.269528
2632 0.186381
2633 0.199202
2634 0.235821
2635 0.190612
2636 0.20395
2637 0.234523
2638 0.18973
2639 0.213589
2640 0.19887
2641 0.205799
2642 0.203241
2643 0.199813
2644 0.200231
2645 0.246689
2646 0.200592
2647 0.270314
2648 0.283558
2649 0.174635
2650 0.187072
2651 0.218049
2652 0.208211
2653 0.217874
2654 0.188682
2655 0.19552
2656 0.271626
2657 0.192595
2658 0.257748
2659 0.179901
2660 0.194262
2661 0.179716
2662 0.184918
2663 0.238521
2664 0.21029
2665 0.194503
2666 0.191377
2667 0.233312
2668 0.147931
2669 0.176827
2670 0.271687
2671 0.246705
2672 0.183347
2673 0.219294
2674 0.159307
2675 0.197567
2676 0.232374
2677 0.176775
2678 0.18502
2679 0.160878
2680 0.145918
2681 0.159153
2682 0.231682
2683 0.227511
2684 0.238053
2685 0.213047
2686 0.174525
2687 0.186018
2688 0.196331
2689 0.1808
2690 0.215855
2691 0.182765
2692 0.162756
2693 0.191734
2694 0.260348
2695 0.278217
2696 0.242276
2697 0.162903
2698 0.191517
2699 0.165984
2700 0.204786
2701 0.269716
2702 0.216647
2703 0.148424
2704 0.22422
2705 0.12905
2706 0.263351
2707 0.221587
2708 0.193059
2709 0.34084
2710 0.225208
2711 0.174409
2712 0.189118
2713 0.17969
2714 0.194273
2715 0.183886
2716 0.193987
2717 0.205692
2718 0.232975
2719 0.228147
2720 0.183573
2721 0.16552
2722 0.164788
2723 0.156689
2724 0.206129
2725 0.219923
2726 0.2008
2727 0.18166
2728 0.135102
2729 0.209899
2730 0.2023
2731 0.15932
2732 0.28716
2733 0.170847
2734 0.224336
2735 0.203951
2736 0.179323
2737 0.173753
2738 0.187851
2739 0.227383
2740 0.296077
2741 0.220823
2742 0.186014
2743 0.21367
2744 0.203699
2745 0.290391
2746 0.157486
2747 0.19046
2748 0.167686
2749 0.207933
2750 0.219524
2751 0.175116
2752 0.178803
2753 0.185808
2754 0.234556
2755 0.181355
2756 0.236758
2757 0.244361
2758 0.151969
2759 0.18111
2760 0.200203
2761 0.250924
2762 0.208423
2763 0.21713
2764 0.162778
2765 0.197702
2766 0.195629
2767 0.217715
2768 0.195839
2769 0.179164
2770 0.180026
2771 0.225941
2772 0.202375
2773 0.164669
2774 0.223346
2775 0.158294
2776 0.305014
2777 0.239252
2778 0.219471
2779 0.19881
2780 0.253303
2781 0.207507
2782 0.206765
2783 0.224848
2784 0.197234
2785 0.257824
2786 0.24163
2787 0.172367
2788 0.201891
2789 0.239967
2790 0.146118
2791 0.173292
2792 0.166138
2793 0.163408
2794 0.163829
2795 0.154149
2796 0.223642
2797 0.146321
2798 0.14274
2799 0.162158
2800 0.162142
2801 0.2646
2802 0.212622
2803 0.238923
2804 0.237271
2805 0.266181
2806 0.183844
2807 0.248011
2808 0.279348
2809 0.196583
2810 0.236902
2811 0.254704
2812 0.154717
2813 0.19536
2814 0.1696
2815 0.256598
2816 0.169876
2817 0.19744
2818 0.192099
2819 0.173035
2820 0.193606
2821 0.174619
2822 0.222997
2823 0.18711
2824 0.196944
2825 0.297851
2826 0.174547
2827 0.201243
2828 0.24413
2829 0.134842
2830 0.174189
2831 0.185426
2832 0.216459
2833 0.154683
2834 0.271812
2835 0.19683
2836 0.138117
2837 0.16959
2838 0.178023
2839 0.224067
2840 0.297304
2841 0.262364
2842 0.256361
2843 0.202841
2844 0.220833
2845 0.25811
2846 0.149114
2847 0.180521
2848 0.181727
2849 0.184314
2850 0.200299
2851 0.183701
2852 0.152892
2853 0.249851
2854 0.185034
2855 0.288524
2856 0.233983
2857 0.281428
2858 0.196485
2859 0.192253
2860 0.199305
2861 0.22443
2862 0.185196
2863 0.209245
2864 0.221313
2865 0.273535
2866 0.180975
2867 0.274452
2868 0.205345
2869 0.222096
2870 0.199161
2871 0.139388
2872 0.227485
2873 0.186863
2874 0.214247
2875 0.165923
2876 0.244135
2877 0.203613
2878 0.164063
2879 0.208963
2880 0.232531
2881 0.144994
2882 0.156214
2883 0.228201
2884 0.189592
2885 0.232971
2886 0.194415
2887 0.164516
2888 0.18189
2889 0.191322
2890 0.206843
2891 0.207041
2892 0.215635
2893 0.222701
2894 0.336572
2895 0.218944
2896 0.153714
2897 0.180302
2898 0.193957
2899 0.178755
2900 0.203969
2901 0.174496
2902 0.297922
2903 0.203045
2904 0.228293
2905 0.255179
2906 0.161855
2907 0.237473
2908 0.204377
2909 0.139044
2910 0.170168
2911 0.181295
2912 0.194608
2913 0.156748
2914 0.154686
2915 0.371167
2916 0.238992
2917 0.216051
2918 0.167625
2919 0.24664
2920 0.181945
2921 0.232828
2922 0.255212
2923 0.212647
2924 0.199408
2925 0.257653
2926 0.279094
2927 0.238318
2928 0.179978
2929 0.168671
2930 0.179002
2931 0.13752
2932 0.194237
2933 0.258244
2934 0.186385
2935 0.203815
2936 0.198926
2937 0.206801
2938 0.168708
2939 0.199669
2940 0.20418
2941 0.201394
2942 0.183287
2943 0.141641
2944 0.184935
2945 0.259189
2946 0.240621
2947 0.154671
2948 0.245725
2949 0.165387
2950 0.198481
2951 0.209006
2952 0.181298
2953 0.188519
2954 0.18218
2955 0.187169
2956 0.154841
2957 0.173204
2958 0.187851
2959 0.185097
2960 0.179483
2961 0.210294
2962 0.181103
2963 0.168115
2964 0.165732
2965 0.202756
2966 0.204148
2967 0.158843
2968 0.203465
2969 0.233323
2970 0.17147
2971 0.154959
2972 0.217044
2973 0.195127
2974 0.197131
2975 0.178507
2976 0.174377
2977 0.150978
2978 0.204306
2979 0.151542
2980 0.215579
2981 0.189324
2982 0.155661
2983 0.221909
2984 0.160971
2985 0.158426
2986 0.178037
2987 0.148102
2988 0.135725
2989 0.157735
2990 0.164346
2991 0.14039
2992 0.173754
2993 0.148102
2994 0.120465
2995 0.149321
2996 0.176744
2997 0.164188
2998 0.154417
2999 0.373433
3000 0.13845
3001 0.248412
3002 0.177472
3003 0.243488
3004 0.165431
3005 0.199611
3006 0.212412
3007 0.244952
3008 0.147769
3009 0.195457
3010 0.177421
3011 0.177423
3012 0.228123
3013 0.189467
3014 0.158996
3015 0.275938
3016 0.228879
3017 0.16367
3018 0.230035
3019 0.207347
3020 0.174604
3021 0.245949
3022 0.160007
3023 0.217665
3024 0.19758
3025 0.247059
3026 0.235913
3027 0.176495
3028 0.15907
3029 0.296463
3030 0.262228
3031 0.209788
3032 0.169756
3033 0.211004
3034 0.192441
3035 0.18082
3036 0.195655
3037 0.152084
3038 0.162432
3039 0.192301
3040 0.244209
3041 0.332991
3042 0.187318
3043 0.159094
3044 0.134854
3045 0.204693
3046 0.155712
3047 0.219486
3048 0.184375
3049 0.188013
3050 0.160279
3051 0.15994
3052 0.268468
3053 0.215286
3054 0.209196
3055 0.205645
3056 0.198618
3057 0.191068
3058 0.157454
3059 0.196189
3060 0.250922
3061 0.181919
3062 0.174814
3063 0.176699
3064 0.233181
3065 0.176838
3066 0.198366
3067 0.173113
3068 0.204898
3069 0.225681
3070 0.184016
3071 0.212086
3072 0.219128
3073 0.181198
3074 0.1981
3075 0.169897
3076 0.193854
3077 0.208732
3078 0.140714
3079 0.196352
3080 0.164422
3081 0.178245
3082 0.187396
3083 0.159655
3084 0.216612
3085 0.198906
3086 0.236262
3087 0.216398
3088 0.132521
3089 0.15749
3090 0.207905
3091 0.227493
3092 0.208827
3093 0.166305
3094 0.271567
3095 0.227602
3096 0.214855
3097 0.182843
3098 0.261024
3099 0.163959
3100 0.295159
3101 0.157814
3102 0.168243
3103 0.16005
3104 0.179906
3105 0.187245
3106 0.151453
3107 0.172934
3108 0.175213
3109 0.142001
3110 0.197087
3111 0.194968
3112 0.225981
3113 0.189789
3114 0.168686
3115 0.162007
3116 0.194608
3117 0.186497
3118 0.243166
3119 0.24059
3120 0.202988
3121 0.143409
3122 0.174454
3123 0.276641
3124 0.23337
3125 0.210328
3126 0.215189
3127 0.191671
3128 0.208917
3129 0.143165
3130 0.285755
3131 0.199325
3132 0.133627
3133 0.186241
3134 0.175841
3135 0.219403
3136 0.169329
3137 0.225648
3138 0.262073
3139 0.213642
3140 0.170787
3141 0.166041
3142 0.20004
3143 0.170117
3144 0.159815
3145 0.177161
3146 0.191589
3147 0.208664
3148 0.22394
3149 0.205164
3150 0.168262
3151 0.177687
3152 0.152093
3153 0.199076
3154 0.162138
3155 0.195698
3156 0.167163
3157 0.144702
3158 0.208036
3159 0.166068
3160 0.161638
3161 0.204355
3162 0.162477
3163 0.206545
3164 0.193162
3165 0.158098
3166 0.161658
3167 0.219832
3168 0.251724
3169 0.250843
3170 0.282275
3171 0.231983
3172 0.168188
3173 0.204742
3174 0.210659
3175 0.142845
3176 0.23139
3177 0.145276
3178 0.177064
3179 0.189038
3180 0.138745
3181 0.192257
3182 0.176688
3183 0.212649
3184 0.208057
3185 0.225519
3186 0.168091
3187 0.206316
3188 0.164376
3189 0.182523
3190 0.237119
3191 0.159407
3192 0.167971
3193 0.192171
3194 0.202091
3195 0.172655
3196 0.187226
3197 0.153252
3198 0.189395
3199 0.169119
3200 0.190257
3201 0.185782
3202 0.158699
3203 0.195332
3204 0.201448
3205 0.23856
3206 0.224492
3207 0.177147
3208 0.19721
3209 0.217493
3210 0.193835
3211 0.189327
3212 0.215537
3213 0.188288
3214 0.212458
3215 0.215522
3216 0.17868
3217 0.176279
3218 0.244393
3219 0.151008
3220 0.171967
3221 0.181724
3222 0.180381
3223 0.16997
3224 0.17863
3225 0.197849
3226 0.182174
3227 0.156682
3228 0.135219
3229 0.15514
3230 0.240523
3231 0.223322
3232 0.25553
3233 0.244576
3234 0.243295
3235 0.155453
3236 0.212565
3237 0.204896
3238 0.282605
3239 0.153325
3240 0.226959
3241 0.169093
3242 0.168143
3243 0.219259
3244 0.155911
3245 0.148955
3246 0.22551
3247 0.143682
3248 0.179698
3249 0.161432
3250 0.149047
3251 0.225941
3252 0.177723
3253 0.237114
3254 0.199753
3255 0.157525
3256 0.17391
3257 0.284781
3258 0.190311
3259 0.127223
3260 0.175384
3261 0.249567
3262 0.177328
3263 0.247271
3264 0.199665
3265 0.146443
3266 0.156903
3267 0.175774
3268 0.179964
3269 0.252716
3270 0.165429
3271 0.187697
3272 0.215356
3273 0.219872
3274 0.16062
3275 0.14613
3276 0.168971
3277 0.191417
3278 0.209525
3279 0.164635
3280 0.207459
3281 0.19456
3282 0.162157
3283 0.214569
3284 0.315099
3285 0.200697
3286 0.191023
3287 0.182017
3288 0.152342
3289 0.239269
3290 0.190256
3291 0.21124
3292 0.214858
3293 0.281801
3294 0.184414
3295 0.192149
3296 0.185454
3297 0.246731
3298 0.172466
3299 0.227374
3300 0.131285
3301 0.219973
3302 0.219865
3303 0.159543
3304 0.185419
3305 0.241035
3306 0.197861
3307 0.189145
3308 0.198844
3309 0.210236
3310 0.148109
3311 0.162986
3312 0.208464
3313 0.176046
3314 0.205239
3315 0.180692
3316 0.200989
3317 0.201637
3318 0.220848
3319 0.186807
3320 0.23771
3321 0.22666
3322 0.182659
3323 0.30838
3324 0.206759
3325 0.184342
3326 0.166791
3327 0.191692
3328 0.171679
3329 0.190927
3330 0.222608
3331 0.226181
3332 0.160398
3333 0.217071
3334 0.275362
3335 0.168392
3336 0.210526
3337 0.167578
3338 0.149294
3339 0.219916
3340 0.173225
3341 0.18303
3342 0.151343
3343 0.157743
3344 0.320075
3345 0.151316
3346 0.167632
3347 0.148776
3348 0.266677
3349 0.227454
3350 0.160364
3351 0.248268
3352 0.169013
3353 0.186761
3354 0.25861
3355 0.269833
3356 0.193808
3357 0.175226
3358 0.185557
3359 0.142221
3360 0.139846
3361 0.198099
3362 0.236334
3363 0.157078
3364 0.158916
3365 0.176652
3366 0.148635
3367 0.209961
3368 0.211393
3369 0.233408
3370 0.154143
3371 0.164777
3372 0.146453
3373 0.233512
3374 0.215733
3375 0.294604
3376 0.141042
3377 0.190254
3378 0.161824
3379 0.203358
3380 0.220149
3381 0.181987
3382 0.167474
3383 0.166221
3384 0.16969
3385 0.155284
3386 0.148088
3387 0.209621
3388 0.176442
3389 0.147327
3390 0.2013
3391 0.177701
3392 0.160144
3393 0.156897
3394 0.170106
3395 0.159627
3396 0.155594
3397 0.208907
3398 0.180075
3399 0.165191
3400 0.149673
3401 0.22733
3402 0.231025
3403 0.215114
3404 0.194276
3405 0.182336
3406 0.156235
3407 0.188404
3408 0.14703
3409 0.199392
3410 0.188346
3411 0.179279
3412 0.18433
3413 0.164136
3414 0.158851
3415 0.204367
3416 0.15368
3417 0.153779
3418 0.182247
3419 0.185763
3420 0.120407
3421 0.211564
3422 0.139624
3423 0.146568
3424 0.127039
3425 0.162955
3426 0.126384
3427 0.151757
3428 0.333007
3429 0.246724
3430 0.233077
3431 0.179449
3432 0.185273
3433 0.149174
3434 0.206375
3435 0.202265
3436 0.182367
3437 0.145241
3438 0.157344
3439 0.156241
3440 0.175756
3441 0.156384
3442 0.184952
3443 0.187075
3444 0.234895
3445 0.200702
3446 0.185771
3447 0.193719
3448 0.138932
3449 0.192817
3450 0.188756
3451 0.200801
3452 0.176452
3453 0.212572
3454 0.26001
3455 0.173176
3456 0.198029
3457 0.176745
3458 0.258993
3459 0.282243
3460 0.218607
3461 0.188437
3462 0.178419
3463 0.1839
3464 0.196916
3465 0.179839
3466 0.160196
3467 0.137254
3468 0.227115
3469 0.205759
3470 0.3813
3471 0.174729
3472 0.201769
3473 0.14781
3474 0.207184
3475 0.163853
3476 0.217415
3477 0.150231
3478 0.154865
3479 0.159907
3480 0.185693
3481 0.202491
3482 0.164362
3483 0.203983
3484 0.152906
3485 0.153113
3486 0.180396
3487 0.172505
3488 0.212628
3489 0.205479
3490 0.187314
3491 0.188439
3492 0.201973
3493 0.163791
3494 0.187581
3495 0.165086
3496 0.13876
3497 0.196889
3498 0.194016
3499 0.213641
3500 0.199177
3501 0.159721
3502 0.180476
3503 0.166624
3504 0.17081
3505 0.225646
3506 0.160677
3507 0.127859
3508 0.199577
3509 0.191279
3510 0.163294
3511 0.150649
3512 0.132401
3513 0.198496
3514 0.244197
3515 0.207794
3516 0.165786
3517 0.158152
3518 0.20415
3519 0.138533
3520 0.187028
3521 0.192058
3522 0.172669
3523 0.169113
3524 0.207984
3525 0.153225
3526 0.14411
3527 0.303756
3528 0.167897
3529 0.237695
3530 0.201446
3531 0.162809
3532 0.159218
3533 0.189891
3534 0.193464
3535 0.174556
3536 0.158646
3537 0.134477
3538 0.153316
3539 0.236732
3540 0.179071
3541 0.214154
3542 0.173643
3543 0.131494
3544 0.163031
3545 0.168376
3546 0.18259
3547 0.179243
3548 0.23574
3549 0.191884
3550 0.169551
3551 0.235867
3552 0.225608
3553 0.164829
3554 0.17671
3555 0.184693
3556 0.161615
3557 0.159871
3558 0.146089
3559 0.25994
3560 0.14395
3561 0.177856
3562 0.162444
3563 0.210532
3564 0.190717
3565 0.143678
3566 0.254609
3567 0.174705
3568 0.14175
3569 0.169965
3570 0.196952
3571 0.15526
3572 0.128838
3573 0.169434
3574 0.20759
3575 0.176524
3576 0.184504
3577 0.208834
3578 0.167534
3579 0.200499
3580 0.152756
3581 0.178153
3582 0.15406
3583 0.203895
3584 0.182754
3585 0.140972
3586 0.185093
3587 0.15528
3588 0.15625
3589 0.157389
3590 0.225689
3591 0.189452
3592 0.171468
3593 0.171238
3594 0.155177
3595 0.150152
3596 0.220458
3597 0.337309
3598 0.189953
3599 0.174883
3600 0.258663
3601 0.161869
3602 0.231657
3603 0.185763
3604 0.15634
3605 0.197577
3606 0.209077
3607 0.19654
3608 0.148229
3609 0.180609
3610 0.180631
3611 0.165377
3612 0.162507
3613 0.162249
3614 0.262829
3615 0.166017
3616 0.179312
3617 0.168974
3618 0.177201
3619 0.220353
3620 0.169435
3621 0.153047
3622 0.236237
3623 0.173584
3624 0.157227
3625 0.179669
3626 0.142902
3627 0.180501
3628 0.216167
3629 0.19144
3630 0.197142
3631 0.16909
3632 0.165515
3633 0.181611
3634 0.280919
3635 0.191378
3636 0.171847
3637 0.238699
3638 0.211955
3639 0.183674
3640 0.185964
3641 0.173669
3642 0.178594
3643 0.241823
3644 0.206682
3645 0.148269
3646 0.145987
3647 0.172175
3648 0.172951
3649 0.150124
3650 0.164076
3651 0.19449
3652 0.173964
3653 0.161361
3654 0.194531
3655 0.161371
3656 0.173822
3657 0.149902
3658 0.131196
3659 0.288695
3660 0.165908
3661 0.213763
3662 0.164281
3663 0.166126
3664 0.224404
3665 0.183073
3666 0.13364
3667 0.292048
3668 0.210518
3669 0.175328
3670 0.172651
3671 0.173993
3672 0.224306
3673 0.189649
3674 0.17334
3675 0.165019
3676 0.139273
3677 0.160749
3678 0.194605
3679 0.23298
3680 0.193671
3681 0.144794
3682 0.225112
3683 0.174704
3684 0.166985
3685 0.179994
3686 0.236482
3687 0.211841
3688 0.155082
3689 0.203295
3690 0.180412
3691 0.192463
3692 0.168516
3693 0.168861
3694 0.154437
3695 0.140767
3696 0.183714
3697 0.221269
3698 0.264538
3699 0.159222
3700 0.204995
3701 0.183095
3702 0.165351
3703 0.149668
3704 0.13594
3705 0.212671
3706 0.164455
3707 0.183439
3708 0.191451
3709 0.16219
3710 0.209187
3711 0.20433
3712 0.194876
3713 0.242015
3714 0.222116
3715 0.175926
3716 0.164691
3717 0.197494
3718 0.19732
3719 0.168553
3720 0.141345
3721 0.220444
3722 0.26381
3723 0.184999
3724 0.197714
3725 0.21386
3726 0.166614
3727 0.193899
3728 0.136314
3729 0.161677
3730 0.169053
3731 0.263581
3732 0.136606
3733 0.184332
3734 0.207136
3735 0.153409
3736 0.260418
3737 0.256883
3738 0.163505
3739 0.163515
3740 0.188154
3741 0.143243
3742 0.184857
3743 0.198543
3744 0.134859
3745 0.222019
3746 0.217411
3747 0.17885
3748 0.202488
3749 0.162617
3750 0.205133
3751 0.207817
3752 0.245722
3753 0.14977
3754 0.163295
3755 0.194271
3756 0.156484
3757 0.208128
3758 0.146554
3759 0.257099
3760 0.197539
3761 0.173821
3762 0.219668
3763 0.196366
3764 0.202096
3765 0.196027
3766 0.166828
3767 0.132663
3768 0.165513
3769 0.201933
3770 0.211075
3771 0.164313
3772 0.232332
3773 0.267191
3774 0.185173
3775 0.153707
3776 0.184142
3777 0.213892
3778 0.164022
3779 0.154316
3780 0.225775
3781 0.158699
3782 0.202629
3783 0.185203
3784 0.178947
3785 0.20921
3786 0.192576
3787 0.145051
3788 0.140122
3789 0.145384
3790 0.238918
3791 0.190826
3792 0.191815
3793 0.16654
3794 0.169073
3795 0.132865
3796 0.156246
3797 0.228264
3798 0.177255
3799 0.152562
3800 0.128793
3801 0.140326
3802 0.180661
3803 0.222069
3804 0.203782
3805 0.145682
3806 0.215875
3807 0.143644
3808 0.23725
3809 0.184267
3810 0.137965
3811 0.158115
3812 0.189333
3813 0.148285
3814 0.154668
3815 0.142288
3816 0.170863
3817 0.151035
3818 0.163056
3819 0.226196
3820 0.181042
3821 0.160088
3822 0.207312
3823 0.165552
3824 0.178629
3825 0.169631
3826 0.161677
3827 0.134597
3828 0.128829
3829 0.188547
3830 0.181533
3831 0.199776
3832 0.165436
3833 0.221321
3834 0.184069
3835 0.177577
3836 0.173407
3837 0.134051
3838 0.198028
3839 0.163837
3840 0.172762
3841 0.187623
3842 0.14053
3843 0.192773
3844 0.158437
3845 0.133064
3846 0.13726
3847 0.133333
3848 0.141008
3849 0.133466
3850 0.166107
3851 0.126764
3852 0.139322
3853 0.13105
3854 0.180934
3855 0.13737
3856 0.195856
3857 0.240884
3858 0.266063
3859 0.160403
3860 0.161928
3861 0.148131
3862 0.185752
3863 0.162973
3864 0.188632
3865 0.181322
3866 0.165339
3867 0.174686
3868 0.133544
3869 0.233923
3870 0.132384
3871 0.160553
3872 0.208971
3873 0.199158
3874 0.159631
3875 0.152145
3876 0.15751
3877 0.168589
3878 0.210306
3879 0.164298
3880 0.217192
3881 0.160692
3882 0.171192
3883 0.266323
3884 0.141943
3885 0.178368
3886 0.162406
3887 0.220042
3888 0.230834
3889 0.155195
3890 0.168941
3891 0.207513
3892 0.228627
3893 0.148383
3894 0.192388
3895 0.140317
3896 0.169929
3897 0.228257
3898 0.21113
3899 0.187384
3900 0.142917
3901 0.17015
3902 0.127687
3903 0.192399
3904 0.148194
3905 0.180916
3906 0.160176
3907 0.129922
3908 0.151012
3909 0.144475
3910 0.178051
3911 0.189884
3912 0.162392
3913 0.15892
3914 0.168487
3915 0.21161
3916 0.158656
3917 0.240694
3918 0.154667
3919 0.199602
3920 0.153078
3921 0.188325
3922 0.162161
3923 0.166583
3924 0.227062
3925 0.156594
3926 0.176012
3927 0.157954
3928 0.208336
3929 0.178774
3930 0.153166
3931 0.214617
3932 0.153898
3933 0.191448
3934 0.17652
3935 0.154886
3936 0.142191
3937 0.218253
3938 0.159715
3939 0.186429
3940 0.145041
3941 0.146585
3942 0.221032
3943 0.194972
3944 0.181197
3945 0.169656
3946 0.163885
3947 0.15277
3948 0.134397
3949 0.201976
3950 0.186685
3951 0.1599
3952 0.229795
3953 0.170413
3954 0.11905
3955 0.181889
3956 0.20058
3957 0.1946
3958 0.206036
3959 0.167473
3960 0.192387
3961 0.167474
3962 0.200553
3963 0.162114
3964 0.145483
3965 0.157312
3966 0.148807
3967 0.148758
3968 0.21388
3969 0.197441
3970 0.165706
3971 0.194675
3972 0.145451
3973 0.125642
3974 0.187017
3975 0.17585
3976 0.204272
3977 0.141018
3978 0.170276
3979 0.141537
3980 0.177022
3981 0.250136
3982 0.225974
3983 0.192553
3984 0.183253
3985 0.147961
3986 0.148006
3987 0.181465
3988 0.151873
3989 0.121912
3990 0.189142
3991 0.150835
3992 0.225328
3993 0.207598
3994 0.17103
3995 0.230767
3996 0.236878
3997 0.20611
3998 0.152699
3999 0.201348
4000 0.156291
4001 0.135351
4002 0.142246
4003 0.196192
4004 0.173136
4005 0.240306
4006 0.17667
4007 0.174029
4008 0.162726
4009 0.136371
4010 0.14369
4011 0.162593
4012 0.170803
4013 0.193214
4014 0.151901
4015 0.183937
4016 0.150054
4017 0.126991
4018 0.280252
4019 0.162365
4020 0.217919
4021 0.149375
4022 0.155953
4023 0.183318
4024 0.124783
4025 0.246221
4026 0.212331
4027 0.235879
4028 0.16054
4029 0.214375
4030 0.150861
4031 0.246159
4032 0.15742
4033 0.14804
4034 0.170288
4035 0.171231
4036 0.146888
4037 0.125501
4038 0.132745
4039 0.215908
4040 0.198675
4041 0.162515
4042 0.183783
4043 0.169416
4044 0.159208
4045 0.185929
4046 0.180241
4047 0.171544
4048 0.180828
4049 0.176811
4050 0.189094
4051 0.160236
4052 0.172918
4053 0.191984
4054 0.182337
4055 0.12829
4056 0.142332
4057 0.169064
4058 0.185527
4059 0.133273
4060 0.16306
4061 0.16651
4062 0.260114
4063 0.170859
4064 0.229591
4065 0.180804
4066 0.245749
4067 0.17052
4068 0.15001
4069 0.180424
4070 0.177158
4071 0.191995
4072 0.231399
4073 0.159241
4074 0.163862
4075 0.170742
4076 0.141689
4077 0.185887
4078 0.147748
4079 0.163436
4080 0.166972
4081 0.121351
4082 0.17371
4083 0.159837
4084 0.169912
4085 0.148686
4086 0.116476
4087 0.21553
4088 0.172059
4089 0.219479
4090 0.219086
4091 0.172897
4092 0.166268
4093 0.210741
4094 0.182435
4095 0.189765
4096 0.237401
4097 0.204388
4098 0.141295
4099 0.187367
4100 0.189994
4101 0.209016
4102 0.159574
4103 0.190291
4104 0.16727
4105 0.180322
4106 0.227442
4107 0.202919
4108 0.19891
4109 0.144084
4110 0.208694
4111 0.22906
4112 0.174858
4113 0.215635
4114 0.220911
4115 0.171023
4116 0.140119
4117 0.148958
4118 0.161566
4119 0.143703
4120 0.210812
4121 0.153718
4122 0.143747
4123 0.131699
4124 0.150981
4125 0.218299
4126 0.212834
4127 0.194714
4128 0.181044
4129 0.196173
4130 0.147235
4131 0.159105
4132 0.131494
4133 0.156302
4134 0.194175
4135 0.178912
4136 0.206128
4137 0.188551
4138 0.143077
4139 0.199384
4140 0.159126
4141 0.25865
4142 0.202547
4143 0.246807
4144 0.142903
4145 0.147472
4146 0.212867
4147 0.159946
4148 0.135277
4149 0.1288
4150 0.189359
4151 0.228278
4152 0.171926
4153 0.203278
4154 0.246488
4155 0.17321
4156 0.141636
4157 0.138444
4158 0.159152
4159 0.173006
4160 0.161355
4161 0.145893
4162 0.218092
4163 0.162585
4164 0.159112
4165 0.183846
4166 0.211954
4167 0.143775
4168 0.147621
4169 0.186442
4170 0.15084
4171 0.163638
4172 0.169736
4173 0.138055
4174 0.169643
4175 0.200925
4176 0.179306
4177 0.176604
4178 0.178895
4179 0.205226
4180 0.288191
4181 0.188631
4182 0.128622
4183 0.128101
4184 0.167506
4185 0.189067
4186 0.204222
4187 0.12852
4188 0.246623
4189 0.153407
4190 0.189484
4191 0.241439
4192 0.183604
4193 0.188547
4194 0.24172
4195 0.145638
4196 0.141
4197 0.167042
4198 0.17093
4199 0.128019
4200 0.141511
4201 0.243637
4202 0.206705
4203 0.199868
4204 0.137467
4205 0.213277
4206 0.181525
4207 0.179114
4208 0.231184
4209 0.183089
4210 0.193203
4211 0.198464
4212 0.22065
4213 0.232348
4214 0.159648
4215 0.20317
4216 0.139534
4217 0.133734
4218 0.160406
4219 0.283125
4220 0.19771
4221 0.18175
4222 0.156148
4223 0.201498
4224 0.147759
4225 0.196294
4226 0.211038
4227 0.150663
4228 0.158121
4229 0.142808
4230 0.213972
4231 0.165634
4232 0.23223
4233 0.152562
4234 0.180589
4235 0.146893
4236 0.159697
4237 0.174841
4238 0.182116
4239 0.184088
4240 0.166327
4241 0.165624
4242 0.150899
4243 0.151788
4244 0.156267
4245 0.16575
4246 0.167759
4247 0.156537
4248 0.176474
4249 0.145231
4250 0.144018
4251 0.190673
4252 0.163524
4253 0.124124
4254 0.156444
4255 0.1773
4256 0.141526
4257 0.161119
4258 0.150915
4259 0.14616
4260 0.160174
4261 0.149794
4262 0.147191
4263 0.13801
4264 0.156662
4265 0.134012
4266 0.208428
4267 0.154018
4268 0.187188
4269 0.16203
4270 0.169742
4271 0.151188
4272 0.193223
4273 0.138211
4274 0.183746
4275 0.12606
4276 0.133733
4277 0.153422
4278 0.147626
4279 0.139789
4280 0.121234
4281 0.149947
4282 0.13229
4283 0.163107
4284 0.106634
4285 0.320429
4286 0.107801
4287 0.213591
4288 0.157241
4289 0.163715
4290 0.200918
4291 0.176536
4292 0.157375
4293 0.188484
4294 0.115471
4295 0.173069
4296 0.166269
4297 0.141135
4298 0.18328
4299 0.156324
4300 0.130722
4301 0.252265
4302 0.155958
4303 0.155422
4304 0.18043
4305 0.129862
4306 0.178389
4307 0.181815
4308 0.159612
4309 0.163807
4310 0.182685
4311 0.221365
4312 0.208219
4313 0.150325
4314 0.147658
4315 0.185467
4316 0.225678
4317 0.177243
4318 0.138123
4319 0.15941
4320 0.13283
4321 0.17886
4322 0.147156
4323 0.133597
4324 0.126768
4325 0.143593
4326 0.253292
4327 0.281404
4328 0.142255
4329 0.149722
4330 0.145359
4331 0.168251
4332 0.141304
4333 0.224404
4334 0.163011
4335 0.166183
4336 0.157654
4337 0.166616
4338 0.212189
4339 0.19375
4340 0.150587
4341 0.172212
4342 0.163168
4343 0.175191
4344 0.157738
4345 0.196508
4346 0.182192
4347 0.175086
4348 0.176622
4349 0.155535
4350 0.167355
4351 0.156337
4352 0.152021
4353 0.157153
4354 0.182528
4355 0.162011
4356 0.177864
4357 0.17723
4358 0.181015
4359 0.159606
4360 0.151174
4361 0.172157
4362 0.176969
4363 0.153979
4364 0.146661
4365 0.157546
4366 0.135168
4367 0.198356
4368 0.144071
4369 0.153622
4370 0.150828
4371 0.196789
4372 0.179631
4373 0.189969
4374 0.116045
4375 0.134876
4376 0.167375
4377 0.142855
4378 0.234817
4379 0.123505
4380 0.17097
4381 0.173329
4382 0.140728
4383 0.14452
4384 0.169095
4385 0.164143
4386 0.164931
4387 0.154311
4388 0.192161
4389 0.132994
4390 0.148533
4391 0.19108
4392 0.146778
4393 0.13423
4394 0.119161
4395 0.140515
4396 0.200674
4397 0.171482
4398 0.17847
4399 0.161949
4400 0.213049
4401 0.127329
4402 0.154472
4403 0.184583
4404 0.171149
4405 0.168707
4406 0.160233
4407 0.127812
4408 0.129619
4409 0.233146
4410 0.228446
4411 0.178529
4412 0.170948
4413 0.118434
4414 0.173523
4415 0.149356
4416 0.189991
4417 0.12194
4418 0.147405
4419 0.156524
4420 0.165082
4421 0.208749
4422 0.149787
4423 0.201082
4424 0.214926
4425 0.179501
4426 0.175638
4427 0.13585
4428 0.170599
4429 0.165277
4430 0.144309
4431 0.152765
4432 0.200053
4433 0.204655
4434 0.174028
4435 0.179895
4436 0.145187
4437 0.149856
4438 0.129824
4439 0.151836
4440 0.164801
4441 0.18968
4442 0.141391
4443 0.135346
4444 0.198497
4445 0.162292
4446 0.135112
4447 0.226038
4448 0.163576
4449 0.172691
4450 0.131055
4451 0.152478
4452 0.143341
4453 0.153993
4454 0.244989
4455 0.23055
4456 0.163945
4457 0.199142
4458 0.147654
4459 0.206711
4460 0.181754
4461 0.123311
4462 0.182353
4463 0.185305
4464 0.140989
4465 0.166275
4466 0.111522
4467 0.167133
4468 0.18955
4469 0.185906
4470 0.170416
4471 0.188925
4472 0.151701
4473 0.16309
4474 0.147711
4475 0.201808
4476 0.196047
4477 0.166732
4478 0.118668
4479 0.150263
4480 0.173825
4481 0.179377
4482 0.184191
4483 0.159466
4484 0.127912
4485 0.14481
4486 0.181765
4487 0.172673
4488 0.150919
4489 0.203001
4490 0.156668
4491 0.254442
4492 0.172964
4493 0.185446
4494 0.183763
4495 0.171907
4496 0.19541
4497 0.176589
4498 0.127115
4499 0.141015
4500 0.265655
4501 0.177776
4502 0.157602
4503 0.151028
4504 0.158656
4505 0.143801
4506 0.130324
4507 0.12171
4508 0.194919
4509 0.158854
4510 0.120239
4511 0.169014
4512 0.123597
4513 0.145085
4514 0.132363
4515 0.116457
4516 0.166241
4517 0.181286
4518 0.162397
4519 0.153012
4520 0.162551
4521 0.179671
4522 0.169627
4523 0.169768
4524 0.232415
4525 0.206522
4526 0.185727
4527 0.145313
4528 0.187416
4529 0.203571
4530 0.163444
4531 0.116906
4532 0.183677
4533 0.140393
4534 0.143345
4535 0.174001
4536 0.159875
4537 0.229139
4538 0.15601
4539 0.228486
4540 0.218626
4541 0.164696
4542 0.169131
4543 0.221595
4544 0.133787
4545 0.134338
4546 0.133871
4547 0.174538
4548 0.180778
4549 0.181377
4550 0.156443
4551 0.144866
4552 0.130875
4553 0.149885
4554 0.176616
4555 0.234993
4556 0.148058
4557 0.171231
4558 0.185027
4559 0.175125
4560 0.134429
4561 0.116534
4562 0.13529
4563 0.171248
4564 0.138696
4565 0.143355
4566 0.174604
4567 0.206306
4568 0.141416
4569 0.160428
4570 0.209283
4571 0.141711
4572 0.203645
4573 0.161817
4574 0.147279
4575 0.260053
4576 0.14226
4577 0.159202
4578 0.208261
4579 0.260625
4580 0.189444
4581 0.152181
4582 0.170933
4583 0.203067
4584 0.200507
4585 0.128424
4586 0.158364
4587 0.187035
4588 0.16406
4589 0.150265
4590 0.147861
4591 0.194741
4592 0.157957
4593 0.176418
4594 0.162552
4595 0.198881
4596 0.139165
4597 0.146424
4598 0.16851
4599 0.177061
4600 0.221735
4601 0.144293
4602 0.173738
4603 0.161883
4604 0.14495
4605 0.214366
4606 0.201728
4607 0.179251
4608 0.157504
4609 0.30544
4610 0.181101
4611 0.12969
4612 0.159587
4613 0.145147
4614 0.140089
4615 0.165555
4616 0.14859
4617 0.196326
4618 0.180103
4619 0.194742
4620 0.181532
4621 0.163445
4622 0.189646
4623 0.13248
4624 0.146732
4625 0.146558
4626 0.155585
4627 0.178764
4628 0.118778
4629 0.124987
4630 0.250685
4631 0.152309
4632 0.207534
4633 0.125342
4634 0.192803
4635 0.154161
4636 0.127522
4637 0.212292
4638 0.140292
4639 0.153971
4640 0.20851
4641 0.231879
4642 0.203135
4643 0.143859
4644 0.137179
4645 0.14343
4646 0.134126
4647 0.168149
4648 0.244992
4649 0.132397
4650 0.148607
4651 0.165758
4652 0.172649
4653 0.191827
4654 0.176431
4655 0.178061
4656 0.154075
4657 0.20302
4658 0.120129
4659 0.18121
4660 0.15497
4661 0.255817
4662 0.126794
4663 0.166927
4664 0.147913
4665 0.170183
4666 0.185363
4667 0.139045
4668 0.197066
4669 0.248808
4670 0.137267
4671 0.172153
4672 0.148787
4673 0.139035
4674 0.1714
4675 0.128563
4676 0.208765
4677 0.172571
4678 0.130423
4679 0.141902
4680 0.187367
4681 0.152715
4682 0.142514
4683 0.181349
4684 0.150258
4685 0.132358
4686 0.162327
4687 0.156434
4688 0.154948
4689 0.188477
4690 0.17589
4691 0.12679
4692 0.145714
4693 0.178039
4694 0.131251
4695 0.158365
4696 0.147183
4697 0.112342
4698 0.16043
4699 0.122751
4700 0.129528
4701 0.185143
4702 0.142777
4703 0.158435
4704 0.129814
4705 0.129233
4706 0.151744
4707 0.176502
4708 0.107178
4709 0.128267
4710 0.115326
4711 0.133186
4712 0.125004
4713 0.138988
4714 0.290862
4715 0.215187
4716 0.199203
4717 0.145087
4718 0.179713
4719 0.151207
4720 0.173415
4721 0.209433
4722 0.188108
4723 0.124742
4724 0.161943
4725 0.159685
4726 0.169433
4727 0.178721
4728 0.158945
4729 0.154694
4730 0.221317
4731 0.154655
4732 0.138787
4733 0.246865
4734 0.139059
4735 0.160863
4736 0.1476
4737 0.172162
4738 0.157984
4739 0.173067
4740 0.197491
4741 0.16427
4742 0.243623
4743 0.14295
4744 0.197277
4745 0.240192
4746 0.146299
4747 0.1379
4748 0.150443
4749 0.208402
4750 0.173865
4751 0.139628
4752 0.150043
4753 0.142479
4754 0.175035
4755 0.169703
4756 0.28474
4757 0.141966
4758 0.187639
4759 0.161933
4760 0.165609
4761 0.137646
4762 0.182867
4763 0.12538
4764 0.136108
4765 0.159983
4766 0.159241
4767 0.199878
4768 0.159971
4769 0.141418
4770 0.145596
4771 0.187545
4772 0.163633
4773 0.137003
4774 0.202952
4775 0.149132
4776 0.158043
4777 0.156706
4778 0.173671
4779 0.149169
4780 0.167753
4781 0.18158
4782 0.165937
4783 0.187404
4784 0.169919
4785 0.157329
4786 0.13963
4787 0.17863
4788 0.169869
4789 0.117403
4790 0.162281
4791 0.206962
4792 0.189534
4793 0.110311
4794 0.177244
4795 0.148538
4796 0.166374
4797 0.158835
4798 0.13981
4799 0.199206
4800 0.186016
4801 0.232372
4802 0.166878
4803 0.138653
4804 0.128788
4805 0.173788
4806 0.160512
4807 0.16359
4808 0.161452
4809 0.174799
4810 0.1545
4811 0.171215
4812 0.112783
4813 0.174171
4814 0.153731
4815 0.192903
4816 0.171076
4817 0.156782
4818 0.122425
4819 0.168615
4820 0.182691
4821 0.139803
4822 0.155811
4823 0.151614
4824 0.132522
4825 0.189952
4826 0.177948
4827 0.165014
4828 0.153408
4829 0.177053
4830 0.128794
4831 0.132708
4832 0.158352
4833 0.172137
4834 0.14432
4835 0.163786
4836 0.133363
4837 0.144447
4838 0.270734
4839 0.202605
4840 0.187817
4841 0.176937
4842 0.134835
4843 0.150826
4844 0.129259
4845 0.2348
4846 0.165762
4847 0.136626
4848 0.156331
4849 0.190394
4850 0.1717
4851 0.134524
4852 0.178551
4853 0.193249
4854 0.139984
4855 0.115441
4856 0.186119
4857 0.163208
4858 0.124211
4859 0.178088
4860 0.136198
4861 0.216634
4862 0.201243
4863 0.155089
4864 0.144592
4865 0.124352
4866 0.194752
4867 0.122942
4868 0.130353
4869 0.155539
4870 0.169921
4871 0.134212
4872 0.148504
4873 0.192738
4874 0.117856
4875 0.157164
4876 0.225584
4877 0.143568
4878 0.172622
4879 0.122963
4880 0.135479
4881 0.136634
4882 0.19405
4883 0.230775
4884 0.262261
4885 0.144751
4886 0.213325
4887 0.124951
4888 0.197337
4889 0.162515
4890 0.134229
4891 0.164772
4892 0.161802
4893 0.153701
4894 0.17677
4895 0.120551
4896 0.142311
4897 0.146327
4898 0.212702
4899 0.144032
4900 0.179973
4901 0.14668
4902 0.153389
4903 0.159745
4904 0.184637
4905 0.146925
4906 0.153353
4907 0.149406
4908 0.185864
4909 0.128457
4910 0.171945
4911 0.129218
4912 0.124839
4913 0.112476
4914 0.148157
4915 0.141934
4916 0.164058
4917 0.160683
4918 0.164409
4919 0.137043
4920 0.211934
4921 0.20165
4922 0.142586
4923 0.172702
4924 0.141079
4925 0.182087
4926 0.151282
4927 0.167456
4928 0.154946
4929 0.232102
4930 0.164636
4931 0.13301
4932 0.16622
4933 0.157877
4934 0.163094
4935 0.116861
4936 0.133806
4937 0.15769
4938 0.141759
4939 0.136248
4940 0.147929
4941 0.146126
4942 0.155348
4943 0.14585
4944 0.106044
4945 0.201935
4946 0.197527
4947 0.211879
4948 0.189011
4949 0.144088
4950 0.145039
4951 0.196377
4952 0.153294
4953 0.212948
4954 0.166362
4955 0.148053
4956 0.166344
4957 0.1593
4958 0.179143
4959 0.153081
4960 0.131209
4961 0.183203
4962 0.139381
4963 0.160531
4964 0.221456
4965 0.164849
4966 0.164189
4967 0.180703
4968 0.196367
4969 0.139902
4970 0.131357
4971 0.200546
4972 0.183177
4973 0.132403
4974 0.119856
4975 0.198634
4976 0.140487
4977 0.160774
4978 0.194706
4979 0.133346
4980 0.118229
4981 0.135551
4982 0.158353
4983 0.18141
4984 0.169846
4985 0.126558
4986 0.162702
4987 0.159526
4988 0.134582
4989 0.140948
4990 0.116115
4991 0.187672
4992 0.120493
4993 0.190598
4994 0.167015
4995 0.124151
4996 0.138423
4997 0.137659
4998 0.176965
4999 0.167465
5000 0.181003
