0 2.79847
1 2.79654
2 2.49332
3 2.02177
4 1.82799
5 1.84599
6 2.60534
7 3.08862
8 2.59995
9 2.25414
10 2.02034
11 1.86488
12 1.58989
13 1.44121
14 1.39392
15 1.29328
16 1.32557
17 1.43778
18 1.29595
19 1.26308
20 1.35657
21 1.94181
22 1.39984
23 1.31769
24 1.31172
25 1.46911
26 1.17857
27 0.959389
28 1.24831
29 1.44429
30 1.55465
31 1.03836
32 1.04829
33 0.993169
34 1.06967
35 0.955588
36 0.928051
37 0.993284
38 0.8283
39 0.819431
40 0.858816
41 0.967855
42 1.03815
43 1.11364
44 1.38465
45 0.981474
46 0.737099
47 0.724766
48 0.852594
49 0.800426
50 0.727566
51 1.15636
52 1.12511
53 0.837523
54 0.812171
55 0.838759
56 0.980687
57 0.842551
58 0.935118
59 1.14273
60 0.989305
61 0.893384
62 1.02406
63 1.01402
64 0.705238
65 0.780374
66 0.757894
67 0.822123
68 0.786954
69 0.754201
70 0.983373
71 0.94257
72 1.08907
73 1.13339
74 1.12898
75 1.08724
76 1.30333
77 0.736444
78 0.743744
79 0.782723
80 0.77138
81 0.696245
82 0.735964
83 0.756536
84 0.922584
85 0.978319
86 0.913238
87 0.73513
88 0.798715
89 0.707656
90 0.768796
91 0.823159
92 0.769249
93 0.690223
94 0.708952
95 0.766067
96 0.651919
97 0.840411
98 0.868491
99 0.878368
100 0.878105
101 0.659428
102 0.644068
103 0.557698
104 0.70463
105 0.688111
106 0.790614
107 0.767949
108 0.587695
109 0.586691
110 0.722145
111 0.849408
112 0.831798
113 0.749867
114 0.55725
115 0.619346
116 0.667068
117 0.953878
118 1.18699
119 0.930683
120 0.618868
121 0.640455
122 0.802336
123 0.825245
124 0.804226
125 0.67733
126 0.638354
127 0.675726
128 0.671206
129 0.65003
130 0.621149
131 0.462447
132 0.604159
133 0.704023
134 0.767895
135 0.636044
136 0.907802
137 0.950582
138 0.719336
139 0.713305
140 0.528145
141 0.670559
142 0.614581
143 0.550788
144 0.602184
145 0.614106
146 0.706034
147 0.780811
148 0.895335
149 0.757559
150 0.758723
151 0.617628
152 0.670033
153 0.710282
154 0.770126
155 0.607482
156 0.581128
157 0.61204
158 0.642894
159 0.476196
160 0.644447
161 0.533169
162 0.709078
163 0.676991
164 0.575712
165 0.516501
166 0.644771
167 0.754389
168 0.746933
169 0.774989
170 0.874071
171 0.665473
172 0.660442
173 1.12109
174 0.859158
175 0.715377
176 0.652325
177 0.598774
178 0.652726
179 0.563511
180 0.615702
181 0.59638
182 0.773334
183 0.576846
184 0.771778
185 0.592148
186 0.595164
187 0.582739
188 0.697429
189 0.660699
190 0.663096
191 0.551064
192 0.555713
193 0.685341
194 0.817034
195 0.759601
196 0.728101
197 0.592
198 0.588343
199 0.632019
200 0.730296
201 0.571142
202 0.676655
203 0.68954
204 0.639685
205 0.80598
206 0.829982
207 0.633525
208 0.871786
209 0.585984
210 0.660118
211 0.680181
212 0.613031
213 0.80199
214 1.09947
215 0.787417
216 0.558107
217 0.697101
218 0.546154
219 0.567439
220 0.59102
221 0.658761
222 0.727326
223 0.532217
224 0.641716
225 0.498116
226 0.583727
227 0.475011
228 0.544317
229 0.592419
230 0.666016
231 0.733005
232 0.651075
233 0.69441
234 0.510535
235 0.589949
236 0.57473
237 0.536809
238 0.601442
239 0.575449
240 0.45963
241 0.545244
242 0.627104
243 0.641663
244 0.543452
245 0.704158
246 0.525427
247 0.499625
248 0.520222
249 0.525726
250 0.636896
251 0.503921
252 0.746457
253 0.679767
254 0.63471
255 0.971462
256 0.859046
257 0.609869
258 0.567808
259 0.597125
260 0.62049
261 0.599452
262 0.599037
263 0.570284
264 0.455499
265 0.536692
266 0.452882
267 0.600434
268 0.812783
269 0.574921
270 0.636515
271 0.580045
272 0.565999
273 0.657623
274 0.584697
275 0.56193
276 0.514165
277 0.552574
278 0.567162
279 0.561001
280 0.473738
281 0.568117
282 0.461128
283 0.612674
284 0.61971
285 0.676783
286 0.499955
287 0.514703
288 0.530711
289 0.59572
290 0.555319
291 0.59737
292 0.802951
293 0.578965
294 0.623898
295 0.696515
296 0.730237
297 0.606839
298 0.550208
299 0.411049
300 0.43667
301 0.566344
302 0.529162
303 0.528788
304 0.557105
305 0.595748
306 0.598556
307 0.575467
308 0.568873
309 0.48568
310 0.454952
311 0.625607
312 0.579443
313 0.619433
314 0.488335
315 0.53649
316 0.61631
317 0.584169
318 0.687491
319 0.710454
320 0.623801
321 0.618143
322 0.778873
323 0.644649
324 0.476959
325 0.474376
326 0.432445
327 0.518794
328 0.506225
329 0.56733
330 0.638687
331 0.644997
332 0.605612
333 0.532152
334 0.39987
335 0.663652
336 0.501337
337 0.440012
338 0.557553
339 0.478055
340 0.516974
341 0.529646
342 0.487061
343 0.834901
344 0.632291
345 0.516713
346 0.412218
347 0.673492
348 0.647627
349 0.542225
350 0.770271
351 0.511871
352 0.477084
353 0.585681
354 0.813184
355 0.554365
356 0.570406
357 0.537556
358 0.485114
359 0.445196
360 0.457944
361 0.572952
362 0.429872
363 0.489833
364 0.499405
365 0.527813
366 0.451688
367 0.596989
368 0.6523
369 0.521372
370 0.554501
371 0.447145
372 0.576974
373 0.533786
374 0.763544
375 0.491391
376 0.597885
377 0.409778
378 0.505795
379 0.557034
380 0.549971
381 0.486458
382 0.576583
383 0.464935
384 0.444948
385 0.555723
386 0.509798
387 0.471547
388 0.45458
389 0.601311
390 0.462516
391 0.468374
392 0.494988
393 0.466025
394 0.516363
395 0.461954
396 0.516706
397 0.54493
398 0.439159
399 0.427506
400 0.577506
401 0.479725
402 0.511146
403 0.544626
404 0.507
405 0.445593
406 0.509264
407 0.383812
408 0.52833
409 0.424726
410 0.465127
411 0.637029
412 0.480983
413 0.404765
414 0.496989
415 0.383208
416 0.41798
417 0.441125
418 0.38683
419 0.394535
420 0.493958
421 0.356108
422 0.381843
423 0.380314
424 0.640042
425 0.490464
426 0.390686
427 0.741876
428 0.383644
429 0.570453
430 0.493374
431 0.604984
432 0.497474
433 0.502252
434 0.466857
435 0.533404
436 0.406598
437 0.463687
438 0.510174
439 0.402721
440 0.534074
441 0.499385
442 0.476761
443 0.571142
444 0.621634
445 0.457897
446 0.616538
447 0.514956
448 0.564553
449 0.451357
450 0.499019
451 0.533951
452 0.511716
453 0.646102
454 0.477588
455 0.590121
456 0.399734
457 0.770812
458 0.683676
459 0.654616
460 0.532822
461 0.503177
462 0.534393
463 0.468461
464 0.606516
465 0.41634
466 0.41115
467 0.417237
468 0.474053
469 0.772334
470 0.596734
471 0.450605
472 0.450579
473 0.569118
474 0.444701
475 0.564691
476 0.409873
477 0.469146
478 0.431129
479 0.469434
480 0.557235
481 0.501003
482 0.489283
483 0.491639
484 0.40019
485 0.500623
486 0.432415
487 0.540784
488 0.716485
489 0.531258
490 0.48546
491 0.528702
492 0.509531
493 0.448765
494 0.493734
495 0.45444
496 0.48627
497 0.474058
498 0.616993
499 0.500179
500 0.610653
501 0.569175
502 0.418536
503 0.550566
504 0.697217
505 0.763905
506 0.493526
507 0.498073
508 0.574242
509 0.491067
510 0.508314
511 0.447246
512 0.593606
513 0.519977
514 0.584163
515 0.436645
516 0.397037
517 0.387964
518 0.440603
519 0.53382
520 0.515986
521 0.495653
522 0.454922
523 0.49881
524 0.469271
525 0.399139
526 0.531712
527 0.524284
528 0.581396
529 0.510552
530 0.453584
531 0.475269
532 0.467461
533 0.424435
534 0.448923
535 0.427151
536 0.417655
537 0.370071
538 0.502521
539 0.517537
540 0.518009
541 0.464055
542 0.418325
543 0.422881
544 0.491004
545 0.466583
546 0.468473
547 0.584593
548 0.433458
549 0.372339
550 0.494934
551 0.571837
552 0.534593
553 0.50163
554 0.535569
555 0.396592
556 0.469607
557 0.468961
558 0.521295
559 0.423499
560 0.399304
561 0.497009
562 0.560245
563 0.528179
564 0.433364
565 0.671003
566 0.490914
567 0.502942
568 0.413667
569 0.415483
570 0.499216
571 0.378487
572 0.42215
573 0.45934
574 0.547945
575 0.592467
576 0.508344
577 0.401557
578 0.458395
579 0.44017
580 0.381654
581 0.467929
582 0.492002
583 0.476653
584 0.503707
585 0.399276
586 0.48189
587 0.391777
588 0.382666
589 0.530262
590 0.448811
591 0.670992
592 0.468906
593 0.450136
594 0.383605
595 0.536445
596 0.483538
597 0.605285
598 0.52385
599 0.527837
600 0.368444
601 0.542762
602 0.460034
603 0.394409
604 0.514959
605 0.43834
606 0.465713
607 0.439678
608 0.389818
609 0.415791
610 0.399799
611 0.544894
612 0.442777
613 0.615711
614 0.389997
615 0.431119
616 0.428991
617 0.507304
618 0.419408
619 0.417444
620 0.406733
621 0.473527
622 0.461659
623 0.455877
624 0.507118
625 0.435589
626 0.39421
627 0.417046
628 0.499825
629 0.510146
630 0.436763
631 0.465047
632 0.475261
633 0.473934
634 0.528989
635 0.409171
636 0.452432
637 0.60599
638 0.454011
639 0.540156
640 0.497602
641 0.466494
642 0.530048
643 0.43131
644 0.419543
645 0.445382
646 0.494963
647 0.436396
648 0.401468
649 0.487343
650 0.507973
651 0.54065
652 0.478115
653 0.476632
654 0.340761
655 0.439786
656 0.420758
657 0.342174
658 0.494313
659 0.505485
660 0.509277
661 0.567113
662 0.462883
663 0.439693
664 0.5623
665 0.389872
666 0.515288
667 0.439138
668 0.420636
669 0.418702
670 0.403467
671 0.580398
672 0.474958
673 0.371872
674 0.513836
675 0.409499
676 0.421217
677 0.454536
678 0.416877
679 0.560509
680 0.364617
681 0.595883
682 0.555614
683 0.467525
684 0.508787
685 0.518164
686 0.45584
687 0.364671
688 0.404442
689 0.456732
690 0.417963
691 0.545665
692 0.413673
693 0.346162
694 0.391781
695 0.406417
696 0.507887
697 0.659679
698 0.49254
699 0.440667
700 0.399416
701 0.504294
702 0.426496
703 0.398632
704 0.380025
705 0.437408
706 0.431354
707 0.382376
708 0.370426
709 0.432973
710 0.469368
711 0.382243
712 0.490214
713 0.518426
714 0.454977
715 0.36507
716 0.379113
717 0.479183
718 0.426319
719 0.396403
720 0.450735
721 0.679574
722 0.453882
723 0.500634
724 0.480477
725 0.568086
726 0.425596
727 0.413531
728 0.361414
729 0.465414
730 0.454852
731 0.388511
732 0.439753
733 0.385889
734 0.442397
735 0.519696
736 0.46533
737 0.366854
738 0.367066
739 0.367055
740 0.486833
741 0.424416
742 0.398561
743 0.424531
744 0.440626
745 0.52109
746 0.465066
747 0.491776
748 0.487873
749 0.541575
750 0.426079
751 0.600081
752 0.433175
753 0.367365
754 0.427969
755 0.385857
756 0.383975
757 0.431935
758 0.49095
759 0.473331
760 0.446308
761 0.456728
762 0.518993
763 0.403081
764 0.462762
765 0.441549
766 0.384511
767 0.434853
768 0.429254
769 0.432673
770 0.377125
771 0.437696
772 0.65496
773 0.439306
774 0.395898
775 0.328504
776 0.543123
777 0.502186
778 0.378314
779 0.665413
780 0.446231
781 0.420058
782 0.503247
783 0.639978
784 0.532752
785 0.454779
786 0.369389
787 0.36946
788 0.372467
789 0.393378
790 0.464245
791 0.373276
792 0.411267
793 0.371243
794 0.382421
795 0.440173
796 0.474877
797 0.542397
798 0.41335
799 0.348176
800 0.319494
801 0.48476
802 0.480587
803 0.532445
804 0.444438
805 0.34868
806 0.407454
807 0.498442
808 0.469038
809 0.38851
810 0.398931
811 0.438664
812 0.407819
813 0.381931
814 0.388771
815 0.398039
816 0.354074
817 0.342484
818 0.497998
819 0.41481
820 0.418689
821 0.453152
822 0.36387
823 0.408793
824 0.356681
825 0.428797
826 0.470685
827 0.404167
828 0.389695
829 0.36867
830 0.471413
831 0.338021
832 0.365445
833 0.337319
834 0.357655
835 0.400786
836 0.359636
837 0.404012
838 0.40988
839 0.32955
840 0.481551
841 0.328677
842 0.351672
843 0.401901
844 0.321975
845 0.344145
846 0.324424
847 0.362275
848 0.315817
849 0.432259
850 0.304925
851 0.306366
852 0.343514
853 0.378877
854 0.314177
855 0.366657
856 0.574386
857 0.469859
858 0.468689
859 0.444008
860 0.389705
861 0.379415
862 0.401348
863 0.515045
864 0.564335
865 0.412997
866 0.347907
867 0.426822
868 0.411152
869 0.325951
870 0.418942
871 0.417884
872 0.457183
873 0.455
874 0.438063
875 0.483371
876 0.36791
877 0.492145
878 0.37106
879 0.412011
880 0.444885
881 0.351531
882 0.473338
883 0.383073
884 0.47748
885 0.343104
886 0.62369
887 0.518128
888 0.370831
889 0.409761
890 0.419201
891 0.394984
892 0.405019
893 0.351696
894 0.37852
895 0.354126
896 0.439153
897 0.367768
898 0.571477
899 0.443948
900 0.360641
901 0.353333
902 0.502914
903 0.341107
904 0.447346
905 0.384939
906 0.334644
907 0.352658
908 0.505612
909 0.445872
910 0.410526
911 0.379149
912 0.357809
913 0.344554
914 0.449104
915 0.330681
916 0.464132
917 0.464623
918 0.399608
919 0.437245
920 0.511958
921 0.373217
922 0.341131
923 0.423184
924 0.339405
925 0.377359
926 0.341807
927 0.455363
928 0.375201
929 0.414934
930 0.539931
931 0.357952
932 0.427507
933 0.463813
934 0.396016
935 0.332555
936 0.477515
937 0.390839
938 0.427529
939 0.348356
940 0.360475
941 0.480282
942 0.465267
943 0.404387
944 0.375158
945 0.354501
946 0.408508
947 0.395066
948 0.426022
949 0.397121
950 0.395388
951 0.377265
952 0.451981
953 0.346199
954 0.394875
955 0.483483
956 0.399635
957 0.387362
958 0.375655
959 0.352161
960 0.374435
961 0.406212
962 0.441418
963 0.343471
964 0.366088
965 0.341956
966 0.338611
967 0.452457
968 0.423624
969 0.381537
970 0.406312
971 0.34585
972 0.332756
973 0.353829
974 0.45904
975 0.476905
976 0.398331
977 0.356076
978 0.361279
979 0.456335
980 0.499011
981 0.444359
982 0.402498
983 0.372002
984 0.340213
985 0.358615
986 0.34906
987 0.410548
988 0.319566
989 0.393369
990 0.345554
991 0.532249
992 0.373358
993 0.408802
994 0.529801
995 0.364272
996 0.360216
997 0.344652
998 0.409118
999 0.388723
1000 0.306771
1001 0.369447
1002 0.407703
1003 0.433369
1004 0.381619
1005 0.463053
1006 0.353562
1007 0.436787
1008 0.312427
1009 0.395672
1010 0.418133
1011 0.315489
1012 0.409791
1013 0.349483
1014 0.355837
1015 0.374434
1016 0.365499
1017 0.408934
1018 0.504013
1019 0.428499
1020 0.35679
1021 0.357695
1022 0.299001
1023 0.335659
1024 0.429849
1025 0.533901
1026 0.488917
1027 0.409069
1028 0.445257
1029 0.314212
1030 0.484259
1031 0.41045
1032 0.351285
1033 0.411705
1034 0.39552
1035 0.378606
1036 0.312596
1037 0.328872
1038 0.332261
1039 0.389077
1040 0.364715
1041 0.362571
1042 0.511961
1043 0.31394
1044 0.34628
1045 0.435591
1046 0.366009
1047 0.384774
1048 0.337427
1049 0.320664
1050 0.366279
1051 0.361457
1052 0.377398
1053 0.420705
1054 0.347207
1055 0.328804
1056 0.443575
1057 0.33774
1058 0.324729
1059 0.369715
1060 0.362386
1061 0.403255
1062 0.439012
1063 0.390087
1064 0.32511
1065 0.430566
1066 0.434114
1067 0.380976
1068 0.371995
1069 0.350867
1070 0.373776
1071 0.399318
1072 0.340937
1073 0.327837
1074 0.402325
1075 0.363626
1076 0.331915
1077 0.316059
1078 0.409189
1079 0.372243
1080 0.357371
1081 0.361615
1082 0.43662
1083 0.279271
1084 0.366892
1085 0.325
1086 0.292474
1087 0.487425
1088 0.400731
1089 0.502931
1090 0.382506
1091 0.373062
1092 0.391745
1093 0.35125
1094 0.331134
1095 0.44775
1096 0.391728
1097 0.353711
1098 0.3423
1099 0.335541
1100 0.380367
1101 0.317806
1102 0.365385
1103 0.348352
1104 0.331633
1105 0.345118
1106 0.387789
1107 0.419521
1108 0.439119
1109 0.290146
1110 0.544235
1111 0.425773
1112 0.394578
1113 0.431085
1114 0.338083
1115 0.359129
1116 0.302621
1117 0.33042
1118 0.364917
1119 0.428866
1120 0.340327
1121 0.339455
1122 0.375442
1123 0.348836
1124 0.366429
1125 0.508476
1126 0.480095
1127 0.360754
1128 0.391549
1129 0.396257
1130 0.380543
1131 0.314671
1132 0.329861
1133 0.423803
1134 0.353142
1135 0.388823
1136 0.380891
1137 0.304394
1138 0.398958
1139 0.353408
1140 0.480833
1141 0.469439
1142 0.412956
1143 0.391307
1144 0.336785
1145 0.359616
1146 0.388515
1147 0.36557
1148 0.309946
1149 0.435451
1150 0.542468
1151 0.429072
1152 0.404397
1153 0.396042
1154 0.355483
1155 0.374948
1156 0.320334
1157 0.334664
1158 0.403908
1159 0.343004
1160 0.312906
1161 0.402046
1162 0.356149
1163 0.323741
1164 0.400737
1165 0.445964
1166 0.344178
1167 0.318103
1168 0.397496
1169 0.387496
1170 0.460455
1171 0.343612
1172 0.300232
1173 0.423316
1174 0.385411
1175 0.333706
1176 0.440534
1177 0.409793
1178 0.453623
1179 0.407631
1180 0.448322
1181 0.284737
1182 0.301236
1183 0.358416
1184 0.328539
1185 0.392891
1186 0.325886
1187 0.460614
1188 0.358306
1189 0.370016
1190 0.493138
1191 0.358745
1192 0.419649
1193 0.376926
1194 0.333981
1195 0.342054
1196 0.338645
1197 0.351243
1198 0.3286
1199 0.319208
1200 0.466069
1201 0.470123
1202 0.34589
1203 0.291302
1204 0.357967
1205 0.460079
1206 0.417834
1207 0.330761
1208 0.471553
1209 0.341038
1210 0.421737
1211 0.438546
1212 0.412305
1213 0.364956
1214 0.40091
1215 0.33849
1216 0.32778
1217 0.341239
1218 0.441395
1219 0.331512
1220 0.367077
1221 0.309366
1222 0.405422
1223 0.3361
1224 0.357857
1225 0.446351
1226 0.369363
1227 0.347845
1228 0.309907
1229 0.369757
1230 0.436582
1231 0.463291
1232 0.457323
1233 0.362564
1234 0.327459
1235 0.332116
1236 0.478365
1237 0.35405
1238 0.37379
1239 0.350497
1240 0.374196
1241 0.306844
1242 0.309145
1243 0.288319
1244 0.361179
1245 0.278874
1246 0.335818
1247 0.396894
1248 0.286414
1249 0.327789
1250 0.372036
1251 0.313613
1252 0.321865
1253 0.342608
1254 0.33212
1255 0.335764
1256 0.302219
1257 0.33805
1258 0.33638
1259 0.389059
1260 0.369059
1261 0.331412
1262 0.368664
1263 0.326451
1264 0.316336
1265 0.32917
1266 0.315366
1267 0.37812
1268 0.391014
1269 0.377951
1270 0.284224
1271 0.327115
1272 0.298467
1273 0.266611
1274 0.287368
1275 0.277177
1276 0.310099
1277 0.347302
1278 0.368655
1279 0.272048
1280 0.264759
1281 0.346968
1282 0.373684
1283 0.261124
1284 0.584286
1285 0.278595
1286 0.388729
1287 0.383688
1288 0.389614
1289 0.297601
1290 0.38362
1291 0.421158
1292 0.346829
1293 0.351735
1294 0.32736
1295 0.317224
1296 0.299413
1297 0.342292
1298 0.308795
1299 0.327911
1300 0.455127
1301 0.455609
1302 0.346285
1303 0.385785
1304 0.352316
1305 0.373634
1306 0.41464
1307 0.320858
1308 0.444484
1309 0.375997
1310 0.354117
1311 0.437061
1312 0.345325
1313 0.328228
1314 0.357819
1315 0.488657
1316 0.476123
1317 0.34859
1318 0.344774
1319 0.398434
1320 0.389589
1321 0.344521
1322 0.278293
1323 0.315065
1324 0.313988
1325 0.371468
1326 0.425485
1327 0.358016
1328 0.297354
1329 0.270754
1330 0.334114
1331 0.352325
1332 0.317026
1333 0.365054
1334 0.363609
1335 0.327473
1336 0.299743
1337 0.360289
1338 0.324587
1339 0.330703
1340 0.349301
1341 0.304161
1342 0.295314
1343 0.35866
1344 0.304763
1345 0.374287
1346 0.347253
1347 0.322745
1348 0.371473
1349 0.383073
1350 0.322796
1351 0.349259
1352 0.322856
1353 0.362362
1354 0.32253
1355 0.31871
1356 0.362485
1357 0.347579
1358 0.397359
1359 0.377073
1360 0.340595
1361 0.373318
1362 0.471011
1363 0.320766
1364 0.264452
1365 0.373163
1366 0.377588
1367 0.376876
1368 0.336542
1369 0.329196
1370 0.375081
1371 0.367531
1372 0.358471
1373 0.296372
1374 0.309756
1375 0.329724
1376 0.309596
1377 0.323554
1378 0.368722
1379 0.343676
1380 0.349708
1381 0.359904
1382 0.318517
1383 0.336342
1384 0.452549
1385 0.393158
1386 0.373191
1387 0.357144
1388 0.319912
1389 0.311474
1390 0.371655
1391 0.320314
1392 0.336725
1393 0.320752
1394 0.306622
1395 0.283069
1396 0.358287
1397 0.362743
1398 0.392364
1399 0.323901
1400 0.300612
1401 0.322598
1402 0.32779
1403 0.345486
1404 0.377574
1405 0.366565
1406 0.273015
1407 0.303753
1408 0.383245
1409 0.364882
1410 0.369
1411 0.343713
1412 0.319723
1413 0.280468
1414 0.295468
1415 0.353947
1416 0.301724
1417 0.286808
1418 0.343026
1419 0.301629
1420 0.382293
1421 0.296636
1422 0.386771
1423 0.524625
1424 0.396769
1425 0.322448
1426 0.276534
1427 0.334069
1428 0.307479
1429 0.304217
1430 0.295254
1431 0.333147
1432 0.375275
1433 0.385809
1434 0.395197
1435 0.281701
1436 0.359709
1437 0.301642
1438 0.336077
1439 0.369406
1440 0.354659
1441 0.338666
1442 0.263857
1443 0.344419
1444 0.29276
1445 0.264096
1446 0.449603
1447 0.32018
1448 0.397579
1449 0.30794
1450 0.298887
1451 0.299902
1452 0.27227
1453 0.369075
1454 0.417084
1455 0.507468
1456 0.420751
1457 0.391779
1458 0.291846
1459 0.612704
1460 0.366664
1461 0.374949
1462 0.361723
1463 0.307834
1464 0.375763
1465 0.310415
1466 0.285939
1467 0.315638
1468 0.335116
1469 0.307792
1470 0.390047
1471 0.315795
1472 0.255755
1473 0.323401
1474 0.348765
1475 0.366553
1476 0.328663
1477 0.305592
1478 0.294356
1479 0.326625
1480 0.341801
1481 0.338699
1482 0.362119
1483 0.278696
1484 0.327753
1485 0.350563
1486 0.326378
1487 0.297998
1488 0.364532
1489 0.326239
1490 0.35942
1491 0.39169
1492 0.329983
1493 0.407906
1494 0.399234
1495 0.350088
1496 0.312621
1497 0.374662
1498 0.335989
1499 0.321276
1500 0.32397
1501 0.30196
1502 0.346272
1503 0.399846
1504 0.280115
1505 0.3326
1506 0.287134
1507 0.32254
1508 0.36223
1509 0.285875
1510 0.378258
1511 0.296036
1512 0.263376
1513 0.380179
1514 0.288299
1515 0.365301
1516 0.321467
1517 0.361232
1518 0.367003
1519 0.450693
1520 0.291451
1521 0.335848
1522 0.344343
1523 0.291379
1524 0.356556
1525 0.315998
1526 0.272637
1527 0.314989
1528 0.333867
1529 0.354274
1530 0.290255
1531 0.38913
1532 0.309855
1533 0.300627
1534 0.331853
1535 0.304522
1536 0.393013
1537 0.313345
1538 0.348821
1539 0.382777
1540 0.328347
1541 0.372312
1542 0.380308
1543 0.279573
1544 0.302467
1545 0.289815
1546 0.338155
1547 0.324422
1548 0.325161
1549 0.302603
1550 0.268901
1551 0.307466
1552 0.269178
1553 0.362644
1554 0.537737
1555 0.325898
1556 0.357639
1557 0.297683
1558 0.307537
1559 0.292931
1560 0.262394
1561 0.325261
1562 0.299016
1563 0.298987
1564 0.325964
1565 0.378356
1566 0.285789
1567 0.36747
1568 0.315505
1569 0.444571
1570 0.316783
1571 0.357379
1572 0.358464
1573 0.293736
1574 0.327503
1575 0.327545
1576 0.331234
1577 0.3196
1578 0.381935
1579 0.426683
1580 0.304876
1581 0.403207
1582 0.38963
1583 0.355204
1584 0.321971
1585 0.254471
1586 0.308195
1587 0.324264
1588 0.318416
1589 0.322029
1590 0.308971
1591 0.323282
1592 0.331618
1593 0.333239
1594 0.377925
1595 0.259239
1596 0.284074
1597 0.353693
1598 0.290245
1599 0.351817
1600 0.312212
1601 0.305839
1602 0.329465
1603 0.344709
1604 0.426162
1605 0.332682
1606 0.379793
1607 0.331936
1608 0.416116
1609 0.372783
1610 0.264059
1611 0.272065
1612 0.364772
1613 0.289473
1614 0.324903
1615 0.278014
1616 0.412593
1617 0.37187
1618 0.377106
1619 0.327591
1620 0.275873
1621 0.330473
1622 0.413767
1623 0.2879
1624 0.32345
1625 0.277636
1626 0.295271
1627 0.293531
1628 0.263133
1629 0.548372
1630 0.374574
1631 0.368709
1632 0.271824
1633 0.399882
1634 0.447253
1635 0.330096
1636 0.527069
1637 0.267727
1638 0.334415
1639 0.327957
1640 0.432709
1641 0.330788
1642 0.313073
1643 0.30773
1644 0.271959
1645 0.267846
1646 0.277482
1647 0.417748
1648 0.264261
1649 0.311984
1650 0.334898
1651 0.327609
1652 0.30527
1653 0.378725
1654 0.402606
1655 0.285497
1656 0.295814
1657 0.316607
1658 0.303809
1659 0.35208
1660 0.472508
1661 0.297236
1662 0.356027
1663 0.255964
1664 0.296208
1665 0.355821
1666 0.342324
1667 0.306587
1668 0.293271
1669 0.302993
1670 0.316378
1671 0.329637
1672 0.275732
1673 0.304581
1674 0.271717
1675 0.307957
1676 0.307469
1677 0.2698
1678 0.326143
1679 0.343616
1680 0.362233
1681 0.290443
1682 0.321361
1683 0.344489
1684 0.295978
1685 0.257751
1686 0.321967
1687 0.276226
1688 0.299241
1689 0.296601
1690 0.301369
1691 0.284073
1692 0.327192
1693 0.272618
1694 0.311716
1695 0.287859
1696 0.324381
1697 0.3474
1698 0.27616
1699 0.281105
1700 0.319324
1701 0.252763
1702 0.23841
1703 0.250495
1704 0.248004
1705 0.274861
1706 0.315937
1707 0.247012
1708 0.240571
1709 0.24025
1710 0.27834
1711 0.249671
1712 0.242344
1713 0.558806
1714 0.230036
1715 0.361857
1716 0.304216
1717 0.304818
1718 0.318237
1719 0.292065
1720 0.302794
1721 0.324176
1722 0.258003
1723 0.272427
1724 0.282947
1725 0.296585
1726 0.31802
1727 0.288007
1728 0.281693
1729 0.377549
1730 0.355743
1731 0.282114
1732 0.429003
1733 0.291893
1734 0.27733
1735 0.320411
1736 0.279402
1737 0.310628
1738 0.295325
1739 0.375984
1740 0.329223
1741 0.329678
1742 0.274925
1743 0.428247
1744 0.360712
1745 0.31745
1746 0.315636
1747 0.313504
1748 0.323487
1749 0.317928
1750 0.294788
1751 0.241017
1752 0.331297
1753 0.292515
1754 0.338689
1755 0.527735
1756 0.370216
1757 0.316338
1758 0.25297
1759 0.30427
1760 0.270817
1761 0.364257
1762 0.242538
1763 0.30546
1764 0.277285
1765 0.290496
1766 0.35216
1767 0.325933
1768 0.29299
1769 0.28983
1770 0.246896
1771 0.286629
1772 0.270616
1773 0.316115
1774 0.316435
1775 0.27176
1776 0.328341
1777 0.320913
1778 0.305645
1779 0.267752
1780 0.307361
1781 0.270586
1782 0.312302
1783 0.287156
1784 0.280975
1785 0.27241
1786 0.299613
1787 0.338437
1788 0.285736
1789 0.317755
1790 0.307338
1791 0.310035
1792 0.283673
1793 0.313653
1794 0.283174
1795 0.337931
1796 0.326109
1797 0.271214
1798 0.328872
1799 0.281844
1800 0.318488
1801 0.337165
1802 0.308957
1803 0.265693
1804 0.315783
1805 0.30808
1806 0.354144
1807 0.265325
1808 0.318644
1809 0.299174
1810 0.303725
1811 0.289103
1812 0.284943
1813 0.284157
1814 0.361899
1815 0.272652
1816 0.29018
1817 0.237148
1818 0.258451
1819 0.290898
1820 0.289348
1821 0.271359
1822 0.32793
1823 0.235018
1824 0.355647
1825 0.319326
1826 0.333646
1827 0.249908
1828 0.278704
1829 0.249046
1830 0.274024
1831 0.268818
1832 0.321157
1833 0.353658
1834 0.310992
1835 0.241326
1836 0.329195
1837 0.373131
1838 0.308796
1839 0.310761
1840 0.304591
1841 0.242742
1842 0.288034
1843 0.26383
1844 0.315154
1845 0.259872
1846 0.266489
1847 0.292576
1848 0.298579
1849 0.304354
1850 0.258434
1851 0.390453
1852 0.336798
1853 0.252067
1854 0.264382
1855 0.284686
1856 0.278987
1857 0.214628
1858 0.273001
1859 0.295752
1860 0.277204
1861 0.321478
1862 0.354399
1863 0.27351
1864 0.266125
1865 0.282691
1866 0.242255
1867 0.287482
1868 0.289999
1869 0.322706
1870 0.291661
1871 0.254189
1872 0.281588
1873 0.274453
1874 0.266171
1875 0.321045
1876 0.284703
1877 0.339132
1878 0.26827
1879 0.259515
1880 0.260642
1881 0.352503
1882 0.351788
1883 0.443212
1884 0.365908
1885 0.325358
1886 0.264526
1887 0.317616
1888 0.36465
1889 0.249439
1890 0.322881
1891 0.266975
1892 0.257882
1893 0.312642
1894 0.244842
1895 0.248362
1896 0.272638
1897 0.299122
1898 0.282136
1899 0.36525
1900 0.250032
1901 0.277801
1902 0.308542
1903 0.324793
1904 0.288625
1905 0.285094
1906 0.239983
1907 0.260204
1908 0.296273
1909 0.293348
1910 0.314641
1911 0.268928
1912 0.251776
1913 0.251536
1914 0.287972
1915 0.285574
1916 0.246251
1917 0.285193
1918 0.26265
1919 0.317571
1920 0.309882
1921 0.28434
1922 0.300902
1923 0.366191
1924 0.290815
1925 0.319875
1926 0.262761
1927 0.305227
1928 0.296262
1929 0.244499
1930 0.310236
1931 0.299583
1932 0.283776
1933 0.251154
1934 0.278132
1935 0.30183
1936 0.274022
1937 0.260707
1938 0.329582
1939 0.331438
1940 0.220229
1941 0.307059
1942 0.233532
1943 0.223321
1944 0.330665
1945 0.330222
1946 0.3951
1947 0.348982
1948 0.289043
1949 0.301684
1950 0.335831
1951 0.2458
1952 0.32967
1953 0.313859
1954 0.253327
1955 0.264959
1956 0.282161
1957 0.336349
1958 0.263984
1959 0.237905
1960 0.297752
1961 0.247673
1962 0.294593
1963 0.257705
1964 0.248456
1965 0.33683
1966 0.246977
1967 0.358368
1968 0.296211
1969 0.334756
1970 0.297729
1971 0.345677
1972 0.269096
1973 0.219734
1974 0.268324
1975 0.35564
1976 0.302152
1977 0.323947
1978 0.28008
1979 0.227863
1980 0.274065
1981 0.253476
1982 0.34055
1983 0.464647
1984 0.300093
1985 0.315816
1986 0.265456
1987 0.258674
1988 0.244651
1989 0.272037
1990 0.286461
1991 0.315856
1992 0.248557
1993 0.288953
1994 0.298025
1995 0.312634
1996 0.286017
1997 0.291018
1998 0.41951
1999 0.295711
2000 0.312424
2001 0.246535
2002 0.275738
2003 0.358839
2004 0.304209
2005 0.281792
2006 0.289048
2007 0.400301
2008 0.279943
2009 0.343291
2010 0.312686
2011 0.396541
2012 0.270827
2013 0.281121
2014 0.250183
2015 0.266833
2016 0.336489
2017 0.265432
2018 0.285659
2019 0.328236
2020 0.318091
2021 0.339764
2022 0.277219
2023 0.288904
2024 0.248934
2025 0.263446
2026 0.315817
2027 0.289905
2028 0.303555
2029 0.24366
2030 0.281757
2031 0.32688
2032 0.249426
2033 0.287032
2034 0.301015
2035 0.307557
2036 0.326627
2037 0.388396
2038 0.263372
2039 0.246695
2040 0.284889
2041 0.262893
2042 0.282293
2043 0.292206
2044 0.33488
2045 0.301796
2046 0.289043
2047 0.330932
2048 0.322149
2049 0.275546
2050 0.295106
2051 0.312449
2052 0.232156
2053 0.264556
2054 0.27011
2055 0.322923
2056 0.229517
2057 0.329427
2058 0.382503
2059 0.283198
2060 0.292729
2061 0.232659
2062 0.443224
2063 0.296421
2064 0.26449
2065 0.366607
2066 0.301348
2067 0.28442
2068 0.330871
2069 0.381554
2070 0.442449
2071 0.256891
2072 0.245333
2073 0.286198
2074 0.262241
2075 0.239724
2076 0.388864
2077 0.275026
2078 0.251008
2079 0.261137
2080 0.247466
2081 0.30698
2082 0.295112
2083 0.294342
2084 0.276597
2085 0.285711
2086 0.231566
2087 0.316876
2088 0.331534
2089 0.400125
2090 0.271156
2091 0.268996
2092 0.245017
2093 0.267304
2094 0.315141
2095 0.29114
2096 0.302827
2097 0.301369
2098 0.26428
2099 0.280384
2100 0.254024
2101 0.257768
2102 0.263408
2103 0.240238
2104 0.317805
2105 0.279996
2106 0.25753
2107 0.249342
2108 0.290556
2109 0.273941
2110 0.217438
2111 0.31031
2112 0.276582
2113 0.269288
2114 0.293693
2115 0.244409
2116 0.299377
2117 0.232356
2118 0.23553
2119 0.239719
2120 0.265619
2121 0.257699
2122 0.226078
2123 0.299056
2124 0.283696
2125 0.220749
2126 0.310372
2127 0.252484
2128 0.242633
2129 0.236872
2130 0.217332
2131 0.241347
2132 0.22454
2133 0.240408
2134 0.228398
2135 0.259726
2136 0.214426
2137 0.19439
2138 0.213423
2139 0.25535
2140 0.214975
2141 0.216936
2142 0.43492
2143 0.380368
2144 0.345233
2145 0.262538
2146 0.280157
2147 0.26323
2148 0.264739
2149 0.302789
2150 0.267755
2151 0.22562
2152 0.25721
2153 0.265918
2154 0.248621
2155 0.253215
2156 0.276385
2157 0.277773
2158 0.325674
2159 0.311054
2160 0.266493
2161 0.338598
2162 0.250537
2163 0.300969
2164 0.298993
2165 0.29898
2166 0.257987
2167 0.260304
2168 0.348697
2169 0.30751
2170 0.304275
2171 0.221535
2172 0.375336
2173 0.39606
2174 0.283898
2175 0.27157
2176 0.332446
2177 0.245704
2178 0.267118
2179 0.255406
2180 0.26219
2181 0.216994
2182 0.294872
2183 0.280996
2184 0.498534
2185 0.302596
2186 0.276949
2187 0.248989
2188 0.283821
2189 0.240368
2190 0.285148
2191 0.241551
2192 0.240819
2193 0.248346
2194 0.300896
2195 0.29035
2196 0.26769
2197 0.277447
2198 0.233081
2199 0.265813
2200 0.246582
2201 0.282988
2202 0.345834
2203 0.389372
2204 0.257364
2205 0.261473
2206 0.290271
2207 0.261022
2208 0.225819
2209 0.282903
2210 0.218089
2211 0.310919
2212 0.262048
2213 0.301898
2214 0.283563
2215 0.240652
2216 0.293356
2217 0.248701
2218 0.280952
2219 0.289582
2220 0.262855
2221 0.236059
2222 0.267975
2223 0.252977
2224 0.295374
2225 0.234971
2226 0.24838
2227 0.320405
2228 0.308888
2229 0.265997
2230 0.257501
2231 0.228803
2232 0.240811
2233 0.267282
2234 0.329414
2235 0.263418
2236 0.292037
2237 0.280325
2238 0.296641
2239 0.224762
2240 0.260963
2241 0.29696
2242 0.279692
2243 0.348775
2244 0.262295
2245 0.281935
2246 0.229492
2247 0.277254
2248 0.274659
2249 0.226534
2250 0.249135
2251 0.231284
2252 0.226003
2253 0.341288
2254 0.244397
2255 0.260501
2256 0.28557
2257 0.237377
2258 0.225978
2259 0.27212
2260 0.330812
2261 0.27458
2262 0.276672
2263 0.2822
2264 0.254246
2265 0.299759
2266 0.326681
2267 0.290184
2268 0.292027
2269 0.281327
2270 0.254199
2271 0.251008
2272 0.239014
2273 0.275621
2274 0.213452
2275 0.241474
2276 0.276686
2277 0.340316
2278 0.265812
2279 0.249307
2280 0.329266
2281 0.272616
2282 0.248444
2283 0.248441
2284 0.304083
2285 0.245798
2286 0.218415
2287 0.232636
2288 0.30148
2289 0.268491
2290 0.260303
2291 0.291478
2292 0.233829
2293 0.266517
2294 0.261053
2295 0.230449
2296 0.262587
2297 0.245931
2298 0.281291
2299 0.235673
2300 0.24802
2301 0.216673
2302 0.21128
2303 0.333482
2304 0.326278
2305 0.270014
2306 0.234775
2307 0.284685
2308 0.236333
2309 0.208567
2310 0.26324
2311 0.417144
2312 0.302027
2313 0.289739
2314 0.284029
2315 0.208774
2316 0.307397
2317 0.295683
2318 0.230246
2319 0.258045
2320 0.266975
2321 0.351203
2322 0.250521
2323 0.24404
2324 0.240972
2325 0.212029
2326 0.279342
2327 0.248332
2328 0.328598
2329 0.231441
2330 0.268284
2331 0.303027
2332 0.30262
2333 0.328783
2334 0.266752
2335 0.251776
2336 0.274195
2337 0.262879
2338 0.253168
2339 0.29706
2340 0.235819
2341 0.261363
2342 0.252533
2343 0.248722
2344 0.257966
2345 0.230549
2346 0.240783
2347 0.27525
2348 0.344977
2349 0.270238
2350 0.252013
2351 0.301593
2352 0.296314
2353 0.260345
2354 0.264266
2355 0.243686
2356 0.241847
2357 0.301311
2358 0.281507
2359 0.254642
2360 0.249287
2361 0.251964
2362 0.264267
2363 0.24528
2364 0.306107
2365 0.244057
2366 0.251844
2367 0.244491
2368 0.280117
2369 0.191577
2370 0.247629
2371 0.239324
2372 0.226188
2373 0.340954
2374 0.241727
2375 0.351616
2376 0.305838
2377 0.25072
2378 0.352557
2379 0.293094
2380 0.225671
2381 0.251771
2382 0.279089
2383 0.254686
2384 0.26051
2385 0.282899
2386 0.289857
2387 0.258664
2388 0.260756
2389 0.237972
2390 0.230246
2391 0.245801
2392 0.295677
2393 0.288688
2394 0.286431
2395 0.214829
2396 0.395473
2397 0.258145
2398 0.225155
2399 0.346439
2400 0.241615
2401 0.276688
2402 0.222146
2403 0.246472
2404 0.252863
2405 0.296608
2406 0.28028
2407 0.233823
2408 0.229548
2409 0.225627
2410 0.297537
2411 0.287578
2412 0.359391
2413 0.224713
2414 0.267214
2415 0.308479
2416 0.23776
2417 0.224849
2418 0.297259
2419 0.303972
2420 0.211043
2421 0.2726
2422 0.258953
2423 0.220069
2424 0.290223
2425 0.29833
2426 0.336104
2427 0.272142
2428 0.313946
2429 0.250843
2430 0.209817
2431 0.271847
2432 0.26515
2433 0.27783
2434 0.231721
2435 0.293347
2436 0.43081
2437 0.266911
2438 0.263845
2439 0.312382
2440 0.236903
2441 0.235927
2442 0.209073
2443 0.290614
2444 0.24996
2445 0.329421
2446 0.228655
2447 0.320461
2448 0.24217
2449 0.2247
2450 0.287713
2451 0.314713
2452 0.196589
2453 0.237343
2454 0.283215
2455 0.240454
2456 0.209579
2457 0.320277
2458 0.22244
2459 0.285916
2460 0.301768
2461 0.247292
2462 0.269003
2463 0.256124
2464 0.298554
2465 0.328434
2466 0.326958
2467 0.225673
2468 0.231359
2469 0.28212
2470 0.208273
2471 0.290869
2472 0.233873
2473 0.336944
2474 0.254851
2475 0.250497
2476 0.347013
2477 0.219123
2478 0.284564
2479 0.257861
2480 0.230948
2481 0.224337
2482 0.262103
2483 0.257185
2484 0.22679
2485 0.216617
2486 0.39476
2487 0.301426
2488 0.31168
2489 0.217148
2490 0.232188
2491 0.340297
2492 0.273564
2493 0.228167
2494 0.406649
2495 0.254463
2496 0.278114
2497 0.26596
2498 0.259235
2499 0.315032
2500 0.226274
2501 0.252625
2502 0.270823
2503 0.231645
2504 0.276349
2505 0.249906
2506 0.221367
2507 0.204624
2508 0.285693
2509 0.216097
2510 0.269851
2511 0.286774
2512 0.245056
2513 0.228883
2514 0.237664
2515 0.257707
2516 0.303694
2517 0.319244
2518 0.29901
2519 0.242803
2520 0.264403
2521 0.242202
2522 0.339506
2523 0.269942
2524 0.226729
2525 0.211587
2526 0.265554
2527 0.232048
2528 0.223975
2529 0.240061
2530 0.294265
2531 0.220202
2532 0.260169
2533 0.248223
2534 0.202267
2535 0.243605
2536 0.295787
2537 0.216065
2538 0.249379
2539 0.255412
2540 0.232062
2541 0.247013
2542 0.211313
2543 0.239736
2544 0.241441
2545 0.24141
2546 0.266529
2547 0.230494
2548 0.231536
2549 0.228937
2550 0.245339
2551 0.256879
2552 0.246973
2553 0.211097
2554 0.218438
2555 0.226373
2556 0.231602
2557 0.221472
2558 0.25835
2559 0.202977
2560 0.23513
2561 0.214829
2562 0.225366
2563 0.201314
2564 0.243076
2565 0.183695
2566 0.225877
2567 0.240166
2568 0.248528
2569 0.191426
2570 0.363454
2571 0.224493
2572 0.333061
2573 0.275151
2574 0.263829
2575 0.230427
2576 0.263494
2577 0.286157
2578 0.253504
2579 0.225374
2580 0.227256
2581 0.217696
2582 0.208507
2583 0.253089
2584 0.22257
2585 0.226115
2586 0.28385
2587 0.316318
2588 0.25645
2589 0.303572
2590 0.245142
2591 0.224362
2592 0.261537
2593 0.228075
2594 0.253458
2595 0.268074
2596 0.234754
2597 0.310972
2598 0.229958
2599 0.288706
2600 0.223582
2601 0.372932
2602 0.360499
2603 0.214863
2604 0.28017
2605 0.267275
2606 0.244472
2607 0.239787
2608 0.210378
2609 0.24509
2610 0.213088
2611 0.237014
2612 0.260636
2613 0.231325
2614 0.200653
2615 0.190309
2616 0.232699
2617 0.244295
2618 0.248343
2619 0.235529
2620 0.233739
2621 0.207326
2622 0.244473
2623 0.242093
2624 0.249556
2625 0.215524
2626 0.221027
2627 0.223344
2628 0.217948
2629 0.236812
2630 0.213597
2631 0.308005
2632 0.206417
2633 0.251969
2634 0.251763
2635 0.227163
2636 0.231012
2637 0.292757
2638 0.231439
2639 0.229002
2640 0.251184
2641 0.215118
2642 0.244421
2643 0.256589
2644 0.239709
2645 0.242295
2646 0.229096
2647 0.255328
2648 0.266164
2649 0.220574
2650 0.220357
2651 0.265466
2652 0.26701
2653 0.23363
2654 0.223075
2655 0.236547
2656 0.265904
2657 0.244186
2658 0.254676
2659 0.222097
2660 0.213831
2661 0.246815
2662 0.243619
2663 0.264744
2664 0.234858
2665 0.258484
2666 0.238564
2667 0.264476
2668 0.226635
2669 0.220174
2670 0.231586
2671 0.282608
2672 0.238008
2673 0.278584
2674 0.206988
2675 0.22405
2676 0.243844
2677 0.209307
2678 0.224518
2679 0.21891
2680 0.204599
2681 0.226258
2682 0.305527
2683 0.258194
2684 0.234907
2685 0.266726
2686 0.207692
2687 0.202345
2688 0.222574
2689 0.24787
2690 0.255424
2691 0.230261
2692 0.210688
2693 0.189317
2694 0.252307
2695 0.27669
2696 0.236367
2697 0.241936
2698 0.243046
2699 0.223795
2700 0.234649
2701 0.243295
2702 0.236829
2703 0.173423
2704 0.246229
2705 0.212225
2706 0.304933
2707 0.215133
2708 0.246996
2709 0.306811
2710 0.209924
2711 0.195963
2712 0.223477
2713 0.266292
2714 0.217224
2715 0.218773
2716 0.186239
2717 0.226214
2718 0.240352
2719 0.258555
2720 0.291768
2721 0.230154
2722 0.269216
2723 0.219107
2724 0.210644
2725 0.233883
2726 0.248346
2727 0.216804
2728 0.190581
2729 0.25941
2730 0.201843
2731 0.20963
2732 0.330542
2733 0.261606
2734 0.246998
2735 0.214893
2736 0.238378
2737 0.189767
2738 0.228182
2739 0.249302
2740 0.335103
2741 0.271359
2742 0.286405
2743 0.276236
2744 0.195746
2745 0.32023
2746 0.212005
2747 0.252983
2748 0.213637
2749 0.245387
2750 0.324716
2751 0.208006
2752 0.214453
2753 0.222444
2754 0.256177
2755 0.210505
2756 0.290356
2757 0.246639
2758 0.203464
2759 0.224589
2760 0.221611
2761 0.262933
2762 0.27668
2763 0.194573
2764 0.202865
2765 0.24164
2766 0.265013
2767 0.22497
2768 0.226986
2769 0.196911
2770 0.208585
2771 0.21516
2772 0.212336
2773 0.200495
2774 0.22605
2775 0.209328
2776 0.310082
2777 0.247666
2778 0.237155
2779 0.246572
2780 0.304964
2781 0.274081
2782 0.239091
2783 0.247422
2784 0.231884
2785 0.228864
2786 0.258653
2787 0.236756
2788 0.238576
2789 0.257645
2790 0.193077
2791 0.224069
2792 0.238559
2793 0.24217
2794 0.236406
2795 0.224424
2796 0.277041
2797 0.202124
2798 0.190304
2799 0.270374
2800 0.216626
2801 0.285828
2802 0.234709
2803 0.260965
2804 0.303282
2805 0.286992
2806 0.224953
2807 0.223173
2808 0.239923
2809 0.234723
2810 0.327956
2811 0.254536
2812 0.199661
2813 0.225607
2814 0.247843
2815 0.31459
2816 0.234494
2817 0.255691
2818 0.210146
2819 0.201184
2820 0.236686
2821 0.205309
2822 0.284304
2823 0.243016
2824 0.216526
2825 0.320569
2826 0.229857
2827 0.276344
2828 0.319656
2829 0.203657
2830 0.201969
2831 0.204699
2832 0.237312
2833 0.23835
2834 0.271545
2835 0.242795
2836 0.191826
2837 0.215794
2838 0.202681
2839 0.246721
2840 0.30689
2841 0.287781
2842 0.230401
2843 0.246665
2844 0.24695
2845 0.225865
2846 0.21306
2847 0.267412
2848 0.224717
2849 0.233809
2850 0.230049
2851 0.241647
2852 0.182716
2853 0.258213
2854 0.243895
2855 0.315382
2856 0.247552
2857 0.283107
2858 0.233163
2859 0.264517
2860 0.238889
2861 0.256485
2862 0.224016
2863 0.190766
2864 0.251097
2865 0.318411
2866 0.214161
2867 0.252389
2868 0.250585
2869 0.313341
2870 0.210966
2871 0.187752
2872 0.245968
2873 0.247299
2874 0.257327
2875 0.211814
2876 0.269319
2877 0.236654
2878 0.240972
2879 0.209757
2880 0.28234
2881 0.213218
2882 0.190442
2883 0.250657
2884 0.219368
2885 0.255344
2886 0.260407
2887 0.218687
2888 0.258825
2889 0.272866
2890 0.22002
2891 0.228459
2892 0.228727
2893 0.259716
2894 0.33757
2895 0.245175
2896 0.194046
2897 0.226112
2898 0.256791
2899 0.270346
2900 0.273789
2901 0.235349
2902 0.341165
2903 0.246945
2904 0.259498
2905 0.233333
2906 0.215815
2907 0.275697
2908 0.221514
2909 0.204479
2910 0.235765
2911 0.213602
2912 0.23105
2913 0.230763
2914 0.195419
2915 0.363137
2916 0.26709
2917 0.257207
2918 0.194917
2919 0.284961
2920 0.241147
2921 0.234473
2922 0.349535
2923 0.200164
2924 0.237294
2925 0.261303
2926 0.281667
2927 0.274633
2928 0.223015
2929 0.241196
2930 0.200143
2931 0.192808
2932 0.233694
2933 0.365729
2934 0.236141
2935 0.209772
2936 0.227436
2937 0.232448
2938 0.221685
2939 0.20859
2940 0.253721
2941 0.226613
2942 0.222573
2943 0.203749
2944 0.253914
2945 0.2421
2946 0.353129
2947 0.250314
2948 0.25521
2949 0.21201
2950 0.237331
2951 0.222601
2952 0.236232
2953 0.234501
2954 0.212934
2955 0.235252
2956 0.196759
2957 0.241457
2958 0.212095
2959 0.212349
2960 0.213897
2961 0.243846
2962 0.214476
2963 0.216391
2964 0.251564
2965 0.227013
2966 0.238656
2967 0.199489
2968 0.226971
2969 0.229173
2970 0.180833
2971 0.223833
2972 0.228298
2973 0.23577
2974 0.236524
2975 0.215087
2976 0.227853
2977 0.220702
2978 0.211622
2979 0.185055
2980 0.263785
2981 0.202008
2982 0.203454
2983 0.232325
2984 0.243638
2985 0.182522
2986 0.216063
2987 0.199446
2988 0.208342
2989 0.208992
2990 0.187219
2991 0.209716
2992 0.216618
2993 0.183586
2994 0.174209
2995 0.168504
2996 0.224841
2997 0.182932
2998 0.188955
2999 0.355649
3000 0.20869
3001 0.251337
3002 0.252711
3003 0.244528
3004 0.19021
3005 0.241119
3006 0.211973
3007 0.268062
3008 0.201119
3009 0.232757
3010 0.236184
3011 0.227552
3012 0.228252
3013 0.21197
3014 0.237841
3015 0.303811
3016 0.355624
3017 0.19747
3018 0.305152
3019 0.206979
3020 0.237902
3021 0.304248
3022 0.221001
3023 0.264466
3024 0.270748
3025 0.320809
3026 0.221184
3027 0.212355
3028 0.185313
3029 0.343427
3030 0.30122
3031 0.23512
3032 0.217867
3033 0.243317
3034 0.2174
3035 0.205284
3036 0.224118
3037 0.213711
3038 0.210549
3039 0.210026
3040 0.24427
3041 0.491367
3042 0.421602
3043 0.196973
3044 0.180762
3045 0.259445
3046 0.254221
3047 0.259118
3048 0.202449
3049 0.216859
3050 0.219516
3051 0.196661
3052 0.332471
3053 0.256064
3054 0.232257
3055 0.24479
3056 0.20406
3057 0.21636
3058 0.233137
3059 0.22658
3060 0.243717
3061 0.230528
3062 0.209834
3063 0.240147
3064 0.207614
3065 0.181349
3066 0.217552
3067 0.220649
3068 0.266279
3069 0.232898
3070 0.215439
3071 0.229657
3072 0.198325
3073 0.214134
3074 0.191415
3075 0.222055
3076 0.229079
3077 0.230516
3078 0.192745
3079 0.222267
3080 0.219991
3081 0.277641
3082 0.210607
3083 0.194815
3084 0.225338
3085 0.230404
3086 0.262652
3087 0.257729
3088 0.210348
3089 0.199191
3090 0.215347
3091 0.230701
3092 0.247197
3093 0.219519
3094 0.251169
3095 0.219073
3096 0.237252
3097 0.195405
3098 0.260303
3099 0.245928
3100 0.291683
3101 0.244846
3102 0.240928
3103 0.251478
3104 0.204948
3105 0.233872
3106 0.207668
3107 0.190155
3108 0.206177
3109 0.197022
3110 0.216944
3111 0.251592
3112 0.23735
3113 0.210566
3114 0.255489
3115 0.187822
3116 0.216582
3117 0.197892
3118 0.272722
3119 0.222864
3120 0.219978
3121 0.187371
3122 0.257707
3123 0.26659
3124 0.243189
3125 0.234309
3126 0.239714
3127 0.192576
3128 0.224444
3129 0.194056
3130 0.289023
3131 0.182648
3132 0.17676
3133 0.220681
3134 0.206313
3135 0.229422
3136 0.207964
3137 0.267498
3138 0.25334
3139 0.18808
3140 0.197016
3141 0.200144
3142 0.203274
3143 0.192084
3144 0.200306
3145 0.19998
3146 0.204131
3147 0.225018
3148 0.262256
3149 0.201364
3150 0.210896
3151 0.19263
3152 0.201429
3153 0.231985
3154 0.246819
3155 0.195494
3156 0.206071
3157 0.176125
3158 0.257345
3159 0.218049
3160 0.188309
3161 0.262606
3162 0.196524
3163 0.21118
3164 0.188122
3165 0.198606
3166 0.190292
3167 0.243646
3168 0.276599
3169 0.325232
3170 0.238147
3171 0.222931
3172 0.197484
3173 0.201954
3174 0.25444
3175 0.194287
3176 0.256092
3177 0.20838
3178 0.216899
3179 0.267455
3180 0.213611
3181 0.185452
3182 0.194013
3183 0.218841
3184 0.193962
3185 0.229149
3186 0.217182
3187 0.185516
3188 0.207826
3189 0.216846
3190 0.203554
3191 0.215851
3192 0.241082
3193 0.22747
3194 0.220544
3195 0.21903
3196 0.223187
3197 0.201906
3198 0.185037
3199 0.186046
3200 0.245576
3201 0.213461
3202 0.212999
3203 0.221351
3204 0.267674
3205 0.268948
3206 0.226455
3207 0.19334
3208 0.227199
3209 0.280849
3210 0.248814
3211 0.208386
3212 0.201045
3213 0.246557
3214 0.194583
3215 0.226957
3216 0.229543
3217 0.200173
3218 0.254912
3219 0.180247
3220 0.229303
3221 0.21874
3222 0.190658
3223 0.200527
3224 0.236491
3225 0.225333
3226 0.170141
3227 0.195955
3228 0.174182
3229 0.20213
3230 0.30344
3231 0.261813
3232 0.289822
3233 0.268295
3234 0.226942
3235 0.244397
3236 0.255571
3237 0.23367
3238 0.245689
3239 0.194038
3240 0.244664
3241 0.234456
3242 0.19923
3243 0.281544
3244 0.240839
3245 0.190628
3246 0.204433
3247 0.193813
3248 0.211954
3249 0.214721
3250 0.221776
3251 0.307987
3252 0.238944
3253 0.26202
3254 0.224628
3255 0.231627
3256 0.254238
3257 0.230538
3258 0.205742
3259 0.234092
3260 0.210798
3261 0.223529
3262 0.275995
3263 0.239647
3264 0.22039
3265 0.186084
3266 0.193567
3267 0.227514
3268 0.225445
3269 0.315267
3270 0.221057
3271 0.227622
3272 0.203163
3273 0.198021
3274 0.199061
3275 0.201479
3276 0.1959
3277 0.216751
3278 0.214405
3279 0.253894
3280 0.201549
3281 0.224271
3282 0.226207
3283 0.220136
3284 0.308469
3285 0.21969
3286 0.246516
3287 0.197551
3288 0.212562
3289 0.212385
3290 0.200574
3291 0.226319
3292 0.215749
3293 0.298065
3294 0.259914
3295 0.278536
3296 0.219591
3297 0.25985
3298 0.241895
3299 0.194583
3300 0.186208
3301 0.243725
3302 0.29425
3303 0.180918
3304 0.220295
3305 0.23063
3306 0.222135
3307 0.218764
3308 0.197634
3309 0.215308
3310 0.180027
3311 0.233838
3312 0.239535
3313 0.188903
3314 0.227216
3315 0.17624
3316 0.262999
3317 0.246765
3318 0.216096
3319 0.199973
3320 0.239919
3321 0.237648
3322 0.209505
3323 0.308292
3324 0.240624
3325 0.177886
3326 0.239456
3327 0.201565
3328 0.214238
3329 0.240395
3330 0.230394
3331 0.244388
3332 0.216456
3333 0.249219
3334 0.258577
3335 0.172941
3336 0.242061
3337 0.205212
3338 0.21333
3339 0.199098
3340 0.200208
3341 0.228516
3342 0.180713
3343 0.184451
3344 0.316508
3345 0.201612
3346 0.246943
3347 0.174925
3348 0.250042
3349 0.224023
3350 0.185285
3351 0.372648
3352 0.184767
3353 0.214277
3354 0.242266
3355 0.288635
3356 0.224549
3357 0.206776
3358 0.212794
3359 0.201602
3360 0.178723
3361 0.188292
3362 0.294151
3363 0.205324
3364 0.192452
3365 0.193261
3366 0.207774
3367 0.256547
3368 0.223427
3369 0.285287
3370 0.177739
3371 0.184593
3372 0.190556
3373 0.274686
3374 0.277201
3375 0.299727
3376 0.226955
3377 0.221143
3378 0.194009
3379 0.203603
3380 0.228954
3381 0.205899
3382 0.213388
3383 0.210092
3384 0.192652
3385 0.23022
3386 0.202707
3387 0.205411
3388 0.206922
3389 0.192425
3390 0.213797
3391 0.193326
3392 0.214238
3393 0.194693
3394 0.220685
3395 0.195535
3396 0.199355
3397 0.228091
3398 0.233586
3399 0.172466
3400 0.178677
3401 0.235297
3402 0.231258
3403 0.186926
3404 0.217492
3405 0.191433
3406 0.191801
3407 0.198323
3408 0.176871
3409 0.180022
3410 0.197734
3411 0.196889
3412 0.22316
3413 0.207903
3414 0.193224
3415 0.219556
3416 0.166959
3417 0.18298
3418 0.184565
3419 0.18852
3420 0.150953
3421 0.206092
3422 0.150674
3423 0.160258
3424 0.161445
3425 0.200748
3426 0.155256
3427 0.182555
3428 0.340387
3429 0.277147
3430 0.246061
3431 0.240069
3432 0.219602
3433 0.202768
3434 0.207694
3435 0.226475
3436 0.23107
3437 0.176103
3438 0.179439
3439 0.197329
3440 0.202755
3441 0.192481
3442 0.215136
3443 0.216147
3444 0.230513
3445 0.2293
3446 0.20387
3447 0.253302
3448 0.160003
3449 0.221321
3450 0.20859
3451 0.208031
3452 0.21279
3453 0.228045
3454 0.266646
3455 0.235616
3456 0.228866
3457 0.171204
3458 0.292311
3459 0.323471
3460 0.199494
3461 0.202679
3462 0.208538
3463 0.21943
3464 0.214266
3465 0.193739
3466 0.197752
3467 0.167685
3468 0.189934
3469 0.200287
3470 0.375901
3471 0.233732
3472 0.178293
3473 0.172754
3474 0.237211
3475 0.218515
3476 0.207474
3477 0.206128
3478 0.181267
3479 0.228332
3480 0.185211
3481 0.242038
3482 0.207344
3483 0.235814
3484 0.211482
3485 0.17733
3486 0.181122
3487 0.225944
3488 0.223785
3489 0.290922
3490 0.26397
3491 0.200024
3492 0.226243
3493 0.178826
3494 0.212962
3495 0.208521
3496 0.202406
3497 0.22314
3498 0.177181
3499 0.233195
3500 0.182312
3501 0.185913
3502 0.223558
3503 0.188503
3504 0.226183
3505 0.202002
3506 0.193982
3507 0.195721
3508 0.202067
3509 0.195548
3510 0.20561
3511 0.189861
3512 0.196327
3513 0.256215
3514 0.225919
3515 0.232929
3516 0.193991
3517 0.173606
3518 0.22197
3519 0.199054
3520 0.2459
3521 0.213432
3522 0.24756
3523 0.180823
3524 0.228507
3525 0.172616
3526 0.211706
3527 0.263912
3528 0.213718
3529 0.244553
3530 0.225315
3531 0.200034
3532 0.177389
3533 0.225304
3534 0.193245
3535 0.240023
3536 0.181136
3537 0.180675
3538 0.182676
3539 0.237456
3540 0.240915
3541 0.236216
3542 0.239391
3543 0.201141
3544 0.179504
3545 0.21956
3546 0.233467
3547 0.26798
3548 0.239979
3549 0.190132
3550 0.18571
3551 0.236096
3552 0.232388
3553 0.207929
3554 0.208908
3555 0.198081
3556 0.182559
3557 0.196459
3558 0.196448
3559 0.22979
3560 0.183597
3561 0.187793
3562 0.18274
3563 0.291992
3564 0.19676
3565 0.172092
3566 0.226786
3567 0.186941
3568 0.176897
3569 0.175156
3570 0.189768
3571 0.170423
3572 0.193878
3573 0.234187
3574 0.246083
3575 0.223824
3576 0.22868
3577 0.255525
3578 0.177517
3579 0.19192
3580 0.190679
3581 0.205951
3582 0.196431
3583 0.215962
3584 0.172481
3585 0.196719
3586 0.194685
3587 0.186492
3588 0.189354
3589 0.205051
3590 0.289135
3591 0.211383
3592 0.208872
3593 0.185939
3594 0.180061
3595 0.213286
3596 0.230491
3597 0.306374
3598 0.214333
3599 0.210334
3600 0.241426
3601 0.189263
3602 0.220436
3603 0.243533
3604 0.19963
3605 0.243812
3606 0.207809
3607 0.233654
3608 0.186962
3609 0.170015
3610 0.195032
3611 0.199031
3612 0.187161
3613 0.173908
3614 0.288341
3615 0.175903
3616 0.1968
3617 0.182555
3618 0.261888
3619 0.228011
3620 0.193282
3621 0.178615
3622 0.192741
3623 0.205431
3624 0.174389
3625 0.224184
3626 0.174834
3627 0.183141
3628 0.228139
3629 0.228716
3630 0.18095
3631 0.188645
3632 0.21622
3633 0.181263
3634 0.24058
3635 0.186944
3636 0.189413
3637 0.254475
3638 0.251612
3639 0.201217
3640 0.206998
3641 0.185171
3642 0.188341
3643 0.203241
3644 0.224888
3645 0.184088
3646 0.218492
3647 0.195138
3648 0.191603
3649 0.213453
3650 0.202424
3651 0.179195
3652 0.185435
3653 0.19159
3654 0.225448
3655 0.165509
3656 0.212379
3657 0.17126
3658 0.187788
3659 0.251385
3660 0.198348
3661 0.250595
3662 0.245952
3663 0.173191
3664 0.224776
3665 0.215066
3666 0.197324
3667 0.288165
3668 0.235684
3669 0.228224
3670 0.239641
3671 0.192403
3672 0.187047
3673 0.2263
3674 0.189279
3675 0.231146
3676 0.18058
3677 0.251977
3678 0.218613
3679 0.239735
3680 0.264425
3681 0.173881
3682 0.276463
3683 0.213969
3684 0.197469
3685 0.238892
3686 0.204899
3687 0.187895
3688 0.189096
3689 0.188773
3690 0.209128
3691 0.236243
3692 0.225154
3693 0.186667
3694 0.178653
3695 0.180442
3696 0.181028
3697 0.266514
3698 0.277459
3699 0.201291
3700 0.254826
3701 0.240588
3702 0.182198
3703 0.167256
3704 0.208352
3705 0.222934
3706 0.226543
3707 0.212151
3708 0.209699
3709 0.194387
3710 0.271114
3711 0.196047
3712 0.291079
3713 0.286849
3714 0.277907
3715 0.217381
3716 0.212776
3717 0.224442
3718 0.211819
3719 0.181452
3720 0.169959
3721 0.2098
3722 0.305418
3723 0.193371
3724 0.213109
3725 0.275398
3726 0.204616
3727 0.221273
3728 0.159264
3729 0.190908
3730 0.198186
3731 0.237772
3732 0.160599
3733 0.203832
3734 0.181562
3735 0.207143
3736 0.203775
3737 0.258148
3738 0.16056
3739 0.172757
3740 0.21847
3741 0.185226
3742 0.213071
3743 0.255604
3744 0.166975
3745 0.206441
3746 0.262732
3747 0.203809
3748 0.203429
3749 0.196015
3750 0.249596
3751 0.245798
3752 0.294747
3753 0.192219
3754 0.159505
3755 0.209407
3756 0.191728
3757 0.239211
3758 0.156935
3759 0.235594
3760 0.21252
3761 0.189485
3762 0.219431
3763 0.217775
3764 0.222284
3765 0.172414
3766 0.179558
3767 0.171137
3768 0.174968
3769 0.182807
3770 0.205416
3771 0.208119
3772 0.218403
3773 0.232932
3774 0.212423
3775 0.193457
3776 0.177686
3777 0.250226
3778 0.237662
3779 0.177439
3780 0.283116
3781 0.179193
3782 0.243974
3783 0.213308
3784 0.248534
3785 0.254083
3786 0.176175
3787 0.193276
3788 0.181384
3789 0.178753
3790 0.205772
3791 0.237194
3792 0.183365
3793 0.181835
3794 0.237669
3795 0.173548
3796 0.24995
3797 0.243451
3798 0.199799
3799 0.17013
3800 0.197921
3801 0.18127
3802 0.241237
3803 0.27301
3804 0.251654
3805 0.21113
3806 0.205543
3807 0.1821
3808 0.228892
3809 0.208203
3810 0.186811
3811 0.182754
3812 0.190974
3813 0.209607
3814 0.20697
3815 0.170225
3816 0.185427
3817 0.172898
3818 0.177627
3819 0.280329
3820 0.168711
3821 0.183523
3822 0.235231
3823 0.153605
3824 0.166343
3825 0.194259
3826 0.192507
3827 0.179446
3828 0.187406
3829 0.176269
3830 0.192773
3831 0.189257
3832 0.185728
3833 0.184861
3834 0.165516
3835 0.177141
3836 0.179166
3837 0.195499
3838 0.188404
3839 0.190784
3840 0.201861
3841 0.196721
3842 0.188334
3843 0.176155
3844 0.185455
3845 0.170421
3846 0.193098
3847 0.167927
3848 0.189963
3849 0.181252
3850 0.182969
3851 0.165905
3852 0.157455
3853 0.165135
3854 0.17078
3855 0.142593
3856 0.197587
3857 0.242708
3858 0.309664
3859 0.245299
3860 0.217418
3861 0.160118
3862 0.174593
3863 0.200712
3864 0.18384
3865 0.215122
3866 0.174966
3867 0.173486
3868 0.172431
3869 0.230654
3870 0.196552
3871 0.193637
3872 0.228256
3873 0.236898
3874 0.197729
3875 0.201963
3876 0.212391
3877 0.176156
3878 0.223274
3879 0.200245
3880 0.192621
3881 0.201441
3882 0.174779
3883 0.261673
3884 0.212585
3885 0.218914
3886 0.158046
3887 0.307322
3888 0.274976
3889 0.156903
3890 0.191813
3891 0.220159
3892 0.233177
3893 0.177173
3894 0.167574
3895 0.182826
3896 0.170811
3897 0.199146
3898 0.216163
3899 0.23046
3900 0.171559
3901 0.159693
3902 0.159029
3903 0.187316
3904 0.158599
3905 0.177261
3906 0.20197
3907 0.170397
3908 0.197043
3909 0.214667
3910 0.225954
3911 0.194371
3912 0.181659
3913 0.187453
3914 0.171776
3915 0.210264
3916 0.172384
3917 0.167245
3918 0.207584
3919 0.176635
3920 0.21992
3921 0.207938
3922 0.21171
3923 0.209139
3924 0.218576
3925 0.181164
3926 0.170887
3927 0.200334
3928 0.22538
3929 0.181169
3930 0.196478
3931 0.211484
3932 0.177809
3933 0.178828
3934 0.198821
3935 0.184861
3936 0.154779
3937 0.209849
3938 0.198586
3939 0.224891
3940 0.169657
3941 0.163919
3942 0.224155
3943 0.191442
3944 0.248692
3945 0.186094
3946 0.16961
3947 0.177637
3948 0.181957
3949 0.223204
3950 0.206286
3951 0.175567
3952 0.199042
3953 0.215166
3954 0.160149
3955 0.17402
3956 0.243978
3957 0.236719
3958 0.229297
3959 0.217084
3960 0.18119
3961 0.142187
3962 0.229169
3963 0.187191
3964 0.180944
3965 0.173452
3966 0.152024
3967 0.173854
3968 0.235443
3969 0.19311
3970 0.209113
3971 0.209324
3972 0.18283
3973 0.167697
3974 0.182836
3975 0.199347
3976 0.224518
3977 0.174281
3978 0.179794
3979 0.184174
3980 0.228531
3981 0.242055
3982 0.193613
3983 0.219868
3984 0.224055
3985 0.182497
3986 0.163826
3987 0.213428
3988 0.18055
3989 0.15983
3990 0.194167
3991 0.160146
3992 0.23521
3993 0.170419
3994 0.198086
3995 0.226158
3996 0.198187
3997 0.178612
3998 0.181679
3999 0.174293
4000 0.153322
4001 0.180285
4002 0.165126
4003 0.206041
4004 0.200633
4005 0.236669
4006 0.208103
4007 0.181702
4008 0.178223
4009 0.149429
4010 0.159097
4011 0.187134
4012 0.227741
4013 0.190085
4014 0.166846
4015 0.210354
4016 0.173272
4017 0.15154
4018 0.261648
4019 0.167654
4020 0.198135
4021 0.174003
4022 0.177831
4023 0.170128
4024 0.163872
4025 0.20284
4026 0.273686
4027 0.231471
4028 0.220551
4029 0.209354
4030 0.165961
4031 0.256914
4032 0.20663
4033 0.184771
4034 0.175651
4035 0.185069
4036 0.223985
4037 0.201523
4038 0.187782
4039 0.184086
4040 0.192099
4041 0.169989
4042 0.209356
4043 0.220974
4044 0.181589
4045 0.182081
4046 0.162807
4047 0.214359
4048 0.212073
4049 0.179199
4050 0.174574
4051 0.208148
4052 0.210301
4053 0.205047
4054 0.18963
4055 0.162472
4056 0.153822
4057 0.204364
4058 0.185963
4059 0.173854
4060 0.197306
4061 0.18428
4062 0.21589
4063 0.180488
4064 0.21866
4065 0.212693
4066 0.231562
4067 0.196838
4068 0.161947
4069 0.18281
4070 0.15984
4071 0.172802
4072 0.215068
4073 0.213047
4074 0.164494
4075 0.212129
4076 0.176934
4077 0.164386
4078 0.175144
4079 0.182198
4080 0.194179
4081 0.16506
4082 0.187517
4083 0.16103
4084 0.179663
4085 0.182507
4086 0.14173
4087 0.202044
4088 0.191033
4089 0.196914
4090 0.194408
4091 0.229486
4092 0.166904
4093 0.236715
4094 0.199056
4095 0.178962
4096 0.261113
4097 0.247746
4098 0.172247
4099 0.189316
4100 0.205422
4101 0.253246
4102 0.187558
4103 0.193822
4104 0.170519
4105 0.188633
4106 0.195997
4107 0.209721
4108 0.206059
4109 0.203565
4110 0.174601
4111 0.265471
4112 0.168902
4113 0.179571
4114 0.272535
4115 0.161986
4116 0.208282
4117 0.154187
4118 0.198163
4119 0.176508
4120 0.204641
4121 0.184123
4122 0.175031
4123 0.170585
4124 0.1711
4125 0.186354
4126 0.280859
4127 0.25853
4128 0.239072
4129 0.210181
4130 0.253164
4131 0.216696
4132 0.179293
4133 0.186845
4134 0.229446
4135 0.197719
4136 0.204883
4137 0.185775
4138 0.177198
4139 0.199344
4140 0.180785
4141 0.306633
4142 0.202205
4143 0.250547
4144 0.1803
4145 0.183544
4146 0.231859
4147 0.174032
4148 0.177731
4149 0.175187
4150 0.200009
4151 0.24933
4152 0.19639
4153 0.240209
4154 0.21072
4155 0.237381
4156 0.178571
4157 0.15515
4158 0.199175
4159 0.218243
4160 0.193812
4161 0.168141
4162 0.231204
4163 0.184962
4164 0.221523
4165 0.175748
4166 0.209259
4167 0.1566
4168 0.175434
4169 0.177846
4170 0.217165
4171 0.225107
4172 0.179589
4173 0.191525
4174 0.219901
4175 0.196371
4176 0.180228
4177 0.200643
4178 0.179089
4179 0.24751
4180 0.261347
4181 0.198219
4182 0.166316
4183 0.160397
4184 0.217146
4185 0.155999
4186 0.188592
4187 0.157357
4188 0.322357
4189 0.197905
4190 0.200774
4191 0.260596
4192 0.194593
4193 0.211804
4194 0.190264
4195 0.156755
4196 0.176453
4197 0.189409
4198 0.176019
4199 0.185209
4200 0.152862
4201 0.249514
4202 0.192719
4203 0.213594
4204 0.180791
4205 0.227214
4206 0.22778
4207 0.201597
4208 0.250041
4209 0.181708
4210 0.21454
4211 0.188721
4212 0.211508
4213 0.229668
4214 0.16207
4215 0.178791
4216 0.181413
4217 0.15939
4218 0.170612
4219 0.276251
4220 0.179394
4221 0.196712
4222 0.174901
4223 0.208382
4224 0.205338
4225 0.177258
4226 0.224961
4227 0.224631
4228 0.170643
4229 0.16903
4230 0.184784
4231 0.19098
4232 0.276803
4233 0.191472
4234 0.239825
4235 0.178203
4236 0.1678
4237 0.182355
4238 0.20364
4239 0.164036
4240 0.154235
4241 0.194315
4242 0.183334
4243 0.188511
4244 0.171572
4245 0.19764
4246 0.146921
4247 0.21316
4248 0.171354
4249 0.169944
4250 0.186525
4251 0.1977
4252 0.179887
4253 0.182518
4254 0.213528
4255 0.200934
4256 0.162519
4257 0.151531
4258 0.186559
4259 0.186056
4260 0.179531
4261 0.204512
4262 0.197463
4263 0.184239
4264 0.154875
4265 0.158766
4266 0.182653
4267 0.190905
4268 0.176327
4269 0.164279
4270 0.169871
4271 0.161017
4272 0.182134
4273 0.156422
4274 0.168159
4275 0.144251
4276 0.149067
4277 0.162828
4278 0.197823
4279 0.178044
4280 0.151716
4281 0.161573
4282 0.179353
4283 0.150064
4284 0.137399
4285 0.296082
4286 0.183254
4287 0.238236
4288 0.189118
4289 0.201123
4290 0.174264
4291 0.183867
4292 0.216615
4293 0.233966
4294 0.168332
4295 0.189183
4296 0.170178
4297 0.154715
4298 0.191932
4299 0.169948
4300 0.160282
4301 0.239208
4302 0.18612
4303 0.179077
4304 0.229758
4305 0.16982
4306 0.165508
4307 0.200805
4308 0.168099
4309 0.18124
4310 0.202052
4311 0.255128
4312 0.18311
4313 0.185944
4314 0.199085
4315 0.188982
4316 0.286947
4317 0.189174
4318 0.188039
4319 0.190676
4320 0.185775
4321 0.22584
4322 0.196003
4323 0.151137
4324 0.15793
4325 0.173585
4326 0.202754
4327 0.249744
4328 0.181311
4329 0.150896
4330 0.149329
4331 0.189054
4332 0.163135
4333 0.192107
4334 0.195536
4335 0.191672
4336 0.148256
4337 0.206753
4338 0.203177
4339 0.199231
4340 0.184355
4341 0.166583
4342 0.164501
4343 0.201418
4344 0.160057
4345 0.175175
4346 0.196099
4347 0.180838
4348 0.171127
4349 0.16888
4350 0.189246
4351 0.184751
4352 0.182447
4353 0.216111
4354 0.184736
4355 0.163822
4356 0.172894
4357 0.179995
4358 0.181083
4359 0.180816
4360 0.169701
4361 0.15573
4362 0.169252
4363 0.170932
4364 0.198976
4365 0.170659
4366 0.170091
4367 0.169084
4368 0.172902
4369 0.157826
4370 0.202258
4371 0.204172
4372 0.201033
4373 0.211638
4374 0.226537
4375 0.162719
4376 0.158774
4377 0.180827
4378 0.199879
4379 0.181093
4380 0.172429
4381 0.18983
4382 0.181783
4383 0.159416
4384 0.194601
4385 0.202503
4386 0.230406
4387 0.168275
4388 0.18197
4389 0.159132
4390 0.178568
4391 0.172251
4392 0.176152
4393 0.162378
4394 0.151335
4395 0.137703
4396 0.175106
4397 0.207943
4398 0.194759
4399 0.179597
4400 0.179606
4401 0.142309
4402 0.190989
4403 0.193324
4404 0.190688
4405 0.190285
4406 0.214971
4407 0.163215
4408 0.166816
4409 0.25031
4410 0.180723
4411 0.17474
4412 0.21068
4413 0.184701
4414 0.207095
4415 0.149172
4416 0.198073
4417 0.168278
4418 0.168451
4419 0.164693
4420 0.174062
4421 0.195325
4422 0.158048
4423 0.175218
4424 0.212844
4425 0.156322
4426 0.158155
4427 0.17405
4428 0.176397
4429 0.157415
4430 0.193565
4431 0.148687
4432 0.22029
4433 0.175833
4434 0.179391
4435 0.183534
4436 0.171723
4437 0.170631
4438 0.168307
4439 0.173815
4440 0.17506
4441 0.160823
4442 0.16617
4443 0.174563
4444 0.20571
4445 0.192871
4446 0.161116
4447 0.248389
4448 0.15677
4449 0.18127
4450 0.141339
4451 0.184757
4452 0.1689
4453 0.202399
4454 0.195619
4455 0.270088
4456 0.221851
4457 0.209792
4458 0.175666
4459 0.180939
4460 0.18726
4461 0.15866
4462 0.191144
4463 0.155644
4464 0.175018
4465 0.208311
4466 0.190241
4467 0.179324
4468 0.180787
4469 0.187006
4470 0.24004
4471 0.222461
4472 0.178709
4473 0.186114
4474 0.192782
4475 0.196112
4476 0.197042
4477 0.183833
4478 0.176211
4479 0.170081
4480 0.183447
4481 0.169126
4482 0.165577
4483 0.183128
4484 0.162492
4485 0.148933
4486 0.200949
4487 0.187992
4488 0.198841
4489 0.181975
4490 0.171354
4491 0.210314
4492 0.186575
4493 0.183999
4494 0.217539
4495 0.245452
4496 0.179341
4497 0.168995
4498 0.201066
4499 0.173557
4500 0.154122
4501 0.202185
4502 0.15324
4503 0.185392
4504 0.200622
4505 0.134662
4506 0.17499
4507 0.172378
4508 0.205755
4509 0.161735
4510 0.166974
4511 0.247017
4512 0.155013
4513 0.203638
4514 0.162144
4515 0.140756
4516 0.211647
4517 0.209675
4518 0.213549
4519 0.2128
4520 0.188022
4521 0.159634
4522 0.203822
4523 0.217296
4524 0.195898
4525 0.200354
4526 0.208621
4527 0.173344
4528 0.176996
4529 0.231231
4530 0.159672
4531 0.153797
4532 0.208442
4533 0.15852
4534 0.164864
4535 0.183528
4536 0.169142
4537 0.242522
4538 0.184182
4539 0.206685
4540 0.17798
4541 0.166948
4542 0.209764
4543 0.252156
4544 0.188245
4545 0.158793
4546 0.165293
4547 0.20939
4548 0.175074
4549 0.192515
4550 0.226318
4551 0.168109
4552 0.16207
4553 0.194165
4554 0.175575
4555 0.290672
4556 0.195808
4557 0.192453
4558 0.181232
4559 0.15977
4560 0.204579
4561 0.173853
4562 0.15945
4563 0.176247
4564 0.181519
4565 0.170256
4566 0.19099
4567 0.19043
4568 0.180122
4569 0.166927
4570 0.230902
4571 0.174553
4572 0.226697
4573 0.178803
4574 0.157559
4575 0.194929
4576 0.178064
4577 0.166193
4578 0.169912
4579 0.207434
4580 0.19418
4581 0.168868
4582 0.202095
4583 0.215708
4584 0.19822
4585 0.151209
4586 0.157175
4587 0.194422
4588 0.27789
4589 0.154127
4590 0.183884
4591 0.20139
4592 0.180092
4593 0.177788
4594 0.16108
4595 0.219569
4596 0.159057
4597 0.170365
4598 0.197003
4599 0.174972
4600 0.213119
4601 0.194477
4602 0.209358
4603 0.18641
4604 0.230929
4605 0.150814
4606 0.198532
4607 0.194068
4608 0.143026
4609 0.260523
4610 0.18358
4611 0.133924
4612 0.240571
4613 0.164246
4614 0.182009
4615 0.202287
4616 0.218429
4617 0.263407
4618 0.198038
4619 0.209809
4620 0.212242
4621 0.174892
4622 0.235513
4623 0.177699
4624 0.202232
4625 0.216022
4626 0.181557
4627 0.169441
4628 0.172902
4629 0.160162
4630 0.284402
4631 0.152123
4632 0.20425
4633 0.160153
4634 0.241276
4635 0.203457
4636 0.171828
4637 0.228378
4638 0.153263
4639 0.180056
4640 0.17165
4641 0.204229
4642 0.175053
4643 0.187137
4644 0.165637
4645 0.183378
4646 0.152594
4647 0.195459
4648 0.265224
4649 0.156592
4650 0.183973
4651 0.178004
4652 0.161102
4653 0.225328
4654 0.204351
4655 0.251233
4656 0.157343
4657 0.163765
4658 0.163924
4659 0.18785
4660 0.20637
4661 0.222453
4662 0.18695
4663 0.184916
4664 0.16692
4665 0.162198
4666 0.182761
4667 0.181419
4668 0.162636
4669 0.193938
4670 0.19165
4671 0.183379
4672 0.156596
4673 0.172617
4674 0.17865
4675 0.164794
4676 0.230553
4677 0.144322
4678 0.164981
4679 0.198743
4680 0.180264
4681 0.164131
4682 0.145622
4683 0.158314
4684 0.192551
4685 0.16295
4686 0.146108
4687 0.176998
4688 0.186462
4689 0.162629
4690 0.174608
4691 0.136624
4692 0.151403
4693 0.172386
4694 0.163125
4695 0.1869
4696 0.193623
4697 0.150615
4698 0.18185
4699 0.188201
4700 0.158498
4701 0.204671
4702 0.151159
4703 0.15573
4704 0.156837
4705 0.152453
4706 0.167933
4707 0.183438
4708 0.135023
4709 0.123621
4710 0.138792
4711 0.172347
4712 0.131411
4713 0.156826
4714 0.289078
4715 0.259305
4716 0.208903
4717 0.203403
4718 0.177183
4719 0.175191
4720 0.14346
4721 0.206572
4722 0.215429
4723 0.164062
4724 0.15876
4725 0.182653
4726 0.238685
4727 0.213014
4728 0.180609
4729 0.177518
4730 0.213697
4731 0.184288
4732 0.153885
4733 0.244821
4734 0.146862
4735 0.19856
4736 0.192804
4737 0.15665
4738 0.177604
4739 0.177965
4740 0.252686
4741 0.166438
4742 0.188837
4743 0.14566
4744 0.278088
4745 0.247338
4746 0.206644
4747 0.170253
4748 0.216304
4749 0.184386
4750 0.191956
4751 0.181563
4752 0.159835
4753 0.133442
4754 0.143972
4755 0.193257
4756 0.348044
4757 0.268258
4758 0.163241
4759 0.151568
4760 0.162696
4761 0.173229
4762 0.203878
4763 0.156014
4764 0.181927
4765 0.192606
4766 0.185078
4767 0.206613
4768 0.159047
4769 0.219035
4770 0.176788
4771 0.152362
4772 0.161743
4773 0.168946
4774 0.206536
4775 0.207433
4776 0.192698
4777 0.16624
4778 0.215992
4779 0.145503
4780 0.164457
4781 0.156129
4782 0.185565
4783 0.169864
4784 0.162983
4785 0.173186
4786 0.160546
4787 0.154171
4788 0.171095
4789 0.176065
4790 0.236676
4791 0.209907
4792 0.172153
4793 0.147563
4794 0.193928
4795 0.159201
4796 0.157546
4797 0.174104
4798 0.156889
4799 0.195299
4800 0.214678
4801 0.203585
4802 0.175171
4803 0.1758
4804 0.173683
4805 0.195069
4806 0.174845
4807 0.178564
4808 0.171992
4809 0.163627
4810 0.190402
4811 0.143964
4812 0.140444
4813 0.204991
4814 0.173954
4815 0.213857
4816 0.158495
4817 0.179377
4818 0.16259
4819 0.187723
4820 0.150311
4821 0.156849
4822 0.163046
4823 0.160081
4824 0.166578
4825 0.182122
4826 0.186608
4827 0.204921
4828 0.180348
4829 0.151974
4830 0.143188
4831 0.179664
4832 0.173344
4833 0.151054
4834 0.203574
4835 0.172297
4836 0.15496
4837 0.172793
4838 0.22832
4839 0.161172
4840 0.164356
4841 0.191089
4842 0.169371
4843 0.147264
4844 0.153074
4845 0.210142
4846 0.132864
4847 0.178254
4848 0.146883
4849 0.182164
4850 0.187426
4851 0.152803
4852 0.201997
4853 0.178236
4854 0.144089
4855 0.164387
4856 0.169299
4857 0.187487
4858 0.146075
4859 0.178426
4860 0.17462
4861 0.195278
4862 0.169789
4863 0.176294
4864 0.147182
4865 0.148311
4866 0.150023
4867 0.166859
4868 0.156793
4869 0.179158
4870 0.163809
4871 0.185485
4872 0.145769
4873 0.168909
4874 0.170454
4875 0.142023
4876 0.259514
4877 0.151144
4878 0.151411
4879 0.165065
4880 0.1656
4881 0.175886
4882 0.18938
4883 0.244066
4884 0.25432
4885 0.206367
4886 0.181615
4887 0.13433
4888 0.170385
4889 0.193344
4890 0.161151
4891 0.197453
4892 0.187173
4893 0.164137
4894 0.203861
4895 0.141113
4896 0.141679
4897 0.133625
4898 0.169087
4899 0.166635
4900 0.215851
4901 0.193244
4902 0.161483
4903 0.139536
4904 0.158885
4905 0.203731
4906 0.152677
4907 0.145426
4908 0.167294
4909 0.174015
4910 0.178589
4911 0.210264
4912 0.151649
4913 0.14521
4914 0.14973
4915 0.148939
4916 0.21462
4917 0.196663
4918 0.178588
4919 0.203976
4920 0.167456
4921 0.177665
4922 0.16985
4923 0.20242
4924 0.225864
4925 0.212141
4926 0.167104
4927 0.139247
4928 0.175545
4929 0.212615
4930 0.179495
4931 0.146402
4932 0.166658
4933 0.199928
4934 0.197833
4935 0.156437
4936 0.155455
4937 0.187993
4938 0.156487
4939 0.165043
4940 0.17422
4941 0.132488
4942 0.178951
4943 0.149395
4944 0.15305
4945 0.192902
4946 0.197163
4947 0.236228
4948 0.200915
4949 0.150837
4950 0.163363
4951 0.21682
4952 0.172762
4953 0.237439
4954 0.202388
4955 0.169637
4956 0.171122
4957 0.18845
4958 0.209298
4959 0.170267
4960 0.158774
4961 0.196605
4962 0.146111
4963 0.17919
4964 0.168836
4965 0.199105
4966 0.188384
4967 0.139172
4968 0.206843
4969 0.189016
4970 0.147179
4971 0.223762
4972 0.209431
4973 0.168104
4974 0.146689
4975 0.152787
4976 0.190306
4977 0.201865
4978 0.175454
4979 0.1561
4980 0.151622
4981 0.172859
4982 0.165661
4983 0.204422
4984 0.208355
4985 0.149295
4986 0.17521
4987 0.193851
4988 0.16645
4989 0.163198
4990 0.145055
4991 0.21021
4992 0.180032
4993 0.180312
4994 0.157727
4995 0.172506
4996 0.180461
4997 0.181844
4998 0.213735
4999 0.221454
5000 0.184752
