0 4.3556
1 12.6633
2 8.83988
3 5.2815
4 4.65172
5 3.28076
6 2.90097
7 2.37595
8 1.94553
9 2.03155
10 2.62087
11 3.35082
12 2.55516
13 2.31786
14 2.16562
15 1.83973
16 1.8583
17 1.99975
18 1.73054
19 1.73231
20 1.60394
21 1.54241
22 1.80506
23 1.66694
24 2.07023
25 2.19026
26 2.36111
27 2.079
28 2.04029
29 1.77039
30 1.72781
31 1.36005
32 1.49553
33 1.58458
34 1.5597
35 1.47315
36 1.38952
37 1.46202
38 1.41053
39 1.41105
40 1.36205
41 1.39883
42 1.22205
43 1.14329
44 1.46106
45 1.29554
46 1.32099
47 1.30964
48 1.34815
49 1.26457
50 1.34546
51 1.62885
52 1.44827
53 1.27923
54 1.50031
55 2.1099
56 1.7943
57 1.61064
58 1.49233
59 1.55774
60 1.35698
61 1.38648
62 1.48987
63 1.53037
64 1.25145
65 1.3588
66 1.28806
67 1.32709
68 1.38784
69 1.25475
70 1.3785
71 1.30997
72 1.54531
73 1.44986
74 1.58751
75 1.41754
76 1.69816
77 1.24668
78 1.22678
79 1.33576
80 1.26324
81 1.24924
82 1.25558
83 1.28016
84 1.43763
85 1.3279
86 1.31388
87 1.19496
88 1.28866
89 1.21603
90 1.25653
91 1.30308
92 1.26243
93 1.26748
94 1.38541
95 1.3658
96 1.19396
97 1.2104
98 1.25085
99 1.39008
100 1.25766
101 1.13819
102 1.12215
103 1.151
104 1.26421
105 1.1666
106 1.20945
107 1.26661
108 1.21239
109 1.19824
110 1.18838
111 1.25274
112 1.21947
113 1.29514
114 1.09754
115 1.17082
116 1.16146
117 1.33241
118 1.55793
119 1.30423
120 1.12878
121 1.24278
122 1.36287
123 1.24772
124 1.29318
125 1.17759
126 1.17318
127 1.2124
128 1.16898
129 1.18158
130 1.12208
131 1.0294
132 1.18971
133 1.17997
134 1.2739
135 1.03054
136 1.35357
137 1.41323
138 1.35963
139 1.26338
140 1.05541
141 1.20431
142 1.11609
143 1.09896
144 1.15153
145 1.19399
146 1.18145
147 1.22312
148 1.31294
149 1.09191
150 1.16581
151 1.09983
152 1.18993
153 1.24752
154 1.35509
155 1.25328
156 1.15698
157 1.10775
158 1.0832
159 1.15317
160 1.18203
161 1.10402
162 1.19566
163 1.09779
164 1.06478
165 1.10515
166 1.05746
167 1.27214
168 1.25706
169 1.41849
170 1.77711
171 1.34203
172 1.47091
173 1.55294
174 1.30251
175 1.15068
176 1.11925
177 1.09207
178 1.13121
179 1.06383
180 1.14315
181 1.05029
182 1.18652
183 1.08613
184 1.22795
185 1.09252
186 1.134
187 1.10249
188 1.18865
189 1.15501
190 1.13586
191 1.07603
192 1.03666
193 1.19119
194 1.23169
195 1.15777
196 1.20092
197 1.0507
198 1.07161
199 1.08906
200 1.34193
201 1.11765
202 1.12657
203 1.11322
204 1.16974
205 1.24005
206 1.27698
207 1.06747
208 1.35423
209 1.05771
210 1.08879
211 1.13824
212 1.09855
213 1.16993
214 1.24642
215 1.01219
216 1.11333
217 1.17864
218 1.01139
219 1.041
220 1.02234
221 1.13614
222 1.06259
223 0.974442
224 1.23601
225 0.97556
226 1.14024
227 0.985169
228 0.994736
229 1.03058
230 1.14075
231 1.10391
232 1.1465
233 1.21162
234 1.00355
235 1.06381
236 1.08089
237 1.0129
238 1.10314
239 1.0656
240 1.02751
241 1.0914
242 1.12344
243 1.08334
244 0.934215
245 1.13581
246 1.00312
247 0.951303
248 1.0973
249 0.989159
250 1.15133
251 1.02309
252 1.25962
253 1.09551
254 1.14255
255 1.25194
256 1.14211
257 1.04778
258 1.03629
259 1.01988
260 1.03284
261 1.01315
262 1.07894
263 1.08284
264 0.942253
265 1.02316
266 0.981355
267 1.09653
268 1.31052
269 1.06866
270 1.0777
271 1.00086
272 1.073
273 1.04508
274 0.991679
275 0.990032
276 1.00838
277 1.0131
278 1.06296
279 1.05745
280 0.985301
281 1.07952
282 0.968503
283 1.14367
284 1.14908
285 1.09197
286 0.97632
287 1.05474
288 1.05824
289 1.07623
290 1.00514
291 1.09804
292 1.20582
293 1.03453
294 1.06269
295 1.14321
296 1.18236
297 1.00526
298 0.990196
299 0.903779
300 0.942105
301 1.00325
302 0.990698
303 0.986175
304 1.06543
305 1.05759
306 1.03316
307 1.02474
308 1.08694
309 0.927586
310 0.983337
311 1.11468
312 1.08147
313 1.16631
314 0.969834
315 1.03771
316 1.05541
317 1.02821
318 1.07335
319 1.15232
320 1.10373
321 1.0614
322 1.19746
323 1.2145
324 1.00128
325 1.17706
326 0.989936
327 0.997346
328 1.01001
329 0.987805
330 1.11735
331 1.09548
332 1.07478
333 1.04773
334 0.935519
335 1.17347
336 1.02105
337 0.917149
338 1.11564
339 0.993692
340 0.992993
341 1.00639
342 0.929192
343 1.34513
344 1.0284
345 1.0155
346 0.899523
347 1.30472
348 1.11393
349 1.02537
350 1.1779
351 0.961091
352 0.997731
353 1.06873
354 1.24725
355 1.05092
356 1.02828
357 1.08128
358 1.07595
359 0.915614
360 0.959443
361 1.07309
362 0.94533
363 1.058
364 0.921192
365 0.973153
366 0.925115
367 1.04131
368 1.10054
369 1.01915
370 0.972148
371 0.918432
372 1.05393
373 1.01916
374 1.24711
375 0.962785
376 1.01583
377 0.86498
378 0.93332
379 1.07869
380 1.00022
381 0.968087
382 1.02748
383 0.978656
384 0.960998
385 0.972392
386 1.00446
387 0.990023
388 0.936489
389 1.09298
390 0.974902
391 0.946387
392 0.977642
393 0.961479
394 0.928801
395 0.900545
396 0.9625
397 1.01152
398 0.940942
399 0.891232
400 1.07572
401 0.981315
402 0.996281
403 0.991842
404 0.958063
405 0.975319
406 0.95981
407 0.872139
408 1.0387
409 0.958199
410 0.956249
411 1.06721
412 0.940963
413 0.897714
414 0.925501
415 0.858356
416 0.845934
417 0.952315
418 0.857827
419 0.885463
420 0.994335
421 0.836888
422 0.816072
423 0.840198
424 1.07887
425 0.85757
426 0.861541
427 1.19497
428 0.840664
429 1.01594
430 0.924274
431 1.0168
432 0.931757
433 0.985384
434 0.958645
435 0.987355
436 0.851062
437 0.907906
438 0.909084
439 0.885767
440 0.975646
441 0.951892
442 0.907438
443 1.05371
444 0.986695
445 0.933642
446 1.02959
447 1.00008
448 0.974569
449 0.948739
450 0.99366
451 0.92401
452 0.936198
453 1.06163
454 0.944568
455 0.998707
456 0.857929
457 1.16823
458 1.06416
459 1.0682
460 0.986395
461 0.94662
462 0.956622
463 0.916668
464 0.962035
465 0.87609
466 0.885355
467 0.85539
468 0.937951
469 1.08854
470 0.976143
471 0.861423
472 0.824719
473 0.919003
474 0.928615
475 1.01871
476 0.863613
477 0.883299
478 0.832088
479 0.925329
480 0.981968
481 0.946525
482 0.930599
483 0.896535
484 0.831321
485 0.970497
486 0.918397
487 1.01967
488 1.36687
489 1.20239
490 1.00446
491 1.04141
492 0.927028
493 0.91065
494 0.911396
495 0.877058
496 0.984119
497 0.897279
498 0.941805
499 0.893917
500 0.926757
501 0.990818
502 0.887948
503 0.937051
504 1.02953
505 1.00569
506 0.848955
507 0.893178
508 0.921737
509 0.878102
510 0.916616
511 0.834956
512 1.03993
513 0.975625
514 1.01278
515 0.891251
516 0.905286
517 0.848337
518 0.875952
519 0.902255
520 0.947146
521 0.932663
522 0.883889
523 0.914382
524 0.879882
525 0.886603
526 0.951028
527 0.936671
528 1.01624
529 0.848401
530 0.892058
531 0.856877
532 0.92451
533 0.891869
534 0.914778
535 0.868846
536 0.81637
537 0.844594
538 0.994016
539 0.947488
540 0.921642
541 0.884153
542 0.885042
543 0.874778
544 0.896318
545 0.900042
546 0.935603
547 0.960155
548 0.855252
549 0.803937
550 0.916099
551 1.02196
552 0.92483
553 0.956458
554 0.897165
555 0.835055
556 0.875834
557 0.843604
558 0.884667
559 0.825344
560 0.856849
561 0.926095
562 0.918221
563 0.917557
564 0.858927
565 1.00211
566 0.984249
567 0.935154
568 0.842144
569 0.830864
570 0.969376
571 0.79254
572 0.87081
573 0.844589
574 0.918177
575 0.884298
576 0.982566
577 0.822305
578 0.829759
579 0.886805
580 0.790827
581 0.918594
582 0.923601
583 1.00373
584 0.891186
585 0.85161
586 0.898926
587 0.888151
588 0.825452
589 0.914649
590 0.912307
591 0.931408
592 0.825224
593 0.829282
594 0.822417
595 0.907337
596 0.913106
597 0.995769
598 0.967658
599 1.00644
600 0.804056
601 0.953013
602 0.998134
603 0.853514
604 0.918374
605 0.833988
606 0.895836
607 0.846236
608 0.834836
609 0.877822
610 0.794948
611 0.946936
612 0.838073
613 0.954435
614 0.799041
615 0.822567
616 0.842401
617 0.905763
618 0.862245
619 0.859516
620 0.816288
621 0.839256
622 0.872333
623 0.882688
624 0.904439
625 0.856872
626 0.819799
627 0.817839
628 0.804365
629 0.822057
630 0.840977
631 0.8328
632 0.846468
633 0.87993
634 0.917996
635 0.783773
636 0.873857
637 0.963701
638 0.903897
639 1.01125
640 0.823961
641 0.871324
642 0.987867
643 0.826733
644 0.831272
645 0.873937
646 0.850635
647 0.788627
648 0.801579
649 0.83415
650 0.857397
651 0.81475
652 0.844416
653 0.861415
654 0.77485
655 0.8697
656 0.767091
657 0.757389
658 0.917153
659 0.93354
660 0.923307
661 0.962032
662 0.884928
663 0.824795
664 0.87327
665 0.802401
666 0.906437
667 0.815604
668 0.853128
669 0.823076
670 0.81442
671 0.957834
672 0.850175
673 0.754013
674 0.880163
675 0.79459
676 0.802229
677 0.821618
678 0.852173
679 0.935149
680 0.820533
681 0.961798
682 0.939311
683 0.858863
684 0.889913
685 0.904627
686 0.821528
687 0.768774
688 0.811609
689 0.824079
690 0.819116
691 0.881871
692 0.841925
693 0.792422
694 0.761352
695 0.862812
696 0.888585
697 0.924588
698 0.830442
699 0.845694
700 0.861315
701 0.86868
702 0.796917
703 0.790646
704 0.813698
705 0.802055
706 0.884104
707 0.836435
708 0.84557
709 0.804399
710 0.837641
711 0.80165
712 0.937125
713 0.906859
714 0.862838
715 0.81488
716 0.818293
717 0.912975
718 0.807984
719 0.763701
720 0.849914
721 1.01037
722 0.811595
723 0.844658
724 0.852096
725 0.924903
726 0.794744
727 0.74525
728 0.741921
729 0.830313
730 0.839992
731 0.745941
732 0.858071
733 0.792855
734 0.824226
735 0.846991
736 0.912361
737 0.796895
738 0.786197
739 0.771608
740 0.876242
741 0.754897
742 0.943775
743 0.789694
744 0.834417
745 0.873246
746 0.820218
747 0.892641
748 0.866368
749 0.900035
750 0.90898
751 0.985369
752 0.846203
753 0.715881
754 0.902201
755 0.811562
756 0.777103
757 0.790795
758 0.882315
759 0.877726
760 0.820181
761 0.82298
762 0.956533
763 0.831389
764 0.86371
765 0.843761
766 0.787886
767 0.796013
768 0.835091
769 0.839915
770 0.755615
771 0.817724
772 1.04297
773 0.783489
774 0.786919
775 0.788098
776 1.00653
777 0.95119
778 0.797124
779 1.07488
780 0.892153
781 0.78003
782 0.995873
783 0.99551
784 0.991881
785 0.829779
786 0.783
787 0.753406
788 0.758685
789 0.743953
790 0.896073
791 0.775987
792 0.83241
793 0.789621
794 0.777139
795 0.813694
796 0.837537
797 0.832322
798 0.782702
799 0.74383
800 0.732063
801 0.84925
802 0.87602
803 0.975349
804 0.746962
805 0.777904
806 0.783143
807 0.801674
808 0.826146
809 0.779235
810 0.806545
811 0.819581
812 0.807416
813 0.768788
814 0.774272
815 0.814177
816 0.756164
817 0.738368
818 0.875578
819 0.784143
820 0.782173
821 0.817747
822 0.743094
823 0.791125
824 0.717627
825 0.853042
826 0.811406
827 0.79507
828 0.804218
829 0.757894
830 0.821324
831 0.753064
832 0.796825
833 0.729141
834 0.744527
835 0.759816
836 0.732936
837 0.814145
838 0.746503
839 0.738709
840 0.86196
841 0.725923
842 0.722073
843 0.76605
844 0.692074
845 0.721596
846 0.757633
847 0.778638
848 0.680737
849 0.826367
850 0.690611
851 0.66985
852 0.728115
853 0.903322
854 0.974926
855 0.807949
856 0.996451
857 0.837855
858 0.828764
859 0.759012
860 0.722598
861 0.733998
862 0.795843
863 0.822655
864 0.770307
865 0.720228
866 0.737308
867 0.744
868 0.770159
869 0.723629
870 0.739604
871 0.725482
872 0.810428
873 0.777411
874 0.757534
875 0.812247
876 0.752269
877 0.814181
878 0.76488
879 0.784018
880 0.738311
881 0.772173
882 0.900501
883 0.753161
884 0.837622
885 0.731908
886 0.923047
887 0.871687
888 0.71852
889 0.745315
890 0.761523
891 0.765765
892 0.744249
893 0.763226
894 0.754437
895 0.704515
896 0.728476
897 0.756925
898 0.944249
899 0.858858
900 0.719485
901 0.689603
902 0.788429
903 0.729448
904 0.799101
905 0.763247
906 0.71326
907 0.7215
908 0.805276
909 0.786026
910 0.744117
911 0.722776
912 0.728799
913 0.705087
914 0.74908
915 0.75393
916 0.809661
917 0.825373
918 0.770975
919 0.768763
920 0.82652
921 0.736408
922 0.739935
923 0.806043
924 0.707144
925 0.794927
926 0.735284
927 0.820162
928 0.744234
929 0.775702
930 0.81702
931 0.717976
932 0.742991
933 0.800543
934 0.725401
935 0.665718
936 0.843644
937 0.779907
938 0.718953
939 0.703026
940 0.734609
941 0.774934
942 0.79607
943 0.76652
944 0.747803
945 0.715223
946 0.703755
947 0.730395
948 0.78848
949 0.716616
950 0.772258
951 0.712458
952 0.747978
953 0.661668
954 0.793084
955 0.894363
956 0.769642
957 0.805734
958 0.743415
959 0.686052
960 0.699559
961 0.742056
962 0.760342
963 0.751632
964 0.710523
965 0.68394
966 0.704302
967 0.81615
968 0.732637
969 0.779263
970 0.758604
971 0.701808
972 0.691891
973 0.723346
974 0.733728
975 0.735843
976 0.730229
977 0.707319
978 0.67871
979 0.768656
980 0.82897
981 0.779833
982 0.725878
983 0.73883
984 0.691988
985 0.706499
986 0.736489
987 0.765113
988 0.652487
989 0.709103
990 0.750016
991 0.859592
992 0.75612
993 0.696511
994 0.842222
995 0.718314
996 0.736583
997 0.713834
998 0.765098
999 0.690721
1000 0.666712
1001 0.739228
1002 0.747317
1003 0.725157
1004 0.704889
1005 0.776025
1006 0.676165
1007 0.754169
1008 0.658904
1009 0.680651
1010 0.766966
1011 0.699311
1012 0.737417
1013 0.703043
1014 0.743912
1015 0.689461
1016 0.682749
1017 0.738265
1018 0.789432
1019 0.771523
1020 0.701238
1021 0.716413
1022 0.673967
1023 0.653373
1024 0.812293
1025 0.824915
1026 0.788027
1027 0.760268
1028 0.768429
1029 0.657164
1030 0.797637
1031 0.722767
1032 0.695756
1033 0.717882
1034 0.703428
1035 0.789164
1036 0.661924
1037 0.67641
1038 0.675005
1039 0.696195
1040 0.694017
1041 0.706151
1042 0.82177
1043 0.716781
1044 0.717228
1045 0.747868
1046 0.74199
1047 0.746421
1048 0.694457
1049 0.661863
1050 0.715351
1051 0.738319
1052 0.730006
1053 0.786126
1054 0.675005
1055 0.65137
1056 0.726676
1057 0.688183
1058 0.679224
1059 0.669102
1060 0.693201
1061 0.738215
1062 0.722778
1063 0.715286
1064 0.659871
1065 0.748967
1066 0.755871
1067 0.756655
1068 0.742877
1069 0.69982
1070 0.680916
1071 0.761263
1072 0.70229
1073 0.688413
1074 0.728697
1075 0.680449
1076 0.668631
1077 0.641733
1078 0.714383
1079 0.72283
1080 0.701814
1081 0.699914
1082 0.706702
1083 0.65349
1084 0.712558
1085 0.646843
1086 0.652204
1087 0.801172
1088 0.681481
1089 0.721134
1090 0.721133
1091 0.689519
1092 0.748206
1093 0.671841
1094 0.688973
1095 0.738025
1096 0.694327
1097 0.64869
1098 0.715711
1099 0.686163
1100 0.740107
1101 0.686227
1102 0.683744
1103 0.68978
1104 0.631558
1105 0.705635
1106 0.658625
1107 0.728819
1108 0.827705
1109 0.660425
1110 0.84524
1111 0.778016
1112 0.665743
1113 0.820723
1114 0.669102
1115 0.653937
1116 0.650447
1117 0.692193
1118 0.708201
1119 0.728365
1120 0.709072
1121 0.671
1122 0.657808
1123 0.666825
1124 0.737349
1125 0.8331
1126 0.786767
1127 0.699757
1128 0.718804
1129 0.729484
1130 0.702732
1131 0.673265
1132 0.657369
1133 0.708146
1134 0.627562
1135 0.709822
1136 0.715505
1137 0.645999
1138 0.766297
1139 0.679138
1140 0.756921
1141 0.747502
1142 0.765793
1143 0.680673
1144 0.696229
1145 0.689535
1146 0.707219
1147 0.669456
1148 0.655645
1149 0.768451
1150 0.781309
1151 0.656187
1152 0.689589
1153 0.691935
1154 0.72706
1155 0.676986
1156 0.639256
1157 0.655179
1158 0.700157
1159 0.711386
1160 0.63187
1161 0.754572
1162 0.671098
1163 0.674615
1164 0.682235
1165 0.766374
1166 0.64995
1167 0.673964
1168 0.665813
1169 0.720139
1170 0.77384
1171 0.736063
1172 0.673914
1173 0.680537
1174 0.740387
1175 0.676238
1176 0.782704
1177 0.674953
1178 0.692729
1179 0.754048
1180 0.779959
1181 0.636214
1182 0.594234
1183 0.669528
1184 0.624106
1185 0.683111
1186 0.616057
1187 0.751836
1188 0.667799
1189 0.645375
1190 0.827951
1191 0.670198
1192 0.724954
1193 0.6538
1194 0.642652
1195 0.633151
1196 0.710408
1197 0.682275
1198 0.647551
1199 0.632929
1200 0.835717
1201 0.785618
1202 0.681633
1203 0.612455
1204 0.679536
1205 0.78072
1206 0.730987
1207 0.631004
1208 0.81643
1209 0.653015
1210 0.739669
1211 0.740137
1212 0.721814
1213 0.706154
1214 0.654513
1215 0.643571
1216 0.644766
1217 0.637712
1218 0.698157
1219 0.732814
1220 0.672739
1221 0.653467
1222 0.665804
1223 0.608994
1224 0.691119
1225 0.729032
1226 0.652224
1227 0.631931
1228 0.618001
1229 0.676073
1230 0.718095
1231 0.730975
1232 0.752848
1233 0.719668
1234 0.671016
1235 0.601438
1236 0.73806
1237 0.696441
1238 0.679573
1239 0.634212
1240 0.695197
1241 0.647246
1242 0.638221
1243 0.648984
1244 0.656014
1245 0.617867
1246 0.697454
1247 0.680586
1248 0.631037
1249 0.635814
1250 0.710761
1251 0.679848
1252 0.597197
1253 0.691422
1254 0.623793
1255 0.656847
1256 0.624716
1257 0.6829
1258 0.645085
1259 0.706023
1260 0.659921
1261 0.609467
1262 0.651023
1263 0.624662
1264 0.601505
1265 0.68281
1266 0.668818
1267 0.662317
1268 0.661984
1269 0.629968
1270 0.581333
1271 0.652312
1272 0.609221
1273 0.58363
1274 0.613194
1275 0.59439
1276 0.616835
1277 0.661773
1278 0.615555
1279 0.585533
1280 0.59047
1281 0.634191
1282 0.617338
1283 0.584589
1284 0.823774
1285 0.602407
1286 0.725687
1287 0.637867
1288 0.652068
1289 0.6042
1290 0.633205
1291 0.704385
1292 0.641364
1293 0.635922
1294 0.621815
1295 0.62834
1296 0.588596
1297 0.667209
1298 0.605425
1299 0.609035
1300 0.71562
1301 0.720884
1302 0.647269
1303 0.662756
1304 0.652121
1305 0.630223
1306 0.676674
1307 0.605553
1308 0.723429
1309 0.656592
1310 0.608044
1311 0.753702
1312 0.66173
1313 0.63354
1314 0.640187
1315 0.795812
1316 0.768835
1317 0.648417
1318 0.639221
1319 0.650192
1320 0.657902
1321 0.637843
1322 0.602984
1323 0.606486
1324 0.600604
1325 0.620946
1326 0.662443
1327 0.641508
1328 0.594362
1329 0.5757
1330 0.622852
1331 0.623624
1332 0.667656
1333 0.668549
1334 0.617739
1335 0.598713
1336 0.612537
1337 0.744399
1338 0.658292
1339 0.626278
1340 0.636952
1341 0.616795
1342 0.605926
1343 0.592501
1344 0.624123
1345 0.714686
1346 0.654674
1347 0.635077
1348 0.653867
1349 0.643766
1350 0.617332
1351 0.628261
1352 0.600303
1353 0.639098
1354 0.674788
1355 0.612567
1356 0.634279
1357 0.584716
1358 0.631685
1359 0.642345
1360 0.659995
1361 0.633878
1362 0.733283
1363 0.627133
1364 0.604263
1365 0.663741
1366 0.660079
1367 0.620179
1368 0.613805
1369 0.632707
1370 0.673688
1371 0.653595
1372 0.62001
1373 0.605897
1374 0.593721
1375 0.623991
1376 0.614163
1377 0.69424
1378 0.640342
1379 0.608983
1380 0.624387
1381 0.631544
1382 0.615662
1383 0.628247
1384 0.70501
1385 0.681666
1386 0.612632
1387 0.642698
1388 0.598252
1389 0.588293
1390 0.639447
1391 0.598184
1392 0.602801
1393 0.608155
1394 0.575837
1395 0.601224
1396 0.67655
1397 0.618848
1398 0.631172
1399 0.610512
1400 0.591468
1401 0.584051
1402 0.616924
1403 0.620998
1404 0.646555
1405 0.66075
1406 0.596396
1407 0.613223
1408 0.700067
1409 0.644316
1410 0.622781
1411 0.607864
1412 0.617095
1413 0.576577
1414 0.570894
1415 0.65181
1416 0.580285
1417 0.552065
1418 0.621957
1419 0.616458
1420 0.652707
1421 0.567952
1422 0.591119
1423 0.645108
1424 0.603744
1425 0.606292
1426 0.587614
1427 0.615175
1428 0.606858
1429 0.609661
1430 0.582055
1431 0.630679
1432 0.631775
1433 0.637689
1434 0.64757
1435 0.577172
1436 0.637101
1437 0.572013
1438 0.609952
1439 0.630156
1440 0.631659
1441 0.598853
1442 0.565619
1443 0.668626
1444 0.590532
1445 0.557698
1446 0.649713
1447 0.629667
1448 0.660411
1449 0.574758
1450 0.577458
1451 0.574449
1452 0.574188
1453 0.654698
1454 0.759357
1455 0.713986
1456 0.621082
1457 0.646589
1458 0.56789
1459 0.724954
1460 0.552179
1461 0.631692
1462 0.582091
1463 0.595296
1464 0.692108
1465 0.574573
1466 0.635042
1467 0.564458
1468 0.659273
1469 0.57461
1470 0.650009
1471 0.617711
1472 0.582633
1473 0.589356
1474 0.631144
1475 0.613641
1476 0.605315
1477 0.554472
1478 0.588201
1479 0.642773
1480 0.598552
1481 0.619943
1482 0.623283
1483 0.551018
1484 0.562152
1485 0.586087
1486 0.597947
1487 0.582514
1488 0.638877
1489 0.572563
1490 0.610582
1491 0.674935
1492 0.617438
1493 0.592633
1494 0.685761
1495 0.622357
1496 0.585545
1497 0.623348
1498 0.599524
1499 0.627729
1500 0.632867
1501 0.568537
1502 0.569118
1503 0.617581
1504 0.543596
1505 0.618128
1506 0.551819
1507 0.579634
1508 0.600329
1509 0.571541
1510 0.649275
1511 0.569718
1512 0.563807
1513 0.601763
1514 0.557427
1515 0.607496
1516 0.644601
1517 0.623536
1518 0.619503
1519 0.629021
1520 0.600742
1521 0.584234
1522 0.578636
1523 0.579452
1524 0.633775
1525 0.602247
1526 0.571416
1527 0.586103
1528 0.596043
1529 0.651731
1530 0.547105
1531 0.609898
1532 0.547834
1533 0.558738
1534 0.625664
1535 0.596776
1536 0.623502
1537 0.575346
1538 0.647018
1539 0.633267
1540 0.585072
1541 0.589338
1542 0.641446
1543 0.557755
1544 0.56407
1545 0.578093
1546 0.611916
1547 0.62981
1548 0.591363
1549 0.621808
1550 0.530608
1551 0.595113
1552 0.546027
1553 0.607593
1554 0.713726
1555 0.604324
1556 0.594614
1557 0.607133
1558 0.567897
1559 0.626633
1560 0.592386
1561 0.584052
1562 0.609824
1563 0.546228
1564 0.552064
1565 0.591844
1566 0.566108
1567 0.665533
1568 0.588622
1569 0.675089
1570 0.585172
1571 0.633665
1572 0.579234
1573 0.589665
1574 0.584598
1575 0.616802
1576 0.543682
1577 0.616764
1578 0.648971
1579 0.637189
1580 0.570155
1581 0.622653
1582 0.62404
1583 0.628327
1584 0.621823
1585 0.513252
1586 0.571663
1587 0.612021
1588 0.655708
1589 0.602232
1590 0.57723
1591 0.612294
1592 0.548151
1593 0.579217
1594 0.622672
1595 0.561237
1596 0.571098
1597 0.599157
1598 0.540481
1599 0.62561
1600 0.619573
1601 0.590675
1602 0.5943
1603 0.602394
1604 0.604168
1605 0.614069
1606 0.614796
1607 0.59055
1608 0.674384
1609 0.586297
1610 0.546503
1611 0.531876
1612 0.54054
1613 0.535068
1614 0.576701
1615 0.593334
1616 0.634209
1617 0.579565
1618 0.593828
1619 0.591899
1620 0.566416
1621 0.609676
1622 0.600884
1623 0.533059
1624 0.545833
1625 0.551724
1626 0.585527
1627 0.560268
1628 0.53022
1629 0.698964
1630 0.642901
1631 0.581316
1632 0.537646
1633 0.57483
1634 0.619188
1635 0.582703
1636 0.707786
1637 0.553675
1638 0.563122
1639 0.58632
1640 0.673258
1641 0.620179
1642 0.565488
1643 0.544061
1644 0.567201
1645 0.53886
1646 0.54971
1647 0.636632
1648 0.568952
1649 0.542266
1650 0.560724
1651 0.552134
1652 0.569997
1653 0.578815
1654 0.664682
1655 0.567345
1656 0.537565
1657 0.529488
1658 0.5783
1659 0.59289
1660 0.704211
1661 0.556278
1662 0.569431
1663 0.511941
1664 0.582766
1665 0.592111
1666 0.569842
1667 0.576217
1668 0.56735
1669 0.542123
1670 0.569856
1671 0.535764
1672 0.591677
1673 0.530024
1674 0.525519
1675 0.58834
1676 0.539881
1677 0.539069
1678 0.559932
1679 0.579009
1680 0.625566
1681 0.527196
1682 0.561172
1683 0.593563
1684 0.538268
1685 0.537051
1686 0.572714
1687 0.535579
1688 0.568215
1689 0.586103
1690 0.529989
1691 0.532621
1692 0.605072
1693 0.51752
1694 0.567491
1695 0.537638
1696 0.528396
1697 0.591589
1698 0.539388
1699 0.526194
1700 0.575782
1701 0.529152
1702 0.522456
1703 0.519434
1704 0.513025
1705 0.517943
1706 0.573982
1707 0.505193
1708 0.505651
1709 0.501712
1710 0.542491
1711 0.519386
1712 0.492831
1713 0.719964
1714 0.506489
1715 0.611244
1716 0.565289
1717 0.523559
1718 0.537401
1719 0.542435
1720 0.554412
1721 0.559791
1722 0.531577
1723 0.540134
1724 0.529858
1725 0.554695
1726 0.551043
1727 0.541132
1728 0.53097
1729 0.62241
1730 0.592883
1731 0.566843
1732 0.609422
1733 0.562922
1734 0.540422
1735 0.578985
1736 0.534024
1737 0.575054
1738 0.554042
1739 0.642704
1740 0.570169
1741 0.586472
1742 0.486077
1743 0.651894
1744 0.596587
1745 0.562905
1746 0.53895
1747 0.552141
1748 0.558299
1749 0.58499
1750 0.505442
1751 0.509589
1752 0.562933
1753 0.514622
1754 0.542499
1755 0.750537
1756 0.604019
1757 0.547818
1758 0.516029
1759 0.567822
1760 0.547962
1761 0.619966
1762 0.488407
1763 0.54553
1764 0.516816
1765 0.514188
1766 0.608013
1767 0.591595
1768 0.563681
1769 0.536655
1770 0.511581
1771 0.541154
1772 0.517466
1773 0.63825
1774 0.572891
1775 0.562637
1776 0.56052
1777 0.557265
1778 0.555017
1779 0.520362
1780 0.531014
1781 0.568497
1782 0.54541
1783 0.529307
1784 0.556748
1785 0.533704
1786 0.52372
1787 0.579792
1788 0.518906
1789 0.53126
1790 0.558028
1791 0.57283
1792 0.515183
1793 0.565441
1794 0.514092
1795 0.56438
1796 0.511074
1797 0.502401
1798 0.542128
1799 0.539368
1800 0.579085
1801 0.510906
1802 0.528431
1803 0.510249
1804 0.504957
1805 0.550256
1806 0.508365
1807 0.522994
1808 0.559794
1809 0.536877
1810 0.521421
1811 0.558028
1812 0.588758
1813 0.570168
1814 0.622558
1815 0.527473
1816 0.550454
1817 0.510896
1818 0.511911
1819 0.516642
1820 0.532359
1821 0.50258
1822 0.499353
1823 0.490813
1824 0.536856
1825 0.552679
1826 0.557793
1827 0.545628
1828 0.538426
1829 0.488742
1830 0.507376
1831 0.546802
1832 0.592439
1833 0.615002
1834 0.532781
1835 0.502594
1836 0.484706
1837 0.624548
1838 0.556104
1839 0.512502
1840 0.527157
1841 0.503762
1842 0.508469
1843 0.522001
1844 0.579133
1845 0.479908
1846 0.514921
1847 0.496886
1848 0.520788
1849 0.578486
1850 0.510226
1851 0.549047
1852 0.547941
1853 0.495407
1854 0.479714
1855 0.50894
1856 0.521367
1857 0.481593
1858 0.523202
1859 0.521145
1860 0.534153
1861 0.510206
1862 0.587697
1863 0.50075
1864 0.547326
1865 0.495809
1866 0.507254
1867 0.531918
1868 0.519469
1869 0.520158
1870 0.517771
1871 0.506172
1872 0.564626
1873 0.482395
1874 0.516287
1875 0.554068
1876 0.517903
1877 0.571134
1878 0.508041
1879 0.516613
1880 0.496216
1881 0.533452
1882 0.576002
1883 0.613351
1884 0.614795
1885 0.781707
1886 0.780128
1887 0.557354
1888 0.602873
1889 0.497077
1890 0.516099
1891 0.52704
1892 0.528436
1893 0.594218
1894 0.475117
1895 0.508945
1896 0.498758
1897 0.55331
1898 0.481964
1899 0.603583
1900 0.478739
1901 0.522329
1902 0.533589
1903 0.550879
1904 0.55916
1905 0.522594
1906 0.480457
1907 0.502393
1908 0.508067
1909 0.529017
1910 0.526238
1911 0.52027
1912 0.477344
1913 0.501243
1914 0.517892
1915 0.519868
1916 0.49051
1917 0.506199
1918 0.496506
1919 0.565908
1920 0.545794
1921 0.492942
1922 0.558135
1923 0.605011
1924 0.512101
1925 0.516209
1926 0.485094
1927 0.571536
1928 0.549254
1929 0.531629
1930 0.539699
1931 0.50427
1932 0.538621
1933 0.482617
1934 0.480248
1935 0.478196
1936 0.541255
1937 0.522731
1938 0.53718
1939 0.530926
1940 0.473851
1941 0.550504
1942 0.500961
1943 0.479475
1944 0.56692
1945 0.541573
1946 0.567571
1947 0.552574
1948 0.516625
1949 0.517074
1950 0.556715
1951 0.475426
1952 0.630482
1953 0.501305
1954 0.476292
1955 0.497684
1956 0.504503
1957 0.567074
1958 0.527374
1959 0.461119
1960 0.487568
1961 0.469528
1962 0.513822
1963 0.495915
1964 0.501749
1965 0.531841
1966 0.531671
1967 0.540154
1968 0.51131
1969 0.510408
1970 0.505652
1971 0.553128
1972 0.488288
1973 0.455753
1974 0.464787
1975 0.533357
1976 0.518493
1977 0.557972
1978 0.511084
1979 0.482216
1980 0.493367
1981 0.558889
1982 0.551271
1983 0.645296
1984 0.483316
1985 0.536531
1986 0.539066
1987 0.516372
1988 0.502125
1989 0.49447
1990 0.484773
1991 0.535107
1992 0.491042
1993 0.516618
1994 0.494121
1995 0.498041
1996 0.508465
1997 0.504217
1998 0.537748
1999 0.504606
2000 0.555401
2001 0.480674
2002 0.498966
2003 0.520204
2004 0.4623
2005 0.491864
2006 0.512612
2007 0.560305
2008 0.493376
2009 0.509645
2010 0.54948
2011 0.545923
2012 0.505599
2013 0.478441
2014 0.465894
2015 0.517671
2016 0.592333
2017 0.471221
2018 0.496606
2019 0.519611
2020 0.478793
2021 0.511638
2022 0.536018
2023 0.539855
2024 0.478004
2025 0.459753
2026 0.510683
2027 0.471924
2028 0.573753
2029 0.486539
2030 0.518146
2031 0.57309
2032 0.58343
2033 0.501664
2034 0.504131
2035 0.529127
2036 0.518499
2037 0.563386
2038 0.519942
2039 0.464126
2040 0.501058
2041 0.519387
2042 0.529024
2043 0.533637
2044 0.524924
2045 0.530208
2046 0.499279
2047 0.526775
2048 0.588841
2049 0.479427
2050 0.529283
2051 0.48603
2052 0.460324
2053 0.48053
2054 0.49739
2055 0.496734
2056 0.490866
2057 0.506961
2058 0.59393
2059 0.510006
2060 0.492968
2061 0.457961
2062 0.552143
2063 0.520573
2064 0.460252
2065 0.611728
2066 0.451098
2067 0.519014
2068 0.521055
2069 0.56319
2070 0.475851
2071 0.490852
2072 0.526861
2073 0.50297
2074 0.486867
2075 0.44804
2076 0.596535
2077 0.476212
2078 0.532639
2079 0.484299
2080 0.499993
2081 0.492149
2082 0.519016
2083 0.54671
2084 0.48877
2085 0.503265
2086 0.451943
2087 0.487472
2088 0.601986
2089 0.637183
2090 0.50975
2091 0.495746
2092 0.494552
2093 0.472575
2094 0.523213
2095 0.456516
2096 0.494098
2097 0.473956
2098 0.466422
2099 0.506107
2100 0.44456
2101 0.506676
2102 0.48736
2103 0.46835
2104 0.555065
2105 0.45539
2106 0.480389
2107 0.499847
2108 0.498583
2109 0.487219
2110 0.453716
2111 0.518414
2112 0.550241
2113 0.501817
2114 0.510468
2115 0.450738
2116 0.501802
2117 0.463677
2118 0.499331
2119 0.453071
2120 0.437561
2121 0.514356
2122 0.463958
2123 0.505885
2124 0.513296
2125 0.454884
2126 0.491248
2127 0.467422
2128 0.455112
2129 0.492083
2130 0.437978
2131 0.438583
2132 0.483409
2133 0.450981
2134 0.434335
2135 0.476787
2136 0.455405
2137 0.44119
2138 0.44871
2139 0.486086
2140 0.441631
2141 0.522307
2142 0.604208
2143 0.580931
2144 0.554129
2145 0.469718
2146 0.488266
2147 0.465059
2148 0.507188
2149 0.504022
2150 0.482893
2151 0.445428
2152 0.465958
2153 0.439353
2154 0.486085
2155 0.448552
2156 0.468489
2157 0.529291
2158 0.500974
2159 0.521429
2160 0.495037
2161 0.507047
2162 0.438271
2163 0.516829
2164 0.466041
2165 0.478293
2166 0.456892
2167 0.478604
2168 0.546548
2169 0.4899
2170 0.545079
2171 0.460227
2172 0.633907
2173 0.576666
2174 0.477673
2175 0.478539
2176 0.520622
2177 0.485999
2178 0.466602
2179 0.451099
2180 0.455706
2181 0.445871
2182 0.442496
2183 0.473014
2184 0.602714
2185 0.463597
2186 0.441361
2187 0.427834
2188 0.472533
2189 0.463461
2190 0.516772
2191 0.486716
2192 0.426539
2193 0.432661
2194 0.503074
2195 0.506909
2196 0.447891
2197 0.477538
2198 0.463016
2199 0.447544
2200 0.475677
2201 0.427857
2202 0.539013
2203 0.482254
2204 0.484989
2205 0.472485
2206 0.488004
2207 0.483321
2208 0.437224
2209 0.469359
2210 0.432354
2211 0.527528
2212 0.456842
2213 0.489514
2214 0.445612
2215 0.483845
2216 0.471007
2217 0.444102
2218 0.446714
2219 0.519776
2220 0.466886
2221 0.450246
2222 0.489908
2223 0.474815
2224 0.451973
2225 0.446899
2226 0.442663
2227 0.50656
2228 0.49601
2229 0.476092
2230 0.457751
2231 0.479831
2232 0.459037
2233 0.425541
2234 0.476237
2235 0.468052
2236 0.452517
2237 0.458086
2238 0.483862
2239 0.441701
2240 0.48207
2241 0.5869
2242 0.463127
2243 0.495693
2244 0.460227
2245 0.467883
2246 0.43336
2247 0.474652
2248 0.447681
2249 0.427332
2250 0.428807
2251 0.449462
2252 0.429221
2253 0.521713
2254 0.458073
2255 0.516682
2256 0.506529
2257 0.450146
2258 0.457757
2259 0.481049
2260 0.488295
2261 0.454767
2262 0.490095
2263 0.453102
2264 0.428368
2265 0.471937
2266 0.491293
2267 0.446103
2268 0.513739
2269 0.473705
2270 0.450608
2271 0.466819
2272 0.45036
2273 0.489395
2274 0.436047
2275 0.461486
2276 0.466872
2277 0.534876
2278 0.489708
2279 0.416805
2280 0.522813
2281 0.483837
2282 0.46054
2283 0.448646
2284 0.470184
2285 0.454894
2286 0.433233
2287 0.445647
2288 0.475356
2289 0.446702
2290 0.452801
2291 0.495681
2292 0.431822
2293 0.423802
2294 0.431619
2295 0.460352
2296 0.460816
2297 0.474662
2298 0.441598
2299 0.448209
2300 0.472703
2301 0.476785
2302 0.42409
2303 0.449527
2304 0.539699
2305 0.481154
2306 0.418798
2307 0.429455
2308 0.428155
2309 0.428099
2310 0.472742
2311 0.561025
2312 0.478727
2313 0.460679
2314 0.506995
2315 0.445566
2316 0.519326
2317 0.484033
2318 0.469334
2319 0.476321
2320 0.441807
2321 0.520947
2322 0.44571
2323 0.437585
2324 0.457891
2325 0.460021
2326 0.446965
2327 0.424395
2328 0.504035
2329 0.412924
2330 0.451277
2331 0.446679
2332 0.471215
2333 0.511978
2334 0.404067
2335 0.41858
2336 0.475391
2337 0.446378
2338 0.457707
2339 0.514494
2340 0.433501
2341 0.443106
2342 0.413641
2343 0.464311
2344 0.455454
2345 0.448297
2346 0.466093
2347 0.445832
2348 0.468703
2349 0.467952
2350 0.439621
2351 0.4593
2352 0.476701
2353 0.489193
2354 0.498816
2355 0.482342
2356 0.442142
2357 0.485704
2358 0.492564
2359 0.430465
2360 0.473453
2361 0.478751
2362 0.414562
2363 0.454083
2364 0.461201
2365 0.464223
2366 0.445365
2367 0.459548
2368 0.476672
2369 0.418049
2370 0.483238
2371 0.437558
2372 0.41249
2373 0.530453
2374 0.425799
2375 0.52288
2376 0.505351
2377 0.44237
2378 0.485358
2379 0.470543
2380 0.434724
2381 0.499729
2382 0.448588
2383 0.428138
2384 0.440434
2385 0.44726
2386 0.519967
2387 0.442082
2388 0.423448
2389 0.474239
2390 0.398891
2391 0.420577
2392 0.45561
2393 0.483865
2394 0.493707
2395 0.430932
2396 0.457624
2397 0.440111
2398 0.447509
2399 0.536978
2400 0.405579
2401 0.446688
2402 0.416496
2403 0.44034
2404 0.439499
2405 0.4801
2406 0.427972
2407 0.425491
2408 0.431104
2409 0.432553
2410 0.488286
2411 0.482847
2412 0.536451
2413 0.419577
2414 0.442633
2415 0.511946
2416 0.449296
2417 0.428496
2418 0.484183
2419 0.45914
2420 0.425245
2421 0.429306
2422 0.438715
2423 0.426679
2424 0.475554
2425 0.413209
2426 0.497016
2427 0.446037
2428 0.453903
2429 0.418861
2430 0.441493
2431 0.46515
2432 0.431083
2433 0.437945
2434 0.42502
2435 0.496474
2436 0.51482
2437 0.423839
2438 0.448315
2439 0.443501
2440 0.43642
2441 0.450397
2442 0.41748
2443 0.448317
2444 0.458714
2445 0.449357
2446 0.393938
2447 0.436871
2448 0.45999
2449 0.413895
2450 0.448152
2451 0.517541
2452 0.412333
2453 0.411242
2454 0.409258
2455 0.45336
2456 0.453876
2457 0.517029
2458 0.428397
2459 0.45395
2460 0.493424
2461 0.45418
2462 0.493011
2463 0.440273
2464 0.501124
2465 0.500083
2466 0.498717
2467 0.424347
2468 0.420751
2469 0.421587
2470 0.431744
2471 0.460991
2472 0.39412
2473 0.482881
2474 0.430263
2475 0.435824
2476 0.536596
2477 0.430496
2478 0.467241
2479 0.42386
2480 0.411234
2481 0.42555
2482 0.43299
2483 0.431343
2484 0.419735
2485 0.40451
2486 0.475421
2487 0.529917
2488 0.43457
2489 0.414468
2490 0.439857
2491 0.492361
2492 0.443505
2493 0.409133
2494 0.508698
2495 0.419451
2496 0.471771
2497 0.440094
2498 0.456604
2499 0.434153
2500 0.440346
2501 0.39752
2502 0.431711
2503 0.403116
2504 0.506027
2505 0.459611
2506 0.436373
2507 0.436086
2508 0.42248
2509 0.393792
2510 0.440249
2511 0.514529
2512 0.455001
2513 0.412434
2514 0.39167
2515 0.416286
2516 0.452166
2517 0.472331
2518 0.505953
2519 0.403159
2520 0.432025
2521 0.410252
2522 0.44328
2523 0.430034
2524 0.412136
2525 0.428039
2526 0.464253
2527 0.432831
2528 0.436899
2529 0.450916
2530 0.432045
2531 0.379587
2532 0.471508
2533 0.433582
2534 0.412366
2535 0.424217
2536 0.467576
2537 0.42837
2538 0.420087
2539 0.44358
2540 0.458233
2541 0.397732
2542 0.403902
2543 0.422449
2544 0.435287
2545 0.454066
2546 0.407335
2547 0.414724
2548 0.403182
2549 0.389084
2550 0.424547
2551 0.426305
2552 0.43668
2553 0.450577
2554 0.455051
2555 0.444632
2556 0.395991
2557 0.446647
2558 0.425428
2559 0.397071
2560 0.372385
2561 0.386
2562 0.423416
2563 0.400845
2564 0.408329
2565 0.401532
2566 0.379621
2567 0.421731
2568 0.416673
2569 0.377642
2570 0.524329
2571 0.429829
2572 0.500069
2573 0.467662
2574 0.403471
2575 0.412702
2576 0.413973
2577 0.439699
2578 0.450361
2579 0.414647
2580 0.404439
2581 0.427189
2582 0.43423
2583 0.434253
2584 0.413015
2585 0.415229
2586 0.449266
2587 0.460611
2588 0.424192
2589 0.431218
2590 0.451469
2591 0.398987
2592 0.429412
2593 0.405248
2594 0.444664
2595 0.439234
2596 0.393593
2597 0.49533
2598 0.38497
2599 0.40429
2600 0.380911
2601 0.501831
2602 0.482057
2603 0.447642
2604 0.434371
2605 0.425728
2606 0.428239
2607 0.39974
2608 0.409568
2609 0.403826
2610 0.382996
2611 0.460597
2612 0.430432
2613 0.426416
2614 0.381254
2615 0.40497
2616 0.408751
2617 0.442298
2618 0.445281
2619 0.41558
2620 0.404497
2621 0.380004
2622 0.415287
2623 0.465591
2624 0.405006
2625 0.421446
2626 0.422446
2627 0.378161
2628 0.405164
2629 0.409706
2630 0.396598
2631 0.476708
2632 0.422158
2633 0.430748
2634 0.431125
2635 0.446083
2636 0.398417
2637 0.428361
2638 0.39684
2639 0.392486
2640 0.414513
2641 0.42637
2642 0.415337
2643 0.416104
2644 0.404623
2645 0.41645
2646 0.392548
2647 0.431508
2648 0.461682
2649 0.39834
2650 0.39193
2651 0.433568
2652 0.428126
2653 0.402219
2654 0.377955
2655 0.408561
2656 0.427047
2657 0.43162
2658 0.437893
2659 0.394385
2660 0.380785
2661 0.393509
2662 0.391798
2663 0.423093
2664 0.388192
2665 0.442025
2666 0.390867
2667 0.389046
2668 0.390511
2669 0.438068
2670 0.494945
2671 0.485887
2672 0.435114
2673 0.4226
2674 0.393287
2675 0.371721
2676 0.417573
2677 0.414672
2678 0.391731
2679 0.400078
2680 0.373763
2681 0.401831
2682 0.423186
2683 0.378026
2684 0.447462
2685 0.425268
2686 0.398921
2687 0.40939
2688 0.396795
2689 0.405669
2690 0.440368
2691 0.390536
2692 0.407173
2693 0.400691
2694 0.437094
2695 0.48514
2696 0.431696
2697 0.416744
2698 0.381013
2699 0.388446
2700 0.422746
2701 0.424401
2702 0.387621
2703 0.356253
2704 0.411946
2705 0.388305
2706 0.434908
2707 0.404721
2708 0.402009
2709 0.456856
2710 0.448358
2711 0.387543
2712 0.373613
2713 0.403933
2714 0.379954
2715 0.405265
2716 0.400334
2717 0.38479
2718 0.418026
2719 0.430205
2720 0.414599
2721 0.396495
2722 0.408992
2723 0.37376
2724 0.381805
2725 0.427841
2726 0.381364
2727 0.389481
2728 0.376304
2729 0.458738
2730 0.386946
2731 0.360343
2732 0.469114
2733 0.40117
2734 0.443137
2735 0.391195
2736 0.369096
2737 0.374768
2738 0.395585
2739 0.440062
2740 0.527533
2741 0.428171
2742 0.413091
2743 0.45838
2744 0.387546
2745 0.490054
2746 0.384598
2747 0.380397
2748 0.410221
2749 0.401575
2750 0.452393
2751 0.388088
2752 0.389708
2753 0.389604
2754 0.403966
2755 0.367897
2756 0.412993
2757 0.415085
2758 0.410569
2759 0.397702
2760 0.405503
2761 0.42173
2762 0.405052
2763 0.374966
2764 0.417175
2765 0.395916
2766 0.398849
2767 0.394386
2768 0.399071
2769 0.375744
2770 0.38151
2771 0.381545
2772 0.411473
2773 0.36872
2774 0.386237
2775 0.355531
2776 0.434085
2777 0.424218
2778 0.399998
2779 0.410232
2780 0.442328
2781 0.417792
2782 0.405679
2783 0.415645
2784 0.376431
2785 0.417405
2786 0.401098
2787 0.414424
2788 0.39424
2789 0.388303
2790 0.36672
2791 0.38649
2792 0.379639
2793 0.403079
2794 0.432568
2795 0.377249
2796 0.409945
2797 0.364077
2798 0.368241
2799 0.386159
2800 0.390968
2801 0.394145
2802 0.415842
2803 0.418369
2804 0.403617
2805 0.415037
2806 0.38871
2807 0.405024
2808 0.39452
2809 0.396992
2810 0.44523
2811 0.386323
2812 0.369986
2813 0.384741
2814 0.417121
2815 0.432776
2816 0.372226
2817 0.386861
2818 0.381712
2819 0.375181
2820 0.37984
2821 0.376943
2822 0.439935
2823 0.41272
2824 0.417759
2825 0.452332
2826 0.392716
2827 0.405996
2828 0.469355
2829 0.358242
2830 0.389158
2831 0.369784
2832 0.409691
2833 0.422256
2834 0.454292
2835 0.426408
2836 0.373857
2837 0.388343
2838 0.385198
2839 0.444708
2840 0.457903
2841 0.438079
2842 0.422205
2843 0.391946
2844 0.40134
2845 0.414899
2846 0.393792
2847 0.380747
2848 0.397756
2849 0.369376
2850 0.358037
2851 0.414242
2852 0.360588
2853 0.387942
2854 0.371399
2855 0.487975
2856 0.394894
2857 0.434089
2858 0.411986
2859 0.387121
2860 0.382307
2861 0.411331
2862 0.372468
2863 0.386976
2864 0.443742
2865 0.461789
2866 0.409104
2867 0.394928
2868 0.414738
2869 0.399455
2870 0.380025
2871 0.35465
2872 0.369701
2873 0.394419
2874 0.41148
2875 0.353614
2876 0.405528
2877 0.393075
2878 0.377232
2879 0.380519
2880 0.446325
2881 0.3832
2882 0.363049
2883 0.392761
2884 0.362981
2885 0.394227
2886 0.418712
2887 0.390526
2888 0.410637
2889 0.401435
2890 0.409087
2891 0.387728
2892 0.373808
2893 0.417457
2894 0.425619
2895 0.400408
2896 0.364462
2897 0.379919
2898 0.385311
2899 0.366181
2900 0.408098
2901 0.379602
2902 0.440929
2903 0.377511
2904 0.437589
2905 0.371687
2906 0.413539
2907 0.390571
2908 0.376255
2909 0.359
2910 0.394388
2911 0.394246
2912 0.38353
2913 0.38113
2914 0.362497
2915 0.459751
2916 0.456345
2917 0.421945
2918 0.351839
2919 0.416657
2920 0.427104
2921 0.394915
2922 0.52239
2923 0.356436
2924 0.393142
2925 0.384317
2926 0.433399
2927 0.408553
2928 0.389246
2929 0.407104
2930 0.379922
2931 0.385738
2932 0.345842
2933 0.435638
2934 0.413266
2935 0.379237
2936 0.375417
2937 0.362358
2938 0.412448
2939 0.366924
2940 0.406567
2941 0.387893
2942 0.352742
2943 0.342634
2944 0.396432
2945 0.401909
2946 0.458282
2947 0.360313
2948 0.385916
2949 0.372323
2950 0.381962
2951 0.392831
2952 0.39342
2953 0.400084
2954 0.371295
2955 0.373147
2956 0.374421
2957 0.390015
2958 0.406509
2959 0.421273
2960 0.37024
2961 0.417186
2962 0.379825
2963 0.356939
2964 0.390202
2965 0.396866
2966 0.377438
2967 0.364909
2968 0.373549
2969 0.378974
2970 0.359691
2971 0.352859
2972 0.390448
2973 0.37785
2974 0.386556
2975 0.388506
2976 0.394973
2977 0.354012
2978 0.36993
2979 0.348748
2980 0.403654
2981 0.37949
2982 0.395238
2983 0.401563
2984 0.349078
2985 0.359175
2986 0.370067
2987 0.335368
2988 0.37022
2989 0.33967
2990 0.351502
2991 0.369209
2992 0.390327
2993 0.350093
2994 0.325422
2995 0.336226
2996 0.39988
2997 0.339321
2998 0.334706
2999 0.500661
3000 0.323413
3001 0.460171
3002 0.376348
3003 0.374542
3004 0.353815
3005 0.40056
3006 0.404423
3007 0.39917
3008 0.338406
3009 0.391064
3010 0.387894
3011 0.360955
3012 0.367425
3013 0.354119
3014 0.373151
3015 0.452883
3016 0.381272
3017 0.355434
3018 0.423651
3019 0.369399
3020 0.354218
3021 0.412512
3022 0.348855
3023 0.358788
3024 0.38243
3025 0.405321
3026 0.40526
3027 0.381677
3028 0.344479
3029 0.434552
3030 0.403187
3031 0.391136
3032 0.354877
3033 0.395472
3034 0.375413
3035 0.35346
3036 0.345951
3037 0.357971
3038 0.343393
3039 0.353491
3040 0.363899
3041 0.485894
3042 0.445245
3043 0.346408
3044 0.350845
3045 0.411438
3046 0.355071
3047 0.373955
3048 0.349828
3049 0.353805
3050 0.35909
3051 0.396075
3052 0.422281
3053 0.370913
3054 0.38219
3055 0.35133
3056 0.344834
3057 0.40258
3058 0.34671
3059 0.384247
3060 0.422021
3061 0.364039
3062 0.392686
3063 0.353355
3064 0.363642
3065 0.330095
3066 0.366773
3067 0.356229
3068 0.359178
3069 0.367822
3070 0.363402
3071 0.364979
3072 0.377459
3073 0.353701
3074 0.362178
3075 0.379475
3076 0.35618
3077 0.381196
3078 0.347645
3079 0.382258
3080 0.352664
3081 0.3648
3082 0.371456
3083 0.355056
3084 0.362583
3085 0.384367
3086 0.363236
3087 0.37804
3088 0.336153
3089 0.353479
3090 0.358665
3091 0.344734
3092 0.382426
3093 0.340921
3094 0.381059
3095 0.350965
3096 0.346294
3097 0.352085
3098 0.374982
3099 0.369091
3100 0.445334
3101 0.346182
3102 0.361938
3103 0.3429
3104 0.3395
3105 0.394963
3106 0.347644
3107 0.381822
3108 0.350321
3109 0.314693
3110 0.406399
3111 0.353194
3112 0.36102
3113 0.384151
3114 0.380501
3115 0.34337
3116 0.344603
3117 0.361346
3118 0.390415
3119 0.39894
3120 0.374132
3121 0.326508
3122 0.326428
3123 0.401814
3124 0.396066
3125 0.359814
3126 0.366621
3127 0.34092
3128 0.349488
3129 0.360709
3130 0.390885
3131 0.32968
3132 0.3339
3133 0.361806
3134 0.329529
3135 0.381154
3136 0.339906
3137 0.361542
3138 0.378768
3139 0.333941
3140 0.329277
3141 0.351292
3142 0.34876
3143 0.3339
3144 0.346309
3145 0.334904
3146 0.380465
3147 0.361162
3148 0.39074
3149 0.350202
3150 0.363865
3151 0.340566
3152 0.329412
3153 0.355346
3154 0.372518
3155 0.400877
3156 0.365587
3157 0.346504
3158 0.354427
3159 0.350993
3160 0.340247
3161 0.442466
3162 0.372237
3163 0.392374
3164 0.345581
3165 0.350236
3166 0.335059
3167 0.368038
3168 0.431961
3169 0.429815
3170 0.363222
3171 0.379806
3172 0.344606
3173 0.340096
3174 0.384515
3175 0.347963
3176 0.36708
3177 0.342606
3178 0.342811
3179 0.406639
3180 0.324189
3181 0.359604
3182 0.334998
3183 0.365182
3184 0.353636
3185 0.347893
3186 0.365751
3187 0.354088
3188 0.343098
3189 0.369293
3190 0.383535
3191 0.357937
3192 0.333128
3193 0.334893
3194 0.371864
3195 0.374471
3196 0.385831
3197 0.384563
3198 0.348981
3199 0.355018
3200 0.353733
3201 0.330868
3202 0.323423
3203 0.402296
3204 0.358199
3205 0.365545
3206 0.378304
3207 0.32127
3208 0.371446
3209 0.393642
3210 0.3767
3211 0.361817
3212 0.360566
3213 0.343874
3214 0.379421
3215 0.358903
3216 0.36652
3217 0.361679
3218 0.354243
3219 0.310073
3220 0.34029
3221 0.323572
3222 0.350163
3223 0.348807
3224 0.350611
3225 0.363686
3226 0.3247
3227 0.353212
3228 0.340125
3229 0.319897
3230 0.425449
3231 0.385669
3232 0.406159
3233 0.398108
3234 0.344579
3235 0.360338
3236 0.354146
3237 0.366268
3238 0.445765
3239 0.335609
3240 0.366958
3241 0.382867
3242 0.341189
3243 0.404215
3244 0.373826
3245 0.324561
3246 0.36394
3247 0.340379
3248 0.356904
3249 0.333193
3250 0.33756
3251 0.41539
3252 0.35076
3253 0.383984
3254 0.361196
3255 0.338857
3256 0.365216
3257 0.407312
3258 0.334669
3259 0.364052
3260 0.339998
3261 0.388347
3262 0.340361
3263 0.351733
3264 0.386396
3265 0.338446
3266 0.323771
3267 0.334506
3268 0.357088
3269 0.426912
3270 0.338743
3271 0.375302
3272 0.375314
3273 0.374297
3274 0.342786
3275 0.35028
3276 0.336696
3277 0.354698
3278 0.334345
3279 0.332621
3280 0.358596
3281 0.365707
3282 0.338015
3283 0.381163
3284 0.417149
3285 0.327351
3286 0.396387
3287 0.346544
3288 0.353253
3289 0.395536
3290 0.364841
3291 0.337113
3292 0.343554
3293 0.370457
3294 0.376591
3295 0.380591
3296 0.350799
3297 0.367198
3298 0.352941
3299 0.3536
3300 0.327212
3301 0.362735
3302 0.372096
3303 0.326161
3304 0.354824
3305 0.372119
3306 0.333034
3307 0.336318
3308 0.362853
3309 0.374436
3310 0.35503
3311 0.356505
3312 0.369516
3313 0.331188
3314 0.396524
3315 0.334967
3316 0.375123
3317 0.366291
3318 0.338565
3319 0.371108
3320 0.399085
3321 0.37899
3322 0.342551
3323 0.429043
3324 0.342864
3325 0.329021
3326 0.360124
3327 0.352962
3328 0.336746
3329 0.355826
3330 0.350767
3331 0.360793
3332 0.351493
3333 0.371802
3334 0.380376
3335 0.327444
3336 0.365748
3337 0.318341
3338 0.322154
3339 0.338787
3340 0.370039
3341 0.332658
3342 0.310135
3343 0.329529
3344 0.457487
3345 0.360327
3346 0.345024
3347 0.329282
3348 0.396981
3349 0.379034
3350 0.321628
3351 0.413495
3352 0.332561
3353 0.320956
3354 0.352656
3355 0.40523
3356 0.344496
3357 0.334043
3358 0.328551
3359 0.335949
3360 0.314424
3361 0.329888
3362 0.40227
3363 0.344653
3364 0.364741
3365 0.33725
3366 0.322196
3367 0.359072
3368 0.326633
3369 0.380883
3370 0.333473
3371 0.334411
3372 0.32281
3373 0.37883
3374 0.358934
3375 0.408129
3376 0.336426
3377 0.373994
3378 0.338865
3379 0.363884
3380 0.351687
3381 0.347519
3382 0.371497
3383 0.334708
3384 0.32374
3385 0.336782
3386 0.324529
3387 0.331542
3388 0.37757
3389 0.31403
3390 0.349181
3391 0.338925
3392 0.327349
3393 0.377676
3394 0.394086
3395 0.35481
3396 0.31119
3397 0.386276
3398 0.33872
3399 0.331832
3400 0.329993
3401 0.320044
3402 0.346942
3403 0.340574
3404 0.332316
3405 0.327386
3406 0.327986
3407 0.344647
3408 0.309596
3409 0.355398
3410 0.382298
3411 0.32751
3412 0.331499
3413 0.342051
3414 0.312491
3415 0.336556
3416 0.30345
3417 0.319842
3418 0.307021
3419 0.335297
3420 0.301758
3421 0.367613
3422 0.320149
3423 0.289901
3424 0.35828
3425 0.343161
3426 0.303823
3427 0.316681
3428 0.451156
3429 0.412765
3430 0.360739
3431 0.348197
3432 0.325841
3433 0.335592
3434 0.329896
3435 0.348973
3436 0.326857
3437 0.344611
3438 0.324621
3439 0.344816
3440 0.336506
3441 0.331373
3442 0.368982
3443 0.347203
3444 0.391463
3445 0.334677
3446 0.328525
3447 0.354016
3448 0.342807
3449 0.376184
3450 0.354533
3451 0.327878
3452 0.327906
3453 0.348163
3454 0.404548
3455 0.354394
3456 0.318725
3457 0.320118
3458 0.428549
3459 0.393116
3460 0.348079
3461 0.341709
3462 0.318174
3463 0.37227
3464 0.3408
3465 0.322198
3466 0.353463
3467 0.297491
3468 0.329648
3469 0.338051
3470 0.386301
3471 0.310859
3472 0.334467
3473 0.3058
3474 0.34228
3475 0.320676
3476 0.38639
3477 0.306194
3478 0.328346
3479 0.365221
3480 0.33585
3481 0.356181
3482 0.35134
3483 0.331271
3484 0.321779
3485 0.305782
3486 0.334938
3487 0.32819
3488 0.330689
3489 0.374467
3490 0.32377
3491 0.320753
3492 0.339649
3493 0.308045
3494 0.320267
3495 0.320969
3496 0.298962
3497 0.361813
3498 0.315499
3499 0.359336
3500 0.311134
3501 0.329001
3502 0.361444
3503 0.330693
3504 0.316427
3505 0.341984
3506 0.330584
3507 0.308977
3508 0.366335
3509 0.309503
3510 0.343652
3511 0.349494
3512 0.312977
3513 0.360074
3514 0.331168
3515 0.340169
3516 0.332568
3517 0.32567
3518 0.307357
3519 0.321497
3520 0.331622
3521 0.330178
3522 0.352462
3523 0.325932
3524 0.352842
3525 0.312742
3526 0.321526
3527 0.382826
3528 0.340802
3529 0.347992
3530 0.322327
3531 0.350417
3532 0.324386
3533 0.328011
3534 0.327658
3535 0.339269
3536 0.322783
3537 0.299767
3538 0.321712
3539 0.339174
3540 0.315127
3541 0.334136
3542 0.355228
3543 0.335218
3544 0.288578
3545 0.325506
3546 0.344167
3547 0.317417
3548 0.353194
3549 0.325534
3550 0.305413
3551 0.36244
3552 0.368669
3553 0.313785
3554 0.336361
3555 0.340296
3556 0.303187
3557 0.31335
3558 0.300719
3559 0.359155
3560 0.299507
3561 0.312163
3562 0.324279
3563 0.352847
3564 0.323022
3565 0.305375
3566 0.353902
3567 0.328081
3568 0.30393
3569 0.314514
3570 0.341105
3571 0.333339
3572 0.297261
3573 0.318379
3574 0.342096
3575 0.332844
3576 0.313909
3577 0.351567
3578 0.303821
3579 0.322945
3580 0.296205
3581 0.306815
3582 0.301809
3583 0.337579
3584 0.308754
3585 0.291994
3586 0.334072
3587 0.328828
3588 0.314695
3589 0.298983
3590 0.371501
3591 0.324329
3592 0.342193
3593 0.342421
3594 0.340052
3595 0.298749
3596 0.340651
3597 0.416701
3598 0.340041
3599 0.342774
3600 0.334608
3601 0.296006
3602 0.35817
3603 0.353679
3604 0.312418
3605 0.34756
3606 0.310124
3607 0.394345
3608 0.336117
3609 0.29804
3610 0.317529
3611 0.334492
3612 0.322195
3613 0.299933
3614 0.35849
3615 0.31602
3616 0.347879
3617 0.329109
3618 0.354955
3619 0.314878
3620 0.33427
3621 0.316857
3622 0.31302
3623 0.320114
3624 0.343112
3625 0.327604
3626 0.31142
3627 0.325474
3628 0.310035
3629 0.335628
3630 0.310295
3631 0.316706
3632 0.344197
3633 0.319913
3634 0.335738
3635 0.339967
3636 0.352109
3637 0.351789
3638 0.34988
3639 0.330587
3640 0.342789
3641 0.30452
3642 0.335036
3643 0.375177
3644 0.36834
3645 0.300387
3646 0.334257
3647 0.302438
3648 0.297958
3649 0.300347
3650 0.305518
3651 0.339642
3652 0.308602
3653 0.325804
3654 0.312091
3655 0.286855
3656 0.3139
3657 0.299266
3658 0.288155
3659 0.395648
3660 0.352879
3661 0.35368
3662 0.337602
3663 0.315261
3664 0.36398
3665 0.333417
3666 0.298266
3667 0.375324
3668 0.331745
3669 0.298019
3670 0.321396
3671 0.324742
3672 0.369266
3673 0.318154
3674 0.301807
3675 0.329191
3676 0.298395
3677 0.320473
3678 0.329153
3679 0.31982
3680 0.355408
3681 0.301512
3682 0.373294
3683 0.305188
3684 0.299465
3685 0.330981
3686 0.361846
3687 0.332981
3688 0.30054
3689 0.315456
3690 0.309299
3691 0.321653
3692 0.340692
3693 0.304958
3694 0.307051
3695 0.310889
3696 0.33116
3697 0.386832
3698 0.406798
3699 0.331193
3700 0.30272
3701 0.354769
3702 0.330012
3703 0.321108
3704 0.311242
3705 0.375618
3706 0.320276
3707 0.341778
3708 0.307271
3709 0.308103
3710 0.348712
3711 0.318135
3712 0.336401
3713 0.333555
3714 0.339371
3715 0.332898
3716 0.315983
3717 0.316767
3718 0.318075
3719 0.302543
3720 0.301378
3721 0.33672
3722 0.37792
3723 0.342899
3724 0.315656
3725 0.35775
3726 0.306506
3727 0.323579
3728 0.3068
3729 0.326439
3730 0.348881
3731 0.354976
3732 0.274925
3733 0.331921
3734 0.321119
3735 0.321847
3736 0.324763
3737 0.399504
3738 0.319645
3739 0.310954
3740 0.320218
3741 0.312536
3742 0.320233
3743 0.325215
3744 0.334031
3745 0.319573
3746 0.346265
3747 0.303858
3748 0.326633
3749 0.337505
3750 0.329205
3751 0.341618
3752 0.374684
3753 0.334481
3754 0.29163
3755 0.31295
3756 0.360637
3757 0.333521
3758 0.331117
3759 0.400003
3760 0.323945
3761 0.305136
3762 0.350268
3763 0.32936
3764 0.346472
3765 0.343506
3766 0.330581
3767 0.290984
3768 0.297472
3769 0.323461
3770 0.347262
3771 0.292847
3772 0.393938
3773 0.369375
3774 0.338444
3775 0.316624
3776 0.311247
3777 0.345408
3778 0.323891
3779 0.281749
3780 0.339149
3781 0.321713
3782 0.341018
3783 0.377044
3784 0.351609
3785 0.359854
3786 0.310569
3787 0.310549
3788 0.308978
3789 0.310838
3790 0.293245
3791 0.339985
3792 0.342386
3793 0.295774
3794 0.319333
3795 0.304906
3796 0.329832
3797 0.350819
3798 0.32656
3799 0.289627
3800 0.310646
3801 0.287166
3802 0.305516
3803 0.3369
3804 0.349335
3805 0.288884
3806 0.346048
3807 0.283868
3808 0.330536
3809 0.348195
3810 0.30574
3811 0.313832
3812 0.309192
3813 0.337876
3814 0.308179
3815 0.288046
3816 0.340979
3817 0.310721
3818 0.314813
3819 0.366354
3820 0.286622
3821 0.300398
3822 0.333796
3823 0.320147
3824 0.328094
3825 0.327071
3826 0.310268
3827 0.299715
3828 0.296312
3829 0.29979
3830 0.302334
3831 0.316176
3832 0.323831
3833 0.339892
3834 0.325434
3835 0.284455
3836 0.326813
3837 0.322651
3838 0.312261
3839 0.304797
3840 0.312572
3841 0.319748
3842 0.318482
3843 0.302558
3844 0.281085
3845 0.281328
3846 0.300881
3847 0.276013
3848 0.295453
3849 0.295051
3850 0.306546
3851 0.29633
3852 0.29228
3853 0.317414
3854 0.293057
3855 0.300771
3856 0.337002
3857 0.326707
3858 0.417803
3859 0.320369
3860 0.302854
3861 0.318826
3862 0.291752
3863 0.303828
3864 0.296126
3865 0.299137
3866 0.296171
3867 0.2882
3868 0.308359
3869 0.3556
3870 0.304281
3871 0.28401
3872 0.382115
3873 0.328543
3874 0.355046
3875 0.336034
3876 0.310534
3877 0.317957
3878 0.299449
3879 0.32703
3880 0.348919
3881 0.321128
3882 0.29464
3883 0.39808
3884 0.309289
3885 0.305592
3886 0.287044
3887 0.379058
3888 0.339245
3889 0.300841
3890 0.301824
3891 0.319254
3892 0.302757
3893 0.292312
3894 0.296268
3895 0.310292
3896 0.290111
3897 0.282544
3898 0.303631
3899 0.336444
3900 0.279777
3901 0.285171
3902 0.284843
3903 0.310159
3904 0.29265
3905 0.313241
3906 0.342429
3907 0.28079
3908 0.303032
3909 0.344283
3910 0.319502
3911 0.289276
3912 0.29439
3913 0.288799
3914 0.287739
3915 0.300814
3916 0.305503
3917 0.308689
3918 0.293255
3919 0.306464
3920 0.326308
3921 0.292259
3922 0.303625
3923 0.303716
3924 0.295827
3925 0.273921
3926 0.34814
3927 0.331694
3928 0.300307
3929 0.338592
3930 0.326217
3931 0.285216
3932 0.289736
3933 0.316564
3934 0.339069
3935 0.286442
3936 0.295309
3937 0.323098
3938 0.270271
3939 0.292361
3940 0.270016
3941 0.276887
3942 0.353706
3943 0.305784
3944 0.296745
3945 0.292447
3946 0.28091
3947 0.308129
3948 0.296797
3949 0.314107
3950 0.308827
3951 0.292578
3952 0.2844
3953 0.31653
3954 0.289514
3955 0.302127
3956 0.319541
3957 0.343458
3958 0.308606
3959 0.306932
3960 0.265283
3961 0.290241
3962 0.309786
3963 0.309592
3964 0.27264
3965 0.291326
3966 0.295651
3967 0.286981
3968 0.312434
3969 0.306743
3970 0.308739
3971 0.296703
3972 0.317923
3973 0.283027
3974 0.312283
3975 0.305007
3976 0.314745
3977 0.273631
3978 0.30493
3979 0.285092
3980 0.323134
3981 0.318452
3982 0.311253
3983 0.292096
3984 0.312496
3985 0.282752
3986 0.291735
3987 0.306035
3988 0.278166
3989 0.267791
3990 0.301587
3991 0.275322
3992 0.34654
3993 0.308962
3994 0.294073
3995 0.321087
3996 0.306531
3997 0.309551
3998 0.294747
3999 0.300913
4000 0.274412
4001 0.289252
4002 0.274611
4003 0.292313
4004 0.292939
4005 0.322455
4006 0.314016
4007 0.302201
4008 0.278435
4009 0.274166
4010 0.304888
4011 0.291013
4012 0.290133
4013 0.292673
4014 0.279132
4015 0.313774
4016 0.290964
4017 0.253045
4018 0.358938
4019 0.318074
4020 0.301928
4021 0.278659
4022 0.288259
4023 0.295172
4024 0.265724
4025 0.31135
4026 0.36895
4027 0.365791
4028 0.313719
4029 0.297442
4030 0.290244
4031 0.304546
4032 0.301165
4033 0.307527
4034 0.273984
4035 0.293254
4036 0.33634
4037 0.284759
4038 0.266924
4039 0.296889
4040 0.29862
4041 0.301092
4042 0.331082
4043 0.307477
4044 0.294407
4045 0.308382
4046 0.305417
4047 0.324844
4048 0.316251
4049 0.289629
4050 0.274499
4051 0.289209
4052 0.303836
4053 0.291634
4054 0.301845
4055 0.262959
4056 0.270711
4057 0.295034
4058 0.306589
4059 0.27256
4060 0.292892
4061 0.294509
4062 0.319082
4063 0.290822
4064 0.292004
4065 0.285613
4066 0.343761
4067 0.305613
4068 0.268045
4069 0.29329
4070 0.270777
4071 0.276504
4072 0.339157
4073 0.270607
4074 0.286225
4075 0.282978
4076 0.292044
4077 0.304555
4078 0.276606
4079 0.289838
4080 0.289214
4081 0.332238
4082 0.331734
4083 0.272986
4084 0.265938
4085 0.27655
4086 0.270823
4087 0.342467
4088 0.293956
4089 0.313697
4090 0.306023
4091 0.290584
4092 0.299785
4093 0.306141
4094 0.307587
4095 0.306496
4096 0.395463
4097 0.314209
4098 0.288058
4099 0.295083
4100 0.306039
4101 0.340143
4102 0.302198
4103 0.285921
4104 0.297969
4105 0.290554
4106 0.310148
4107 0.289877
4108 0.303153
4109 0.325704
4110 0.294699
4111 0.323066
4112 0.305156
4113 0.286165
4114 0.337696
4115 0.282797
4116 0.284127
4117 0.288616
4118 0.339736
4119 0.302374
4120 0.339781
4121 0.29011
4122 0.278477
4123 0.279272
4124 0.275279
4125 0.295055
4126 0.34184
4127 0.321319
4128 0.303549
4129 0.292313
4130 0.298075
4131 0.315968
4132 0.322478
4133 0.270097
4134 0.296169
4135 0.275089
4136 0.29423
4137 0.302728
4138 0.259954
4139 0.300987
4140 0.316017
4141 0.321462
4142 0.296652
4143 0.331529
4144 0.297664
4145 0.289831
4146 0.308556
4147 0.279885
4148 0.289627
4149 0.290675
4150 0.282729
4151 0.323847
4152 0.275828
4153 0.283848
4154 0.29375
4155 0.303448
4156 0.282054
4157 0.268829
4158 0.279986
4159 0.280082
4160 0.291139
4161 0.291446
4162 0.321616
4163 0.276943
4164 0.292747
4165 0.293864
4166 0.310565
4167 0.272188
4168 0.276312
4169 0.261117
4170 0.283967
4171 0.339517
4172 0.310459
4173 0.285071
4174 0.30184
4175 0.293997
4176 0.295796
4177 0.290465
4178 0.290667
4179 0.306502
4180 0.318889
4181 0.286563
4182 0.276704
4183 0.253421
4184 0.307307
4185 0.25797
4186 0.303617
4187 0.275293
4188 0.353351
4189 0.279119
4190 0.302157
4191 0.324378
4192 0.279294
4193 0.290256
4194 0.311623
4195 0.26074
4196 0.267912
4197 0.273192
4198 0.291991
4199 0.280108
4200 0.257216
4201 0.34068
4202 0.321644
4203 0.291548
4204 0.274282
4205 0.288433
4206 0.325577
4207 0.297813
4208 0.343659
4209 0.288271
4210 0.299104
4211 0.292186
4212 0.305502
4213 0.296459
4214 0.276758
4215 0.334816
4216 0.295272
4217 0.293015
4218 0.273196
4219 0.327998
4220 0.316485
4221 0.281464
4222 0.270143
4223 0.316346
4224 0.290989
4225 0.28023
4226 0.304422
4227 0.298581
4228 0.260341
4229 0.261112
4230 0.272113
4231 0.278937
4232 0.310019
4233 0.302193
4234 0.318687
4235 0.282544
4236 0.277425
4237 0.287658
4238 0.302155
4239 0.272021
4240 0.27741
4241 0.293197
4242 0.276432
4243 0.30141
4244 0.297565
4245 0.307889
4246 0.27179
4247 0.331409
4248 0.296233
4249 0.25536
4250 0.322759
4251 0.334377
4252 0.297309
4253 0.268173
4254 0.296381
4255 0.314996
4256 0.278236
4257 0.261319
4258 0.29256
4259 0.279536
4260 0.330665
4261 0.29114
4262 0.259284
4263 0.282413
4264 0.26804
4265 0.261276
4266 0.28722
4267 0.285684
4268 0.263577
4269 0.275463
4270 0.275953
4271 0.261647
4272 0.282984
4273 0.249363
4274 0.245132
4275 0.255047
4276 0.26906
4277 0.26426
4278 0.284249
4279 0.281846
4280 0.256406
4281 0.265083
4282 0.287459
4283 0.275102
4284 0.237267
4285 0.428424
4286 0.261772
4287 0.353312
4288 0.298511
4289 0.280495
4290 0.257883
4291 0.290436
4292 0.296302
4293 0.324622
4294 0.263642
4295 0.290684
4296 0.276267
4297 0.278081
4298 0.278842
4299 0.268505
4300 0.253239
4301 0.324916
4302 0.311768
4303 0.280388
4304 0.3047
4305 0.255173
4306 0.257863
4307 0.287243
4308 0.25
4309 0.296946
4310 0.274681
4311 0.319645
4312 0.291092
4313 0.29174
4314 0.268151
4315 0.276422
4316 0.325095
4317 0.304449
4318 0.26075
4319 0.271937
4320 0.285175
4321 0.274821
4322 0.262319
4323 0.259502
4324 0.274081
4325 0.248225
4326 0.290682
4327 0.333079
4328 0.279985
4329 0.253887
4330 0.277828
4331 0.279041
4332 0.257275
4333 0.312799
4334 0.297335
4335 0.269581
4336 0.259324
4337 0.25589
4338 0.305205
4339 0.300037
4340 0.279981
4341 0.295389
4342 0.259255
4343 0.282584
4344 0.27807
4345 0.306096
4346 0.306574
4347 0.277422
4348 0.284875
4349 0.286319
4350 0.296986
4351 0.258814
4352 0.25616
4353 0.283189
4354 0.28748
4355 0.260757
4356 0.299254
4357 0.28822
4358 0.277939
4359 0.293243
4360 0.284988
4361 0.282889
4362 0.258481
4363 0.282031
4364 0.265288
4365 0.315176
4366 0.278158
4367 0.281652
4368 0.260568
4369 0.289447
4370 0.27342
4371 0.299112
4372 0.302554
4373 0.274953
4374 0.256953
4375 0.270585
4376 0.2944
4377 0.321291
4378 0.293039
4379 0.268247
4380 0.285824
4381 0.28985
4382 0.299521
4383 0.309426
4384 0.309461
4385 0.287458
4386 0.306655
4387 0.280692
4388 0.252837
4389 0.272743
4390 0.260595
4391 0.292167
4392 0.270402
4393 0.26602
4394 0.280197
4395 0.248964
4396 0.279751
4397 0.302489
4398 0.288834
4399 0.299972
4400 0.286795
4401 0.281319
4402 0.249569
4403 0.291715
4404 0.271658
4405 0.298321
4406 0.263484
4407 0.254597
4408 0.272139
4409 0.284103
4410 0.301477
4411 0.298751
4412 0.276159
4413 0.317632
4414 0.254595
4415 0.260722
4416 0.297123
4417 0.281583
4418 0.287594
4419 0.258454
4420 0.25517
4421 0.325006
4422 0.255018
4423 0.295813
4424 0.284959
4425 0.272497
4426 0.251721
4427 0.277227
4428 0.282549
4429 0.25935
4430 0.265683
4431 0.278061
4432 0.289563
4433 0.264076
4434 0.296629
4435 0.302193
4436 0.307214
4437 0.264656
4438 0.25203
4439 0.257898
4440 0.300158
4441 0.283337
4442 0.246641
4443 0.262823
4444 0.290714
4445 0.271266
4446 0.253226
4447 0.27597
4448 0.272125
4449 0.285751
4450 0.269134
4451 0.268532
4452 0.262252
4453 0.285399
4454 0.333461
4455 0.362156
4456 0.322449
4457 0.306131
4458 0.268181
4459 0.261129
4460 0.302856
4461 0.274883
4462 0.262006
4463 0.256459
4464 0.268874
4465 0.289436
4466 0.266485
4467 0.277431
4468 0.241942
4469 0.289336
4470 0.258827
4471 0.279674
4472 0.260818
4473 0.26622
4474 0.280258
4475 0.286053
4476 0.28601
4477 0.30284
4478 0.254414
4479 0.258667
4480 0.289472
4481 0.294407
4482 0.274722
4483 0.265957
4484 0.25297
4485 0.278086
4486 0.263063
4487 0.251159
4488 0.261097
4489 0.303276
4490 0.256178
4491 0.293157
4492 0.303442
4493 0.252046
4494 0.297706
4495 0.315114
4496 0.305322
4497 0.245493
4498 0.306021
4499 0.285949
4500 0.281396
4501 0.317393
4502 0.282638
4503 0.29202
4504 0.269917
4505 0.248673
4506 0.269214
4507 0.241692
4508 0.287809
4509 0.283746
4510 0.266376
4511 0.305824
4512 0.229128
4513 0.269687
4514 0.250694
4515 0.248706
4516 0.288701
4517 0.285759
4518 0.308263
4519 0.294527
4520 0.28142
4521 0.272756
4522 0.260618
4523 0.276209
4524 0.305304
4525 0.297216
4526 0.309896
4527 0.268216
4528 0.286447
4529 0.316682
4530 0.274677
4531 0.233243
4532 0.246292
4533 0.245978
4534 0.260954
4535 0.255401
4536 0.271394
4537 0.306677
4538 0.244057
4539 0.283483
4540 0.276015
4541 0.298046
4542 0.281835
4543 0.313867
4544 0.250046
4545 0.255033
4546 0.25887
4547 0.296265
4548 0.264174
4549 0.267314
4550 0.28585
4551 0.269425
4552 0.267467
4553 0.273784
4554 0.267176
4555 0.335529
4556 0.250985
4557 0.31314
4558 0.282129
4559 0.283789
4560 0.257171
4561 0.240718
4562 0.270033
4563 0.260473
4564 0.258267
4565 0.262252
4566 0.28295
4567 0.275858
4568 0.274227
4569 0.257925
4570 0.320899
4571 0.258235
4572 0.307212
4573 0.283647
4574 0.254038
4575 0.319537
4576 0.256699
4577 0.238195
4578 0.265801
4579 0.291758
4580 0.272496
4581 0.286827
4582 0.257533
4583 0.284946
4584 0.293387
4585 0.274073
4586 0.243465
4587 0.255879
4588 0.293382
4589 0.262778
4590 0.254549
4591 0.278174
4592 0.279858
4593 0.276709
4594 0.286935
4595 0.313459
4596 0.24978
4597 0.253185
4598 0.293003
4599 0.249246
4600 0.310763
4601 0.255949
4602 0.270992
4603 0.288766
4604 0.280653
4605 0.297723
4606 0.26417
4607 0.277815
4608 0.26294
4609 0.3175
4610 0.284671
4611 0.266708
4612 0.262525
4613 0.249113
4614 0.255792
4615 0.265513
4616 0.296344
4617 0.337506
4618 0.317046
4619 0.308596
4620 0.30266
4621 0.26258
4622 0.254546
4623 0.258534
4624 0.243228
4625 0.255666
4626 0.28137
4627 0.250601
4628 0.245779
4629 0.242672
4630 0.350968
4631 0.280907
4632 0.271431
4633 0.259382
4634 0.295005
4635 0.320182
4636 0.250167
4637 0.341643
4638 0.253481
4639 0.26059
4640 0.253876
4641 0.324223
4642 0.271735
4643 0.25649
4644 0.277812
4645 0.26239
4646 0.238616
4647 0.236391
4648 0.310374
4649 0.283203
4650 0.252657
4651 0.25774
4652 0.26248
4653 0.258485
4654 0.242839
4655 0.311735
4656 0.274134
4657 0.252565
4658 0.251119
4659 0.284968
4660 0.280521
4661 0.327014
4662 0.244755
4663 0.316384
4664 0.253881
4665 0.275669
4666 0.282542
4667 0.281228
4668 0.258727
4669 0.285645
4670 0.238519
4671 0.258659
4672 0.254795
4673 0.262331
4674 0.275832
4675 0.243011
4676 0.277609
4677 0.255658
4678 0.25739
4679 0.280388
4680 0.304555
4681 0.281949
4682 0.26627
4683 0.265401
4684 0.237943
4685 0.286793
4686 0.241671
4687 0.251798
4688 0.27654
4689 0.248423
4690 0.263744
4691 0.238493
4692 0.251427
4693 0.254889
4694 0.236138
4695 0.249779
4696 0.274953
4697 0.243721
4698 0.262795
4699 0.246684
4700 0.256494
4701 0.276007
4702 0.249499
4703 0.249012
4704 0.263573
4705 0.248913
4706 0.255176
4707 0.25778
4708 0.246944
4709 0.224827
4710 0.242017
4711 0.264933
4712 0.225689
4713 0.273228
4714 0.343635
4715 0.344411
4716 0.311447
4717 0.269468
4718 0.263909
4719 0.24943
4720 0.240898
4721 0.29057
4722 0.271141
4723 0.250701
4724 0.26374
4725 0.253277
4726 0.268757
4727 0.247481
4728 0.265278
4729 0.251023
4730 0.304937
4731 0.252352
4732 0.257164
4733 0.293306
4734 0.261592
4735 0.273887
4736 0.242809
4737 0.259079
4738 0.284743
4739 0.264316
4740 0.300137
4741 0.279516
4742 0.268519
4743 0.269248
4744 0.299519
4745 0.323772
4746 0.281189
4747 0.280994
4748 0.264296
4749 0.281156
4750 0.272093
4751 0.235018
4752 0.231832
4753 0.229346
4754 0.259362
4755 0.287371
4756 0.336352
4757 0.222223
4758 0.230493
4759 0.236813
4760 0.283387
4761 0.294646
4762 0.291931
4763 0.259762
4764 0.255714
4765 0.269116
4766 0.271702
4767 0.297841
4768 0.251261
4769 0.288881
4770 0.253426
4771 0.22639
4772 0.250714
4773 0.266459
4774 0.3003
4775 0.261379
4776 0.252804
4777 0.275093
4778 0.25966
4779 0.241407
4780 0.251592
4781 0.248557
4782 0.229837
4783 0.260312
4784 0.248062
4785 0.270486
4786 0.243986
4787 0.277466
4788 0.284434
4789 0.259427
4790 0.253043
4791 0.277748
4792 0.271484
4793 0.24327
4794 0.265895
4795 0.261869
4796 0.265008
4797 0.27999
4798 0.239754
4799 0.259492
4800 0.246183
4801 0.311492
4802 0.263469
4803 0.232866
4804 0.251476
4805 0.255461
4806 0.270779
4807 0.266181
4808 0.261499
4809 0.252488
4810 0.265654
4811 0.276255
4812 0.266763
4813 0.298259
4814 0.244884
4815 0.284368
4816 0.267058
4817 0.229169
4818 0.261485
4819 0.259687
4820 0.244452
4821 0.266758
4822 0.25658
4823 0.226371
4824 0.249562
4825 0.268181
4826 0.245767
4827 0.267694
4828 0.281267
4829 0.24566
4830 0.233822
4831 0.234675
4832 0.239812
4833 0.24547
4834 0.294401
4835 0.280954
4836 0.245354
4837 0.257781
4838 0.289278
4839 0.257376
4840 0.244206
4841 0.253821
4842 0.243148
4843 0.260002
4844 0.255608
4845 0.311142
4846 0.257735
4847 0.273008
4848 0.250679
4849 0.271498
4850 0.285373
4851 0.233753
4852 0.26012
4853 0.252605
4854 0.240224
4855 0.248344
4856 0.27049
4857 0.232924
4858 0.220513
4859 0.233578
4860 0.254508
4861 0.248231
4862 0.2672
4863 0.284571
4864 0.250478
4865 0.266944
4866 0.241351
4867 0.235925
4868 0.261151
4869 0.236829
4870 0.236907
4871 0.233828
4872 0.22893
4873 0.266294
4874 0.274986
4875 0.253183
4876 0.316018
4877 0.255084
4878 0.241598
4879 0.231469
4880 0.245594
4881 0.283704
4882 0.256943
4883 0.291141
4884 0.299536
4885 0.26797
4886 0.293032
4887 0.239922
4888 0.273766
4889 0.267017
4890 0.227598
4891 0.267167
4892 0.252616
4893 0.249539
4894 0.3007
4895 0.239816
4896 0.26432
4897 0.251458
4898 0.25053
4899 0.26111
4900 0.263494
4901 0.240927
4902 0.24006
4903 0.282957
4904 0.283437
4905 0.264207
4906 0.238053
4907 0.259553
4908 0.262488
4909 0.256573
4910 0.267586
4911 0.293319
4912 0.23885
4913 0.256742
4914 0.230674
4915 0.244491
4916 0.25809
4917 0.2432
4918 0.232097
4919 0.271407
4920 0.239083
4921 0.258197
4922 0.245111
4923 0.275129
4924 0.274899
4925 0.268633
4926 0.245931
4927 0.32299
4928 0.2433
4929 0.258012
4930 0.264028
4931 0.239791
4932 0.230473
4933 0.257587
4934 0.248313
4935 0.228909
4936 0.261718
4937 0.274088
4938 0.273506
4939 0.247088
4940 0.249048
4941 0.217332
4942 0.238567
4943 0.224111
4944 0.239512
4945 0.273101
4946 0.247641
4947 0.277445
4948 0.284389
4949 0.246671
4950 0.228774
4951 0.2544
4952 0.236819
4953 0.304409
4954 0.260589
4955 0.227253
4956 0.233416
4957 0.257226
4958 0.286521
4959 0.243063
4960 0.242444
4961 0.255321
4962 0.264354
4963 0.265629
4964 0.236958
4965 0.247843
4966 0.268029
4967 0.240757
4968 0.279925
4969 0.247754
4970 0.253972
4971 0.25893
4972 0.296307
4973 0.250034
4974 0.245013
4975 0.263523
4976 0.264155
4977 0.237063
4978 0.281625
4979 0.232886
4980 0.244328
4981 0.237408
4982 0.26056
4983 0.292364
4984 0.304495
4985 0.234806
4986 0.257964
4987 0.29278
4988 0.260197
4989 0.244806
4990 0.242893
4991 0.279883
4992 0.24874
4993 0.264389
4994 0.258714
4995 0.232703
4996 0.281446
4997 0.230588
4998 0.284263
4999 0.292136
5000 0.239984
