0 2.50263
1 2.45215
2 2.37967
3 2.36472
4 2.31539
5 2.2783
6 2.22951
7 2.10591
8 2.02931
9 2.35974
10 2.40624
11 2.16887
12 1.90709
13 1.85228
14 1.94163
15 2.3899
16 2.28259
17 2.01294
18 1.88962
19 1.74698
20 1.62516
21 1.54642
22 1.77102
23 2.43844
24 1.869
25 2.30152
26 2.05837
27 1.70875
28 1.67138
29 1.60612
30 1.5543
31 1.2108
32 1.301
33 1.20373
34 1.23729
35 1.5596
36 1.64564
37 1.70295
38 1.38161
39 1.20161
40 1.06175
41 0.905154
42 1.14158
43 1.3101
44 1.24757
45 0.921721
46 0.946716
47 0.778679
48 0.982915
49 1.04617
50 1.08044
51 1.34555
52 1.13371
53 0.970007
54 0.947923
55 0.834575
56 1.20014
57 1.18766
58 1.00736
59 0.937425
60 1.05279
61 1.12955
62 1.26241
63 1.13742
64 0.820937
65 0.805143
66 0.730706
67 0.923652
68 0.863607
69 0.823965
70 1.04197
71 1.08127
72 1.18881
73 0.876674
74 0.801023
75 0.941686
76 1.11999
77 0.729113
78 0.746302
79 0.62387
80 0.807928
81 0.764536
82 0.707103
83 0.726665
84 0.938054
85 0.914518
86 1.01721
87 0.79009
88 0.630377
89 0.7378
90 0.676313
91 0.671188
92 0.679923
93 0.827164
94 0.796048
95 0.754671
96 0.551579
97 0.768899
98 0.765293
99 0.892693
100 0.857244
101 0.505917
102 0.605014
103 0.568208
104 0.698654
105 0.610684
106 0.526345
107 0.628326
108 0.55331
109 0.669788
110 0.785627
111 0.83281
112 0.928206
113 0.821304
114 0.517874
115 0.56601
116 0.547732
117 0.806499
118 1.14173
119 1.13106
120 1.24604
121 0.883355
122 0.763343
123 0.779574
124 0.730177
125 0.581135
126 0.529871
127 0.588204
128 0.598197
129 0.684753
130 0.512173
131 0.373253
132 0.51377
133 0.67502
134 0.756327
135 0.558995
136 0.72529
137 0.879745
138 0.641943
139 0.623805
140 0.44396
141 0.54959
142 0.504842
143 0.452966
144 0.471395
145 0.510829
146 0.640871
147 0.711096
148 0.613973
149 0.442604
150 0.639013
151 0.482829
152 0.587144
153 0.67367
154 0.656689
155 0.589259
156 0.451888
157 0.604721
158 0.482355
159 0.388938
160 0.606576
161 0.470163
162 0.735489
163 0.67565
164 0.565075
165 0.54644
166 0.585011
167 0.710763
168 0.631282
169 0.76006
170 0.64711
171 0.439533
172 0.6829
173 1.0352
174 0.72279
175 0.728933
176 0.502888
177 0.532234
178 0.602433
179 0.387444
180 0.487582
181 0.472713
182 0.650027
183 0.363195
184 0.64798
185 0.556748
186 0.665188
187 0.657449
188 0.662995
189 0.677111
190 0.585321
191 0.449182
192 0.456553
193 0.622585
194 0.587629
195 0.622505
196 0.620334
197 0.422635
198 0.390946
199 0.474528
200 0.604597
201 0.528594
202 0.610512
203 0.46481
204 0.59396
205 0.707056
206 0.801644
207 0.594223
208 0.729392
209 0.636521
210 0.477113
211 0.661497
212 0.608259
213 0.648747
214 0.647821
215 0.354589
216 0.505598
217 0.446846
218 0.369611
219 0.470766
220 0.414093
221 0.567751
222 0.612266
223 0.437292
224 0.483987
225 0.364513
226 0.786289
227 0.557686
228 0.404145
229 0.504436
230 0.573835
231 0.514971
232 0.606046
233 0.613996
234 0.394798
235 0.50244
236 0.440896
237 0.389522
238 0.497562
239 0.477784
240 0.455912
241 0.486952
242 0.473697
243 0.519922
244 0.418122
245 0.488718
246 0.417225
247 0.295182
248 0.547493
249 0.439973
250 0.531815
251 0.473054
252 0.662725
253 0.589958
254 0.490765
255 0.652461
256 0.503785
257 0.514818
258 0.412732
259 0.381894
260 0.456676
261 0.446209
262 0.571939
263 0.502709
264 0.328561
265 0.409734
266 0.326072
267 0.383419
268 0.818442
269 0.489515
270 0.555963
271 0.484422
272 0.475779
273 0.500278
274 0.51559
275 0.427384
276 0.408649
277 0.446545
278 0.475981
279 0.44021
280 0.369186
281 0.48519
282 0.396916
283 0.57789
284 0.542474
285 0.533399
286 0.390111
287 0.423588
288 0.438234
289 0.463334
290 0.497224
291 0.558803
292 0.655672
293 0.463997
294 0.522895
295 0.580519
296 0.690294
297 0.391445
298 0.390774
299 0.271605
300 0.318271
301 0.432265
302 0.379465
303 0.422704
304 0.419781
305 0.609162
306 0.502574
307 0.39936
308 0.401458
309 0.373595
310 0.409827
311 0.449347
312 0.471682
313 0.598092
314 0.378502
315 0.418028
316 0.498264
317 0.484204
318 0.612493
319 0.534682
320 0.504486
321 0.476212
322 0.697676
323 0.719507
324 0.313926
325 0.4423
326 0.424916
327 0.367567
328 0.349326
329 0.464988
330 0.551259
331 0.518678
332 0.501183
333 0.461867
334 0.296498
335 0.522762
336 0.481967
337 0.334818
338 0.602508
339 0.362508
340 0.385228
341 0.375643
342 0.345099
343 0.678326
344 0.388429
345 0.543554
346 0.325198
347 0.72833
348 0.522936
349 0.400492
350 0.64924
351 0.582714
352 0.556734
353 0.476729
354 0.704485
355 0.401901
356 0.437604
357 0.466413
358 0.297114
359 0.296113
360 0.410037
361 0.386363
362 0.347143
363 0.383637
364 0.334375
365 0.347153
366 0.36538
367 0.487325
368 0.431464
369 0.400606
370 0.42134
371 0.26044
372 0.528257
373 0.501588
374 0.653688
375 0.482908
376 0.379412
377 0.289675
378 0.362134
379 0.531645
380 0.391615
381 0.48745
382 0.629024
383 0.419908
384 0.341508
385 0.360804
386 0.376143
387 0.368314
388 0.344558
389 0.446014
390 0.403971
391 0.400834
392 0.417122
393 0.348478
394 0.367447
395 0.313159
396 0.442581
397 0.358434
398 0.291807
399 0.390023
400 0.484899
401 0.375106
402 0.365073
403 0.396067
404 0.426811
405 0.38808
406 0.448945
407 0.25078
408 0.359251
409 0.3823
410 0.311307
411 0.582459
412 0.382511
413 0.250115
414 0.390554
415 0.230654
416 0.299167
417 0.425283
418 0.491697
419 0.363074
420 0.357811
421 0.238775
422 0.182817
423 0.282712
424 0.664397
425 0.424814
426 0.397071
427 0.696081
428 0.259854
429 0.490331
430 0.369938
431 0.514294
432 0.344096
433 0.326445
434 0.49418
435 0.494453
436 0.255505
437 0.299386
438 0.459064
439 0.352931
440 0.315841
441 0.439847
442 0.382518
443 0.438775
444 0.531739
445 0.319377
446 0.441278
447 0.319237
448 0.366498
449 0.349254
450 0.396358
451 0.368671
452 0.419834
453 0.488496
454 0.375259
455 0.398023
456 0.283207
457 0.689771
458 0.610902
459 0.473483
460 0.420906
461 0.376137
462 0.413726
463 0.447286
464 0.392246
465 0.295971
466 0.292834
467 0.246431
468 0.416864
469 0.709762
470 0.531228
471 0.423327
472 0.353849
473 0.476802
474 0.408359
475 0.396596
476 0.280261
477 0.395634
478 0.326621
479 0.404343
480 0.455307
481 0.383441
482 0.40622
483 0.381414
484 0.247878
485 0.412136
486 0.459742
487 0.702708
488 0.581214
489 0.387645
490 0.433231
491 0.561657
492 0.420775
493 0.323463
494 0.306237
495 0.329367
496 0.398852
497 0.348174
498 0.581991
499 0.426181
500 0.419501
501 0.558882
502 0.336296
503 0.395298
504 0.50516
505 0.424328
506 0.304512
507 0.334415
508 0.495694
509 0.317901
510 0.456443
511 0.356367
512 0.511041
513 0.464051
514 0.521037
515 0.402946
516 0.335399
517 0.279979
518 0.359397
519 0.412419
520 0.432436
521 0.350987
522 0.346013
523 0.377077
524 0.335015
525 0.341434
526 0.501744
527 0.556712
528 0.600829
529 0.49616
530 0.300582
531 0.383598
532 0.363496
533 0.377231
534 0.360917
535 0.426452
536 0.305857
537 0.264614
538 0.423547
539 0.428682
540 0.48822
541 0.436425
542 0.354386
543 0.237793
544 0.345864
545 0.406752
546 0.394909
547 0.479138
548 0.329678
549 0.240779
550 0.468126
551 0.558253
552 0.430075
553 0.48876
554 0.478666
555 0.271776
556 0.287679
557 0.32871
558 0.319804
559 0.336843
560 0.295393
561 0.35865
562 0.373362
563 0.365643
564 0.290632
565 0.599548
566 0.399136
567 0.408718
568 0.312948
569 0.32949
570 0.365178
571 0.268446
572 0.350255
573 0.31123
574 0.370186
575 0.352899
576 0.418408
577 0.371799
578 0.364517
579 0.400545
580 0.292503
581 0.456635
582 0.436322
583 0.524891
584 0.335138
585 0.305882
586 0.362988
587 0.341491
588 0.270949
589 0.324102
590 0.336743
591 0.487313
592 0.327396
593 0.370474
594 0.305111
595 0.437708
596 0.462032
597 0.565582
598 0.548166
599 0.490752
600 0.327612
601 0.48071
602 0.47059
603 0.451408
604 0.402794
605 0.371995
606 0.365541
607 0.315834
608 0.276918
609 0.309263
610 0.317076
611 0.473535
612 0.311702
613 0.506306
614 0.28793
615 0.302954
616 0.302219
617 0.448737
618 0.412066
619 0.316457
620 0.411595
621 0.36853
622 0.320926
623 0.448217
624 0.404385
625 0.350976
626 0.269306
627 0.319456
628 0.391618
629 0.383977
630 0.481863
631 0.409487
632 0.407429
633 0.428957
634 0.508487
635 0.322265
636 0.396938
637 0.485462
638 0.372313
639 0.436283
640 0.315922
641 0.356986
642 0.477378
643 0.429282
644 0.415264
645 0.463758
646 0.32367
647 0.313421
648 0.26471
649 0.341369
650 0.37412
651 0.297859
652 0.298534
653 0.430481
654 0.286879
655 0.341014
656 0.247797
657 0.204952
658 0.412058
659 0.324298
660 0.389372
661 0.545104
662 0.344799
663 0.28748
664 0.40093
665 0.309917
666 0.395084
667 0.321979
668 0.308553
669 0.301134
670 0.316186
671 0.419526
672 0.416392
673 0.256772
674 0.42031
675 0.263348
676 0.286301
677 0.353945
678 0.354212
679 0.403442
680 0.327986
681 0.630496
682 0.507684
683 0.287754
684 0.308454
685 0.425501
686 0.305577
687 0.23875
688 0.319129
689 0.30923
690 0.348427
691 0.444814
692 0.25767
693 0.323346
694 0.302322
695 0.377611
696 0.375049
697 0.424241
698 0.361209
699 0.445153
700 0.300767
701 0.465519
702 0.417523
703 0.245365
704 0.285928
705 0.345035
706 0.374672
707 0.325121
708 0.324568
709 0.349674
710 0.411697
711 0.286056
712 0.544172
713 0.450891
714 0.373809
715 0.382568
716 0.35392
717 0.404249
718 0.375694
719 0.303989
720 0.446057
721 0.505974
722 0.340343
723 0.409261
724 0.367704
725 0.527762
726 0.250917
727 0.296786
728 0.213771
729 0.29843
730 0.320151
731 0.266144
732 0.339595
733 0.302615
734 0.375797
735 0.278965
736 0.463715
737 0.315719
738 0.294349
739 0.238078
740 0.375176
741 0.347058
742 0.385864
743 0.369265
744 0.324414
745 0.432491
746 0.339866
747 0.348548
748 0.350537
749 0.48017
750 0.375875
751 0.517383
752 0.359831
753 0.236799
754 0.349958
755 0.294331
756 0.326702
757 0.310167
758 0.449298
759 0.412443
760 0.339143
761 0.406082
762 0.420407
763 0.308545
764 0.3746
765 0.341026
766 0.282658
767 0.33713
768 0.34808
769 0.344516
770 0.216027
771 0.271324
772 0.553445
773 0.276074
774 0.294888
775 0.247909
776 0.557439
777 0.427186
778 0.241422
779 0.469411
780 0.283398
781 0.284269
782 0.362764
783 0.661934
784 0.581869
785 0.345203
786 0.260564
787 0.248109
788 0.260576
789 0.272338
790 0.349654
791 0.402719
792 0.322354
793 0.282701
794 0.248308
795 0.320437
796 0.39296
797 0.343435
798 0.296727
799 0.269082
800 0.216713
801 0.428145
802 0.426905
803 0.426451
804 0.326505
805 0.289234
806 0.287079
807 0.386152
808 0.448857
809 0.358794
810 0.422985
811 0.449676
812 0.293206
813 0.296379
814 0.278719
815 0.288535
816 0.257505
817 0.255139
818 0.352764
819 0.281533
820 0.35418
821 0.352367
822 0.231665
823 0.26969
824 0.233293
825 0.322935
826 0.343351
827 0.246663
828 0.347273
829 0.286128
830 0.330775
831 0.228879
832 0.255599
833 0.25014
834 0.225373
835 0.265916
836 0.231841
837 0.328868
838 0.294405
839 0.269491
840 0.480751
841 0.249
842 0.213711
843 0.238508
844 0.201078
845 0.252465
846 0.226823
847 0.265177
848 0.166928
849 0.371659
850 0.190104
851 0.20242
852 0.263905
853 0.437808
854 0.31231
855 0.310093
856 0.500996
857 0.375783
858 0.45356
859 0.339613
860 0.303891
861 0.290969
862 0.378583
863 0.436665
864 0.379436
865 0.227017
866 0.275007
867 0.301967
868 0.310704
869 0.224044
870 0.249944
871 0.321634
872 0.326791
873 0.307997
874 0.27011
875 0.354934
876 0.224842
877 0.388976
878 0.278453
879 0.434061
880 0.318937
881 0.306183
882 0.384806
883 0.29496
884 0.330779
885 0.227526
886 0.508715
887 0.559982
888 0.259866
889 0.342122
890 0.313298
891 0.316257
892 0.344134
893 0.262306
894 0.296223
895 0.238813
896 0.344258
897 0.295129
898 0.528285
899 0.303874
900 0.177782
901 0.230329
902 0.326212
903 0.289038
904 0.307004
905 0.269534
906 0.220679
907 0.246966
908 0.45493
909 0.316761
910 0.401245
911 0.276815
912 0.288012
913 0.254745
914 0.34395
915 0.274388
916 0.363599
917 0.470159
918 0.289581
919 0.408316
920 0.407083
921 0.334957
922 0.284863
923 0.334244
924 0.233268
925 0.323128
926 0.272489
927 0.31938
928 0.332884
929 0.274099
930 0.384284
931 0.28975
932 0.331945
933 0.512892
934 0.337246
935 0.219155
936 0.376469
937 0.284259
938 0.302719
939 0.238893
940 0.257194
941 0.398011
942 0.419234
943 0.272327
944 0.282453
945 0.310941
946 0.331633
947 0.340855
948 0.281606
949 0.276834
950 0.335911
951 0.27119
952 0.402857
953 0.198833
954 0.35967
955 0.446014
956 0.319061
957 0.284906
958 0.370451
959 0.28733
960 0.233186
961 0.293868
962 0.331797
963 0.282546
964 0.271486
965 0.221837
966 0.311938
967 0.367185
968 0.278883
969 0.344816
970 0.358312
971 0.257817
972 0.204467
973 0.305209
974 0.407229
975 0.329375
976 0.315343
977 0.2727
978 0.234119
979 0.353871
980 0.461596
981 0.444168
982 0.351181
983 0.285025
984 0.238177
985 0.293738
986 0.267629
987 0.295316
988 0.200602
989 0.315218
990 0.237883
991 0.308948
992 0.246697
993 0.24953
994 0.448216
995 0.430069
996 0.315904
997 0.283614
998 0.278781
999 0.250947
1000 0.25372
1001 0.297936
1002 0.284513
1003 0.296923
1004 0.305641
1005 0.305446
1006 0.298188
1007 0.335387
1008 0.249011
1009 0.262969
1010 0.384907
1011 0.316819
1012 0.389111
1013 0.265822
1014 0.300838
1015 0.283149
1016 0.198065
1017 0.282585
1018 0.340267
1019 0.289111
1020 0.28323
1021 0.268849
1022 0.2503
1023 0.260136
1024 0.396233
1025 0.419858
1026 0.511891
1027 0.356083
1028 0.378396
1029 0.247764
1030 0.465706
1031 0.324973
1032 0.268791
1033 0.287084
1034 0.302227
1035 0.362944
1036 0.27935
1037 0.277152
1038 0.307031
1039 0.322708
1040 0.306514
1041 0.339291
1042 0.396172
1043 0.272935
1044 0.266139
1045 0.294583
1046 0.28429
1047 0.400581
1048 0.270569
1049 0.288587
1050 0.370328
1051 0.310073
1052 0.374929
1053 0.32737
1054 0.209442
1055 0.197643
1056 0.256554
1057 0.270175
1058 0.261749
1059 0.291024
1060 0.309025
1061 0.357542
1062 0.360297
1063 0.354903
1064 0.256973
1065 0.304895
1066 0.403735
1067 0.337612
1068 0.343147
1069 0.278363
1070 0.288015
1071 0.404076
1072 0.235403
1073 0.258974
1074 0.333643
1075 0.298147
1076 0.304024
1077 0.197783
1078 0.245702
1079 0.301264
1080 0.278053
1081 0.319393
1082 0.364963
1083 0.202612
1084 0.251889
1085 0.249217
1086 0.227824
1087 0.309056
1088 0.295861
1089 0.35818
1090 0.359264
1091 0.274083
1092 0.349952
1093 0.29231
1094 0.220767
1095 0.391846
1096 0.285424
1097 0.278193
1098 0.237452
1099 0.314264
1100 0.451067
1101 0.234295
1102 0.263026
1103 0.291159
1104 0.198978
1105 0.386948
1106 0.274082
1107 0.30098
1108 0.28514
1109 0.237553
1110 0.491072
1111 0.348942
1112 0.238391
1113 0.464808
1114 0.284661
1115 0.247113
1116 0.23465
1117 0.246513
1118 0.245662
1119 0.425708
1120 0.244595
1121 0.229943
1122 0.231584
1123 0.280745
1124 0.261907
1125 0.478332
1126 0.471601
1127 0.365224
1128 0.34976
1129 0.3792
1130 0.363072
1131 0.286409
1132 0.24455
1133 0.302049
1134 0.223716
1135 0.300795
1136 0.233031
1137 0.237366
1138 0.424258
1139 0.336389
1140 0.472842
1141 0.362223
1142 0.390412
1143 0.252685
1144 0.31509
1145 0.276602
1146 0.249061
1147 0.255827
1148 0.213766
1149 0.382611
1150 0.514439
1151 0.349171
1152 0.340754
1153 0.354594
1154 0.272522
1155 0.242963
1156 0.219781
1157 0.222723
1158 0.258863
1159 0.237965
1160 0.200042
1161 0.344721
1162 0.246563
1163 0.270717
1164 0.258606
1165 0.377978
1166 0.281518
1167 0.24707
1168 0.273543
1169 0.305277
1170 0.407401
1171 0.325753
1172 0.231401
1173 0.367812
1174 0.327549
1175 0.252291
1176 0.386605
1177 0.275852
1178 0.2922
1179 0.359607
1180 0.475737
1181 0.22947
1182 0.176777
1183 0.255116
1184 0.23583
1185 0.305959
1186 0.236698
1187 0.532277
1188 0.377977
1189 0.306741
1190 0.396388
1191 0.278521
1192 0.313301
1193 0.322703
1194 0.22671
1195 0.235943
1196 0.335399
1197 0.359183
1198 0.276946
1199 0.215463
1200 0.405683
1201 0.366021
1202 0.308616
1203 0.210009
1204 0.251315
1205 0.432477
1206 0.423163
1207 0.275926
1208 0.391879
1209 0.241514
1210 0.325457
1211 0.333203
1212 0.353332
1213 0.347228
1214 0.295212
1215 0.243099
1216 0.231732
1217 0.246175
1218 0.28547
1219 0.287657
1220 0.234686
1221 0.24224
1222 0.281589
1223 0.195342
1224 0.270696
1225 0.381381
1226 0.246296
1227 0.238327
1228 0.225953
1229 0.249884
1230 0.310514
1231 0.409642
1232 0.35312
1233 0.304396
1234 0.254748
1235 0.188208
1236 0.454615
1237 0.324691
1238 0.286952
1239 0.33041
1240 0.303489
1241 0.225504
1242 0.27979
1243 0.295098
1244 0.280965
1245 0.199434
1246 0.256117
1247 0.300743
1248 0.209375
1249 0.237398
1250 0.313947
1251 0.237888
1252 0.226256
1253 0.292896
1254 0.283524
1255 0.244115
1256 0.249373
1257 0.283844
1258 0.262284
1259 0.329208
1260 0.224954
1261 0.258036
1262 0.252233
1263 0.188161
1264 0.265689
1265 0.279497
1266 0.290044
1267 0.225488
1268 0.344437
1269 0.31148
1270 0.184229
1271 0.264351
1272 0.21617
1273 0.192183
1274 0.198126
1275 0.186375
1276 0.194323
1277 0.244738
1278 0.194168
1279 0.144992
1280 0.175341
1281 0.297439
1282 0.264392
1283 0.172666
1284 0.487064
1285 0.179798
1286 0.29614
1287 0.319416
1288 0.28495
1289 0.218888
1290 0.252088
1291 0.263378
1292 0.318227
1293 0.288973
1294 0.207173
1295 0.27152
1296 0.289294
1297 0.268227
1298 0.189245
1299 0.223795
1300 0.316276
1301 0.327776
1302 0.272749
1303 0.291557
1304 0.266432
1305 0.204643
1306 0.288047
1307 0.232781
1308 0.341359
1309 0.241209
1310 0.247574
1311 0.37741
1312 0.257347
1313 0.306659
1314 0.26966
1315 0.494476
1316 0.72078
1317 0.278427
1318 0.330194
1319 0.338421
1320 0.336476
1321 0.260199
1322 0.201697
1323 0.240811
1324 0.211954
1325 0.271913
1326 0.288824
1327 0.24799
1328 0.238439
1329 0.201986
1330 0.293573
1331 0.306157
1332 0.290185
1333 0.237177
1334 0.282582
1335 0.322134
1336 0.241077
1337 0.444916
1338 0.328309
1339 0.329478
1340 0.291215
1341 0.224284
1342 0.279043
1343 0.235783
1344 0.208488
1345 0.361483
1346 0.257514
1347 0.248599
1348 0.367119
1349 0.276258
1350 0.230725
1351 0.271094
1352 0.266317
1353 0.24622
1354 0.255504
1355 0.24505
1356 0.301247
1357 0.214967
1358 0.315458
1359 0.255003
1360 0.25989
1361 0.253025
1362 0.36039
1363 0.339722
1364 0.253776
1365 0.346506
1366 0.367812
1367 0.303642
1368 0.307929
1369 0.261078
1370 0.285237
1371 0.280279
1372 0.31678
1373 0.266342
1374 0.253713
1375 0.337984
1376 0.282163
1377 0.314545
1378 0.251006
1379 0.279195
1380 0.321441
1381 0.303606
1382 0.275548
1383 0.258619
1384 0.305458
1385 0.381891
1386 0.285522
1387 0.265176
1388 0.237407
1389 0.240946
1390 0.268884
1391 0.220999
1392 0.23292
1393 0.190592
1394 0.224061
1395 0.227865
1396 0.39222
1397 0.24619
1398 0.267379
1399 0.266508
1400 0.210498
1401 0.221845
1402 0.259822
1403 0.307399
1404 0.299966
1405 0.305855
1406 0.241826
1407 0.283186
1408 0.337057
1409 0.350258
1410 0.366035
1411 0.24666
1412 0.316012
1413 0.22064
1414 0.261622
1415 0.304454
1416 0.247348
1417 0.173949
1418 0.311068
1419 0.238004
1420 0.272513
1421 0.223812
1422 0.299296
1423 0.382571
1424 0.364598
1425 0.213428
1426 0.210134
1427 0.280273
1428 0.210077
1429 0.276819
1430 0.235562
1431 0.240349
1432 0.237059
1433 0.288468
1434 0.281889
1435 0.214732
1436 0.346689
1437 0.249416
1438 0.275445
1439 0.409631
1440 0.374895
1441 0.247013
1442 0.179112
1443 0.287208
1444 0.274267
1445 0.184628
1446 0.361648
1447 0.214915
1448 0.320224
1449 0.258834
1450 0.208001
1451 0.225838
1452 0.21284
1453 0.341513
1454 0.442906
1455 0.441329
1456 0.336063
1457 0.277489
1458 0.228004
1459 0.442464
1460 0.25344
1461 0.289936
1462 0.247932
1463 0.253072
1464 0.305725
1465 0.191941
1466 0.242098
1467 0.263507
1468 0.271665
1469 0.296531
1470 0.294755
1471 0.260758
1472 0.268768
1473 0.300391
1474 0.329122
1475 0.376315
1476 0.315791
1477 0.222565
1478 0.266891
1479 0.33527
1480 0.288035
1481 0.409646
1482 0.262535
1483 0.187677
1484 0.153899
1485 0.236497
1486 0.231488
1487 0.207374
1488 0.277807
1489 0.24203
1490 0.308374
1491 0.29031
1492 0.268259
1493 0.243989
1494 0.325403
1495 0.302558
1496 0.236419
1497 0.239861
1498 0.244693
1499 0.329492
1500 0.295086
1501 0.193379
1502 0.267566
1503 0.333703
1504 0.184004
1505 0.233394
1506 0.213536
1507 0.18935
1508 0.232126
1509 0.189398
1510 0.337565
1511 0.181551
1512 0.225403
1513 0.275704
1514 0.195047
1515 0.274516
1516 0.287557
1517 0.250796
1518 0.341322
1519 0.363675
1520 0.218283
1521 0.255249
1522 0.244366
1523 0.29014
1524 0.245096
1525 0.312037
1526 0.221797
1527 0.219588
1528 0.245858
1529 0.274449
1530 0.266286
1531 0.229321
1532 0.172337
1533 0.234631
1534 0.225675
1535 0.227014
1536 0.274853
1537 0.207337
1538 0.351376
1539 0.354049
1540 0.292319
1541 0.34014
1542 0.328208
1543 0.255267
1544 0.266586
1545 0.202347
1546 0.247266
1547 0.302578
1548 0.293936
1549 0.293778
1550 0.1888
1551 0.300295
1552 0.213164
1553 0.295069
1554 0.445607
1555 0.278968
1556 0.27472
1557 0.275016
1558 0.246791
1559 0.395953
1560 0.315736
1561 0.251294
1562 0.229614
1563 0.223292
1564 0.239618
1565 0.250015
1566 0.198766
1567 0.358774
1568 0.295757
1569 0.340064
1570 0.337602
1571 0.230681
1572 0.251778
1573 0.305289
1574 0.288141
1575 0.277235
1576 0.275413
1577 0.293816
1578 0.358509
1579 0.324502
1580 0.237408
1581 0.347588
1582 0.331945
1583 0.259574
1584 0.214867
1585 0.174021
1586 0.21209
1587 0.237115
1588 0.24294
1589 0.256708
1590 0.256945
1591 0.329782
1592 0.199971
1593 0.219219
1594 0.309455
1595 0.199771
1596 0.187743
1597 0.22624
1598 0.242206
1599 0.253738
1600 0.344272
1601 0.171476
1602 0.253076
1603 0.256226
1604 0.234018
1605 0.325948
1606 0.248402
1607 0.235903
1608 0.440099
1609 0.313244
1610 0.193661
1611 0.185651
1612 0.287135
1613 0.229846
1614 0.271555
1615 0.269119
1616 0.373206
1617 0.262819
1618 0.323198
1619 0.346952
1620 0.247652
1621 0.298356
1622 0.314137
1623 0.206518
1624 0.245885
1625 0.274641
1626 0.262034
1627 0.229129
1628 0.194497
1629 0.450971
1630 0.303281
1631 0.283713
1632 0.223172
1633 0.350465
1634 0.36051
1635 0.239817
1636 0.427525
1637 0.224688
1638 0.220481
1639 0.306478
1640 0.365458
1641 0.323688
1642 0.27268
1643 0.246837
1644 0.210327
1645 0.182771
1646 0.174533
1647 0.285146
1648 0.216694
1649 0.302314
1650 0.256743
1651 0.19183
1652 0.189825
1653 0.287731
1654 0.284199
1655 0.242893
1656 0.1788
1657 0.184814
1658 0.265555
1659 0.286203
1660 0.375502
1661 0.180558
1662 0.294592
1663 0.175162
1664 0.182739
1665 0.346794
1666 0.229312
1667 0.277795
1668 0.322131
1669 0.237506
1670 0.221816
1671 0.259166
1672 0.247211
1673 0.203094
1674 0.225871
1675 0.216908
1676 0.169684
1677 0.212373
1678 0.258403
1679 0.236691
1680 0.238369
1681 0.174703
1682 0.233905
1683 0.233439
1684 0.175761
1685 0.222187
1686 0.277555
1687 0.22925
1688 0.290604
1689 0.22602
1690 0.204465
1691 0.178592
1692 0.212279
1693 0.153457
1694 0.269729
1695 0.229775
1696 0.22689
1697 0.347845
1698 0.209511
1699 0.179141
1700 0.240634
1701 0.135149
1702 0.175285
1703 0.22847
1704 0.172472
1705 0.174336
1706 0.226509
1707 0.162352
1708 0.130184
1709 0.152302
1710 0.259903
1711 0.192967
1712 0.162648
1713 0.426594
1714 0.216832
1715 0.262093
1716 0.271528
1717 0.2914
1718 0.180796
1719 0.244025
1720 0.300214
1721 0.281949
1722 0.235884
1723 0.194265
1724 0.202393
1725 0.217614
1726 0.228891
1727 0.255761
1728 0.204664
1729 0.354354
1730 0.303483
1731 0.181283
1732 0.259742
1733 0.169424
1734 0.188826
1735 0.21173
1736 0.220092
1737 0.272888
1738 0.265641
1739 0.28058
1740 0.233299
1741 0.329096
1742 0.189208
1743 0.35623
1744 0.274243
1745 0.290606
1746 0.194892
1747 0.197987
1748 0.247873
1749 0.255411
1750 0.234065
1751 0.255004
1752 0.226484
1753 0.20317
1754 0.266405
1755 0.387433
1756 0.178905
1757 0.256017
1758 0.191014
1759 0.25685
1760 0.216702
1761 0.278205
1762 0.16631
1763 0.204508
1764 0.185223
1765 0.257376
1766 0.306849
1767 0.235594
1768 0.267303
1769 0.278028
1770 0.169706
1771 0.246103
1772 0.255792
1773 0.17641
1774 0.344677
1775 0.189742
1776 0.232716
1777 0.358187
1778 0.210908
1779 0.21317
1780 0.245578
1781 0.210335
1782 0.242785
1783 0.242772
1784 0.236492
1785 0.29027
1786 0.211204
1787 0.273912
1788 0.19665
1789 0.227977
1790 0.30121
1791 0.330495
1792 0.173443
1793 0.250805
1794 0.228268
1795 0.245603
1796 0.273849
1797 0.286736
1798 0.279072
1799 0.279386
1800 0.280753
1801 0.260754
1802 0.161462
1803 0.164877
1804 0.241053
1805 0.252549
1806 0.201563
1807 0.23081
1808 0.260619
1809 0.268409
1810 0.22962
1811 0.188612
1812 0.249268
1813 0.292041
1814 0.321174
1815 0.201572
1816 0.173749
1817 0.225463
1818 0.211568
1819 0.286029
1820 0.248035
1821 0.222827
1822 0.182182
1823 0.203732
1824 0.248256
1825 0.237784
1826 0.292121
1827 0.257054
1828 0.268973
1829 0.149767
1830 0.215853
1831 0.214308
1832 0.333796
1833 0.237371
1834 0.2582
1835 0.175729
1836 0.331561
1837 0.311697
1838 0.233816
1839 0.339698
1840 0.212827
1841 0.175629
1842 0.204325
1843 0.233123
1844 0.182847
1845 0.213649
1846 0.185007
1847 0.226066
1848 0.19187
1849 0.229545
1850 0.205564
1851 0.24388
1852 0.319165
1853 0.260461
1854 0.211126
1855 0.172916
1856 0.189131
1857 0.1842
1858 0.267416
1859 0.23831
1860 0.211368
1861 0.186221
1862 0.247094
1863 0.217791
1864 0.246574
1865 0.230929
1866 0.187673
1867 0.207783
1868 0.266685
1869 0.365017
1870 0.244507
1871 0.201842
1872 0.236266
1873 0.295869
1874 0.266338
1875 0.297856
1876 0.20343
1877 0.311171
1878 0.203734
1879 0.187541
1880 0.145682
1881 0.276058
1882 0.334616
1883 0.365945
1884 0.311787
1885 0.321318
1886 0.190034
1887 0.245386
1888 0.256074
1889 0.176842
1890 0.287222
1891 0.222009
1892 0.253616
1893 0.294921
1894 0.169126
1895 0.228959
1896 0.156823
1897 0.28639
1898 0.210174
1899 0.3418
1900 0.17704
1901 0.231376
1902 0.206158
1903 0.299556
1904 0.235115
1905 0.217918
1906 0.23482
1907 0.232432
1908 0.250161
1909 0.189209
1910 0.268652
1911 0.23753
1912 0.179543
1913 0.165193
1914 0.232647
1915 0.190602
1916 0.181677
1917 0.239441
1918 0.210408
1919 0.269282
1920 0.291124
1921 0.263727
1922 0.261906
1923 0.302464
1924 0.255755
1925 0.227606
1926 0.179423
1927 0.2227
1928 0.275548
1929 0.319786
1930 0.241966
1931 0.276335
1932 0.235824
1933 0.185385
1934 0.194116
1935 0.207247
1936 0.22282
1937 0.213378
1938 0.236377
1939 0.189271
1940 0.159245
1941 0.228247
1942 0.194116
1943 0.166904
1944 0.255769
1945 0.227116
1946 0.261485
1947 0.32782
1948 0.318836
1949 0.215123
1950 0.282625
1951 0.173607
1952 0.304246
1953 0.236093
1954 0.21918
1955 0.221014
1956 0.224366
1957 0.293712
1958 0.238092
1959 0.152875
1960 0.282456
1961 0.164304
1962 0.199859
1963 0.211007
1964 0.223591
1965 0.23797
1966 0.199449
1967 0.398962
1968 0.266368
1969 0.195915
1970 0.277258
1971 0.309605
1972 0.280589
1973 0.183309
1974 0.253419
1975 0.244631
1976 0.243056
1977 0.235555
1978 0.270158
1979 0.176775
1980 0.184096
1981 0.20451
1982 0.284633
1983 0.347213
1984 0.313072
1985 0.308212
1986 0.287844
1987 0.249861
1988 0.202657
1989 0.180645
1990 0.222652
1991 0.297867
1992 0.193024
1993 0.234747
1994 0.203283
1995 0.27623
1996 0.270219
1997 0.276749
1998 0.319277
1999 0.21911
2000 0.265461
2001 0.272708
2002 0.19156
2003 0.293222
2004 0.215237
2005 0.198081
2006 0.255439
2007 0.468558
2008 0.215494
2009 0.250715
2010 0.258973
2011 0.338273
2012 0.280835
2013 0.182108
2014 0.166926
2015 0.273257
2016 0.287487
2017 0.192934
2018 0.284917
2019 0.246206
2020 0.251365
2021 0.193969
2022 0.278783
2023 0.257442
2024 0.193917
2025 0.208608
2026 0.280413
2027 0.205715
2028 0.292991
2029 0.23556
2030 0.234894
2031 0.234544
2032 0.262147
2033 0.290325
2034 0.2382
2035 0.278354
2036 0.241828
2037 0.381069
2038 0.249972
2039 0.194097
2040 0.180245
2041 0.226112
2042 0.246096
2043 0.182108
2044 0.347226
2045 0.260196
2046 0.232639
2047 0.260256
2048 0.30798
2049 0.187477
2050 0.226382
2051 0.27434
2052 0.217397
2053 0.201484
2054 0.207145
2055 0.217762
2056 0.192055
2057 0.203963
2058 0.37742
2059 0.265471
2060 0.315968
2061 0.143037
2062 0.401095
2063 0.236897
2064 0.19192
2065 0.372522
2066 0.157645
2067 0.242959
2068 0.343922
2069 0.402476
2070 0.39462
2071 0.208386
2072 0.26576
2073 0.175485
2074 0.185877
2075 0.162033
2076 0.24844
2077 0.274816
2078 0.198692
2079 0.189232
2080 0.178383
2081 0.229024
2082 0.193048
2083 0.244253
2084 0.206243
2085 0.200504
2086 0.174005
2087 0.267623
2088 0.259659
2089 0.366676
2090 0.23816
2091 0.1803
2092 0.194479
2093 0.249602
2094 0.308925
2095 0.203788
2096 0.316469
2097 0.215542
2098 0.164984
2099 0.236104
2100 0.163685
2101 0.223512
2102 0.242345
2103 0.183412
2104 0.218472
2105 0.204722
2106 0.203086
2107 0.16846
2108 0.207823
2109 0.275595
2110 0.201124
2111 0.228713
2112 0.259661
2113 0.154491
2114 0.211151
2115 0.198061
2116 0.268204
2117 0.188557
2118 0.216223
2119 0.166015
2120 0.187413
2121 0.21912
2122 0.15458
2123 0.288452
2124 0.231309
2125 0.166071
2126 0.271801
2127 0.188433
2128 0.160895
2129 0.208828
2130 0.163813
2131 0.143625
2132 0.166082
2133 0.171612
2134 0.157788
2135 0.250287
2136 0.155977
2137 0.143976
2138 0.150907
2139 0.192547
2140 0.164431
2141 0.184424
2142 0.375316
2143 0.298871
2144 0.359761
2145 0.339783
2146 0.211523
2147 0.179982
2148 0.218395
2149 0.306551
2150 0.28763
2151 0.142088
2152 0.179157
2153 0.225672
2154 0.211545
2155 0.160031
2156 0.246345
2157 0.242007
2158 0.295898
2159 0.21947
2160 0.181811
2161 0.216657
2162 0.170498
2163 0.258791
2164 0.168706
2165 0.280847
2166 0.2567
2167 0.174166
2168 0.329056
2169 0.214755
2170 0.230359
2171 0.195613
2172 0.485741
2173 0.434056
2174 0.190956
2175 0.217016
2176 0.203745
2177 0.197867
2178 0.238839
2179 0.20274
2180 0.231189
2181 0.175058
2182 0.220063
2183 0.218616
2184 0.578678
2185 0.346228
2186 0.155961
2187 0.154806
2188 0.24186
2189 0.327288
2190 0.289456
2191 0.210387
2192 0.182904
2193 0.221687
2194 0.292412
2195 0.239057
2196 0.271483
2197 0.22403
2198 0.208319
2199 0.189766
2200 0.211394
2201 0.240086
2202 0.195511
2203 0.236765
2204 0.163222
2205 0.236453
2206 0.250407
2207 0.231829
2208 0.199752
2209 0.295737
2210 0.162993
2211 0.266591
2212 0.208322
2213 0.240727
2214 0.19739
2215 0.189594
2216 0.272824
2217 0.188353
2218 0.252716
2219 0.290943
2220 0.218486
2221 0.144888
2222 0.242432
2223 0.191989
2224 0.23145
2225 0.184702
2226 0.218736
2227 0.265498
2228 0.313386
2229 0.207332
2230 0.189985
2231 0.183439
2232 0.222742
2233 0.19338
2234 0.249064
2235 0.19838
2236 0.192419
2237 0.186796
2238 0.311123
2239 0.153598
2240 0.220253
2241 0.285652
2242 0.245263
2243 0.294294
2244 0.203125
2245 0.226824
2246 0.227983
2247 0.263959
2248 0.236022
2249 0.25223
2250 0.260323
2251 0.174029
2252 0.145696
2253 0.251032
2254 0.214307
2255 0.251423
2256 0.29654
2257 0.198958
2258 0.182112
2259 0.205297
2260 0.278573
2261 0.274544
2262 0.319617
2263 0.244255
2264 0.185935
2265 0.297924
2266 0.350181
2267 0.247131
2268 0.240388
2269 0.220041
2270 0.241693
2271 0.205268
2272 0.190916
2273 0.215953
2274 0.147612
2275 0.226623
2276 0.19462
2277 0.287857
2278 0.273844
2279 0.171556
2280 0.351717
2281 0.317847
2282 0.237406
2283 0.155422
2284 0.20372
2285 0.278485
2286 0.18193
2287 0.295637
2288 0.210439
2289 0.23556
2290 0.181313
2291 0.304432
2292 0.232915
2293 0.191968
2294 0.232766
2295 0.265039
2296 0.228857
2297 0.27246
2298 0.289337
2299 0.198744
2300 0.233567
2301 0.21647
2302 0.215842
2303 0.245561
2304 0.287362
2305 0.255916
2306 0.181312
2307 0.21105
2308 0.203095
2309 0.213381
2310 0.284003
2311 0.425333
2312 0.27729
2313 0.26032
2314 0.365105
2315 0.195422
2316 0.281026
2317 0.215307
2318 0.193922
2319 0.228826
2320 0.214229
2321 0.274785
2322 0.153593
2323 0.17186
2324 0.15869
2325 0.178662
2326 0.245521
2327 0.200085
2328 0.251213
2329 0.190354
2330 0.257831
2331 0.238523
2332 0.196583
2333 0.249565
2334 0.179939
2335 0.192388
2336 0.302094
2337 0.184832
2338 0.181475
2339 0.255575
2340 0.150164
2341 0.160446
2342 0.24652
2343 0.151383
2344 0.172526
2345 0.215029
2346 0.210605
2347 0.210185
2348 0.326011
2349 0.218916
2350 0.174298
2351 0.214569
2352 0.235914
2353 0.201114
2354 0.244554
2355 0.208921
2356 0.173437
2357 0.316946
2358 0.270169
2359 0.142335
2360 0.204761
2361 0.171613
2362 0.185039
2363 0.158073
2364 0.22825
2365 0.169593
2366 0.182227
2367 0.195934
2368 0.199205
2369 0.133469
2370 0.207657
2371 0.158742
2372 0.156477
2373 0.32226
2374 0.175592
2375 0.210591
2376 0.223147
2377 0.215939
2378 0.291288
2379 0.16957
2380 0.18642
2381 0.253655
2382 0.170382
2383 0.188575
2384 0.200832
2385 0.20241
2386 0.247825
2387 0.247362
2388 0.182192
2389 0.173375
2390 0.177342
2391 0.211885
2392 0.175739
2393 0.211905
2394 0.231459
2395 0.214732
2396 0.419517
2397 0.207574
2398 0.220507
2399 0.342273
2400 0.185405
2401 0.220576
2402 0.131704
2403 0.205968
2404 0.189762
2405 0.321567
2406 0.230282
2407 0.156706
2408 0.170869
2409 0.180228
2410 0.154728
2411 0.299276
2412 0.323802
2413 0.173798
2414 0.2896
2415 0.231247
2416 0.249911
2417 0.17457
2418 0.201574
2419 0.263764
2420 0.149054
2421 0.186902
2422 0.245658
2423 0.230274
2424 0.319941
2425 0.18808
2426 0.34928
2427 0.240778
2428 0.315787
2429 0.1888
2430 0.190222
2431 0.195379
2432 0.213193
2433 0.210527
2434 0.195292
2435 0.302615
2436 0.357043
2437 0.184433
2438 0.23845
2439 0.203551
2440 0.210343
2441 0.221521
2442 0.139751
2443 0.180804
2444 0.194253
2445 0.240261
2446 0.199777
2447 0.247893
2448 0.207509
2449 0.19076
2450 0.181927
2451 0.318829
2452 0.197708
2453 0.204203
2454 0.196104
2455 0.220784
2456 0.214772
2457 0.286873
2458 0.18202
2459 0.200859
2460 0.298331
2461 0.17014
2462 0.205351
2463 0.199089
2464 0.201424
2465 0.239436
2466 0.326755
2467 0.150633
2468 0.174089
2469 0.206358
2470 0.180775
2471 0.32451
2472 0.164258
2473 0.35629
2474 0.225024
2475 0.203022
2476 0.365079
2477 0.257229
2478 0.288788
2479 0.182368
2480 0.199984
2481 0.235499
2482 0.178626
2483 0.216086
2484 0.174947
2485 0.187856
2486 0.302351
2487 0.316852
2488 0.285309
2489 0.22263
2490 0.156975
2491 0.265076
2492 0.225563
2493 0.168017
2494 0.26713
2495 0.143126
2496 0.244186
2497 0.217526
2498 0.277702
2499 0.303093
2500 0.216915
2501 0.300682
2502 0.27025
2503 0.147745
2504 0.308345
2505 0.193204
2506 0.215323
2507 0.172039
2508 0.173302
2509 0.14983
2510 0.205852
2511 0.310207
2512 0.208217
2513 0.215594
2514 0.146811
2515 0.189025
2516 0.249472
2517 0.262497
2518 0.312984
2519 0.202089
2520 0.231424
2521 0.188902
2522 0.268716
2523 0.244224
2524 0.147256
2525 0.187901
2526 0.243026
2527 0.220146
2528 0.193426
2529 0.178279
2530 0.219994
2531 0.148115
2532 0.212215
2533 0.252803
2534 0.149559
2535 0.179116
2536 0.252051
2537 0.15715
2538 0.192534
2539 0.159205
2540 0.164252
2541 0.184557
2542 0.138425
2543 0.195925
2544 0.204553
2545 0.242002
2546 0.165075
2547 0.186261
2548 0.163089
2549 0.156435
2550 0.193288
2551 0.16327
2552 0.198709
2553 0.194879
2554 0.198041
2555 0.253021
2556 0.144081
2557 0.168108
2558 0.144673
2559 0.125091
2560 0.14609
2561 0.164048
2562 0.196158
2563 0.135613
2564 0.155604
2565 0.120967
2566 0.141681
2567 0.181135
2568 0.256034
2569 0.135283
2570 0.307776
2571 0.220296
2572 0.265751
2573 0.254899
2574 0.231382
2575 0.17433
2576 0.132014
2577 0.24303
2578 0.278392
2579 0.282391
2580 0.213093
2581 0.14308
2582 0.219416
2583 0.213031
2584 0.207076
2585 0.167981
2586 0.286523
2587 0.250667
2588 0.239456
2589 0.218952
2590 0.204113
2591 0.212328
2592 0.186577
2593 0.188604
2594 0.309648
2595 0.184351
2596 0.175233
2597 0.284889
2598 0.17004
2599 0.244977
2600 0.231506
2601 0.317006
2602 0.386759
2603 0.226107
2604 0.154068
2605 0.206673
2606 0.233398
2607 0.1716
2608 0.146266
2609 0.157346
2610 0.135964
2611 0.197744
2612 0.271106
2613 0.188089
2614 0.169119
2615 0.129036
2616 0.169
2617 0.207708
2618 0.259351
2619 0.250446
2620 0.16937
2621 0.163448
2622 0.192856
2623 0.273631
2624 0.177892
2625 0.154399
2626 0.216118
2627 0.130453
2628 0.177031
2629 0.205097
2630 0.171235
2631 0.270312
2632 0.154986
2633 0.225154
2634 0.261433
2635 0.263876
2636 0.175806
2637 0.201971
2638 0.162968
2639 0.16804
2640 0.156995
2641 0.213536
2642 0.207233
2643 0.197938
2644 0.206827
2645 0.241626
2646 0.190181
2647 0.235616
2648 0.388979
2649 0.196484
2650 0.181776
2651 0.240359
2652 0.175944
2653 0.215757
2654 0.149986
2655 0.212578
2656 0.334586
2657 0.208767
2658 0.188245
2659 0.211711
2660 0.158056
2661 0.265891
2662 0.177112
2663 0.250571
2664 0.242974
2665 0.19774
2666 0.218822
2667 0.181067
2668 0.164679
2669 0.15849
2670 0.281695
2671 0.242625
2672 0.2164
2673 0.213594
2674 0.204908
2675 0.178684
2676 0.236025
2677 0.1485
2678 0.152846
2679 0.189974
2680 0.134937
2681 0.12824
2682 0.267113
2683 0.18876
2684 0.268822
2685 0.220851
2686 0.145974
2687 0.131341
2688 0.210413
2689 0.164605
2690 0.265451
2691 0.20281
2692 0.191617
2693 0.22413
2694 0.228541
2695 0.309095
2696 0.253726
2697 0.227289
2698 0.205311
2699 0.20141
2700 0.218247
2701 0.26262
2702 0.204171
2703 0.138769
2704 0.210447
2705 0.209072
2706 0.182393
2707 0.181986
2708 0.172892
2709 0.296961
2710 0.142862
2711 0.169574
2712 0.134902
2713 0.197139
2714 0.200958
2715 0.194319
2716 0.157862
2717 0.215442
2718 0.202345
2719 0.265872
2720 0.226795
2721 0.158022
2722 0.199687
2723 0.137762
2724 0.184803
2725 0.221831
2726 0.261225
2727 0.197853
2728 0.133554
2729 0.18492
2730 0.18011
2731 0.151515
2732 0.276117
2733 0.15223
2734 0.216763
2735 0.153931
2736 0.151675
2737 0.206901
2738 0.167671
2739 0.25832
2740 0.322664
2741 0.255101
2742 0.274452
2743 0.277989
2744 0.178037
2745 0.29221
2746 0.149369
2747 0.230304
2748 0.235997
2749 0.179785
2750 0.251121
2751 0.137536
2752 0.117026
2753 0.168607
2754 0.211738
2755 0.194203
2756 0.218827
2757 0.245954
2758 0.177882
2759 0.24646
2760 0.227882
2761 0.189313
2762 0.211824
2763 0.202672
2764 0.198917
2765 0.2694
2766 0.207109
2767 0.242407
2768 0.217643
2769 0.148698
2770 0.148247
2771 0.147465
2772 0.190021
2773 0.186216
2774 0.2514
2775 0.177859
2776 0.21995
2777 0.234304
2778 0.173994
2779 0.184121
2780 0.301717
2781 0.280109
2782 0.204228
2783 0.207296
2784 0.153362
2785 0.245766
2786 0.242487
2787 0.184679
2788 0.24246
2789 0.254948
2790 0.127672
2791 0.208129
2792 0.206854
2793 0.210035
2794 0.209347
2795 0.138393
2796 0.234563
2797 0.169457
2798 0.139899
2799 0.204392
2800 0.160142
2801 0.278998
2802 0.223133
2803 0.156083
2804 0.219766
2805 0.250386
2806 0.201946
2807 0.163124
2808 0.240326
2809 0.159945
2810 0.288671
2811 0.22924
2812 0.174111
2813 0.235564
2814 0.207691
2815 0.288421
2816 0.186643
2817 0.217572
2818 0.156711
2819 0.137553
2820 0.278372
2821 0.165986
2822 0.234705
2823 0.222509
2824 0.200074
2825 0.270859
2826 0.222407
2827 0.239871
2828 0.276912
2829 0.165307
2830 0.170104
2831 0.168734
2832 0.254032
2833 0.181547
2834 0.241853
2835 0.204179
2836 0.131634
2837 0.199245
2838 0.121399
2839 0.174779
2840 0.241596
2841 0.261911
2842 0.180451
2843 0.19837
2844 0.213371
2845 0.208441
2846 0.254349
2847 0.174938
2848 0.219933
2849 0.166932
2850 0.191903
2851 0.189214
2852 0.144791
2853 0.254673
2854 0.253033
2855 0.205065
2856 0.236477
2857 0.227249
2858 0.186734
2859 0.184456
2860 0.262612
2861 0.17849
2862 0.180287
2863 0.175656
2864 0.269448
2865 0.288271
2866 0.213085
2867 0.253428
2868 0.271829
2869 0.209503
2870 0.140232
2871 0.133111
2872 0.154222
2873 0.193336
2874 0.228009
2875 0.174407
2876 0.292193
2877 0.21234
2878 0.170443
2879 0.198264
2880 0.213884
2881 0.12026
2882 0.169171
2883 0.221315
2884 0.141451
2885 0.196127
2886 0.234021
2887 0.203875
2888 0.193286
2889 0.217827
2890 0.183924
2891 0.203041
2892 0.220638
2893 0.174487
2894 0.413087
2895 0.203701
2896 0.153777
2897 0.140869
2898 0.188052
2899 0.215427
2900 0.23419
2901 0.207892
2902 0.300028
2903 0.225577
2904 0.193063
2905 0.272308
2906 0.21657
2907 0.234604
2908 0.149847
2909 0.187891
2910 0.174386
2911 0.187813
2912 0.229073
2913 0.237481
2914 0.157359
2915 0.382634
2916 0.289801
2917 0.248546
2918 0.145819
2919 0.268082
2920 0.27212
2921 0.272015
2922 0.323857
2923 0.165853
2924 0.172863
2925 0.237142
2926 0.323125
2927 0.202815
2928 0.164768
2929 0.178132
2930 0.143929
2931 0.18361
2932 0.152786
2933 0.265936
2934 0.186635
2935 0.210625
2936 0.192538
2937 0.164164
2938 0.215226
2939 0.214854
2940 0.228353
2941 0.200657
2942 0.169436
2943 0.11484
2944 0.20931
2945 0.274129
2946 0.398046
2947 0.222648
2948 0.287324
2949 0.175183
2950 0.125641
2951 0.239031
2952 0.176818
2953 0.214152
2954 0.197739
2955 0.187036
2956 0.151307
2957 0.181247
2958 0.189186
2959 0.159005
2960 0.162833
2961 0.189092
2962 0.177602
2963 0.154527
2964 0.203764
2965 0.23206
2966 0.182895
2967 0.168284
2968 0.203825
2969 0.19811
2970 0.130841
2971 0.170481
2972 0.198219
2973 0.156723
2974 0.232561
2975 0.128676
2976 0.187972
2977 0.14965
2978 0.146486
2979 0.146595
2980 0.256494
2981 0.191353
2982 0.221063
2983 0.249915
2984 0.214583
2985 0.133144
2986 0.194541
2987 0.122481
2988 0.125619
2989 0.16367
2990 0.12481
2991 0.167438
2992 0.183537
2993 0.131472
2994 0.133167
2995 0.189872
2996 0.195691
2997 0.16651
2998 0.117507
2999 0.461106
3000 0.163046
3001 0.28401
3002 0.228859
3003 0.142588
3004 0.192357
3005 0.185374
3006 0.174545
3007 0.266254
3008 0.19813
3009 0.183899
3010 0.171331
3011 0.177824
3012 0.179991
3013 0.157674
3014 0.16561
3015 0.320542
3016 0.228059
3017 0.153807
3018 0.269811
3019 0.170094
3020 0.151615
3021 0.243923
3022 0.189965
3023 0.209603
3024 0.197843
3025 0.229063
3026 0.263243
3027 0.230867
3028 0.157856
3029 0.311247
3030 0.204002
3031 0.223851
3032 0.179984
3033 0.188165
3034 0.193923
3035 0.191117
3036 0.164648
3037 0.128635
3038 0.185639
3039 0.168407
3040 0.269219
3041 0.302706
3042 0.176569
3043 0.162988
3044 0.137314
3045 0.194308
3046 0.164008
3047 0.227441
3048 0.187473
3049 0.166914
3050 0.16333
3051 0.18355
3052 0.252179
3053 0.208095
3054 0.233084
3055 0.222517
3056 0.135554
3057 0.314782
3058 0.281142
3059 0.157337
3060 0.267602
3061 0.160907
3062 0.14066
3063 0.291248
3064 0.201853
3065 0.175523
3066 0.18108
3067 0.188069
3068 0.196164
3069 0.229679
3070 0.16439
3071 0.199563
3072 0.203914
3073 0.215139
3074 0.157306
3075 0.183703
3076 0.227061
3077 0.25379
3078 0.141879
3079 0.173596
3080 0.124392
3081 0.211901
3082 0.140564
3083 0.177836
3084 0.19706
3085 0.163243
3086 0.215361
3087 0.212651
3088 0.168243
3089 0.16424
3090 0.217305
3091 0.175606
3092 0.19934
3093 0.157385
3094 0.164882
3095 0.15654
3096 0.176845
3097 0.158622
3098 0.222193
3099 0.162355
3100 0.304788
3101 0.144424
3102 0.190979
3103 0.159357
3104 0.195369
3105 0.25891
3106 0.19163
3107 0.19369
3108 0.133342
3109 0.123795
3110 0.211818
3111 0.238285
3112 0.160351
3113 0.167048
3114 0.177746
3115 0.126324
3116 0.185886
3117 0.197072
3118 0.249505
3119 0.225617
3120 0.217768
3121 0.128244
3122 0.134236
3123 0.263187
3124 0.257604
3125 0.217419
3126 0.17799
3127 0.14477
3128 0.177529
3129 0.169354
3130 0.157923
3131 0.142819
3132 0.19398
3133 0.212292
3134 0.193329
3135 0.261443
3136 0.179558
3137 0.210283
3138 0.292524
3139 0.192432
3140 0.150955
3141 0.129498
3142 0.149027
3143 0.139224
3144 0.136678
3145 0.162986
3146 0.160144
3147 0.173866
3148 0.195587
3149 0.124169
3150 0.197127
3151 0.219163
3152 0.129494
3153 0.130766
3154 0.232041
3155 0.216665
3156 0.19489
3157 0.137577
3158 0.189104
3159 0.164078
3160 0.201051
3161 0.216591
3162 0.210017
3163 0.207267
3164 0.15694
3165 0.134894
3166 0.170109
3167 0.211626
3168 0.261873
3169 0.263515
3170 0.204987
3171 0.390739
3172 0.176421
3173 0.317823
3174 0.253764
3175 0.158247
3176 0.26679
3177 0.203272
3178 0.196324
3179 0.252085
3180 0.127269
3181 0.136011
3182 0.157773
3183 0.24176
3184 0.154928
3185 0.208775
3186 0.140408
3187 0.147482
3188 0.149382
3189 0.211292
3190 0.213334
3191 0.155531
3192 0.125626
3193 0.17968
3194 0.18235
3195 0.173349
3196 0.226365
3197 0.171263
3198 0.145518
3199 0.206197
3200 0.168554
3201 0.167078
3202 0.140882
3203 0.189636
3204 0.194145
3205 0.193815
3206 0.244073
3207 0.156753
3208 0.246189
3209 0.267642
3210 0.198813
3211 0.24926
3212 0.174902
3213 0.179835
3214 0.258594
3215 0.211095
3216 0.123538
3217 0.206723
3218 0.149007
3219 0.121089
3220 0.154373
3221 0.138504
3222 0.20301
3223 0.163781
3224 0.193742
3225 0.153364
3226 0.144185
3227 0.161323
3228 0.173772
3229 0.133594
3230 0.254353
3231 0.245577
3232 0.217108
3233 0.28629
3234 0.215721
3235 0.214274
3236 0.199094
3237 0.215296
3238 0.270451
3239 0.13876
3240 0.298513
3241 0.189788
3242 0.202523
3243 0.219954
3244 0.169226
3245 0.149473
3246 0.151873
3247 0.148617
3248 0.186539
3249 0.131767
3250 0.130516
3251 0.246927
3252 0.207305
3253 0.284002
3254 0.191369
3255 0.181232
3256 0.188165
3257 0.223142
3258 0.163325
3259 0.173737
3260 0.169222
3261 0.212116
3262 0.231372
3263 0.197915
3264 0.184128
3265 0.160422
3266 0.158594
3267 0.173376
3268 0.231158
3269 0.229783
3270 0.157682
3271 0.244971
3272 0.162279
3273 0.189929
3274 0.150528
3275 0.163782
3276 0.142262
3277 0.215075
3278 0.155486
3279 0.178592
3280 0.141699
3281 0.197128
3282 0.175713
3283 0.132295
3284 0.304601
3285 0.206545
3286 0.290752
3287 0.232198
3288 0.148206
3289 0.213733
3290 0.184278
3291 0.211732
3292 0.207656
3293 0.306202
3294 0.18622
3295 0.228782
3296 0.161246
3297 0.27114
3298 0.195801
3299 0.163563
3300 0.130474
3301 0.178553
3302 0.209192
3303 0.194701
3304 0.174126
3305 0.175238
3306 0.190876
3307 0.171885
3308 0.24382
3309 0.257996
3310 0.169886
3311 0.168152
3312 0.232445
3313 0.203184
3314 0.218408
3315 0.174654
3316 0.213269
3317 0.184513
3318 0.183219
3319 0.194312
3320 0.182447
3321 0.218351
3322 0.125756
3323 0.308356
3324 0.20423
3325 0.201178
3326 0.204675
3327 0.223329
3328 0.199825
3329 0.20575
3330 0.257323
3331 0.268566
3332 0.18378
3333 0.235449
3334 0.241656
3335 0.157978
3336 0.213895
3337 0.199325
3338 0.118398
3339 0.161477
3340 0.212814
3341 0.169615
3342 0.15019
3343 0.147249
3344 0.374608
3345 0.163661
3346 0.160769
3347 0.13405
3348 0.297062
3349 0.229777
3350 0.148136
3351 0.37867
3352 0.157477
3353 0.221805
3354 0.265301
3355 0.331695
3356 0.32367
3357 0.184261
3358 0.15273
3359 0.150645
3360 0.137532
3361 0.189066
3362 0.27259
3363 0.195446
3364 0.159804
3365 0.158067
3366 0.180555
3367 0.247707
3368 0.185078
3369 0.218426
3370 0.146759
3371 0.14168
3372 0.137881
3373 0.258947
3374 0.224771
3375 0.337807
3376 0.16618
3377 0.188108
3378 0.15031
3379 0.173105
3380 0.245722
3381 0.199388
3382 0.239188
3383 0.178069
3384 0.136815
3385 0.162007
3386 0.135925
3387 0.169828
3388 0.160472
3389 0.15351
3390 0.214281
3391 0.157274
3392 0.223199
3393 0.144977
3394 0.207806
3395 0.229439
3396 0.141453
3397 0.175911
3398 0.112272
3399 0.128575
3400 0.169152
3401 0.15675
3402 0.232529
3403 0.17015
3404 0.171427
3405 0.136228
3406 0.16389
3407 0.187443
3408 0.138593
3409 0.211213
3410 0.181033
3411 0.174154
3412 0.215315
3413 0.140672
3414 0.116456
3415 0.146514
3416 0.120372
3417 0.120122
3418 0.136227
3419 0.145537
3420 0.134861
3421 0.186975
3422 0.115725
3423 0.124246
3424 0.136069
3425 0.179135
3426 0.129597
3427 0.174946
3428 0.370872
3429 0.222986
3430 0.238891
3431 0.202636
3432 0.205006
3433 0.166204
3434 0.157766
3435 0.263369
3436 0.223827
3437 0.161481
3438 0.130859
3439 0.145725
3440 0.211681
3441 0.135888
3442 0.240923
3443 0.217092
3444 0.218631
3445 0.194675
3446 0.150599
3447 0.196918
3448 0.15505
3449 0.2009
3450 0.129757
3451 0.16033
3452 0.158312
3453 0.154586
3454 0.177977
3455 0.166796
3456 0.262658
3457 0.13729
3458 0.326129
3459 0.240949
3460 0.166057
3461 0.197237
3462 0.16061
3463 0.188924
3464 0.223221
3465 0.188269
3466 0.167513
3467 0.117579
3468 0.179442
3469 0.174818
3470 0.379311
3471 0.134376
3472 0.144114
3473 0.10059
3474 0.15455
3475 0.228879
3476 0.193795
3477 0.176978
3478 0.141461
3479 0.176635
3480 0.19639
3481 0.206085
3482 0.17742
3483 0.220278
3484 0.138962
3485 0.131525
3486 0.153141
3487 0.173788
3488 0.161737
3489 0.185794
3490 0.197114
3491 0.203058
3492 0.275226
3493 0.162079
3494 0.14685
3495 0.149841
3496 0.143377
3497 0.195129
3498 0.169863
3499 0.199637
3500 0.181461
3501 0.174691
3502 0.192954
3503 0.122714
3504 0.169392
3505 0.254759
3506 0.208862
3507 0.125438
3508 0.237277
3509 0.162482
3510 0.172763
3511 0.172263
3512 0.135954
3513 0.157034
3514 0.172378
3515 0.145314
3516 0.130482
3517 0.115066
3518 0.153892
3519 0.203448
3520 0.160824
3521 0.16541
3522 0.236275
3523 0.136988
3524 0.2634
3525 0.151461
3526 0.2049
3527 0.257817
3528 0.19557
3529 0.249555
3530 0.134865
3531 0.16137
3532 0.19258
3533 0.186924
3534 0.157376
3535 0.212296
3536 0.139877
3537 0.158155
3538 0.131271
3539 0.180615
3540 0.156554
3541 0.167216
3542 0.236354
3543 0.162094
3544 0.131471
3545 0.162498
3546 0.183467
3547 0.119682
3548 0.219873
3549 0.147896
3550 0.129615
3551 0.200713
3552 0.250157
3553 0.144705
3554 0.185697
3555 0.20038
3556 0.17
3557 0.168411
3558 0.137702
3559 0.162798
3560 0.106751
3561 0.172392
3562 0.175454
3563 0.188885
3564 0.144
3565 0.146927
3566 0.178072
3567 0.207759
3568 0.142588
3569 0.10534
3570 0.170044
3571 0.134374
3572 0.12439
3573 0.200454
3574 0.184537
3575 0.219217
3576 0.114894
3577 0.227915
3578 0.164389
3579 0.17383
3580 0.140509
3581 0.160284
3582 0.131729
3583 0.195355
3584 0.189275
3585 0.131714
3586 0.165419
3587 0.181474
3588 0.202628
3589 0.151887
3590 0.242958
3591 0.162363
3592 0.152037
3593 0.171013
3594 0.138639
3595 0.118067
3596 0.205152
3597 0.257292
3598 0.219788
3599 0.149583
3600 0.245731
3601 0.128986
3602 0.233781
3603 0.186766
3604 0.125613
3605 0.227661
3606 0.216368
3607 0.209443
3608 0.152269
3609 0.123288
3610 0.15839
3611 0.145197
3612 0.160938
3613 0.157847
3614 0.231294
3615 0.148322
3616 0.183619
3617 0.168981
3618 0.242392
3619 0.223772
3620 0.150071
3621 0.122009
3622 0.153412
3623 0.137719
3624 0.164421
3625 0.200549
3626 0.130803
3627 0.155468
3628 0.168064
3629 0.175629
3630 0.204106
3631 0.175248
3632 0.193669
3633 0.181949
3634 0.287506
3635 0.184714
3636 0.118181
3637 0.211001
3638 0.209578
3639 0.228409
3640 0.192503
3641 0.127333
3642 0.196179
3643 0.263188
3644 0.182418
3645 0.161682
3646 0.203107
3647 0.158792
3648 0.15713
3649 0.170701
3650 0.122011
3651 0.207616
3652 0.158828
3653 0.210827
3654 0.159092
3655 0.0978697
3656 0.133581
3657 0.166053
3658 0.109674
3659 0.23481
3660 0.186385
3661 0.170662
3662 0.244939
3663 0.155996
3664 0.194368
3665 0.1459
3666 0.174692
3667 0.256107
3668 0.199409
3669 0.14112
3670 0.150278
3671 0.183499
3672 0.197457
3673 0.15079
3674 0.17944
3675 0.153939
3676 0.129462
3677 0.181423
3678 0.169354
3679 0.224027
3680 0.18553
3681 0.204722
3682 0.253617
3683 0.189442
3684 0.200867
3685 0.205209
3686 0.173194
3687 0.191582
3688 0.128845
3689 0.16067
3690 0.152291
3691 0.15887
3692 0.167704
3693 0.160351
3694 0.148562
3695 0.127611
3696 0.179138
3697 0.227085
3698 0.258416
3699 0.141995
3700 0.17102
3701 0.199149
3702 0.197021
3703 0.163716
3704 0.152957
3705 0.196893
3706 0.112552
3707 0.171918
3708 0.154083
3709 0.139352
3710 0.234198
3711 0.231726
3712 0.234024
3713 0.190105
3714 0.234852
3715 0.145134
3716 0.18421
3717 0.18498
3718 0.164993
3719 0.189106
3720 0.105264
3721 0.291479
3722 0.291247
3723 0.146286
3724 0.160645
3725 0.257613
3726 0.154745
3727 0.171983
3728 0.143845
3729 0.191038
3730 0.190428
3731 0.216111
3732 0.1379
3733 0.249035
3734 0.203057
3735 0.15416
3736 0.176995
3737 0.231839
3738 0.143974
3739 0.112791
3740 0.159347
3741 0.185625
3742 0.171118
3743 0.206543
3744 0.163971
3745 0.179478
3746 0.148649
3747 0.139727
3748 0.126571
3749 0.178494
3750 0.209465
3751 0.225207
3752 0.230679
3753 0.171787
3754 0.126677
3755 0.191259
3756 0.169375
3757 0.202888
3758 0.246088
3759 0.231234
3760 0.255863
3761 0.193687
3762 0.266339
3763 0.203971
3764 0.206084
3765 0.152707
3766 0.158259
3767 0.149058
3768 0.130594
3769 0.179228
3770 0.169579
3771 0.13347
3772 0.193571
3773 0.216705
3774 0.171226
3775 0.138702
3776 0.128165
3777 0.251175
3778 0.197739
3779 0.187593
3780 0.28672
3781 0.157742
3782 0.177148
3783 0.166907
3784 0.233631
3785 0.177654
3786 0.153706
3787 0.174474
3788 0.152844
3789 0.16196
3790 0.220114
3791 0.165788
3792 0.180622
3793 0.17705
3794 0.182123
3795 0.148882
3796 0.20849
3797 0.227332
3798 0.137451
3799 0.15565
3800 0.151528
3801 0.222795
3802 0.169341
3803 0.238278
3804 0.317011
3805 0.154786
3806 0.160609
3807 0.106851
3808 0.170058
3809 0.194636
3810 0.158982
3811 0.249699
3812 0.173761
3813 0.123652
3814 0.162795
3815 0.131559
3816 0.168616
3817 0.127622
3818 0.174535
3819 0.194157
3820 0.136463
3821 0.1333
3822 0.172257
3823 0.196306
3824 0.137349
3825 0.155462
3826 0.144906
3827 0.131331
3828 0.110453
3829 0.151334
3830 0.130484
3831 0.189402
3832 0.174992
3833 0.14006
3834 0.128954
3835 0.130511
3836 0.167249
3837 0.124481
3838 0.158437
3839 0.193496
3840 0.145147
3841 0.237254
3842 0.165788
3843 0.143515
3844 0.143946
3845 0.114077
3846 0.106615
3847 0.126386
3848 0.155197
3849 0.148389
3850 0.154748
3851 0.114123
3852 0.110952
3853 0.125655
3854 0.185142
3855 0.103765
3856 0.323432
3857 0.209476
3858 0.243636
3859 0.158634
3860 0.189943
3861 0.125127
3862 0.138562
3863 0.173249
3864 0.230353
3865 0.200081
3866 0.121578
3867 0.114826
3868 0.137042
3869 0.206894
3870 0.138905
3871 0.124306
3872 0.240453
3873 0.200052
3874 0.203633
3875 0.177732
3876 0.156549
3877 0.108916
3878 0.153495
3879 0.126879
3880 0.181724
3881 0.167036
3882 0.121271
3883 0.253965
3884 0.15861
3885 0.18957
3886 0.113957
3887 0.282208
3888 0.276017
3889 0.150124
3890 0.164673
3891 0.188747
3892 0.23088
3893 0.141485
3894 0.141572
3895 0.143193
3896 0.153441
3897 0.228078
3898 0.205423
3899 0.199352
3900 0.108796
3901 0.126904
3902 0.157857
3903 0.196335
3904 0.154099
3905 0.150409
3906 0.133964
3907 0.141629
3908 0.213834
3909 0.191778
3910 0.155947
3911 0.153395
3912 0.21596
3913 0.128947
3914 0.135261
3915 0.210045
3916 0.147509
3917 0.204959
3918 0.133184
3919 0.12406
3920 0.140537
3921 0.176122
3922 0.230388
3923 0.12705
3924 0.177343
3925 0.159369
3926 0.156307
3927 0.140619
3928 0.189653
3929 0.203236
3930 0.170658
3931 0.150597
3932 0.142365
3933 0.281064
3934 0.230212
3935 0.137376
3936 0.128379
3937 0.17706
3938 0.169306
3939 0.181173
3940 0.171938
3941 0.128726
3942 0.185901
3943 0.181038
3944 0.194283
3945 0.13871
3946 0.13347
3947 0.156426
3948 0.174481
3949 0.150565
3950 0.17969
3951 0.137353
3952 0.203861
3953 0.187684
3954 0.149856
3955 0.145303
3956 0.217447
3957 0.29665
3958 0.17339
3959 0.20906
3960 0.124777
3961 0.130309
3962 0.20939
3963 0.144223
3964 0.140424
3965 0.116971
3966 0.124557
3967 0.156029
3968 0.200314
3969 0.150581
3970 0.211014
3971 0.20596
3972 0.152874
3973 0.136635
3974 0.146947
3975 0.177143
3976 0.196764
3977 0.126106
3978 0.136765
3979 0.14871
3980 0.209111
3981 0.201171
3982 0.186395
3983 0.144998
3984 0.178333
3985 0.148222
3986 0.148851
3987 0.191435
3988 0.12528
3989 0.135606
3990 0.175785
3991 0.144689
3992 0.191103
3993 0.216623
3994 0.112918
3995 0.167433
3996 0.222582
3997 0.154
3998 0.118332
3999 0.152978
4000 0.162219
4001 0.154419
4002 0.107042
4003 0.184321
4004 0.190859
4005 0.173975
4006 0.169662
4007 0.162147
4008 0.181313
4009 0.165863
4010 0.197581
4011 0.160299
4012 0.178384
4013 0.141758
4014 0.178596
4015 0.18301
4016 0.143609
4017 0.108497
4018 0.253855
4019 0.123721
4020 0.257439
4021 0.145829
4022 0.143646
4023 0.16181
4024 0.100955
4025 0.209447
4026 0.310715
4027 0.219205
4028 0.2372
4029 0.229226
4030 0.132598
4031 0.296912
4032 0.149744
4033 0.210443
4034 0.151996
4035 0.163801
4036 0.164085
4037 0.131572
4038 0.130299
4039 0.179433
4040 0.163521
4041 0.159183
4042 0.187474
4043 0.185716
4044 0.148946
4045 0.143489
4046 0.169414
4047 0.176751
4048 0.216308
4049 0.115096
4050 0.170736
4051 0.160829
4052 0.163335
4053 0.176895
4054 0.17192
4055 0.116294
4056 0.154891
4057 0.170036
4058 0.170104
4059 0.172055
4060 0.152786
4061 0.154785
4062 0.236308
4063 0.243464
4064 0.16725
4065 0.124064
4066 0.214862
4067 0.241732
4068 0.155979
4069 0.174551
4070 0.16722
4071 0.187373
4072 0.215508
4073 0.169825
4074 0.118329
4075 0.147821
4076 0.127609
4077 0.113579
4078 0.151397
4079 0.157346
4080 0.144151
4081 0.147733
4082 0.221377
4083 0.134956
4084 0.110709
4085 0.13818
4086 0.117658
4087 0.198908
4088 0.157435
4089 0.19773
4090 0.220222
4091 0.220896
4092 0.143167
4093 0.208383
4094 0.150086
4095 0.142011
4096 0.241393
4097 0.232894
4098 0.131203
4099 0.170752
4100 0.138784
4101 0.157642
4102 0.149761
4103 0.135343
4104 0.12709
4105 0.147295
4106 0.204525
4107 0.134604
4108 0.209198
4109 0.240872
4110 0.212859
4111 0.265028
4112 0.174431
4113 0.187082
4114 0.210343
4115 0.203926
4116 0.173083
4117 0.147474
4118 0.179638
4119 0.140266
4120 0.238114
4121 0.125859
4122 0.131125
4123 0.115061
4124 0.159156
4125 0.163919
4126 0.241633
4127 0.246725
4128 0.154726
4129 0.189021
4130 0.139107
4131 0.143242
4132 0.138195
4133 0.148069
4134 0.19053
4135 0.169706
4136 0.135436
4137 0.164884
4138 0.131821
4139 0.248097
4140 0.213062
4141 0.220185
4142 0.220421
4143 0.247496
4144 0.131518
4145 0.165459
4146 0.176377
4147 0.1421
4148 0.194894
4149 0.139675
4150 0.222619
4151 0.263121
4152 0.159967
4153 0.168841
4154 0.209018
4155 0.154313
4156 0.140715
4157 0.144692
4158 0.124213
4159 0.172066
4160 0.250609
4161 0.106625
4162 0.267177
4163 0.166402
4164 0.133738
4165 0.123283
4166 0.228142
4167 0.113745
4168 0.127136
4169 0.169731
4170 0.126544
4171 0.158356
4172 0.144016
4173 0.166725
4174 0.169821
4175 0.172673
4176 0.165576
4177 0.143872
4178 0.157603
4179 0.150214
4180 0.241557
4181 0.194215
4182 0.119974
4183 0.120561
4184 0.161605
4185 0.181692
4186 0.123797
4187 0.132182
4188 0.295271
4189 0.1749
4190 0.189888
4191 0.272144
4192 0.169979
4193 0.18341
4194 0.180217
4195 0.117556
4196 0.142588
4197 0.139341
4198 0.145398
4199 0.12253
4200 0.124496
4201 0.161575
4202 0.214038
4203 0.21339
4204 0.132936
4205 0.183165
4206 0.134461
4207 0.190934
4208 0.209617
4209 0.124498
4210 0.139473
4211 0.191072
4212 0.243337
4213 0.178442
4214 0.147799
4215 0.162535
4216 0.174095
4217 0.197516
4218 0.139693
4219 0.302068
4220 0.139706
4221 0.172201
4222 0.134951
4223 0.149402
4224 0.17088
4225 0.141211
4226 0.188043
4227 0.166776
4228 0.16309
4229 0.0960279
4230 0.154932
4231 0.139515
4232 0.302729
4233 0.164106
4234 0.190131
4235 0.109151
4236 0.167212
4237 0.156975
4238 0.172427
4239 0.149677
4240 0.213801
4241 0.14187
4242 0.162661
4243 0.187892
4244 0.129072
4245 0.154649
4246 0.112793
4247 0.196512
4248 0.156978
4249 0.124769
4250 0.155385
4251 0.193621
4252 0.136271
4253 0.115711
4254 0.171402
4255 0.142941
4256 0.103795
4257 0.116232
4258 0.141095
4259 0.171586
4260 0.15182
4261 0.12527
4262 0.141965
4263 0.132129
4264 0.126662
4265 0.11875
4266 0.158148
4267 0.125009
4268 0.211567
4269 0.114204
4270 0.196809
4271 0.108766
4272 0.142703
4273 0.108724
4274 0.120423
4275 0.105009
4276 0.126869
4277 0.173202
4278 0.147724
4279 0.139734
4280 0.105807
4281 0.110123
4282 0.151833
4283 0.1242
4284 0.100574
4285 0.375963
4286 0.125663
4287 0.29696
4288 0.23496
4289 0.191553
4290 0.125297
4291 0.122357
4292 0.154548
4293 0.281264
4294 0.130722
4295 0.123655
4296 0.12662
4297 0.171505
4298 0.162054
4299 0.136231
4300 0.125322
4301 0.243275
4302 0.162616
4303 0.141828
4304 0.203407
4305 0.138406
4306 0.123628
4307 0.205073
4308 0.148901
4309 0.190321
4310 0.162862
4311 0.189294
4312 0.154424
4313 0.153238
4314 0.152179
4315 0.152042
4316 0.199615
4317 0.259067
4318 0.135622
4319 0.137962
4320 0.172566
4321 0.195517
4322 0.198973
4323 0.107227
4324 0.12903
4325 0.1067
4326 0.160811
4327 0.238695
4328 0.163253
4329 0.112072
4330 0.11823
4331 0.15387
4332 0.160157
4333 0.143751
4334 0.139702
4335 0.143484
4336 0.13906
4337 0.128063
4338 0.225624
4339 0.179547
4340 0.153511
4341 0.196768
4342 0.148165
4343 0.229186
4344 0.160296
4345 0.24323
4346 0.206014
4347 0.14422
4348 0.168571
4349 0.171443
4350 0.168545
4351 0.122334
4352 0.154854
4353 0.125024
4354 0.175072
4355 0.169875
4356 0.125095
4357 0.140261
4358 0.177973
4359 0.132956
4360 0.128125
4361 0.118356
4362 0.179887
4363 0.212302
4364 0.152832
4365 0.190899
4366 0.156309
4367 0.148833
4368 0.167283
4369 0.132036
4370 0.164125
4371 0.13965
4372 0.142574
4373 0.161441
4374 0.150258
4375 0.124788
4376 0.137152
4377 0.152255
4378 0.245365
4379 0.115185
4380 0.131447
4381 0.145957
4382 0.171454
4383 0.112755
4384 0.165126
4385 0.151067
4386 0.197347
4387 0.13544
4388 0.173532
4389 0.114068
4390 0.127941
4391 0.18545
4392 0.119516
4393 0.130241
4394 0.117067
4395 0.113993
4396 0.197683
4397 0.145746
4398 0.168054
4399 0.168447
4400 0.214084
4401 0.106476
4402 0.108212
4403 0.142993
4404 0.148833
4405 0.177105
4406 0.137416
4407 0.0916547
4408 0.135254
4409 0.200014
4410 0.209854
4411 0.19256
4412 0.238479
4413 0.142786
4414 0.121701
4415 0.146246
4416 0.162747
4417 0.131368
4418 0.130738
4419 0.179454
4420 0.134631
4421 0.128978
4422 0.137615
4423 0.178913
4424 0.157109
4425 0.131224
4426 0.121184
4427 0.128402
4428 0.176099
4429 0.144946
4430 0.188859
4431 0.157617
4432 0.145102
4433 0.16235
4434 0.208806
4435 0.133192
4436 0.192723
4437 0.123428
4438 0.157394
4439 0.13541
4440 0.178501
4441 0.229045
4442 0.150987
4443 0.101698
4444 0.192504
4445 0.163188
4446 0.129322
4447 0.252494
4448 0.134486
4449 0.125919
4450 0.167472
4451 0.185896
4452 0.160238
4453 0.211566
4454 0.230876
4455 0.265899
4456 0.194899
4457 0.210319
4458 0.163659
4459 0.20228
4460 0.122755
4461 0.152144
4462 0.198284
4463 0.145669
4464 0.151779
4465 0.210864
4466 0.123253
4467 0.1739
4468 0.125277
4469 0.148156
4470 0.12299
4471 0.2419
4472 0.146829
4473 0.147839
4474 0.135219
4475 0.157192
4476 0.198938
4477 0.151623
4478 0.153366
4479 0.188232
4480 0.159645
4481 0.197123
4482 0.154551
4483 0.132189
4484 0.11541
4485 0.105457
4486 0.155066
4487 0.131626
4488 0.124982
4489 0.14911
4490 0.122458
4491 0.209469
4492 0.195619
4493 0.109857
4494 0.154337
4495 0.205039
4496 0.154051
4497 0.135084
4498 0.171942
4499 0.155002
4500 0.270043
4501 0.230558
4502 0.15746
4503 0.155822
4504 0.18806
4505 0.0955837
4506 0.132853
4507 0.114794
4508 0.169669
4509 0.161355
4510 0.109426
4511 0.174294
4512 0.105188
4513 0.237484
4514 0.128089
4515 0.115989
4516 0.194468
4517 0.154682
4518 0.200809
4519 0.180306
4520 0.17378
4521 0.147073
4522 0.150662
4523 0.174732
4524 0.154511
4525 0.209866
4526 0.190052
4527 0.184982
4528 0.151767
4529 0.147447
4530 0.198735
4531 0.114587
4532 0.17022
4533 0.158094
4534 0.147076
4535 0.157415
4536 0.135786
4537 0.16726
4538 0.154281
4539 0.178573
4540 0.154447
4541 0.140491
4542 0.157857
4543 0.199057
4544 0.103871
4545 0.145603
4546 0.113363
4547 0.158164
4548 0.245814
4549 0.146726
4550 0.144144
4551 0.121214
4552 0.126518
4553 0.107881
4554 0.192273
4555 0.242041
4556 0.176989
4557 0.190499
4558 0.152123
4559 0.16338
4560 0.131162
4561 0.120121
4562 0.131557
4563 0.142467
4564 0.109164
4565 0.118553
4566 0.12515
4567 0.189037
4568 0.167252
4569 0.151842
4570 0.233836
4571 0.146551
4572 0.140058
4573 0.117221
4574 0.144421
4575 0.204884
4576 0.181147
4577 0.119453
4578 0.144664
4579 0.318931
4580 0.137609
4581 0.168858
4582 0.146103
4583 0.170807
4584 0.18862
4585 0.124222
4586 0.111226
4587 0.176378
4588 0.205564
4589 0.132785
4590 0.21363
4591 0.195502
4592 0.160825
4593 0.151754
4594 0.116966
4595 0.181371
4596 0.157978
4597 0.145695
4598 0.14579
4599 0.173156
4600 0.182989
4601 0.113933
4602 0.171201
4603 0.185466
4604 0.183411
4605 0.1204
4606 0.140949
4607 0.135041
4608 0.120381
4609 0.258111
4610 0.162323
4611 0.100062
4612 0.147891
4613 0.158534
4614 0.149409
4615 0.199448
4616 0.195604
4617 0.26941
4618 0.156588
4619 0.177692
4620 0.203041
4621 0.14026
4622 0.160576
4623 0.211477
4624 0.154875
4625 0.137243
4626 0.127089
4627 0.154802
4628 0.11744
4629 0.120293
4630 0.215044
4631 0.252973
4632 0.185539
4633 0.137486
4634 0.239736
4635 0.152186
4636 0.125159
4637 0.261787
4638 0.133641
4639 0.130843
4640 0.165513
4641 0.184745
4642 0.133823
4643 0.144744
4644 0.108495
4645 0.134257
4646 0.135574
4647 0.140423
4648 0.175405
4649 0.160326
4650 0.156421
4651 0.142213
4652 0.167436
4653 0.17929
4654 0.132374
4655 0.144591
4656 0.143615
4657 0.115847
4658 0.13353
4659 0.229186
4660 0.195582
4661 0.205143
4662 0.119888
4663 0.195414
4664 0.128337
4665 0.144311
4666 0.182568
4667 0.170794
4668 0.153172
4669 0.175163
4670 0.179932
4671 0.154713
4672 0.122232
4673 0.156933
4674 0.121664
4675 0.139844
4676 0.164407
4677 0.113538
4678 0.108061
4679 0.15509
4680 0.134655
4681 0.124555
4682 0.132754
4683 0.16067
4684 0.146071
4685 0.111055
4686 0.135638
4687 0.145494
4688 0.159907
4689 0.167833
4690 0.125581
4691 0.149515
4692 0.113579
4693 0.117543
4694 0.112804
4695 0.176941
4696 0.148965
4697 0.131554
4698 0.172309
4699 0.169774
4700 0.104775
4701 0.146796
4702 0.0948057
4703 0.132003
4704 0.114696
4705 0.100629
4706 0.173994
4707 0.128107
4708 0.102665
4709 0.0913971
4710 0.114874
4711 0.154639
4712 0.115311
4713 0.0951608
4714 0.34961
4715 0.208434
4716 0.156265
4717 0.205423
4718 0.205214
4719 0.132738
4720 0.157144
4721 0.19715
4722 0.157227
4723 0.111491
4724 0.126304
4725 0.166877
4726 0.142909
4727 0.135657
4728 0.158743
4729 0.129668
4730 0.231875
4731 0.211256
4732 0.115193
4733 0.181307
4734 0.131525
4735 0.181946
4736 0.137565
4737 0.122257
4738 0.165506
4739 0.158157
4740 0.169532
4741 0.144544
4742 0.156862
4743 0.122794
4744 0.236303
4745 0.249989
4746 0.163301
4747 0.130201
4748 0.120846
4749 0.188988
4750 0.157985
4751 0.136636
4752 0.144313
4753 0.107434
4754 0.119284
4755 0.153808
4756 0.23688
4757 0.140575
4758 0.111027
4759 0.133578
4760 0.155093
4761 0.121247
4762 0.141848
4763 0.128188
4764 0.117504
4765 0.141911
4766 0.155944
4767 0.183454
4768 0.168503
4769 0.162435
4770 0.175608
4771 0.114046
4772 0.136174
4773 0.15419
4774 0.151055
4775 0.144916
4776 0.175647
4777 0.119536
4778 0.146779
4779 0.126248
4780 0.124296
4781 0.128953
4782 0.154563
4783 0.214703
4784 0.182161
4785 0.194737
4786 0.131641
4787 0.120892
4788 0.185405
4789 0.130341
4790 0.149673
4791 0.156672
4792 0.18729
4793 0.128866
4794 0.156121
4795 0.125686
4796 0.0989937
4797 0.140171
4798 0.137964
4799 0.163308
4800 0.129738
4801 0.222527
4802 0.14771
4803 0.112707
4804 0.131833
4805 0.253419
4806 0.104232
4807 0.17039
4808 0.125643
4809 0.114166
4810 0.218109
4811 0.125843
4812 0.157052
4813 0.170117
4814 0.141032
4815 0.239226
4816 0.139696
4817 0.151243
4818 0.140345
4819 0.182827
4820 0.197186
4821 0.130056
4822 0.134868
4823 0.118966
4824 0.131949
4825 0.186014
4826 0.175513
4827 0.181889
4828 0.165774
4829 0.123086
4830 0.107802
4831 0.147157
4832 0.155119
4833 0.110631
4834 0.209329
4835 0.214708
4836 0.130628
4837 0.121385
4838 0.216476
4839 0.113618
4840 0.14823
4841 0.170652
4842 0.114044
4843 0.105033
4844 0.150664
4845 0.174924
4846 0.103826
4847 0.146114
4848 0.133961
4849 0.213018
4850 0.148958
4851 0.159996
4852 0.143133
4853 0.128649
4854 0.120518
4855 0.12458
4856 0.142386
4857 0.134606
4858 0.109054
4859 0.150057
4860 0.124035
4861 0.130274
4862 0.129627
4863 0.179591
4864 0.146539
4865 0.156542
4866 0.16021
4867 0.134693
4868 0.154305
4869 0.159674
4870 0.192644
4871 0.145892
4872 0.151581
4873 0.209838
4874 0.135751
4875 0.153299
4876 0.229289
4877 0.137064
4878 0.139291
4879 0.129231
4880 0.200937
4881 0.112579
4882 0.138937
4883 0.243065
4884 0.220122
4885 0.147418
4886 0.207288
4887 0.122031
4888 0.247255
4889 0.181474
4890 0.128292
4891 0.21041
4892 0.182095
4893 0.133733
4894 0.194246
4895 0.133601
4896 0.134059
4897 0.1363
4898 0.178581
4899 0.160796
4900 0.192437
4901 0.0963434
4902 0.126588
4903 0.111843
4904 0.172953
4905 0.172615
4906 0.116026
4907 0.126479
4908 0.196902
4909 0.135814
4910 0.154017
4911 0.159928
4912 0.118383
4913 0.117784
4914 0.130625
4915 0.129129
4916 0.187505
4917 0.127595
4918 0.134615
4919 0.194242
4920 0.160846
4921 0.17487
4922 0.101926
4923 0.173309
4924 0.244087
4925 0.142256
4926 0.18547
4927 0.138532
4928 0.15178
4929 0.234779
4930 0.154162
4931 0.167026
4932 0.165692
4933 0.172145
4934 0.096
4935 0.145544
4936 0.122993
4937 0.149851
4938 0.130394
4939 0.132214
4940 0.132037
4941 0.0954237
4942 0.14681
4943 0.123409
4944 0.143355
4945 0.181612
4946 0.117967
4947 0.230902
4948 0.179055
4949 0.135059
4950 0.139501
4951 0.133621
4952 0.134489
4953 0.20113
4954 0.173186
4955 0.141621
4956 0.10583
4957 0.134595
4958 0.191136
4959 0.110737
4960 0.14369
4961 0.166527
4962 0.145397
4963 0.178813
4964 0.130313
4965 0.136333
4966 0.169649
4967 0.141572
4968 0.226102
4969 0.134973
4970 0.14263
4971 0.120559
4972 0.191012
4973 0.129723
4974 0.151479
4975 0.132157
4976 0.138781
4977 0.143562
4978 0.167137
4979 0.112406
4980 0.10762
4981 0.119094
4982 0.174277
4983 0.238103
4984 0.177381
4985 0.105384
4986 0.286793
4987 0.15242
4988 0.147877
4989 0.0997986
4990 0.144993
4991 0.148941
4992 0.178664
4993 0.138137
4994 0.131384
4995 0.110352
4996 0.206021
4997 0.146922
4998 0.132589
4999 0.202515
5000 0.122504
