0 2.5101
1 2.45235
2 2.35113
3 2.30546
4 2.19915
5 2.14526
6 2.14356
7 2.46981
8 2.80823
9 2.32607
10 2.24413
11 2.05758
12 1.91425
13 1.82654
14 1.69715
15 1.82313
16 1.99046
17 2.60796
18 2.19017
19 2.29033
20 1.86148
21 1.65309
22 1.39288
23 1.47438
24 1.3898
25 1.91564
26 1.8401
27 1.58213
28 1.61326
29 1.40311
30 1.33118
31 1.1329
32 1.30857
33 1.16912
34 1.38179
35 1.40125
36 1.13775
37 1.21018
38 0.867246
39 0.956594
40 0.94605
41 0.932552
42 1.3202
43 1.55012
44 1.74196
45 1.43146
46 1.29054
47 0.969958
48 1.0212
49 0.882181
50 0.784102
51 1.11649
52 0.997871
53 0.783515
54 0.887586
55 0.860161
56 0.951607
57 0.819806
58 0.938754
59 1.00758
60 0.887918
61 1.25438
62 1.15376
63 1.35964
64 0.939942
65 1.05447
66 0.617623
67 0.840345
68 0.866807
69 0.800251
70 1.10662
71 1.12088
72 1.13517
73 1.05992
74 1.06408
75 1.16242
76 1.60234
77 1.10048
78 0.846699
79 0.757774
80 0.662413
81 0.766379
82 0.673243
83 0.753004
84 0.807047
85 1.05025
86 1.05998
87 0.793309
88 0.724066
89 0.753522
90 0.745717
91 0.930904
92 0.826046
93 0.793854
94 0.662826
95 0.597463
96 0.545742
97 0.74384
98 0.872319
99 1.08676
100 0.831986
101 0.629577
102 0.473566
103 0.459378
104 0.640614
105 0.559286
106 0.60268
107 0.623847
108 0.434208
109 0.500724
110 0.590766
111 0.806052
112 0.887513
113 0.707412
114 0.444484
115 0.473878
116 0.502761
117 0.794358
118 0.920677
119 0.703446
120 0.570071
121 0.671959
122 0.920144
123 0.698189
124 0.66171
125 0.54069
126 0.513301
127 0.644805
128 0.655876
129 0.750647
130 0.840931
131 0.462941
132 0.574531
133 0.653738
134 0.749836
135 0.61495
136 0.808803
137 0.777157
138 0.740843
139 0.784758
140 0.488277
141 0.588401
142 0.508512
143 0.54819
144 0.514025
145 0.544901
146 0.574709
147 0.683399
148 0.873268
149 0.793323
150 0.762003
151 0.672018
152 0.745254
153 0.824322
154 0.79372
155 0.630365
156 0.496229
157 0.547199
158 0.56225
159 0.411587
160 0.493378
161 0.46688
162 0.528075
163 0.456181
164 0.420586
165 0.466418
166 0.493987
167 0.719167
168 0.630162
169 1.03075
170 0.85971
171 0.516374
172 0.557217
173 1.07589
174 0.915939
175 0.739539
176 0.497686
177 0.527061
178 0.554124
179 0.427822
180 0.433697
181 0.515282
182 0.679319
183 0.442113
184 0.697246
185 0.437119
186 0.452494
187 0.494114
188 0.571188
189 0.554429
190 0.633146
191 0.549794
192 0.509019
193 0.597614
194 0.714502
195 0.595995
196 0.547543
197 0.470988
198 0.519782
199 0.547536
200 0.568137
201 0.517364
202 0.589888
203 0.627666
204 0.590168
205 0.750225
206 0.551799
207 0.464268
208 0.778713
209 0.593809
210 0.539388
211 0.702984
212 0.581352
213 0.717013
214 0.841711
215 0.479612
216 0.47252
217 0.527143
218 0.379978
219 0.443705
220 0.463294
221 0.650587
222 0.532443
223 0.423983
224 0.582168
225 0.374653
226 0.465485
227 0.324129
228 0.387197
229 0.554053
230 0.603584
231 0.471439
232 0.609418
233 0.607578
234 0.408345
235 0.452661
236 0.49327
237 0.416057
238 0.479978
239 0.462055
240 0.323906
241 0.447787
242 0.500814
243 0.665398
244 0.45825
245 0.579098
246 0.371733
247 0.348745
248 0.466063
249 0.42239
250 0.530678
251 0.49456
252 0.771003
253 0.556547
254 0.526953
255 0.67731
256 0.569651
257 0.42476
258 0.400087
259 0.451121
260 0.473622
261 0.380437
262 0.537584
263 0.505596
264 0.310297
265 0.457678
266 0.294996
267 0.427138
268 0.846425
269 0.588308
270 0.744569
271 0.564269
272 0.517937
273 0.528332
274 0.496785
275 0.439881
276 0.374082
277 0.472777
278 0.395209
279 0.353825
280 0.478755
281 0.506038
282 0.372492
283 0.551978
284 0.590295
285 0.596251
286 0.362608
287 0.459194
288 0.471997
289 0.513437
290 0.422689
291 0.525067
292 0.671993
293 0.437884
294 0.462293
295 0.490475
296 0.608627
297 0.438535
298 0.500046
299 0.268444
300 0.312099
301 0.366505
302 0.422186
303 0.367948
304 0.445262
305 0.485824
306 0.595585
307 0.517844
308 0.433548
309 0.36399
310 0.371673
311 0.525807
312 0.427762
313 0.489967
314 0.365998
315 0.391806
316 0.519936
317 0.441318
318 0.482074
319 0.554968
320 0.526643
321 0.529805
322 0.602359
323 0.704551
324 0.360422
325 0.364372
326 0.325584
327 0.371621
328 0.509953
329 0.460999
330 0.547959
331 0.559916
332 0.472463
333 0.449853
334 0.338153
335 0.569155
336 0.466609
337 0.309253
338 0.47686
339 0.369892
340 0.35328
341 0.442517
342 0.318555
343 0.78638
344 0.463257
345 0.51796
346 0.38697
347 0.625733
348 0.502064
349 0.44418
350 0.531781
351 0.408313
352 0.417633
353 0.510264
354 0.662922
355 0.498261
356 0.427106
357 0.407381
358 0.303672
359 0.295423
360 0.351367
361 0.481776
362 0.417268
363 0.432045
364 0.333442
365 0.378279
366 0.36817
367 0.52794
368 0.517968
369 0.427865
370 0.389187
371 0.340872
372 0.508776
373 0.521245
374 0.72908
375 0.560564
376 0.409494
377 0.324158
378 0.390552
379 0.457193
380 0.416093
381 0.476899
382 0.520821
383 0.35732
384 0.369351
385 0.354322
386 0.366821
387 0.365791
388 0.298211
389 0.504196
390 0.42606
391 0.344278
392 0.428992
393 0.380198
394 0.417452
395 0.355037
396 0.398012
397 0.395394
398 0.282163
399 0.311878
400 0.399547
401 0.323678
402 0.377545
403 0.336956
404 0.40047
405 0.373939
406 0.479813
407 0.25476
408 0.351739
409 0.402636
410 0.336908
411 0.58202
412 0.365314
413 0.264381
414 0.299119
415 0.21238
416 0.262498
417 0.365139
418 0.41716
419 0.291401
420 0.387803
421 0.240127
422 0.204409
423 0.307471
424 0.518229
425 0.461108
426 0.438604
427 0.611787
428 0.280329
429 0.582119
430 0.41761
431 0.411255
432 0.377158
433 0.345835
434 0.404009
435 0.481968
436 0.30332
437 0.435083
438 0.417729
439 0.324022
440 0.418389
441 0.467327
442 0.400597
443 0.454
444 0.466643
445 0.332934
446 0.516046
447 0.506248
448 0.433442
449 0.377559
450 0.497963
451 0.372799
452 0.346718
453 0.581288
454 0.388405
455 0.432373
456 0.30705
457 0.737064
458 0.741337
459 0.568691
460 0.445853
461 0.49256
462 0.506573
463 0.404489
464 0.464833
465 0.29499
466 0.341678
467 0.309743
468 0.449702
469 0.593834
470 0.385602
471 0.350389
472 0.303312
473 0.459573
474 0.328376
475 0.402782
476 0.252558
477 0.35534
478 0.369769
479 0.394171
480 0.465951
481 0.38612
482 0.39326
483 0.354781
484 0.291528
485 0.420496
486 0.374424
487 0.473012
488 0.558924
489 0.554556
490 0.365352
491 0.552985
492 0.468215
493 0.322887
494 0.351666
495 0.262983
496 0.41285
497 0.343204
498 0.411046
499 0.372332
500 0.410399
501 0.477644
502 0.283476
503 0.425745
504 0.503612
505 0.596024
506 0.287449
507 0.322742
508 0.386746
509 0.325659
510 0.387164
511 0.348306
512 0.433879
513 0.379429
514 0.564146
515 0.374419
516 0.311061
517 0.247693
518 0.372505
519 0.373511
520 0.391462
521 0.371629
522 0.396049
523 0.35851
524 0.365117
525 0.32299
526 0.405342
527 0.38666
528 0.471348
529 0.324957
530 0.357217
531 0.319446
532 0.355846
533 0.337134
534 0.350618
535 0.371089
536 0.316322
537 0.272978
538 0.453186
539 0.487104
540 0.443269
541 0.364111
542 0.330153
543 0.268362
544 0.341739
545 0.325312
546 0.368909
547 0.556961
548 0.275415
549 0.265776
550 0.335357
551 0.459609
552 0.446458
553 0.428546
554 0.408652
555 0.29319
556 0.422423
557 0.392035
558 0.321838
559 0.291865
560 0.291363
561 0.363704
562 0.384812
563 0.397923
564 0.300237
565 0.63507
566 0.355324
567 0.381102
568 0.329742
569 0.308413
570 0.363274
571 0.265302
572 0.337913
573 0.313225
574 0.388824
575 0.342819
576 0.471465
577 0.288765
578 0.262449
579 0.380367
580 0.262387
581 0.474501
582 0.534969
583 0.507389
584 0.365454
585 0.332047
586 0.412365
587 0.389406
588 0.295308
589 0.367788
590 0.335011
591 0.431769
592 0.320582
593 0.282344
594 0.278906
595 0.440579
596 0.371648
597 0.466583
598 0.548195
599 0.610113
600 0.34955
601 0.491175
602 0.555063
603 0.58771
604 0.562275
605 0.361777
606 0.453029
607 0.342121
608 0.295082
609 0.322029
610 0.236354
611 0.423634
612 0.363039
613 0.458338
614 0.295639
615 0.399178
616 0.426653
617 0.415833
618 0.371607
619 0.374302
620 0.317638
621 0.344385
622 0.341805
623 0.419125
624 0.356241
625 0.363286
626 0.297444
627 0.342067
628 0.391603
629 0.325885
630 0.361226
631 0.330186
632 0.405068
633 0.418519
634 0.449453
635 0.311065
636 0.386895
637 0.488803
638 0.363666
639 0.425825
640 0.315039
641 0.411535
642 0.508047
643 0.296438
644 0.309566
645 0.338796
646 0.340012
647 0.270934
648 0.236067
649 0.285852
650 0.463712
651 0.360849
652 0.3104
653 0.386055
654 0.246945
655 0.317822
656 0.252184
657 0.237944
658 0.419038
659 0.406824
660 0.398987
661 0.433325
662 0.395035
663 0.370554
664 0.409284
665 0.288228
666 0.47302
667 0.283231
668 0.265194
669 0.298193
670 0.375519
671 0.458298
672 0.430346
673 0.271564
674 0.407186
675 0.280814
676 0.264836
677 0.375081
678 0.337764
679 0.398802
680 0.301998
681 0.52577
682 0.445644
683 0.316389
684 0.309189
685 0.420203
686 0.286844
687 0.254421
688 0.284571
689 0.371048
690 0.262104
691 0.374104
692 0.294147
693 0.268484
694 0.264098
695 0.27244
696 0.374544
697 0.623458
698 0.306872
699 0.36357
700 0.307004
701 0.352324
702 0.349041
703 0.292763
704 0.306356
705 0.318679
706 0.427401
707 0.332017
708 0.253279
709 0.334257
710 0.427238
711 0.287579
712 0.436546
713 0.433699
714 0.310599
715 0.308134
716 0.342653
717 0.379218
718 0.340735
719 0.237663
720 0.355224
721 0.552107
722 0.346665
723 0.397183
724 0.353721
725 0.433725
726 0.256931
727 0.298863
728 0.253806
729 0.298019
730 0.357016
731 0.242391
732 0.327769
733 0.322742
734 0.366022
735 0.407486
736 0.426612
737 0.275546
738 0.273369
739 0.282519
740 0.412237
741 0.356885
742 0.402341
743 0.301312
744 0.356738
745 0.45835
746 0.309836
747 0.406961
748 0.370402
749 0.419491
750 0.387718
751 0.511762
752 0.371087
753 0.26031
754 0.351377
755 0.291384
756 0.300588
757 0.295385
758 0.468343
759 0.35112
760 0.291046
761 0.350495
762 0.482371
763 0.312907
764 0.352892
765 0.319881
766 0.35162
767 0.376707
768 0.439866
769 0.389107
770 0.230003
771 0.353277
772 0.512136
773 0.308316
774 0.378572
775 0.226864
776 0.613084
777 0.472003
778 0.249807
779 0.535816
780 0.371938
781 0.291274
782 0.422494
783 0.620347
784 0.626724
785 0.325602
786 0.253743
787 0.266396
788 0.309049
789 0.253317
790 0.380279
791 0.341681
792 0.274421
793 0.312806
794 0.282844
795 0.416849
796 0.431923
797 0.324
798 0.337188
799 0.296012
800 0.305166
801 0.406299
802 0.419357
803 0.605411
804 0.493887
805 0.36358
806 0.24524
807 0.331292
808 0.416899
809 0.380667
810 0.289947
811 0.394666
812 0.242916
813 0.253094
814 0.227166
815 0.312039
816 0.236248
817 0.296942
818 0.411805
819 0.294197
820 0.314334
821 0.353586
822 0.296405
823 0.309478
824 0.238866
825 0.298526
826 0.353579
827 0.267556
828 0.315401
829 0.242989
830 0.389377
831 0.281339
832 0.260458
833 0.274018
834 0.252884
835 0.240207
836 0.222962
837 0.343327
838 0.308559
839 0.265313
840 0.381617
841 0.303454
842 0.234534
843 0.260738
844 0.238157
845 0.208083
846 0.186676
847 0.269459
848 0.210051
849 0.354155
850 0.178576
851 0.201407
852 0.268491
853 0.31734
854 0.166987
855 0.269965
856 0.571417
857 0.384957
858 0.365068
859 0.317632
860 0.283599
861 0.310751
862 0.352554
863 0.413805
864 0.374394
865 0.252699
866 0.254844
867 0.265857
868 0.299399
869 0.242073
870 0.277634
871 0.417316
872 0.353557
873 0.310577
874 0.374404
875 0.382896
876 0.233696
877 0.338503
878 0.303236
879 0.375194
880 0.273943
881 0.296404
882 0.446729
883 0.248908
884 0.335529
885 0.240503
886 0.484955
887 0.515911
888 0.247577
889 0.365415
890 0.398495
891 0.301149
892 0.259279
893 0.308867
894 0.326592
895 0.189024
896 0.377658
897 0.272299
898 0.390125
899 0.262114
900 0.257158
901 0.261159
902 0.36193
903 0.260516
904 0.312951
905 0.235498
906 0.21092
907 0.255856
908 0.424447
909 0.30757
910 0.337297
911 0.257936
912 0.251763
913 0.267519
914 0.397108
915 0.280329
916 0.234384
917 0.279526
918 0.277356
919 0.303274
920 0.426465
921 0.336203
922 0.302812
923 0.256024
924 0.277143
925 0.333484
926 0.298095
927 0.299715
928 0.35001
929 0.278197
930 0.359508
931 0.257094
932 0.265237
933 0.490454
934 0.259115
935 0.190223
936 0.338897
937 0.28412
938 0.308047
939 0.283877
940 0.232297
941 0.367284
942 0.474926
943 0.420153
944 0.270599
945 0.222037
946 0.278269
947 0.278646
948 0.300663
949 0.268444
950 0.35305
951 0.300392
952 0.334209
953 0.193176
954 0.323561
955 0.382055
956 0.309109
957 0.394993
958 0.305847
959 0.221034
960 0.207139
961 0.284356
962 0.305791
963 0.298476
964 0.325581
965 0.216588
966 0.198095
967 0.342358
968 0.271165
969 0.359456
970 0.314257
971 0.226647
972 0.210332
973 0.328227
974 0.290286
975 0.444077
976 0.337855
977 0.239692
978 0.236502
979 0.348966
980 0.43797
981 0.375149
982 0.366826
983 0.304628
984 0.190773
985 0.268899
986 0.290405
987 0.303586
988 0.215707
989 0.303175
990 0.225831
991 0.438148
992 0.272541
993 0.283529
994 0.398102
995 0.301694
996 0.251774
997 0.273369
998 0.359467
999 0.301489
1000 0.199311
1001 0.242227
1002 0.288343
1003 0.309004
1004 0.288078
1005 0.315964
1006 0.244652
1007 0.266045
1008 0.227285
1009 0.2908
1010 0.441521
1011 0.349587
1012 0.347798
1013 0.220333
1014 0.236586
1015 0.291256
1016 0.240593
1017 0.293318
1018 0.35221
1019 0.322363
1020 0.224104
1021 0.302292
1022 0.238263
1023 0.219051
1024 0.321342
1025 0.476777
1026 0.412446
1027 0.390555
1028 0.355033
1029 0.244575
1030 0.400764
1031 0.304195
1032 0.24175
1033 0.264262
1034 0.280202
1035 0.308263
1036 0.23331
1037 0.259698
1038 0.290907
1039 0.296014
1040 0.210631
1041 0.280581
1042 0.433865
1043 0.245281
1044 0.292649
1045 0.334826
1046 0.226942
1047 0.360041
1048 0.271646
1049 0.259306
1050 0.255309
1051 0.280124
1052 0.261261
1053 0.31205
1054 0.248968
1055 0.257773
1056 0.335447
1057 0.266434
1058 0.287365
1059 0.238329
1060 0.294107
1061 0.394518
1062 0.353004
1063 0.268445
1064 0.269972
1065 0.393899
1066 0.425067
1067 0.254786
1068 0.287228
1069 0.371023
1070 0.27044
1071 0.313388
1072 0.222025
1073 0.259499
1074 0.270785
1075 0.266114
1076 0.225478
1077 0.218246
1078 0.311853
1079 0.291526
1080 0.243655
1081 0.283828
1082 0.390051
1083 0.164723
1084 0.283594
1085 0.219155
1086 0.201262
1087 0.364519
1088 0.270218
1089 0.391948
1090 0.281426
1091 0.23914
1092 0.32133
1093 0.265057
1094 0.24774
1095 0.317814
1096 0.311295
1097 0.289308
1098 0.253447
1099 0.319485
1100 0.319588
1101 0.298654
1102 0.28857
1103 0.259018
1104 0.22971
1105 0.296612
1106 0.332987
1107 0.314542
1108 0.256915
1109 0.331201
1110 0.450508
1111 0.315875
1112 0.314685
1113 0.408701
1114 0.27268
1115 0.21976
1116 0.20019
1117 0.22444
1118 0.276729
1119 0.292632
1120 0.299026
1121 0.261771
1122 0.271567
1123 0.212981
1124 0.239949
1125 0.501698
1126 0.390916
1127 0.264145
1128 0.254883
1129 0.286845
1130 0.232463
1131 0.247498
1132 0.214468
1133 0.366367
1134 0.255524
1135 0.276228
1136 0.270571
1137 0.215727
1138 0.335548
1139 0.244115
1140 0.329051
1141 0.328992
1142 0.372234
1143 0.240511
1144 0.251849
1145 0.247726
1146 0.264845
1147 0.302728
1148 0.224385
1149 0.269979
1150 0.397403
1151 0.314191
1152 0.32099
1153 0.330409
1154 0.432396
1155 0.317596
1156 0.204697
1157 0.183125
1158 0.249047
1159 0.311665
1160 0.198827
1161 0.321469
1162 0.290716
1163 0.279146
1164 0.274631
1165 0.348523
1166 0.221904
1167 0.260828
1168 0.300567
1169 0.284907
1170 0.394565
1171 0.30441
1172 0.258074
1173 0.273552
1174 0.363775
1175 0.23553
1176 0.33154
1177 0.350899
1178 0.345889
1179 0.387646
1180 0.418518
1181 0.240361
1182 0.233592
1183 0.346877
1184 0.258006
1185 0.30593
1186 0.271988
1187 0.370943
1188 0.315515
1189 0.265182
1190 0.481928
1191 0.29906
1192 0.321575
1193 0.247058
1194 0.255771
1195 0.247038
1196 0.261135
1197 0.245759
1198 0.218196
1199 0.195084
1200 0.377962
1201 0.349403
1202 0.270955
1203 0.27186
1204 0.284489
1205 0.37994
1206 0.287879
1207 0.22523
1208 0.479483
1209 0.221092
1210 0.330556
1211 0.440265
1212 0.397115
1213 0.266306
1214 0.21199
1215 0.21677
1216 0.221623
1217 0.316532
1218 0.283775
1219 0.328564
1220 0.299249
1221 0.251587
1222 0.358955
1223 0.259234
1224 0.274933
1225 0.412442
1226 0.299302
1227 0.243435
1228 0.259083
1229 0.218899
1230 0.302585
1231 0.42788
1232 0.415093
1233 0.298342
1234 0.265165
1235 0.183421
1236 0.300787
1237 0.320722
1238 0.261293
1239 0.312405
1240 0.304524
1241 0.213301
1242 0.217658
1243 0.296054
1244 0.340327
1245 0.198039
1246 0.246602
1247 0.368245
1248 0.290106
1249 0.327107
1250 0.3222
1251 0.243747
1252 0.24114
1253 0.221372
1254 0.282506
1255 0.267689
1256 0.237541
1257 0.267175
1258 0.27359
1259 0.254655
1260 0.319093
1261 0.302016
1262 0.23317
1263 0.250406
1264 0.199064
1265 0.249629
1266 0.294649
1267 0.29912
1268 0.34586
1269 0.273377
1270 0.219432
1271 0.229277
1272 0.211635
1273 0.208585
1274 0.191677
1275 0.182241
1276 0.199223
1277 0.210482
1278 0.234101
1279 0.160605
1280 0.17901
1281 0.309785
1282 0.232557
1283 0.19234
1284 0.523101
1285 0.223481
1286 0.313685
1287 0.257629
1288 0.285122
1289 0.213283
1290 0.255364
1291 0.240373
1292 0.275319
1293 0.301187
1294 0.224105
1295 0.306419
1296 0.209772
1297 0.228989
1298 0.21449
1299 0.237333
1300 0.309084
1301 0.326823
1302 0.246861
1303 0.32826
1304 0.301322
1305 0.246847
1306 0.307201
1307 0.23445
1308 0.371986
1309 0.30035
1310 0.24986
1311 0.324715
1312 0.204623
1313 0.238342
1314 0.256185
1315 0.355274
1316 0.419808
1317 0.266484
1318 0.295159
1319 0.321469
1320 0.265534
1321 0.254546
1322 0.192528
1323 0.256439
1324 0.210695
1325 0.276328
1326 0.369727
1327 0.263613
1328 0.178547
1329 0.158431
1330 0.272457
1331 0.274457
1332 0.234642
1333 0.250487
1334 0.234703
1335 0.191845
1336 0.266363
1337 0.25412
1338 0.284179
1339 0.257967
1340 0.29274
1341 0.205182
1342 0.236716
1343 0.28575
1344 0.203485
1345 0.290942
1346 0.25192
1347 0.249995
1348 0.35685
1349 0.348663
1350 0.265672
1351 0.264466
1352 0.178729
1353 0.240978
1354 0.257437
1355 0.201386
1356 0.29758
1357 0.327955
1358 0.367326
1359 0.384343
1360 0.272449
1361 0.282944
1362 0.420638
1363 0.238815
1364 0.200349
1365 0.295706
1366 0.299815
1367 0.261386
1368 0.238846
1369 0.272434
1370 0.304867
1371 0.291162
1372 0.288967
1373 0.245355
1374 0.246499
1375 0.272807
1376 0.243931
1377 0.281739
1378 0.257547
1379 0.237636
1380 0.303136
1381 0.281141
1382 0.253718
1383 0.211179
1384 0.326722
1385 0.356485
1386 0.29913
1387 0.293885
1388 0.273836
1389 0.214661
1390 0.262792
1391 0.210854
1392 0.296295
1393 0.22213
1394 0.233839
1395 0.231119
1396 0.292098
1397 0.289542
1398 0.318491
1399 0.282933
1400 0.193487
1401 0.24426
1402 0.233052
1403 0.272681
1404 0.369935
1405 0.395856
1406 0.195839
1407 0.235169
1408 0.307504
1409 0.376243
1410 0.325427
1411 0.231235
1412 0.257551
1413 0.20785
1414 0.270172
1415 0.278842
1416 0.231354
1417 0.193315
1418 0.292684
1419 0.2105
1420 0.409507
1421 0.202458
1422 0.323541
1423 0.588549
1424 0.305513
1425 0.244977
1426 0.172853
1427 0.397542
1428 0.242919
1429 0.226778
1430 0.18845
1431 0.2226
1432 0.291622
1433 0.286814
1434 0.276215
1435 0.166529
1436 0.304176
1437 0.173313
1438 0.216919
1439 0.318876
1440 0.301713
1441 0.254878
1442 0.150587
1443 0.304782
1444 0.267195
1445 0.189202
1446 0.31655
1447 0.223974
1448 0.369057
1449 0.20912
1450 0.250837
1451 0.239589
1452 0.245118
1453 0.381154
1454 0.30301
1455 0.482546
1456 0.279222
1457 0.327592
1458 0.285284
1459 0.691026
1460 0.512719
1461 0.385431
1462 0.277672
1463 0.208559
1464 0.347376
1465 0.240038
1466 0.236655
1467 0.196513
1468 0.319237
1469 0.246669
1470 0.345963
1471 0.267343
1472 0.208723
1473 0.256577
1474 0.345109
1475 0.264912
1476 0.260485
1477 0.231942
1478 0.21164
1479 0.226066
1480 0.275034
1481 0.276247
1482 0.228385
1483 0.190955
1484 0.241602
1485 0.239179
1486 0.243426
1487 0.214871
1488 0.337161
1489 0.215082
1490 0.331738
1491 0.315085
1492 0.250435
1493 0.237668
1494 0.33772
1495 0.3712
1496 0.238414
1497 0.310554
1498 0.219232
1499 0.232343
1500 0.352252
1501 0.19203
1502 0.285319
1503 0.291464
1504 0.199368
1505 0.21809
1506 0.237043
1507 0.253071
1508 0.264326
1509 0.200235
1510 0.316678
1511 0.177975
1512 0.187991
1513 0.226862
1514 0.185845
1515 0.318955
1516 0.246027
1517 0.300882
1518 0.318272
1519 0.343411
1520 0.232342
1521 0.278622
1522 0.244223
1523 0.24647
1524 0.327041
1525 0.289658
1526 0.215322
1527 0.214244
1528 0.302262
1529 0.301778
1530 0.189225
1531 0.377523
1532 0.183574
1533 0.185619
1534 0.255547
1535 0.221667
1536 0.38386
1537 0.247972
1538 0.339566
1539 0.358913
1540 0.220287
1541 0.29704
1542 0.313065
1543 0.232241
1544 0.196334
1545 0.205053
1546 0.242524
1547 0.274352
1548 0.254734
1549 0.275494
1550 0.199618
1551 0.194005
1552 0.182441
1553 0.330839
1554 0.455657
1555 0.306173
1556 0.307758
1557 0.19208
1558 0.220713
1559 0.253637
1560 0.193868
1561 0.216542
1562 0.214158
1563 0.307139
1564 0.214671
1565 0.252021
1566 0.212002
1567 0.314888
1568 0.184755
1569 0.382483
1570 0.270704
1571 0.267038
1572 0.242642
1573 0.238061
1574 0.226735
1575 0.217515
1576 0.206758
1577 0.254981
1578 0.27295
1579 0.278058
1580 0.252109
1581 0.327743
1582 0.333508
1583 0.220316
1584 0.190159
1585 0.187462
1586 0.2026
1587 0.256101
1588 0.293773
1589 0.278708
1590 0.271268
1591 0.262476
1592 0.277625
1593 0.285361
1594 0.316416
1595 0.206125
1596 0.170649
1597 0.343658
1598 0.169032
1599 0.267074
1600 0.205054
1601 0.213834
1602 0.264149
1603 0.306319
1604 0.229782
1605 0.249365
1606 0.237158
1607 0.220691
1608 0.416999
1609 0.506752
1610 0.205463
1611 0.186635
1612 0.227421
1613 0.19708
1614 0.334037
1615 0.196776
1616 0.346295
1617 0.284339
1618 0.286093
1619 0.284288
1620 0.238697
1621 0.320893
1622 0.24517
1623 0.171385
1624 0.253241
1625 0.223961
1626 0.194121
1627 0.200495
1628 0.187538
1629 0.460928
1630 0.317673
1631 0.286755
1632 0.216192
1633 0.296279
1634 0.262593
1635 0.210951
1636 0.358796
1637 0.225694
1638 0.267588
1639 0.27587
1640 0.328006
1641 0.338721
1642 0.279215
1643 0.216045
1644 0.239772
1645 0.193459
1646 0.236498
1647 0.342357
1648 0.221468
1649 0.263133
1650 0.249247
1651 0.259748
1652 0.205631
1653 0.258993
1654 0.351079
1655 0.215242
1656 0.306212
1657 0.19922
1658 0.243132
1659 0.365456
1660 0.461155
1661 0.218851
1662 0.272683
1663 0.228318
1664 0.218193
1665 0.295698
1666 0.213033
1667 0.418981
1668 0.332906
1669 0.203573
1670 0.161867
1671 0.259825
1672 0.245277
1673 0.199701
1674 0.188178
1675 0.237957
1676 0.230572
1677 0.211355
1678 0.274435
1679 0.229093
1680 0.281534
1681 0.180186
1682 0.257791
1683 0.215654
1684 0.23646
1685 0.191386
1686 0.232919
1687 0.2136
1688 0.262911
1689 0.206297
1690 0.219088
1691 0.227794
1692 0.207709
1693 0.174932
1694 0.220762
1695 0.200817
1696 0.200989
1697 0.256821
1698 0.197942
1699 0.185991
1700 0.222759
1701 0.146892
1702 0.166727
1703 0.166219
1704 0.149632
1705 0.207759
1706 0.242065
1707 0.160184
1708 0.149562
1709 0.161369
1710 0.300445
1711 0.190723
1712 0.146988
1713 0.429286
1714 0.141677
1715 0.24659
1716 0.223826
1717 0.287657
1718 0.180457
1719 0.287281
1720 0.279081
1721 0.305512
1722 0.167209
1723 0.226679
1724 0.199648
1725 0.190535
1726 0.205518
1727 0.179782
1728 0.255634
1729 0.327426
1730 0.283952
1731 0.289369
1732 0.292448
1733 0.185281
1734 0.2166
1735 0.2442
1736 0.219802
1737 0.320482
1738 0.258168
1739 0.339565
1740 0.24463
1741 0.319176
1742 0.20073
1743 0.424325
1744 0.331245
1745 0.325853
1746 0.215602
1747 0.227827
1748 0.220234
1749 0.242469
1750 0.203305
1751 0.207717
1752 0.210589
1753 0.193274
1754 0.254608
1755 0.524455
1756 0.275472
1757 0.204491
1758 0.203231
1759 0.291924
1760 0.23823
1761 0.276798
1762 0.170573
1763 0.208846
1764 0.186276
1765 0.238168
1766 0.285576
1767 0.278203
1768 0.182605
1769 0.228774
1770 0.156961
1771 0.227193
1772 0.28545
1773 0.183201
1774 0.245717
1775 0.33208
1776 0.23738
1777 0.31486
1778 0.262986
1779 0.185982
1780 0.201871
1781 0.218506
1782 0.280913
1783 0.284668
1784 0.237847
1785 0.193891
1786 0.238588
1787 0.279245
1788 0.185392
1789 0.228656
1790 0.261345
1791 0.270081
1792 0.163359
1793 0.233962
1794 0.20816
1795 0.261024
1796 0.247176
1797 0.225127
1798 0.28971
1799 0.307091
1800 0.320682
1801 0.262275
1802 0.24725
1803 0.230965
1804 0.257937
1805 0.216451
1806 0.254695
1807 0.190974
1808 0.216976
1809 0.340746
1810 0.224889
1811 0.275999
1812 0.228068
1813 0.225176
1814 0.388077
1815 0.203754
1816 0.264463
1817 0.187398
1818 0.226783
1819 0.229991
1820 0.264724
1821 0.215702
1822 0.183836
1823 0.180332
1824 0.221258
1825 0.237006
1826 0.257089
1827 0.210554
1828 0.221157
1829 0.1853
1830 0.214626
1831 0.201485
1832 0.33712
1833 0.314566
1834 0.218393
1835 0.159417
1836 0.263481
1837 0.314614
1838 0.256003
1839 0.243459
1840 0.272563
1841 0.160481
1842 0.186239
1843 0.189353
1844 0.218953
1845 0.179154
1846 0.184886
1847 0.211341
1848 0.238398
1849 0.244378
1850 0.199099
1851 0.285982
1852 0.295635
1853 0.193518
1854 0.177009
1855 0.201691
1856 0.256722
1857 0.159212
1858 0.21642
1859 0.230359
1860 0.207812
1861 0.219901
1862 0.263899
1863 0.176468
1864 0.202293
1865 0.236149
1866 0.17362
1867 0.262961
1868 0.237802
1869 0.261878
1870 0.191134
1871 0.205859
1872 0.228116
1873 0.169098
1874 0.198349
1875 0.312188
1876 0.20885
1877 0.309355
1878 0.242812
1879 0.200632
1880 0.195082
1881 0.324308
1882 0.316746
1883 0.306883
1884 0.358686
1885 0.502007
1886 0.2087
1887 0.281323
1888 0.275454
1889 0.199859
1890 0.269128
1891 0.229046
1892 0.184497
1893 0.22438
1894 0.16856
1895 0.222154
1896 0.178216
1897 0.236624
1898 0.212476
1899 0.289693
1900 0.168494
1901 0.187303
1902 0.263769
1903 0.25398
1904 0.21808
1905 0.215995
1906 0.198034
1907 0.186343
1908 0.221845
1909 0.25882
1910 0.211831
1911 0.184803
1912 0.151996
1913 0.177172
1914 0.248387
1915 0.207342
1916 0.217597
1917 0.208341
1918 0.278412
1919 0.21233
1920 0.335138
1921 0.204847
1922 0.291073
1923 0.294547
1924 0.192924
1925 0.224896
1926 0.230678
1927 0.23777
1928 0.271715
1929 0.218166
1930 0.273955
1931 0.275941
1932 0.270221
1933 0.182996
1934 0.182088
1935 0.192479
1936 0.219708
1937 0.208543
1938 0.210118
1939 0.237751
1940 0.172188
1941 0.179141
1942 0.167674
1943 0.165724
1944 0.248128
1945 0.228905
1946 0.283542
1947 0.264522
1948 0.262366
1949 0.211553
1950 0.282338
1951 0.273024
1952 0.265958
1953 0.255346
1954 0.182371
1955 0.177708
1956 0.199706
1957 0.340655
1958 0.209465
1959 0.188033
1960 0.307648
1961 0.186273
1962 0.186691
1963 0.245829
1964 0.206717
1965 0.263838
1966 0.17998
1967 0.312106
1968 0.283906
1969 0.24741
1970 0.257722
1971 0.268399
1972 0.190079
1973 0.204583
1974 0.178174
1975 0.223361
1976 0.244487
1977 0.223212
1978 0.279203
1979 0.210622
1980 0.193528
1981 0.243036
1982 0.277368
1983 0.484179
1984 0.209789
1985 0.222113
1986 0.26187
1987 0.253368
1988 0.28091
1989 0.190647
1990 0.209962
1991 0.276441
1992 0.252126
1993 0.202718
1994 0.223241
1995 0.232983
1996 0.261651
1997 0.172622
1998 0.349208
1999 0.209384
2000 0.232908
2001 0.213716
2002 0.163295
2003 0.307898
2004 0.19131
2005 0.201779
2006 0.234802
2007 0.387814
2008 0.229299
2009 0.239803
2010 0.297047
2011 0.339465
2012 0.226854
2013 0.19611
2014 0.202298
2015 0.20207
2016 0.284459
2017 0.134917
2018 0.224187
2019 0.223439
2020 0.207191
2021 0.208421
2022 0.211118
2023 0.265245
2024 0.201242
2025 0.176881
2026 0.239385
2027 0.193656
2028 0.262082
2029 0.205542
2030 0.240186
2031 0.276007
2032 0.230409
2033 0.3053
2034 0.277767
2035 0.216503
2036 0.241963
2037 0.330485
2038 0.176085
2039 0.16754
2040 0.249775
2041 0.277992
2042 0.241641
2043 0.314744
2044 0.26587
2045 0.219872
2046 0.221828
2047 0.273374
2048 0.386777
2049 0.165706
2050 0.258501
2051 0.256999
2052 0.182173
2053 0.242258
2054 0.215882
2055 0.220965
2056 0.167507
2057 0.236078
2058 0.379913
2059 0.256366
2060 0.312147
2061 0.186473
2062 0.324202
2063 0.247517
2064 0.171982
2065 0.421823
2066 0.184862
2067 0.185742
2068 0.313768
2069 0.295702
2070 0.365156
2071 0.210521
2072 0.223919
2073 0.196286
2074 0.170652
2075 0.162584
2076 0.230471
2077 0.292283
2078 0.208794
2079 0.209979
2080 0.191568
2081 0.235804
2082 0.367995
2083 0.278042
2084 0.194904
2085 0.2009
2086 0.189465
2087 0.212354
2088 0.255339
2089 0.311665
2090 0.220533
2091 0.20571
2092 0.230778
2093 0.198584
2094 0.212189
2095 0.22196
2096 0.274568
2097 0.222583
2098 0.153875
2099 0.171678
2100 0.174209
2101 0.189504
2102 0.164456
2103 0.182161
2104 0.316313
2105 0.246439
2106 0.191264
2107 0.217336
2108 0.233646
2109 0.214439
2110 0.157306
2111 0.267544
2112 0.26014
2113 0.19649
2114 0.275021
2115 0.167727
2116 0.30154
2117 0.197544
2118 0.183281
2119 0.203484
2120 0.185065
2121 0.18345
2122 0.148828
2123 0.228221
2124 0.200886
2125 0.197828
2126 0.244111
2127 0.191498
2128 0.185299
2129 0.240834
2130 0.131751
2131 0.133212
2132 0.15259
2133 0.201125
2134 0.145146
2135 0.207931
2136 0.150405
2137 0.125917
2138 0.173204
2139 0.205734
2140 0.144664
2141 0.208601
2142 0.446873
2143 0.325282
2144 0.229894
2145 0.197596
2146 0.195538
2147 0.162408
2148 0.250991
2149 0.241475
2150 0.22139
2151 0.158727
2152 0.207427
2153 0.184575
2154 0.260263
2155 0.175984
2156 0.229818
2157 0.256596
2158 0.259457
2159 0.279121
2160 0.240441
2161 0.230383
2162 0.187684
2163 0.212987
2164 0.212846
2165 0.275918
2166 0.222659
2167 0.236249
2168 0.263202
2169 0.231203
2170 0.244131
2171 0.206796
2172 0.510597
2173 0.471467
2174 0.188078
2175 0.176654
2176 0.277371
2177 0.236428
2178 0.187335
2179 0.19168
2180 0.167311
2181 0.156593
2182 0.276372
2183 0.201294
2184 0.674159
2185 0.489877
2186 0.239374
2187 0.176829
2188 0.251342
2189 0.211867
2190 0.239146
2191 0.209472
2192 0.200296
2193 0.193729
2194 0.335573
2195 0.243959
2196 0.192817
2197 0.16816
2198 0.190625
2199 0.224647
2200 0.325693
2201 0.234811
2202 0.181663
2203 0.267717
2204 0.236476
2205 0.181449
2206 0.261004
2207 0.185819
2208 0.174816
2209 0.212751
2210 0.187792
2211 0.230199
2212 0.215608
2213 0.237922
2214 0.211083
2215 0.226979
2216 0.271204
2217 0.168573
2218 0.182297
2219 0.331601
2220 0.196522
2221 0.176377
2222 0.203683
2223 0.214215
2224 0.258365
2225 0.15604
2226 0.153903
2227 0.244768
2228 0.259705
2229 0.207795
2230 0.180646
2231 0.175878
2232 0.194051
2233 0.204242
2234 0.224014
2235 0.196421
2236 0.239358
2237 0.305521
2238 0.232165
2239 0.167499
2240 0.222188
2241 0.292911
2242 0.233278
2243 0.267717
2244 0.217141
2245 0.23322
2246 0.227822
2247 0.243579
2248 0.238636
2249 0.247995
2250 0.21508
2251 0.158238
2252 0.156485
2253 0.269604
2254 0.226364
2255 0.247823
2256 0.265215
2257 0.171016
2258 0.147115
2259 0.218461
2260 0.167209
2261 0.249955
2262 0.19902
2263 0.179239
2264 0.158463
2265 0.251305
2266 0.314431
2267 0.282645
2268 0.261013
2269 0.20582
2270 0.168221
2271 0.215547
2272 0.198219
2273 0.23037
2274 0.137182
2275 0.198582
2276 0.16906
2277 0.253913
2278 0.179331
2279 0.200224
2280 0.30095
2281 0.207429
2282 0.223887
2283 0.19257
2284 0.292663
2285 0.203077
2286 0.133572
2287 0.177037
2288 0.215523
2289 0.212887
2290 0.217083
2291 0.283883
2292 0.196851
2293 0.212525
2294 0.190005
2295 0.208874
2296 0.243878
2297 0.232609
2298 0.24057
2299 0.160717
2300 0.282091
2301 0.17378
2302 0.201253
2303 0.243143
2304 0.253961
2305 0.28112
2306 0.162777
2307 0.207731
2308 0.21745
2309 0.199782
2310 0.25175
2311 0.381131
2312 0.258505
2313 0.253831
2314 0.325704
2315 0.196617
2316 0.239899
2317 0.208558
2318 0.184145
2319 0.186395
2320 0.194614
2321 0.280857
2322 0.196165
2323 0.175437
2324 0.2304
2325 0.209626
2326 0.226362
2327 0.152613
2328 0.243658
2329 0.222765
2330 0.221619
2331 0.274293
2332 0.226052
2333 0.318038
2334 0.246024
2335 0.280518
2336 0.245966
2337 0.242196
2338 0.218194
2339 0.204893
2340 0.189429
2341 0.147659
2342 0.190935
2343 0.153881
2344 0.166772
2345 0.172722
2346 0.217005
2347 0.268927
2348 0.339416
2349 0.207791
2350 0.200465
2351 0.331718
2352 0.279668
2353 0.178358
2354 0.203414
2355 0.246447
2356 0.237665
2357 0.281318
2358 0.191088
2359 0.194478
2360 0.224334
2361 0.240278
2362 0.184688
2363 0.165725
2364 0.219146
2365 0.265722
2366 0.250972
2367 0.217189
2368 0.285616
2369 0.157272
2370 0.20637
2371 0.154637
2372 0.150981
2373 0.26138
2374 0.214236
2375 0.310559
2376 0.235656
2377 0.228789
2378 0.26079
2379 0.27056
2380 0.208687
2381 0.320897
2382 0.203596
2383 0.150957
2384 0.233706
2385 0.18179
2386 0.261688
2387 0.236736
2388 0.191891
2389 0.179568
2390 0.156253
2391 0.178175
2392 0.248374
2393 0.25572
2394 0.222086
2395 0.212326
2396 0.263489
2397 0.195925
2398 0.2028
2399 0.345655
2400 0.229306
2401 0.148218
2402 0.132558
2403 0.158299
2404 0.181492
2405 0.234672
2406 0.19182
2407 0.19165
2408 0.157101
2409 0.168284
2410 0.215951
2411 0.259102
2412 0.272068
2413 0.170634
2414 0.226126
2415 0.220079
2416 0.194201
2417 0.19834
2418 0.203318
2419 0.292333
2420 0.198382
2421 0.222427
2422 0.181085
2423 0.181955
2424 0.221747
2425 0.177051
2426 0.301164
2427 0.266653
2428 0.268394
2429 0.188281
2430 0.176905
2431 0.20325
2432 0.235979
2433 0.223217
2434 0.163454
2435 0.312969
2436 0.342394
2437 0.174757
2438 0.240621
2439 0.184964
2440 0.233329
2441 0.211095
2442 0.176484
2443 0.190821
2444 0.203598
2445 0.223592
2446 0.161249
2447 0.281045
2448 0.166957
2449 0.155333
2450 0.217436
2451 0.245171
2452 0.170373
2453 0.143015
2454 0.219619
2455 0.228033
2456 0.168309
2457 0.228287
2458 0.159815
2459 0.282219
2460 0.28177
2461 0.183319
2462 0.290473
2463 0.194979
2464 0.198014
2465 0.27909
2466 0.230015
2467 0.178734
2468 0.156946
2469 0.241203
2470 0.226846
2471 0.250573
2472 0.187963
2473 0.29335
2474 0.203255
2475 0.193071
2476 0.314539
2477 0.237514
2478 0.256134
2479 0.217123
2480 0.18539
2481 0.162475
2482 0.19133
2483 0.198411
2484 0.156223
2485 0.159686
2486 0.267597
2487 0.295944
2488 0.250918
2489 0.143103
2490 0.176108
2491 0.318975
2492 0.225185
2493 0.178443
2494 0.302828
2495 0.155224
2496 0.19827
2497 0.226768
2498 0.219085
2499 0.269329
2500 0.177071
2501 0.190751
2502 0.230995
2503 0.16639
2504 0.286253
2505 0.225165
2506 0.280807
2507 0.15042
2508 0.214044
2509 0.178413
2510 0.220485
2511 0.236618
2512 0.194674
2513 0.195255
2514 0.156299
2515 0.152962
2516 0.199142
2517 0.292981
2518 0.324818
2519 0.203395
2520 0.223631
2521 0.148207
2522 0.205352
2523 0.203282
2524 0.200722
2525 0.169715
2526 0.193385
2527 0.153379
2528 0.207375
2529 0.134948
2530 0.216655
2531 0.160093
2532 0.206774
2533 0.23841
2534 0.169413
2535 0.202993
2536 0.248841
2537 0.22985
2538 0.172355
2539 0.217008
2540 0.168827
2541 0.211133
2542 0.148608
2543 0.216692
2544 0.197921
2545 0.208869
2546 0.198511
2547 0.171482
2548 0.171226
2549 0.164015
2550 0.152348
2551 0.142895
2552 0.225914
2553 0.230412
2554 0.20721
2555 0.272975
2556 0.182893
2557 0.202293
2558 0.167272
2559 0.130829
2560 0.190158
2561 0.161366
2562 0.181993
2563 0.164899
2564 0.183227
2565 0.131289
2566 0.137349
2567 0.200869
2568 0.196739
2569 0.140316
2570 0.34755
2571 0.195026
2572 0.2454
2573 0.164076
2574 0.249763
2575 0.151195
2576 0.163778
2577 0.24629
2578 0.232466
2579 0.207977
2580 0.196105
2581 0.200865
2582 0.16651
2583 0.241737
2584 0.169407
2585 0.175303
2586 0.275524
2587 0.241279
2588 0.194388
2589 0.246109
2590 0.202783
2591 0.152391
2592 0.20251
2593 0.156798
2594 0.247799
2595 0.171121
2596 0.161986
2597 0.237848
2598 0.155883
2599 0.190892
2600 0.209335
2601 0.309763
2602 0.296678
2603 0.171589
2604 0.187727
2605 0.223178
2606 0.190703
2607 0.193606
2608 0.165043
2609 0.182585
2610 0.150305
2611 0.23688
2612 0.172929
2613 0.260226
2614 0.16512
2615 0.143477
2616 0.201712
2617 0.228883
2618 0.251664
2619 0.200256
2620 0.197407
2621 0.159516
2622 0.204009
2623 0.306498
2624 0.205595
2625 0.221603
2626 0.207305
2627 0.171294
2628 0.17576
2629 0.213722
2630 0.140438
2631 0.182118
2632 0.237861
2633 0.226095
2634 0.23902
2635 0.20258
2636 0.203161
2637 0.189153
2638 0.199417
2639 0.199661
2640 0.200412
2641 0.210959
2642 0.231016
2643 0.206945
2644 0.234098
2645 0.199212
2646 0.127279
2647 0.170743
2648 0.270392
2649 0.154707
2650 0.152599
2651 0.200953
2652 0.204573
2653 0.221776
2654 0.172972
2655 0.166443
2656 0.28763
2657 0.267113
2658 0.16904
2659 0.16278
2660 0.174386
2661 0.224879
2662 0.204203
2663 0.205825
2664 0.254052
2665 0.185681
2666 0.216291
2667 0.169311
2668 0.148496
2669 0.152716
2670 0.237298
2671 0.209762
2672 0.171848
2673 0.213878
2674 0.164718
2675 0.161497
2676 0.21407
2677 0.161422
2678 0.227368
2679 0.16173
2680 0.15884
2681 0.152435
2682 0.169726
2683 0.176174
2684 0.202082
2685 0.17756
2686 0.141814
2687 0.207804
2688 0.186772
2689 0.225324
2690 0.259938
2691 0.214527
2692 0.181045
2693 0.178146
2694 0.217457
2695 0.242301
2696 0.162779
2697 0.172861
2698 0.1925
2699 0.171045
2700 0.191196
2701 0.213635
2702 0.155517
2703 0.140505
2704 0.212235
2705 0.153375
2706 0.257568
2707 0.187932
2708 0.156982
2709 0.287218
2710 0.157343
2711 0.189644
2712 0.171411
2713 0.217707
2714 0.169128
2715 0.173689
2716 0.146084
2717 0.205606
2718 0.205996
2719 0.265604
2720 0.276224
2721 0.160848
2722 0.187916
2723 0.135871
2724 0.185892
2725 0.201182
2726 0.172082
2727 0.178923
2728 0.129505
2729 0.221824
2730 0.185872
2731 0.1483
2732 0.248332
2733 0.192957
2734 0.224402
2735 0.155229
2736 0.180812
2737 0.153467
2738 0.152769
2739 0.223578
2740 0.246173
2741 0.242818
2742 0.22134
2743 0.257899
2744 0.186748
2745 0.332838
2746 0.157905
2747 0.234411
2748 0.164999
2749 0.197723
2750 0.215867
2751 0.14421
2752 0.152397
2753 0.22976
2754 0.236495
2755 0.201879
2756 0.226138
2757 0.184473
2758 0.158782
2759 0.179216
2760 0.233396
2761 0.212403
2762 0.202298
2763 0.212776
2764 0.166638
2765 0.180788
2766 0.189644
2767 0.231217
2768 0.163258
2769 0.139656
2770 0.162135
2771 0.221982
2772 0.157474
2773 0.147848
2774 0.214495
2775 0.184718
2776 0.252027
2777 0.23821
2778 0.142282
2779 0.256592
2780 0.277948
2781 0.25597
2782 0.175509
2783 0.187875
2784 0.168599
2785 0.222033
2786 0.20194
2787 0.159986
2788 0.264485
2789 0.25518
2790 0.14719
2791 0.178691
2792 0.179761
2793 0.232087
2794 0.204133
2795 0.147243
2796 0.260429
2797 0.139257
2798 0.138716
2799 0.20045
2800 0.183007
2801 0.210433
2802 0.197559
2803 0.245018
2804 0.201673
2805 0.228254
2806 0.208844
2807 0.173549
2808 0.201387
2809 0.154937
2810 0.263336
2811 0.261247
2812 0.135887
2813 0.154242
2814 0.228115
2815 0.279369
2816 0.137575
2817 0.24549
2818 0.135201
2819 0.138635
2820 0.183965
2821 0.159667
2822 0.201408
2823 0.185837
2824 0.264098
2825 0.241354
2826 0.174703
2827 0.188585
2828 0.251519
2829 0.15917
2830 0.152194
2831 0.142395
2832 0.178037
2833 0.173065
2834 0.214611
2835 0.209807
2836 0.122742
2837 0.137255
2838 0.145559
2839 0.222735
2840 0.402914
2841 0.225808
2842 0.214555
2843 0.185636
2844 0.186966
2845 0.194315
2846 0.173393
2847 0.232428
2848 0.196407
2849 0.159771
2850 0.151171
2851 0.199854
2852 0.138465
2853 0.229051
2854 0.189795
2855 0.273846
2856 0.21082
2857 0.279474
2858 0.207505
2859 0.166704
2860 0.215039
2861 0.173362
2862 0.204115
2863 0.182719
2864 0.282215
2865 0.371173
2866 0.183337
2867 0.332003
2868 0.222632
2869 0.280617
2870 0.158549
2871 0.150464
2872 0.195481
2873 0.205984
2874 0.229357
2875 0.140628
2876 0.228035
2877 0.19542
2878 0.17802
2879 0.178582
2880 0.232438
2881 0.150821
2882 0.152485
2883 0.188537
2884 0.142752
2885 0.219928
2886 0.214929
2887 0.188635
2888 0.214867
2889 0.168571
2890 0.202042
2891 0.24864
2892 0.166366
2893 0.165994
2894 0.304154
2895 0.23468
2896 0.154826
2897 0.146127
2898 0.189257
2899 0.176563
2900 0.184497
2901 0.148953
2902 0.298426
2903 0.193386
2904 0.240313
2905 0.249499
2906 0.212047
2907 0.260255
2908 0.236572
2909 0.133226
2910 0.156558
2911 0.193766
2912 0.171007
2913 0.179244
2914 0.159979
2915 0.395067
2916 0.230309
2917 0.278842
2918 0.153054
2919 0.23425
2920 0.223464
2921 0.17174
2922 0.352408
2923 0.250216
2924 0.145237
2925 0.242528
2926 0.238908
2927 0.286413
2928 0.164026
2929 0.182894
2930 0.205843
2931 0.150004
2932 0.20564
2933 0.226305
2934 0.170422
2935 0.243049
2936 0.163526
2937 0.160071
2938 0.165426
2939 0.170995
2940 0.226135
2941 0.170309
2942 0.192178
2943 0.151017
2944 0.222771
2945 0.216276
2946 0.43862
2947 0.158804
2948 0.190249
2949 0.148812
2950 0.155071
2951 0.173392
2952 0.181864
2953 0.198668
2954 0.21213
2955 0.162186
2956 0.192976
2957 0.204165
2958 0.165236
2959 0.197564
2960 0.162609
2961 0.249533
2962 0.190283
2963 0.154697
2964 0.21961
2965 0.238344
2966 0.221066
2967 0.14789
2968 0.230437
2969 0.206795
2970 0.157142
2971 0.180662
2972 0.171839
2973 0.164875
2974 0.200921
2975 0.156384
2976 0.161977
2977 0.186203
2978 0.145073
2979 0.158962
2980 0.205396
2981 0.189084
2982 0.210712
2983 0.214602
2984 0.141717
2985 0.153575
2986 0.178656
2987 0.132106
2988 0.189536
2989 0.156514
2990 0.139324
2991 0.117807
2992 0.159964
2993 0.156938
2994 0.120327
2995 0.108893
2996 0.184985
2997 0.15619
2998 0.120311
2999 0.422206
3000 0.109887
3001 0.238255
3002 0.235066
3003 0.22407
3004 0.155493
3005 0.23354
3006 0.184038
3007 0.243369
3008 0.154122
3009 0.148473
3010 0.151966
3011 0.163999
3012 0.223526
3013 0.162813
3014 0.174589
3015 0.30126
3016 0.213104
3017 0.206782
3018 0.310723
3019 0.152948
3020 0.158567
3021 0.196753
3022 0.188782
3023 0.167649
3024 0.218782
3025 0.222288
3026 0.191598
3027 0.180126
3028 0.139956
3029 0.246775
3030 0.235922
3031 0.189513
3032 0.156251
3033 0.174617
3034 0.179411
3035 0.148619
3036 0.140656
3037 0.130424
3038 0.229794
3039 0.184306
3040 0.179116
3041 0.435186
3042 0.276098
3043 0.13801
3044 0.143455
3045 0.151418
3046 0.174331
3047 0.186539
3048 0.164736
3049 0.206554
3050 0.191632
3051 0.194787
3052 0.276466
3053 0.190539
3054 0.162639
3055 0.179073
3056 0.154257
3057 0.20484
3058 0.178618
3059 0.164071
3060 0.197842
3061 0.193689
3062 0.156867
3063 0.187004
3064 0.270787
3065 0.170515
3066 0.211542
3067 0.167589
3068 0.205072
3069 0.230591
3070 0.197628
3071 0.227491
3072 0.218348
3073 0.235464
3074 0.197603
3075 0.178017
3076 0.262336
3077 0.470753
3078 0.28239
3079 0.212883
3080 0.208182
3081 0.254217
3082 0.129183
3083 0.129306
3084 0.221791
3085 0.257788
3086 0.206862
3087 0.172077
3088 0.140719
3089 0.140852
3090 0.187228
3091 0.184396
3092 0.20128
3093 0.146928
3094 0.181174
3095 0.1869
3096 0.178544
3097 0.161225
3098 0.153567
3099 0.173065
3100 0.273438
3101 0.179997
3102 0.244077
3103 0.130521
3104 0.20052
3105 0.241338
3106 0.130375
3107 0.166293
3108 0.158989
3109 0.126419
3110 0.194159
3111 0.169367
3112 0.192329
3113 0.204196
3114 0.174682
3115 0.137451
3116 0.171031
3117 0.155738
3118 0.207019
3119 0.19686
3120 0.157333
3121 0.134174
3122 0.135021
3123 0.245462
3124 0.299009
3125 0.150175
3126 0.187665
3127 0.142189
3128 0.152781
3129 0.141217
3130 0.170259
3131 0.141965
3132 0.173792
3133 0.161857
3134 0.152766
3135 0.175116
3136 0.211587
3137 0.2309
3138 0.246432
3139 0.13536
3140 0.161378
3141 0.189726
3142 0.162958
3143 0.184245
3144 0.175375
3145 0.173903
3146 0.151821
3147 0.230896
3148 0.225837
3149 0.188627
3150 0.177505
3151 0.232842
3152 0.178994
3153 0.21668
3154 0.269351
3155 0.210746
3156 0.168283
3157 0.127302
3158 0.176476
3159 0.143037
3160 0.179259
3161 0.252809
3162 0.18
3163 0.236328
3164 0.136773
3165 0.16749
3166 0.177165
3167 0.219419
3168 0.24182
3169 0.302996
3170 0.284473
3171 0.275504
3172 0.235625
3173 0.288076
3174 0.240845
3175 0.125319
3176 0.182811
3177 0.179278
3178 0.193359
3179 0.160689
3180 0.124787
3181 0.168469
3182 0.156041
3183 0.174544
3184 0.154582
3185 0.214584
3186 0.182845
3187 0.20404
3188 0.162838
3189 0.205587
3190 0.185741
3191 0.158419
3192 0.144892
3193 0.144389
3194 0.18084
3195 0.139619
3196 0.184792
3197 0.144423
3198 0.179708
3199 0.134384
3200 0.178537
3201 0.185774
3202 0.179518
3203 0.229023
3204 0.189082
3205 0.182668
3206 0.201866
3207 0.173016
3208 0.254292
3209 0.265393
3210 0.208772
3211 0.204618
3212 0.176063
3213 0.184407
3214 0.222789
3215 0.205744
3216 0.152797
3217 0.210454
3218 0.223448
3219 0.133843
3220 0.136106
3221 0.159699
3222 0.190648
3223 0.149622
3224 0.157983
3225 0.229951
3226 0.109806
3227 0.148367
3228 0.153536
3229 0.15528
3230 0.233737
3231 0.162017
3232 0.269733
3233 0.17952
3234 0.214258
3235 0.160351
3236 0.17766
3237 0.233094
3238 0.307575
3239 0.135366
3240 0.16737
3241 0.150791
3242 0.196042
3243 0.248127
3244 0.163993
3245 0.180564
3246 0.190591
3247 0.122554
3248 0.152791
3249 0.160739
3250 0.166815
3251 0.190622
3252 0.144197
3253 0.262523
3254 0.218852
3255 0.134863
3256 0.158476
3257 0.241168
3258 0.146931
3259 0.137931
3260 0.158494
3261 0.16079
3262 0.145935
3263 0.174742
3264 0.195638
3265 0.131664
3266 0.127674
3267 0.193217
3268 0.280694
3269 0.297519
3270 0.19633
3271 0.183467
3272 0.15749
3273 0.200619
3274 0.138365
3275 0.17496
3276 0.129223
3277 0.200438
3278 0.145158
3279 0.181472
3280 0.209004
3281 0.167847
3282 0.188077
3283 0.193152
3284 0.230764
3285 0.161537
3286 0.203682
3287 0.134109
3288 0.148626
3289 0.189467
3290 0.149192
3291 0.179914
3292 0.18653
3293 0.261508
3294 0.192446
3295 0.202229
3296 0.198855
3297 0.187989
3298 0.136527
3299 0.175734
3300 0.130664
3301 0.174163
3302 0.233894
3303 0.130065
3304 0.183764
3305 0.240482
3306 0.187315
3307 0.179814
3308 0.176184
3309 0.189698
3310 0.16365
3311 0.159253
3312 0.176307
3313 0.153625
3314 0.184924
3315 0.124177
3316 0.244893
3317 0.204674
3318 0.269639
3319 0.178647
3320 0.21333
3321 0.187047
3322 0.142864
3323 0.241353
3324 0.2342
3325 0.214245
3326 0.202524
3327 0.165477
3328 0.161023
3329 0.232923
3330 0.169192
3331 0.224986
3332 0.195458
3333 0.221931
3334 0.258287
3335 0.220172
3336 0.160292
3337 0.179991
3338 0.15863
3339 0.172793
3340 0.144617
3341 0.152625
3342 0.12205
3343 0.14635
3344 0.338899
3345 0.215796
3346 0.287752
3347 0.129827
3348 0.299364
3349 0.212088
3350 0.159948
3351 0.226729
3352 0.13831
3353 0.128
3354 0.215882
3355 0.334855
3356 0.195177
3357 0.13836
3358 0.166503
3359 0.168363
3360 0.128642
3361 0.216991
3362 0.263667
3363 0.2283
3364 0.139244
3365 0.16606
3366 0.152039
3367 0.174312
3368 0.198582
3369 0.192914
3370 0.179191
3371 0.14998
3372 0.142919
3373 0.204582
3374 0.19494
3375 0.253582
3376 0.144867
3377 0.243048
3378 0.152106
3379 0.150824
3380 0.211622
3381 0.178756
3382 0.15627
3383 0.165393
3384 0.168772
3385 0.165866
3386 0.169032
3387 0.153466
3388 0.143504
3389 0.141311
3390 0.218598
3391 0.185897
3392 0.17971
3393 0.165725
3394 0.184346
3395 0.178834
3396 0.112487
3397 0.180204
3398 0.176538
3399 0.14822
3400 0.161351
3401 0.183643
3402 0.175931
3403 0.164948
3404 0.123749
3405 0.16009
3406 0.128973
3407 0.182536
3408 0.135525
3409 0.175961
3410 0.177312
3411 0.124808
3412 0.238257
3413 0.165516
3414 0.160625
3415 0.178743
3416 0.128185
3417 0.12331
3418 0.126023
3419 0.146988
3420 0.109651
3421 0.167056
3422 0.140232
3423 0.132676
3424 0.119252
3425 0.206334
3426 0.115324
3427 0.152418
3428 0.302646
3429 0.245571
3430 0.179424
3431 0.186524
3432 0.156035
3433 0.152788
3434 0.127661
3435 0.240898
3436 0.176658
3437 0.163201
3438 0.182559
3439 0.171513
3440 0.190977
3441 0.124616
3442 0.150031
3443 0.170185
3444 0.205392
3445 0.209802
3446 0.153282
3447 0.192878
3448 0.136867
3449 0.227545
3450 0.171988
3451 0.148177
3452 0.183664
3453 0.154863
3454 0.210008
3455 0.15385
3456 0.187413
3457 0.128458
3458 0.316144
3459 0.230659
3460 0.196343
3461 0.182387
3462 0.15525
3463 0.177081
3464 0.194195
3465 0.206201
3466 0.199187
3467 0.128853
3468 0.220952
3469 0.155287
3470 0.323857
3471 0.162911
3472 0.170484
3473 0.122238
3474 0.172971
3475 0.211354
3476 0.25755
3477 0.121257
3478 0.149188
3479 0.175347
3480 0.202862
3481 0.182736
3482 0.132525
3483 0.204548
3484 0.154888
3485 0.147797
3486 0.156986
3487 0.161767
3488 0.162399
3489 0.137481
3490 0.15568
3491 0.212242
3492 0.257928
3493 0.13961
3494 0.180073
3495 0.143756
3496 0.13088
3497 0.163953
3498 0.13589
3499 0.151814
3500 0.160537
3501 0.198873
3502 0.168203
3503 0.144268
3504 0.156175
3505 0.243791
3506 0.217824
3507 0.114696
3508 0.149692
3509 0.192763
3510 0.174426
3511 0.154865
3512 0.152208
3513 0.224889
3514 0.212212
3515 0.174122
3516 0.150139
3517 0.14405
3518 0.168131
3519 0.20048
3520 0.20182
3521 0.186653
3522 0.173721
3523 0.176936
3524 0.193281
3525 0.130108
3526 0.155202
3527 0.194488
3528 0.168285
3529 0.222475
3530 0.140699
3531 0.209382
3532 0.125695
3533 0.176438
3534 0.128104
3535 0.183485
3536 0.141015
3537 0.131633
3538 0.138403
3539 0.21556
3540 0.183743
3541 0.19244
3542 0.208631
3543 0.170416
3544 0.145814
3545 0.157216
3546 0.168424
3547 0.132202
3548 0.249338
3549 0.196821
3550 0.114228
3551 0.188221
3552 0.275037
3553 0.207578
3554 0.160395
3555 0.179085
3556 0.188135
3557 0.169759
3558 0.138763
3559 0.195596
3560 0.13866
3561 0.124193
3562 0.171147
3563 0.174124
3564 0.131262
3565 0.140678
3566 0.217366
3567 0.162769
3568 0.133937
3569 0.195729
3570 0.209053
3571 0.158507
3572 0.138403
3573 0.18214
3574 0.155976
3575 0.198117
3576 0.175497
3577 0.169889
3578 0.156134
3579 0.139504
3580 0.18796
3581 0.151463
3582 0.157043
3583 0.150862
3584 0.160919
3585 0.167196
3586 0.153938
3587 0.133372
3588 0.140532
3589 0.142066
3590 0.236042
3591 0.136187
3592 0.198278
3593 0.154887
3594 0.137789
3595 0.161232
3596 0.196806
3597 0.271529
3598 0.207272
3599 0.252211
3600 0.227827
3601 0.129823
3602 0.297026
3603 0.219583
3604 0.160995
3605 0.171242
3606 0.167291
3607 0.175853
3608 0.136044
3609 0.118245
3610 0.146199
3611 0.140757
3612 0.179292
3613 0.151331
3614 0.231641
3615 0.122457
3616 0.156272
3617 0.138798
3618 0.130733
3619 0.171514
3620 0.154878
3621 0.123182
3622 0.206765
3623 0.167952
3624 0.141232
3625 0.195466
3626 0.132253
3627 0.154923
3628 0.182479
3629 0.137667
3630 0.11891
3631 0.138779
3632 0.164625
3633 0.148653
3634 0.20164
3635 0.187687
3636 0.187297
3637 0.206561
3638 0.174096
3639 0.206316
3640 0.198747
3641 0.163038
3642 0.190266
3643 0.249871
3644 0.204317
3645 0.158839
3646 0.17285
3647 0.199818
3648 0.121078
3649 0.137411
3650 0.15706
3651 0.126385
3652 0.144662
3653 0.207009
3654 0.224731
3655 0.129918
3656 0.133314
3657 0.147703
3658 0.140815
3659 0.222981
3660 0.119891
3661 0.224892
3662 0.136253
3663 0.183448
3664 0.27555
3665 0.14097
3666 0.164219
3667 0.151034
3668 0.23122
3669 0.122959
3670 0.162127
3671 0.141787
3672 0.223234
3673 0.11395
3674 0.141023
3675 0.16242
3676 0.127188
3677 0.140601
3678 0.214025
3679 0.235788
3680 0.191716
3681 0.122077
3682 0.357129
3683 0.18677
3684 0.186798
3685 0.184318
3686 0.170309
3687 0.130276
3688 0.131467
3689 0.139249
3690 0.195359
3691 0.174578
3692 0.154026
3693 0.148384
3694 0.154445
3695 0.147347
3696 0.172522
3697 0.239997
3698 0.181167
3699 0.153537
3700 0.195138
3701 0.159363
3702 0.150964
3703 0.143663
3704 0.13938
3705 0.181127
3706 0.162569
3707 0.140816
3708 0.160606
3709 0.187434
3710 0.148514
3711 0.134573
3712 0.203398
3713 0.22542
3714 0.244031
3715 0.163966
3716 0.204094
3717 0.210999
3718 0.170466
3719 0.142765
3720 0.125459
3721 0.302197
3722 0.272898
3723 0.154582
3724 0.16834
3725 0.171546
3726 0.16556
3727 0.178307
3728 0.110576
3729 0.204789
3730 0.209021
3731 0.211695
3732 0.145102
3733 0.173268
3734 0.175623
3735 0.111652
3736 0.136359
3737 0.222456
3738 0.107274
3739 0.13218
3740 0.139967
3741 0.139183
3742 0.142768
3743 0.210911
3744 0.164793
3745 0.190486
3746 0.217413
3747 0.191401
3748 0.201931
3749 0.180014
3750 0.144682
3751 0.21822
3752 0.181519
3753 0.13862
3754 0.146866
3755 0.164926
3756 0.215587
3757 0.16716
3758 0.18625
3759 0.25621
3760 0.228861
3761 0.159292
3762 0.255182
3763 0.230867
3764 0.164266
3765 0.168431
3766 0.181201
3767 0.18086
3768 0.181207
3769 0.174268
3770 0.142082
3771 0.148497
3772 0.179004
3773 0.250773
3774 0.167322
3775 0.171829
3776 0.172079
3777 0.299671
3778 0.193615
3779 0.179426
3780 0.262534
3781 0.203184
3782 0.147393
3783 0.248097
3784 0.249736
3785 0.166512
3786 0.15229
3787 0.143624
3788 0.112944
3789 0.111689
3790 0.21591
3791 0.153041
3792 0.151705
3793 0.159893
3794 0.172372
3795 0.125116
3796 0.198648
3797 0.149408
3798 0.165594
3799 0.111791
3800 0.12428
3801 0.124022
3802 0.132924
3803 0.261709
3804 0.257266
3805 0.136828
3806 0.175935
3807 0.15123
3808 0.204627
3809 0.211793
3810 0.119282
3811 0.153837
3812 0.166534
3813 0.149002
3814 0.171156
3815 0.118552
3816 0.163197
3817 0.124606
3818 0.143396
3819 0.22335
3820 0.119843
3821 0.129718
3822 0.245556
3823 0.181948
3824 0.133811
3825 0.149576
3826 0.132762
3827 0.160522
3828 0.104586
3829 0.164918
3830 0.150661
3831 0.228876
3832 0.184611
3833 0.149372
3834 0.14303
3835 0.159922
3836 0.129423
3837 0.14856
3838 0.16596
3839 0.148943
3840 0.195155
3841 0.219331
3842 0.167723
3843 0.152227
3844 0.126483
3845 0.117191
3846 0.147925
3847 0.115958
3848 0.129381
3849 0.112675
3850 0.144333
3851 0.108572
3852 0.12464
3853 0.141838
3854 0.156584
3855 0.12599
3856 0.173587
3857 0.191475
3858 0.171569
3859 0.167823
3860 0.150294
3861 0.163266
3862 0.186751
3863 0.161377
3864 0.168157
3865 0.209524
3866 0.112843
3867 0.230443
3868 0.114674
3869 0.173756
3870 0.123131
3871 0.134512
3872 0.214441
3873 0.198161
3874 0.222075
3875 0.209902
3876 0.206368
3877 0.176888
3878 0.199058
3879 0.238481
3880 0.167109
3881 0.134798
3882 0.133633
3883 0.226434
3884 0.125266
3885 0.145041
3886 0.14374
3887 0.231457
3888 0.209203
3889 0.144423
3890 0.168185
3891 0.148936
3892 0.150446
3893 0.141608
3894 0.129704
3895 0.155985
3896 0.119263
3897 0.162091
3898 0.158361
3899 0.195097
3900 0.131344
3901 0.125211
3902 0.119542
3903 0.191687
3904 0.148933
3905 0.131436
3906 0.137021
3907 0.12934
3908 0.124093
3909 0.173842
3910 0.143253
3911 0.139739
3912 0.13975
3913 0.130838
3914 0.114256
3915 0.129268
3916 0.133911
3917 0.219607
3918 0.196012
3919 0.179727
3920 0.216274
3921 0.176122
3922 0.163592
3923 0.145638
3924 0.178718
3925 0.134059
3926 0.166685
3927 0.16506
3928 0.150203
3929 0.16256
3930 0.155983
3931 0.151301
3932 0.110955
3933 0.166749
3934 0.18987
3935 0.141213
3936 0.157349
3937 0.159984
3938 0.187377
3939 0.166111
3940 0.204882
3941 0.144977
3942 0.197291
3943 0.201443
3944 0.135668
3945 0.154728
3946 0.111643
3947 0.177749
3948 0.148313
3949 0.190796
3950 0.219893
3951 0.144026
3952 0.169373
3953 0.161222
3954 0.135719
3955 0.134886
3956 0.259982
3957 0.19472
3958 0.191405
3959 0.169959
3960 0.123052
3961 0.139374
3962 0.192514
3963 0.133456
3964 0.136464
3965 0.141669
3966 0.161629
3967 0.195952
3968 0.167732
3969 0.161895
3970 0.142417
3971 0.164151
3972 0.120017
3973 0.113113
3974 0.161313
3975 0.189482
3976 0.184157
3977 0.163165
3978 0.164146
3979 0.165114
3980 0.178438
3981 0.197989
3982 0.188766
3983 0.163596
3984 0.132467
3985 0.121201
3986 0.232819
3987 0.160906
3988 0.125829
3989 0.107675
3990 0.163558
3991 0.103985
3992 0.229468
3993 0.148229
3994 0.111647
3995 0.215317
3996 0.243736
3997 0.147952
3998 0.169192
3999 0.187311
4000 0.123944
4001 0.128419
4002 0.128686
4003 0.145589
4004 0.161509
4005 0.212995
4006 0.202764
4007 0.147217
4008 0.132695
4009 0.123744
4010 0.115051
4011 0.175065
4012 0.173134
4013 0.148945
4014 0.131041
4015 0.178728
4016 0.181458
4017 0.121172
4018 0.236085
4019 0.142981
4020 0.174938
4021 0.141061
4022 0.169959
4023 0.110502
4024 0.108527
4025 0.271267
4026 0.27097
4027 0.152454
4028 0.196214
4029 0.272779
4030 0.126636
4031 0.293217
4032 0.153059
4033 0.166705
4034 0.155647
4035 0.138526
4036 0.195982
4037 0.116638
4038 0.12197
4039 0.158721
4040 0.135318
4041 0.108371
4042 0.175678
4043 0.152399
4044 0.126186
4045 0.150884
4046 0.157419
4047 0.169442
4048 0.171771
4049 0.168428
4050 0.167002
4051 0.173285
4052 0.139849
4053 0.129531
4054 0.13065
4055 0.127141
4056 0.110913
4057 0.133902
4058 0.13995
4059 0.10837
4060 0.167751
4061 0.202321
4062 0.198739
4063 0.166763
4064 0.163899
4065 0.130518
4066 0.2363
4067 0.204285
4068 0.160032
4069 0.180952
4070 0.171391
4071 0.176556
4072 0.220096
4073 0.149527
4074 0.171348
4075 0.194549
4076 0.146128
4077 0.113859
4078 0.166618
4079 0.191329
4080 0.131334
4081 0.129202
4082 0.220166
4083 0.138805
4084 0.112988
4085 0.14319
4086 0.144283
4087 0.230528
4088 0.149045
4089 0.182539
4090 0.176613
4091 0.191617
4092 0.13909
4093 0.157209
4094 0.185554
4095 0.120643
4096 0.18889
4097 0.21332
4098 0.127716
4099 0.116037
4100 0.159197
4101 0.211469
4102 0.174233
4103 0.192292
4104 0.138261
4105 0.165881
4106 0.201392
4107 0.185271
4108 0.141934
4109 0.174492
4110 0.16201
4111 0.211415
4112 0.175228
4113 0.178518
4114 0.219004
4115 0.131708
4116 0.108212
4117 0.129551
4118 0.122227
4119 0.140298
4120 0.185873
4121 0.134334
4122 0.139788
4123 0.126623
4124 0.153951
4125 0.155053
4126 0.250666
4127 0.147952
4128 0.159068
4129 0.145763
4130 0.171964
4131 0.125087
4132 0.162126
4133 0.123128
4134 0.210906
4135 0.144007
4136 0.145069
4137 0.175246
4138 0.144924
4139 0.209335
4140 0.134596
4141 0.177634
4142 0.12635
4143 0.166177
4144 0.16322
4145 0.148781
4146 0.165756
4147 0.156505
4148 0.175642
4149 0.120509
4150 0.197234
4151 0.230723
4152 0.136609
4153 0.158659
4154 0.204044
4155 0.138104
4156 0.131485
4157 0.142296
4158 0.153866
4159 0.156931
4160 0.188346
4161 0.129387
4162 0.176923
4163 0.127138
4164 0.15674
4165 0.159718
4166 0.21579
4167 0.112828
4168 0.13622
4169 0.155525
4170 0.117624
4171 0.156414
4172 0.152581
4173 0.180541
4174 0.202299
4175 0.17002
4176 0.136917
4177 0.208553
4178 0.151456
4179 0.166435
4180 0.236104
4181 0.167665
4182 0.125027
4183 0.107518
4184 0.154435
4185 0.181075
4186 0.266203
4187 0.121091
4188 0.258327
4189 0.185121
4190 0.123926
4191 0.254363
4192 0.118079
4193 0.177909
4194 0.190963
4195 0.118029
4196 0.148312
4197 0.137974
4198 0.179363
4199 0.123725
4200 0.132417
4201 0.229258
4202 0.18839
4203 0.145539
4204 0.117069
4205 0.225493
4206 0.190984
4207 0.151828
4208 0.156227
4209 0.153337
4210 0.152714
4211 0.208767
4212 0.204785
4213 0.187333
4214 0.133251
4215 0.136707
4216 0.133229
4217 0.119455
4218 0.162136
4219 0.291704
4220 0.131181
4221 0.157448
4222 0.131346
4223 0.14998
4224 0.186623
4225 0.151315
4226 0.172794
4227 0.170577
4228 0.118545
4229 0.108024
4230 0.148749
4231 0.173856
4232 0.21114
4233 0.216362
4234 0.180942
4235 0.127827
4236 0.109824
4237 0.145898
4238 0.19288
4239 0.148434
4240 0.163477
4241 0.156325
4242 0.143602
4243 0.186633
4244 0.19661
4245 0.16866
4246 0.15058
4247 0.195072
4248 0.142886
4249 0.118473
4250 0.172114
4251 0.173546
4252 0.23312
4253 0.134287
4254 0.154204
4255 0.181052
4256 0.113487
4257 0.114882
4258 0.126229
4259 0.142742
4260 0.166568
4261 0.135528
4262 0.15043
4263 0.116335
4264 0.108772
4265 0.133063
4266 0.181553
4267 0.180171
4268 0.16519
4269 0.164262
4270 0.146646
4271 0.116784
4272 0.171057
4273 0.116094
4274 0.144731
4275 0.123722
4276 0.11498
4277 0.136858
4278 0.133938
4279 0.101102
4280 0.126145
4281 0.0954781
4282 0.21663
4283 0.12499
4284 0.117555
4285 0.200681
4286 0.143441
4287 0.227096
4288 0.175798
4289 0.131436
4290 0.134218
4291 0.149443
4292 0.157071
4293 0.191145
4294 0.111508
4295 0.12941
4296 0.119651
4297 0.176489
4298 0.121805
4299 0.133739
4300 0.115195
4301 0.265048
4302 0.157375
4303 0.190481
4304 0.246222
4305 0.11426
4306 0.12624
4307 0.186001
4308 0.149342
4309 0.164855
4310 0.146119
4311 0.181692
4312 0.15197
4313 0.150754
4314 0.105511
4315 0.187124
4316 0.221572
4317 0.150676
4318 0.122125
4319 0.126425
4320 0.145963
4321 0.166454
4322 0.122583
4323 0.136687
4324 0.138588
4325 0.138948
4326 0.15279
4327 0.204023
4328 0.133145
4329 0.109668
4330 0.132378
4331 0.13618
4332 0.179159
4333 0.130009
4334 0.183336
4335 0.126959
4336 0.108882
4337 0.148728
4338 0.228716
4339 0.148538
4340 0.120751
4341 0.127389
4342 0.112221
4343 0.119125
4344 0.11127
4345 0.142583
4346 0.158818
4347 0.18899
4348 0.130253
4349 0.130253
4350 0.201349
4351 0.123091
4352 0.192859
4353 0.176732
4354 0.150562
4355 0.110199
4356 0.139355
4357 0.131774
4358 0.148173
4359 0.146444
4360 0.158137
4361 0.115608
4362 0.149407
4363 0.176966
4364 0.118339
4365 0.12902
4366 0.106756
4367 0.16717
4368 0.12533
4369 0.127865
4370 0.133943
4371 0.174828
4372 0.155517
4373 0.151083
4374 0.139995
4375 0.158858
4376 0.145579
4377 0.167494
4378 0.180072
4379 0.131818
4380 0.163678
4381 0.183245
4382 0.158899
4383 0.162394
4384 0.171711
4385 0.110845
4386 0.160023
4387 0.140789
4388 0.178367
4389 0.112466
4390 0.113592
4391 0.221837
4392 0.114639
4393 0.125613
4394 0.119358
4395 0.162945
4396 0.139429
4397 0.191896
4398 0.137195
4399 0.18949
4400 0.219616
4401 0.102785
4402 0.129708
4403 0.147212
4404 0.150659
4405 0.187845
4406 0.200155
4407 0.123419
4408 0.127559
4409 0.196309
4410 0.156068
4411 0.178983
4412 0.150137
4413 0.132823
4414 0.158513
4415 0.133726
4416 0.140861
4417 0.112374
4418 0.143957
4419 0.128828
4420 0.12828
4421 0.190014
4422 0.118544
4423 0.141693
4424 0.194511
4425 0.13174
4426 0.105664
4427 0.156904
4428 0.177039
4429 0.127567
4430 0.13402
4431 0.144742
4432 0.155876
4433 0.158566
4434 0.205785
4435 0.10566
4436 0.111435
4437 0.125172
4438 0.139676
4439 0.118144
4440 0.144303
4441 0.188689
4442 0.130737
4443 0.11911
4444 0.144223
4445 0.103192
4446 0.135147
4447 0.233436
4448 0.181765
4449 0.155396
4450 0.15583
4451 0.125484
4452 0.113573
4453 0.163868
4454 0.215982
4455 0.221033
4456 0.191661
4457 0.184197
4458 0.145181
4459 0.173609
4460 0.21079
4461 0.123626
4462 0.134782
4463 0.120873
4464 0.174763
4465 0.205364
4466 0.107394
4467 0.13158
4468 0.143438
4469 0.158126
4470 0.158222
4471 0.154644
4472 0.171413
4473 0.147332
4474 0.13779
4475 0.198868
4476 0.145859
4477 0.199658
4478 0.129703
4479 0.116075
4480 0.144282
4481 0.139817
4482 0.193761
4483 0.13625
4484 0.130186
4485 0.118415
4486 0.153112
4487 0.143047
4488 0.120002
4489 0.142474
4490 0.153942
4491 0.158311
4492 0.259731
4493 0.14819
4494 0.18337
4495 0.247776
4496 0.13237
4497 0.164534
4498 0.216809
4499 0.142301
4500 0.257075
4501 0.233206
4502 0.218347
4503 0.199638
4504 0.212907
4505 0.131142
4506 0.120559
4507 0.136865
4508 0.224799
4509 0.12939
4510 0.103301
4511 0.186654
4512 0.129769
4513 0.120857
4514 0.150764
4515 0.0972636
4516 0.177876
4517 0.153479
4518 0.169549
4519 0.169273
4520 0.216698
4521 0.153087
4522 0.170669
4523 0.167847
4524 0.175767
4525 0.155333
4526 0.162977
4527 0.148633
4528 0.133197
4529 0.262339
4530 0.192568
4531 0.118174
4532 0.145389
4533 0.158435
4534 0.115197
4535 0.147274
4536 0.128943
4537 0.176563
4538 0.153841
4539 0.189207
4540 0.149989
4541 0.134613
4542 0.133141
4543 0.19577
4544 0.145183
4545 0.121312
4546 0.122692
4547 0.159456
4548 0.146994
4549 0.165166
4550 0.160183
4551 0.116391
4552 0.177268
4553 0.18123
4554 0.142661
4555 0.182703
4556 0.146885
4557 0.144896
4558 0.135567
4559 0.112255
4560 0.128619
4561 0.135376
4562 0.11434
4563 0.176933
4564 0.132791
4565 0.128384
4566 0.111986
4567 0.130481
4568 0.163104
4569 0.11558
4570 0.202986
4571 0.168864
4572 0.167995
4573 0.115083
4574 0.111412
4575 0.169211
4576 0.130244
4577 0.151729
4578 0.202311
4579 0.206176
4580 0.189967
4581 0.153439
4582 0.147783
4583 0.254617
4584 0.143415
4585 0.110548
4586 0.128164
4587 0.155272
4588 0.16344
4589 0.127535
4590 0.133967
4591 0.129929
4592 0.170835
4593 0.165049
4594 0.142173
4595 0.224333
4596 0.130127
4597 0.127638
4598 0.196034
4599 0.229376
4600 0.24541
4601 0.114833
4602 0.202359
4603 0.187356
4604 0.136477
4605 0.167274
4606 0.163903
4607 0.133522
4608 0.157588
4609 0.325781
4610 0.176153
4611 0.111949
4612 0.133362
4613 0.191372
4614 0.140431
4615 0.244766
4616 0.135233
4617 0.189119
4618 0.209502
4619 0.235723
4620 0.181093
4621 0.148294
4622 0.137518
4623 0.209795
4624 0.104561
4625 0.179619
4626 0.12666
4627 0.165109
4628 0.111369
4629 0.156285
4630 0.345748
4631 0.198103
4632 0.217099
4633 0.101746
4634 0.218585
4635 0.167686
4636 0.154781
4637 0.215365
4638 0.136895
4639 0.130384
4640 0.168738
4641 0.170572
4642 0.201049
4643 0.104015
4644 0.128825
4645 0.201506
4646 0.106209
4647 0.111648
4648 0.247035
4649 0.184615
4650 0.119586
4651 0.129617
4652 0.129933
4653 0.207665
4654 0.129907
4655 0.201837
4656 0.118417
4657 0.11684
4658 0.137441
4659 0.213737
4660 0.143341
4661 0.254183
4662 0.134725
4663 0.202764
4664 0.143572
4665 0.110312
4666 0.199401
4667 0.15523
4668 0.160657
4669 0.168082
4670 0.144392
4671 0.20208
4672 0.153545
4673 0.157535
4674 0.128983
4675 0.123616
4676 0.228392
4677 0.172468
4678 0.127324
4679 0.125436
4680 0.211766
4681 0.134821
4682 0.134505
4683 0.148127
4684 0.12436
4685 0.114673
4686 0.132845
4687 0.237301
4688 0.137522
4689 0.183331
4690 0.123444
4691 0.136807
4692 0.140914
4693 0.120131
4694 0.121725
4695 0.17071
4696 0.155037
4697 0.124254
4698 0.14339
4699 0.120286
4700 0.105142
4701 0.116551
4702 0.11718
4703 0.131204
4704 0.136019
4705 0.0956708
4706 0.135096
4707 0.131491
4708 0.115786
4709 0.115685
4710 0.115975
4711 0.146304
4712 0.104691
4713 0.162667
4714 0.20738
4715 0.209423
4716 0.172027
4717 0.149183
4718 0.145826
4719 0.190893
4720 0.113228
4721 0.189127
4722 0.156181
4723 0.118329
4724 0.14064
4725 0.145395
4726 0.146794
4727 0.138288
4728 0.150855
4729 0.120056
4730 0.189257
4731 0.155795
4732 0.0988363
4733 0.145685
4734 0.114604
4735 0.196367
4736 0.130287
4737 0.111837
4738 0.159567
4739 0.14401
4740 0.194625
4741 0.154358
4742 0.120952
4743 0.114411
4744 0.213428
4745 0.200937
4746 0.176112
4747 0.15081
4748 0.146332
4749 0.183517
4750 0.129193
4751 0.149063
4752 0.136333
4753 0.122369
4754 0.119187
4755 0.178918
4756 0.250616
4757 0.118407
4758 0.118887
4759 0.126253
4760 0.127747
4761 0.115402
4762 0.179114
4763 0.138721
4764 0.147693
4765 0.135026
4766 0.134525
4767 0.24558
4768 0.142202
4769 0.139419
4770 0.145384
4771 0.157844
4772 0.127209
4773 0.151721
4774 0.125675
4775 0.145248
4776 0.18005
4777 0.115269
4778 0.15382
4779 0.123119
4780 0.142578
4781 0.157766
4782 0.121071
4783 0.155956
4784 0.136711
4785 0.125734
4786 0.115496
4787 0.192682
4788 0.163332
4789 0.111422
4790 0.142637
4791 0.173148
4792 0.173877
4793 0.0966695
4794 0.137225
4795 0.159582
4796 0.149907
4797 0.11276
4798 0.12028
4799 0.147704
4800 0.150289
4801 0.147748
4802 0.122926
4803 0.144207
4804 0.107707
4805 0.118779
4806 0.215913
4807 0.146622
4808 0.174311
4809 0.132125
4810 0.126801
4811 0.111774
4812 0.130663
4813 0.161444
4814 0.144757
4815 0.169947
4816 0.153388
4817 0.150373
4818 0.113735
4819 0.132432
4820 0.12459
4821 0.10897
4822 0.168114
4823 0.123028
4824 0.0961441
4825 0.156481
4826 0.164642
4827 0.152937
4828 0.186663
4829 0.171502
4830 0.105157
4831 0.117561
4832 0.148373
4833 0.146119
4834 0.179669
4835 0.129466
4836 0.124957
4837 0.124703
4838 0.348515
4839 0.140228
4840 0.117324
4841 0.193284
4842 0.119207
4843 0.118857
4844 0.124662
4845 0.187745
4846 0.0987037
4847 0.141015
4848 0.124804
4849 0.149789
4850 0.155587
4851 0.102271
4852 0.145552
4853 0.177028
4854 0.107879
4855 0.124047
4856 0.150997
4857 0.146941
4858 0.12163
4859 0.136184
4860 0.134751
4861 0.13561
4862 0.117961
4863 0.187792
4864 0.124647
4865 0.124703
4866 0.13784
4867 0.126774
4868 0.174493
4869 0.18882
4870 0.154642
4871 0.168398
4872 0.121926
4873 0.146268
4874 0.137508
4875 0.124059
4876 0.217902
4877 0.142582
4878 0.128341
4879 0.128478
4880 0.167036
4881 0.109451
4882 0.130441
4883 0.167102
4884 0.207395
4885 0.186718
4886 0.196058
4887 0.13272
4888 0.222277
4889 0.133322
4890 0.134621
4891 0.118934
4892 0.186497
4893 0.198273
4894 0.230162
4895 0.125795
4896 0.123228
4897 0.12855
4898 0.151847
4899 0.151932
4900 0.220088
4901 0.122087
4902 0.106468
4903 0.149393
4904 0.229862
4905 0.182625
4906 0.15168
4907 0.110865
4908 0.140049
4909 0.139761
4910 0.110678
4911 0.193008
4912 0.116913
4913 0.103396
4914 0.149403
4915 0.120957
4916 0.153354
4917 0.137841
4918 0.122307
4919 0.130765
4920 0.129601
4921 0.136307
4922 0.119519
4923 0.168619
4924 0.201846
4925 0.128021
4926 0.196509
4927 0.145034
4928 0.142696
4929 0.152841
4930 0.152998
4931 0.140452
4932 0.159735
4933 0.132023
4934 0.102803
4935 0.10262
4936 0.197527
4937 0.171095
4938 0.141756
4939 0.106818
4940 0.140305
4941 0.100432
4942 0.160595
4943 0.11927
4944 0.125659
4945 0.194252
4946 0.197467
4947 0.239061
4948 0.147751
4949 0.131493
4950 0.157509
4951 0.190481
4952 0.119201
4953 0.231333
4954 0.143306
4955 0.118898
4956 0.108785
4957 0.108458
4958 0.217977
4959 0.0983634
4960 0.140743
4961 0.195356
4962 0.123189
4963 0.156027
4964 0.138226
4965 0.120092
4966 0.144647
4967 0.131319
4968 0.189243
4969 0.197141
4970 0.170424
4971 0.229859
4972 0.171708
4973 0.153095
4974 0.115886
4975 0.127902
4976 0.136099
4977 0.165997
4978 0.190114
4979 0.155518
4980 0.116147
4981 0.115234
4982 0.145861
4983 0.182579
4984 0.175738
4985 0.146356
4986 0.120333
4987 0.151497
4988 0.137655
4989 0.118477
4990 0.121081
4991 0.125233
4992 0.153742
4993 0.133527
4994 0.155908
4995 0.123299
4996 0.158166
4997 0.13291
4998 0.156841
4999 0.158586
5000 0.139456
