0 2.54437
1 2.49399
2 2.46271
3 2.34177
4 2.10888
5 2.11149
6 1.98129
7 1.96037
8 1.93111
9 1.88319
10 2.1228
11 1.68151
12 1.57464
13 2.0347
14 2.44575
15 2.61896
16 2.54631
17 2.13002
18 1.95711
19 1.72656
20 1.52377
21 1.42917
22 1.41979
23 1.77167
24 1.56374
25 1.45656
26 1.53041
27 1.20338
28 1.38367
29 1.23161
30 1.21761
31 0.807433
32 0.957776
33 0.968831
34 1.19154
35 1.25649
36 1.16323
37 1.64711
38 1.02723
39 1.05235
40 0.963449
41 0.780786
42 0.93881
43 0.734807
44 0.909573
45 0.756241
46 0.710584
47 0.628906
48 0.783381
49 0.771231
50 0.705706
51 1.03542
52 0.809483
53 0.72429
54 0.751806
55 0.966128
56 0.878065
57 0.84991
58 0.799118
59 0.796424
60 0.764369
61 0.849057
62 0.956098
63 1.07612
64 0.550851
65 0.675658
66 0.676414
67 0.780373
68 0.734517
69 0.841037
70 1.23261
71 0.92205
72 1.17527
73 1.02627
74 0.991728
75 0.940537
76 1.02025
77 0.793636
78 0.695318
79 0.692183
80 0.606014
81 0.605211
82 0.584757
83 0.618972
84 0.756047
85 0.789595
86 0.767666
87 0.765105
88 1.06301
89 0.974277
90 0.768461
91 0.704497
92 0.680504
93 0.722844
94 0.662236
95 0.684109
96 0.548843
97 0.614626
98 0.766342
99 0.76791
100 0.801651
101 0.582686
102 0.508656
103 0.427412
104 0.523525
105 0.496878
106 0.57024
107 0.585045
108 0.455815
109 0.510742
110 0.562032
111 0.71954
112 0.618066
113 0.699034
114 0.551378
115 0.487703
116 0.628038
117 0.815505
118 1.24911
119 0.949737
120 0.771057
121 0.851892
122 0.923435
123 0.761717
124 0.775298
125 0.547188
126 0.599913
127 0.543277
128 0.511606
129 0.547441
130 0.57507
131 0.381889
132 0.547884
133 0.711592
134 0.883203
135 0.626887
136 0.873149
137 0.85116
138 0.595948
139 0.503824
140 0.462998
141 0.508468
142 0.576717
143 0.478613
144 0.501764
145 0.507715
146 0.644511
147 0.604023
148 0.714822
149 0.535574
150 0.590112
151 0.428108
152 0.630626
153 0.658828
154 0.649099
155 0.535308
156 0.469909
157 0.450197
158 0.581978
159 0.334259
160 0.468153
161 0.40189
162 0.568866
163 0.539015
164 0.480519
165 0.429436
166 0.492588
167 0.61133
168 0.631055
169 0.734612
170 0.776779
171 0.516493
172 0.761854
173 0.868187
174 0.71062
175 0.607897
176 0.432142
177 0.538719
178 0.540886
179 0.408524
180 0.451869
181 0.500107
182 0.572989
183 0.442651
184 0.668903
185 0.457068
186 0.515519
187 0.501953
188 0.603565
189 0.543565
190 0.578126
191 0.466375
192 0.384751
193 0.608468
194 0.630443
195 0.573394
196 0.535361
197 0.459455
198 0.481226
199 0.582009
200 0.675719
201 0.450637
202 0.524181
203 0.543484
204 0.597846
205 0.685204
206 0.758867
207 0.579069
208 0.76387
209 0.502499
210 0.445576
211 0.568855
212 0.535077
213 0.66682
214 0.697981
215 0.494407
216 0.486689
217 0.663845
218 0.411557
219 0.344368
220 0.413992
221 0.554709
222 0.476444
223 0.364343
224 0.472066
225 0.299879
226 0.378941
227 0.33564
228 0.357518
229 0.489441
230 0.592685
231 0.508666
232 0.519097
233 0.599367
234 0.454692
235 0.474174
236 0.474617
237 0.47524
238 0.481579
239 0.563452
240 0.404221
241 0.443425
242 0.535742
243 0.521302
244 0.3652
245 0.480021
246 0.413732
247 0.336701
248 0.535917
249 0.410222
250 0.541136
251 0.421668
252 0.65454
253 0.597634
254 0.494354
255 0.75979
256 0.560674
257 0.457698
258 0.400402
259 0.442432
260 0.515581
261 0.486853
262 0.648372
263 0.449888
264 0.328447
265 0.446714
266 0.338409
267 0.489439
268 0.712025
269 0.474158
270 0.595514
271 0.555952
272 0.460486
273 0.549998
274 0.563087
275 0.397339
276 0.388371
277 0.403891
278 0.492373
279 0.417065
280 0.39128
281 0.443583
282 0.346705
283 0.527192
284 0.53109
285 0.611338
286 0.413975
287 0.384675
288 0.380538
289 0.483614
290 0.397886
291 0.491912
292 0.65225
293 0.407514
294 0.444512
295 0.568102
296 0.66376
297 0.402792
298 0.425125
299 0.280842
300 0.3731
301 0.442096
302 0.391519
303 0.396514
304 0.470886
305 0.476103
306 0.477915
307 0.427009
308 0.419873
309 0.316668
310 0.345153
311 0.566632
312 0.464596
313 0.46713
314 0.408118
315 0.393761
316 0.516888
317 0.414069
318 0.468011
319 0.454894
320 0.460459
321 0.451401
322 0.511113
323 0.610479
324 0.450377
325 0.553436
326 0.433873
327 0.403424
328 0.341621
329 0.433585
330 0.573799
331 0.630157
332 0.525488
333 0.457241
334 0.341443
335 0.579112
336 0.40163
337 0.330751
338 0.513621
339 0.34672
340 0.446068
341 0.397276
342 0.330134
343 0.7283
344 0.482031
345 0.48614
346 0.345392
347 0.894451
348 0.602675
349 0.467723
350 0.575243
351 0.40517
352 0.470485
353 0.45692
354 0.669564
355 0.474858
356 0.51092
357 0.473213
358 0.339334
359 0.313554
360 0.383659
361 0.433079
362 0.396813
363 0.428632
364 0.344166
365 0.393853
366 0.391524
367 0.510046
368 0.479178
369 0.51739
370 0.350509
371 0.292812
372 0.474208
373 0.486775
374 0.684508
375 0.386899
376 0.426465
377 0.303544
378 0.380623
379 0.47709
380 0.366183
381 0.404517
382 0.501221
383 0.30883
384 0.33992
385 0.333779
386 0.431176
387 0.380918
388 0.286971
389 0.436041
390 0.384391
391 0.365703
392 0.387553
393 0.367849
394 0.373975
395 0.343778
396 0.425029
397 0.373954
398 0.372815
399 0.354465
400 0.490241
401 0.429984
402 0.320046
403 0.379757
404 0.488562
405 0.365665
406 0.434514
407 0.255486
408 0.368598
409 0.373348
410 0.377469
411 0.516083
412 0.363148
413 0.277844
414 0.344823
415 0.242906
416 0.275709
417 0.342893
418 0.361176
419 0.264514
420 0.423326
421 0.239012
422 0.2059
423 0.287919
424 0.574223
425 0.573123
426 0.340611
427 0.578069
428 0.206594
429 0.621475
430 0.373949
431 0.536444
432 0.378029
433 0.39782
434 0.372294
435 0.428075
436 0.312584
437 0.349544
438 0.459614
439 0.307186
440 0.383921
441 0.359821
442 0.392339
443 0.485895
444 0.478463
445 0.355158
446 0.403214
447 0.407007
448 0.380417
449 0.358345
450 0.472185
451 0.288291
452 0.34139
453 0.576399
454 0.373456
455 0.404778
456 0.292762
457 0.653122
458 0.600663
459 0.5247
460 0.392845
461 0.352975
462 0.439311
463 0.527504
464 0.448911
465 0.327117
466 0.297594
467 0.323238
468 0.443784
469 0.586637
470 0.369936
471 0.380001
472 0.287322
473 0.421996
474 0.346241
475 0.375207
476 0.24214
477 0.353037
478 0.336771
479 0.421156
480 0.507229
481 0.435273
482 0.397778
483 0.472293
484 0.291585
485 0.481309
486 0.327742
487 0.574176
488 0.6387
489 0.428654
490 0.360086
491 0.476853
492 0.330807
493 0.338297
494 0.402458
495 0.266462
496 0.432513
497 0.394015
498 0.361536
499 0.455618
500 0.378585
501 0.462588
502 0.34731
503 0.444144
504 0.529118
505 0.521928
506 0.316265
507 0.455702
508 0.41858
509 0.317941
510 0.429865
511 0.319232
512 0.46635
513 0.440685
514 0.541171
515 0.323484
516 0.31515
517 0.260267
518 0.34346
519 0.381378
520 0.525311
521 0.347388
522 0.37825
523 0.363003
524 0.373088
525 0.312864
526 0.427005
527 0.400875
528 0.425865
529 0.446369
530 0.423108
531 0.30866
532 0.416466
533 0.313596
534 0.404103
535 0.330237
536 0.295114
537 0.247543
538 0.36077
539 0.397162
540 0.3182
541 0.321523
542 0.407967
543 0.37471
544 0.368509
545 0.339627
546 0.377877
547 0.5601
548 0.310956
549 0.309626
550 0.405862
551 0.517036
552 0.496452
553 0.459385
554 0.477513
555 0.350475
556 0.39993
557 0.326607
558 0.399723
559 0.346925
560 0.290146
561 0.325801
562 0.445737
563 0.347707
564 0.282433
565 0.484995
566 0.480669
567 0.451467
568 0.365575
569 0.309947
570 0.395642
571 0.230298
572 0.283574
573 0.324611
574 0.322559
575 0.382904
576 0.506507
577 0.338369
578 0.297952
579 0.330221
580 0.298767
581 0.431425
582 0.650255
583 0.589078
584 0.427231
585 0.319329
586 0.457688
587 0.285634
588 0.27806
589 0.366001
590 0.332875
591 0.407032
592 0.325983
593 0.371423
594 0.298069
595 0.461463
596 0.394746
597 0.549311
598 0.538471
599 0.608145
600 0.269836
601 0.500052
602 0.417186
603 0.358915
604 0.366402
605 0.297067
606 0.332599
607 0.313438
608 0.322776
609 0.375132
610 0.305132
611 0.494464
612 0.308944
613 0.492931
614 0.268094
615 0.300248
616 0.353855
617 0.420568
618 0.327554
619 0.292069
620 0.330165
621 0.346662
622 0.329636
623 0.411434
624 0.404399
625 0.42774
626 0.266735
627 0.338494
628 0.363238
629 0.336199
630 0.364906
631 0.314832
632 0.382969
633 0.387194
634 0.502286
635 0.428197
636 0.432829
637 0.460986
638 0.374457
639 0.464416
640 0.373159
641 0.471889
642 0.522519
643 0.35034
644 0.295645
645 0.340566
646 0.315722
647 0.239379
648 0.288277
649 0.289819
650 0.367025
651 0.296531
652 0.297354
653 0.358307
654 0.279276
655 0.347075
656 0.267564
657 0.192252
658 0.392068
659 0.37319
660 0.474311
661 0.445304
662 0.347894
663 0.305807
664 0.398417
665 0.272776
666 0.460456
667 0.298464
668 0.330172
669 0.30873
670 0.361146
671 0.426258
672 0.393474
673 0.235411
674 0.415207
675 0.261511
676 0.250869
677 0.374275
678 0.321058
679 0.446387
680 0.328401
681 0.514356
682 0.560058
683 0.357736
684 0.344386
685 0.401706
686 0.293887
687 0.26328
688 0.338103
689 0.335504
690 0.345525
691 0.387714
692 0.326513
693 0.260759
694 0.288383
695 0.272935
696 0.470532
697 0.493462
698 0.315293
699 0.351775
700 0.444085
701 0.353555
702 0.319767
703 0.229666
704 0.285321
705 0.308765
706 0.347003
707 0.317724
708 0.316105
709 0.324972
710 0.383897
711 0.2956
712 0.43284
713 0.400927
714 0.393206
715 0.321638
716 0.312143
717 0.386119
718 0.28631
719 0.281651
720 0.362386
721 0.565007
722 0.338627
723 0.382984
724 0.384971
725 0.439629
726 0.260393
727 0.280239
728 0.227647
729 0.310013
730 0.308956
731 0.247791
732 0.276998
733 0.261872
734 0.291316
735 0.359074
736 0.432253
737 0.256674
738 0.266905
739 0.260846
740 0.418199
741 0.40126
742 0.379258
743 0.328914
744 0.366292
745 0.481758
746 0.353684
747 0.32311
748 0.357349
749 0.413166
750 0.335641
751 0.514424
752 0.38481
753 0.307699
754 0.352926
755 0.319786
756 0.351772
757 0.27926
758 0.489345
759 0.407608
760 0.385093
761 0.409226
762 0.408989
763 0.318342
764 0.391633
765 0.304611
766 0.251379
767 0.360255
768 0.422
769 0.322385
770 0.271885
771 0.34843
772 0.534243
773 0.371133
774 0.349388
775 0.248948
776 0.486761
777 0.447746
778 0.290692
779 0.405806
780 0.374665
781 0.324291
782 0.452781
783 0.595977
784 0.649925
785 0.393915
786 0.333602
787 0.32455
788 0.240808
789 0.28082
790 0.3609
791 0.341851
792 0.29407
793 0.322412
794 0.270285
795 0.343295
796 0.353095
797 0.406179
798 0.355031
799 0.263237
800 0.247525
801 0.421149
802 0.427219
803 0.467778
804 0.321302
805 0.270057
806 0.256288
807 0.34833
808 0.390304
809 0.348949
810 0.354697
811 0.369026
812 0.284887
813 0.273485
814 0.261514
815 0.315933
816 0.297301
817 0.227333
818 0.364699
819 0.303294
820 0.282831
821 0.311493
822 0.297456
823 0.291899
824 0.226535
825 0.31628
826 0.366668
827 0.31073
828 0.334806
829 0.299275
830 0.347692
831 0.258431
832 0.265619
833 0.233008
834 0.279218
835 0.292517
836 0.229693
837 0.331956
838 0.273892
839 0.25213
840 0.35077
841 0.242014
842 0.209793
843 0.273664
844 0.235891
845 0.2004
846 0.229988
847 0.216805
848 0.167851
849 0.356728
850 0.165421
851 0.226306
852 0.316162
853 0.381668
854 0.356393
855 0.317712
856 0.52739
857 0.356149
858 0.346694
859 0.334538
860 0.247814
861 0.285064
862 0.288698
863 0.400236
864 0.339342
865 0.240468
866 0.238743
867 0.293905
868 0.407193
869 0.252688
870 0.307857
871 0.265482
872 0.355327
873 0.362584
874 0.320437
875 0.320056
876 0.232226
877 0.421976
878 0.328188
879 0.395614
880 0.252357
881 0.285014
882 0.395168
883 0.257473
884 0.352613
885 0.282886
886 0.520579
887 0.559425
888 0.31025
889 0.313567
890 0.357292
891 0.313645
892 0.344049
893 0.213232
894 0.286104
895 0.263226
896 0.282458
897 0.336244
898 0.728029
899 0.490608
900 0.390564
901 0.301348
902 0.379821
903 0.334066
904 0.337043
905 0.256059
906 0.246754
907 0.315386
908 0.407943
909 0.359906
910 0.28686
911 0.299415
912 0.352949
913 0.301673
914 0.444551
915 0.279498
916 0.384981
917 0.341072
918 0.375775
919 0.35783
920 0.460695
921 0.301772
922 0.292683
923 0.245344
924 0.241535
925 0.359806
926 0.30862
927 0.397123
928 0.317831
929 0.411055
930 0.402262
931 0.258636
932 0.35757
933 0.379795
934 0.252695
935 0.230839
936 0.392827
937 0.318887
938 0.38807
939 0.270508
940 0.273917
941 0.365054
942 0.435067
943 0.342039
944 0.219409
945 0.281611
946 0.251754
947 0.311554
948 0.382199
949 0.288537
950 0.291342
951 0.307014
952 0.337121
953 0.192572
954 0.31812
955 0.42805
956 0.346387
957 0.394233
958 0.348785
959 0.276727
960 0.266847
961 0.316182
962 0.254826
963 0.247152
964 0.296529
965 0.238982
966 0.196794
967 0.352493
968 0.330796
969 0.354582
970 0.286635
971 0.248608
972 0.222117
973 0.281832
974 0.36259
975 0.39278
976 0.257624
977 0.269798
978 0.197575
979 0.299802
980 0.397441
981 0.387004
982 0.343094
983 0.364615
984 0.245824
985 0.255072
986 0.274974
987 0.347549
988 0.203794
989 0.240884
990 0.277913
991 0.534174
992 0.249655
993 0.305229
994 0.426368
995 0.303253
996 0.315208
997 0.2251
998 0.305668
999 0.311524
1000 0.188469
1001 0.305058
1002 0.310852
1003 0.304562
1004 0.298957
1005 0.374594
1006 0.313034
1007 0.335767
1008 0.236968
1009 0.338008
1010 0.329196
1011 0.286431
1012 0.334783
1013 0.274569
1014 0.25058
1015 0.244248
1016 0.241399
1017 0.249858
1018 0.323032
1019 0.360834
1020 0.225706
1021 0.275904
1022 0.222555
1023 0.259267
1024 0.377101
1025 0.39951
1026 0.455446
1027 0.361356
1028 0.394897
1029 0.234729
1030 0.402722
1031 0.245176
1032 0.305984
1033 0.313439
1034 0.260057
1035 0.410928
1036 0.233159
1037 0.216935
1038 0.295046
1039 0.35115
1040 0.331789
1041 0.307997
1042 0.289127
1043 0.25442
1044 0.280608
1045 0.292126
1046 0.294315
1047 0.300179
1048 0.229652
1049 0.216446
1050 0.322145
1051 0.290297
1052 0.316799
1053 0.397017
1054 0.249506
1055 0.3057
1056 0.305599
1057 0.263983
1058 0.25202
1059 0.290637
1060 0.264124
1061 0.323551
1062 0.358279
1063 0.279616
1064 0.22149
1065 0.347391
1066 0.362998
1067 0.312717
1068 0.330921
1069 0.235563
1070 0.277461
1071 0.344444
1072 0.255831
1073 0.242422
1074 0.354522
1075 0.251768
1076 0.229515
1077 0.196628
1078 0.271581
1079 0.267051
1080 0.259295
1081 0.242489
1082 0.293482
1083 0.214615
1084 0.319924
1085 0.213035
1086 0.204948
1087 0.365219
1088 0.275692
1089 0.439867
1090 0.3741
1091 0.224262
1092 0.308888
1093 0.24491
1094 0.282383
1095 0.32197
1096 0.304011
1097 0.261345
1098 0.247132
1099 0.369898
1100 0.296983
1101 0.336904
1102 0.256446
1103 0.225032
1104 0.216398
1105 0.250037
1106 0.297143
1107 0.282966
1108 0.314644
1109 0.313655
1110 0.5163
1111 0.54672
1112 0.319044
1113 0.430033
1114 0.238109
1115 0.23713
1116 0.235474
1117 0.290392
1118 0.261248
1119 0.348922
1120 0.323672
1121 0.287297
1122 0.279211
1123 0.221168
1124 0.28443
1125 0.433412
1126 0.474828
1127 0.285983
1128 0.283155
1129 0.362642
1130 0.245916
1131 0.256263
1132 0.274883
1133 0.27782
1134 0.226538
1135 0.243027
1136 0.241664
1137 0.202927
1138 0.400869
1139 0.220901
1140 0.350088
1141 0.315298
1142 0.321453
1143 0.246827
1144 0.278707
1145 0.281763
1146 0.327171
1147 0.293021
1148 0.231987
1149 0.373764
1150 0.386386
1151 0.33977
1152 0.306696
1153 0.287442
1154 0.333673
1155 0.229705
1156 0.264836
1157 0.216899
1158 0.312484
1159 0.319047
1160 0.206385
1161 0.369966
1162 0.24562
1163 0.223402
1164 0.281801
1165 0.330801
1166 0.277153
1167 0.273476
1168 0.317594
1169 0.359633
1170 0.379277
1171 0.304819
1172 0.205567
1173 0.338039
1174 0.305907
1175 0.254445
1176 0.330837
1177 0.273039
1178 0.341427
1179 0.365687
1180 0.456537
1181 0.231534
1182 0.202595
1183 0.289556
1184 0.205675
1185 0.295707
1186 0.280357
1187 0.467907
1188 0.318065
1189 0.272507
1190 0.431596
1191 0.288705
1192 0.279891
1193 0.289627
1194 0.257176
1195 0.235302
1196 0.281382
1197 0.310709
1198 0.181428
1199 0.247911
1200 0.379936
1201 0.316865
1202 0.317893
1203 0.199285
1204 0.226053
1205 0.350718
1206 0.270096
1207 0.223691
1208 0.404643
1209 0.316475
1210 0.356937
1211 0.329717
1212 0.444361
1213 0.302107
1214 0.299288
1215 0.260351
1216 0.318995
1217 0.451311
1218 0.82487
1219 0.455131
1220 0.270979
1221 0.234984
1222 0.315163
1223 0.209719
1224 0.370173
1225 0.351081
1226 0.315188
1227 0.227052
1228 0.248441
1229 0.284617
1230 0.327584
1231 0.404097
1232 0.382206
1233 0.244555
1234 0.240009
1235 0.176237
1236 0.319493
1237 0.324802
1238 0.259642
1239 0.254726
1240 0.305366
1241 0.204265
1242 0.260005
1243 0.261132
1244 0.333925
1245 0.236175
1246 0.222395
1247 0.318656
1248 0.290712
1249 0.272106
1250 0.271355
1251 0.304689
1252 0.263288
1253 0.222
1254 0.287266
1255 0.269069
1256 0.248595
1257 0.264553
1258 0.253429
1259 0.241344
1260 0.26945
1261 0.227953
1262 0.248683
1263 0.212907
1264 0.204284
1265 0.276511
1266 0.220242
1267 0.253502
1268 0.272231
1269 0.272354
1270 0.209852
1271 0.267337
1272 0.220925
1273 0.1999
1274 0.174729
1275 0.208413
1276 0.202312
1277 0.201731
1278 0.238946
1279 0.163782
1280 0.16789
1281 0.240426
1282 0.261506
1283 0.186673
1284 0.491975
1285 0.191469
1286 0.306411
1287 0.288792
1288 0.259505
1289 0.179353
1290 0.305781
1291 0.377948
1292 0.270729
1293 0.245335
1294 0.281849
1295 0.259462
1296 0.231018
1297 0.253659
1298 0.224025
1299 0.212273
1300 0.320203
1301 0.327239
1302 0.25148
1303 0.293646
1304 0.29764
1305 0.269262
1306 0.258721
1307 0.208276
1308 0.346514
1309 0.300139
1310 0.252368
1311 0.313763
1312 0.217465
1313 0.290374
1314 0.303657
1315 0.423896
1316 0.462999
1317 0.261572
1318 0.230892
1319 0.272938
1320 0.287304
1321 0.25399
1322 0.192357
1323 0.229126
1324 0.207616
1325 0.261331
1326 0.319467
1327 0.303416
1328 0.2056
1329 0.191413
1330 0.268647
1331 0.253579
1332 0.276755
1333 0.287795
1334 0.305064
1335 0.26995
1336 0.306993
1337 0.426776
1338 0.332642
1339 0.302569
1340 0.290069
1341 0.233485
1342 0.260493
1343 0.291378
1344 0.199202
1345 0.317211
1346 0.259682
1347 0.26306
1348 0.302962
1349 0.306023
1350 0.234787
1351 0.303779
1352 0.214033
1353 0.310582
1354 0.232351
1355 0.248455
1356 0.264486
1357 0.219193
1358 0.325176
1359 0.272415
1360 0.21003
1361 0.351612
1362 0.454644
1363 0.213558
1364 0.229138
1365 0.385731
1366 0.308969
1367 0.326615
1368 0.215427
1369 0.233074
1370 0.342662
1371 0.338184
1372 0.288364
1373 0.17947
1374 0.205619
1375 0.247078
1376 0.259451
1377 0.343205
1378 0.278172
1379 0.30384
1380 0.344312
1381 0.266859
1382 0.263617
1383 0.211899
1384 0.320549
1385 0.298152
1386 0.322685
1387 0.250356
1388 0.229874
1389 0.223139
1390 0.328738
1391 0.23454
1392 0.227851
1393 0.216497
1394 0.180839
1395 0.228086
1396 0.293361
1397 0.313183
1398 0.293983
1399 0.286711
1400 0.210209
1401 0.217748
1402 0.286299
1403 0.271029
1404 0.336536
1405 0.261937
1406 0.208257
1407 0.222369
1408 0.288034
1409 0.282493
1410 0.349576
1411 0.259069
1412 0.244009
1413 0.231765
1414 0.234934
1415 0.265399
1416 0.190772
1417 0.206226
1418 0.300958
1419 0.228514
1420 0.381862
1421 0.242097
1422 0.249698
1423 0.40511
1424 0.277324
1425 0.178267
1426 0.187361
1427 0.248002
1428 0.17982
1429 0.271851
1430 0.233852
1431 0.257695
1432 0.303632
1433 0.298298
1434 0.384918
1435 0.194758
1436 0.262653
1437 0.198494
1438 0.247621
1439 0.253111
1440 0.288244
1441 0.250928
1442 0.203599
1443 0.334436
1444 0.205281
1445 0.175539
1446 0.231456
1447 0.329983
1448 0.348636
1449 0.236437
1450 0.218707
1451 0.205812
1452 0.218917
1453 0.324225
1454 0.384109
1455 0.425984
1456 0.299649
1457 0.294839
1458 0.178945
1459 0.431944
1460 0.22712
1461 0.326188
1462 0.236477
1463 0.251496
1464 0.331174
1465 0.282065
1466 0.228351
1467 0.256134
1468 0.357038
1469 0.245105
1470 0.352435
1471 0.269661
1472 0.207975
1473 0.257855
1474 0.303881
1475 0.283254
1476 0.275398
1477 0.25309
1478 0.18165
1479 0.247136
1480 0.253852
1481 0.332043
1482 0.257143
1483 0.195405
1484 0.210906
1485 0.254903
1486 0.263247
1487 0.249587
1488 0.292483
1489 0.257129
1490 0.347832
1491 0.317391
1492 0.321889
1493 0.250893
1494 0.347284
1495 0.26296
1496 0.17903
1497 0.31811
1498 0.292232
1499 0.247644
1500 0.262005
1501 0.208195
1502 0.262427
1503 0.287298
1504 0.185444
1505 0.18733
1506 0.202267
1507 0.204405
1508 0.254394
1509 0.188852
1510 0.338604
1511 0.171678
1512 0.19016
1513 0.250139
1514 0.214945
1515 0.288471
1516 0.242073
1517 0.306734
1518 0.301022
1519 0.316541
1520 0.213591
1521 0.233772
1522 0.247694
1523 0.243056
1524 0.339901
1525 0.298424
1526 0.168866
1527 0.205837
1528 0.293566
1529 0.308871
1530 0.239611
1531 0.238879
1532 0.181695
1533 0.19592
1534 0.221543
1535 0.276439
1536 0.297885
1537 0.221727
1538 0.30537
1539 0.297869
1540 0.364852
1541 0.389807
1542 0.328964
1543 0.199195
1544 0.201199
1545 0.180375
1546 0.252544
1547 0.273588
1548 0.234451
1549 0.3353
1550 0.208705
1551 0.212771
1552 0.197465
1553 0.365898
1554 0.290059
1555 0.273867
1556 0.334484
1557 0.33561
1558 0.243851
1559 0.279138
1560 0.234237
1561 0.270039
1562 0.248554
1563 0.215702
1564 0.203889
1565 0.23901
1566 0.233631
1567 0.355273
1568 0.25514
1569 0.346721
1570 0.296982
1571 0.294666
1572 0.232031
1573 0.266709
1574 0.246427
1575 0.288895
1576 0.1939
1577 0.249759
1578 0.277377
1579 0.348025
1580 0.256916
1581 0.321941
1582 0.296196
1583 0.273792
1584 0.207806
1585 0.176135
1586 0.22241
1587 0.250507
1588 0.311068
1589 0.196228
1590 0.257343
1591 0.2143
1592 0.188685
1593 0.269878
1594 0.333328
1595 0.158802
1596 0.191423
1597 0.266315
1598 0.214452
1599 0.229587
1600 0.221335
1601 0.207402
1602 0.294734
1603 0.25777
1604 0.253668
1605 0.273177
1606 0.325253
1607 0.244464
1608 0.356761
1609 0.254491
1610 0.184755
1611 0.181021
1612 0.237746
1613 0.18492
1614 0.208269
1615 0.231443
1616 0.364087
1617 0.343742
1618 0.29489
1619 0.280977
1620 0.236498
1621 0.227266
1622 0.300944
1623 0.199614
1624 0.263048
1625 0.208144
1626 0.1988
1627 0.202724
1628 0.166906
1629 0.41062
1630 0.285517
1631 0.226421
1632 0.180895
1633 0.284752
1634 0.300816
1635 0.248587
1636 0.304847
1637 0.191953
1638 0.202117
1639 0.330676
1640 0.360957
1641 0.38017
1642 0.247962
1643 0.261203
1644 0.21654
1645 0.223317
1646 0.1874
1647 0.345664
1648 0.228055
1649 0.243693
1650 0.233474
1651 0.253554
1652 0.239871
1653 0.272357
1654 0.33772
1655 0.199469
1656 0.225813
1657 0.217724
1658 0.291642
1659 0.284627
1660 0.360806
1661 0.228388
1662 0.2478
1663 0.186065
1664 0.220943
1665 0.277144
1666 0.24356
1667 0.257165
1668 0.255648
1669 0.222854
1670 0.228802
1671 0.205205
1672 0.226415
1673 0.179147
1674 0.202226
1675 0.236965
1676 0.220428
1677 0.20533
1678 0.336061
1679 0.233208
1680 0.286432
1681 0.193937
1682 0.226699
1683 0.256581
1684 0.19304
1685 0.212279
1686 0.222153
1687 0.214218
1688 0.226166
1689 0.192439
1690 0.23782
1691 0.22654
1692 0.232345
1693 0.17952
1694 0.217855
1695 0.186625
1696 0.248085
1697 0.223362
1698 0.233901
1699 0.222203
1700 0.24356
1701 0.184472
1702 0.166362
1703 0.198766
1704 0.179848
1705 0.200268
1706 0.252302
1707 0.156418
1708 0.163171
1709 0.162478
1710 0.199703
1711 0.17979
1712 0.170669
1713 0.481045
1714 0.153469
1715 0.331004
1716 0.274875
1717 0.225763
1718 0.211004
1719 0.260702
1720 0.244344
1721 0.295665
1722 0.200275
1723 0.202536
1724 0.181811
1725 0.254774
1726 0.283891
1727 0.236412
1728 0.20344
1729 0.36938
1730 0.244894
1731 0.186662
1732 0.281141
1733 0.218258
1734 0.213099
1735 0.282557
1736 0.252947
1737 0.296369
1738 0.223292
1739 0.310876
1740 0.1989
1741 0.261799
1742 0.199783
1743 0.351898
1744 0.329373
1745 0.288
1746 0.292068
1747 0.212332
1748 0.286103
1749 0.234463
1750 0.201967
1751 0.168514
1752 0.176017
1753 0.239171
1754 0.211378
1755 0.510831
1756 0.376789
1757 0.175654
1758 0.147281
1759 0.202582
1760 0.195259
1761 0.296039
1762 0.185442
1763 0.286404
1764 0.174018
1765 0.290469
1766 0.322712
1767 0.235612
1768 0.357331
1769 0.379421
1770 0.208799
1771 0.236119
1772 0.212635
1773 0.231482
1774 0.198226
1775 0.227499
1776 0.263508
1777 0.32146
1778 0.310969
1779 0.192733
1780 0.285362
1781 0.213757
1782 0.271297
1783 0.25373
1784 0.271368
1785 0.224969
1786 0.261719
1787 0.232918
1788 0.182849
1789 0.219717
1790 0.303269
1791 0.364162
1792 0.211398
1793 0.245464
1794 0.20879
1795 0.309586
1796 0.229489
1797 0.228335
1798 0.283864
1799 0.26565
1800 0.246679
1801 0.198177
1802 0.206678
1803 0.173037
1804 0.216443
1805 0.228622
1806 0.257078
1807 0.166818
1808 0.194209
1809 0.227921
1810 0.185831
1811 0.218862
1812 0.263074
1813 0.280108
1814 0.407543
1815 0.312229
1816 0.226406
1817 0.19872
1818 0.177274
1819 0.234079
1820 0.225638
1821 0.181636
1822 0.198074
1823 0.159193
1824 0.234342
1825 0.208437
1826 0.311691
1827 0.155852
1828 0.225451
1829 0.166544
1830 0.246228
1831 0.237272
1832 0.253603
1833 0.338945
1834 0.192385
1835 0.197116
1836 0.221114
1837 0.33581
1838 0.222958
1839 0.267772
1840 0.259332
1841 0.154871
1842 0.195618
1843 0.232184
1844 0.256374
1845 0.198166
1846 0.21602
1847 0.22515
1848 0.21074
1849 0.26014
1850 0.182854
1851 0.24233
1852 0.244957
1853 0.26578
1854 0.205889
1855 0.215797
1856 0.249173
1857 0.145814
1858 0.209654
1859 0.236475
1860 0.194058
1861 0.211615
1862 0.284908
1863 0.171765
1864 0.186022
1865 0.244541
1866 0.189959
1867 0.249261
1868 0.264726
1869 0.343724
1870 0.395273
1871 0.271688
1872 0.233292
1873 0.182448
1874 0.180864
1875 0.247656
1876 0.274532
1877 0.280035
1878 0.226015
1879 0.182235
1880 0.189295
1881 0.317646
1882 0.278194
1883 0.264304
1884 0.321702
1885 0.702505
1886 0.539282
1887 0.445676
1888 0.276191
1889 0.201594
1890 0.281751
1891 0.222645
1892 0.259318
1893 0.252815
1894 0.197943
1895 0.186153
1896 0.176454
1897 0.286351
1898 0.206129
1899 0.264354
1900 0.179556
1901 0.198596
1902 0.22311
1903 0.294432
1904 0.27318
1905 0.230033
1906 0.180358
1907 0.253834
1908 0.246288
1909 0.182213
1910 0.240891
1911 0.265832
1912 0.161975
1913 0.206133
1914 0.258814
1915 0.212404
1916 0.231126
1917 0.22475
1918 0.238781
1919 0.314408
1920 0.237532
1921 0.222876
1922 0.271261
1923 0.315971
1924 0.243685
1925 0.220193
1926 0.230433
1927 0.248925
1928 0.268076
1929 0.256401
1930 0.207328
1931 0.215539
1932 0.24714
1933 0.160273
1934 0.160718
1935 0.222312
1936 0.223491
1937 0.187796
1938 0.244719
1939 0.207894
1940 0.146807
1941 0.189961
1942 0.154807
1943 0.182651
1944 0.264435
1945 0.186101
1946 0.321
1947 0.2723
1948 0.258955
1949 0.232316
1950 0.26691
1951 0.171662
1952 0.410189
1953 0.234664
1954 0.240297
1955 0.189947
1956 0.227311
1957 0.298353
1958 0.229451
1959 0.156008
1960 0.237858
1961 0.151302
1962 0.193586
1963 0.185195
1964 0.217939
1965 0.279514
1966 0.198364
1967 0.414328
1968 0.263111
1969 0.235533
1970 0.250518
1971 0.259138
1972 0.181837
1973 0.177238
1974 0.165974
1975 0.257801
1976 0.224474
1977 0.2698
1978 0.259106
1979 0.180281
1980 0.170637
1981 0.223423
1982 0.382202
1983 0.378286
1984 0.212385
1985 0.235505
1986 0.226509
1987 0.23668
1988 0.194187
1989 0.187765
1990 0.230167
1991 0.270845
1992 0.220281
1993 0.181759
1994 0.216521
1995 0.251628
1996 0.243215
1997 0.205726
1998 0.348382
1999 0.24284
2000 0.285327
2001 0.171652
2002 0.203252
2003 0.305303
2004 0.209034
2005 0.238179
2006 0.334177
2007 0.348357
2008 0.180761
2009 0.282284
2010 0.190535
2011 0.321675
2012 0.17165
2013 0.164913
2014 0.172016
2015 0.235384
2016 0.329305
2017 0.179092
2018 0.212307
2019 0.252933
2020 0.233747
2021 0.236132
2022 0.23259
2023 0.238682
2024 0.161937
2025 0.211765
2026 0.229687
2027 0.236503
2028 0.265957
2029 0.206725
2030 0.242895
2031 0.23381
2032 0.232883
2033 0.248997
2034 0.264965
2035 0.24727
2036 0.2363
2037 0.359499
2038 0.22276
2039 0.19726
2040 0.226671
2041 0.177771
2042 0.25097
2043 0.166079
2044 0.335812
2045 0.272411
2046 0.227903
2047 0.303662
2048 0.331339
2049 0.214315
2050 0.199754
2051 0.235542
2052 0.225769
2053 0.193868
2054 0.21594
2055 0.224045
2056 0.160481
2057 0.238076
2058 0.359591
2059 0.187111
2060 0.265516
2061 0.171238
2062 0.317192
2063 0.221327
2064 0.179622
2065 0.351095
2066 0.183083
2067 0.194331
2068 0.297913
2069 0.274584
2070 0.278618
2071 0.233569
2072 0.215396
2073 0.177676
2074 0.180944
2075 0.228991
2076 0.281027
2077 0.218635
2078 0.201549
2079 0.179857
2080 0.210785
2081 0.228261
2082 0.239343
2083 0.281301
2084 0.209478
2085 0.229996
2086 0.194947
2087 0.287412
2088 0.279238
2089 0.383372
2090 0.315513
2091 0.229851
2092 0.197453
2093 0.251407
2094 0.271555
2095 0.176922
2096 0.243245
2097 0.23762
2098 0.185797
2099 0.223366
2100 0.16937
2101 0.235766
2102 0.169097
2103 0.190906
2104 0.288908
2105 0.170449
2106 0.167846
2107 0.241247
2108 0.221321
2109 0.258511
2110 0.17219
2111 0.23089
2112 0.24655
2113 0.16821
2114 0.196758
2115 0.197384
2116 0.235031
2117 0.173615
2118 0.198044
2119 0.193012
2120 0.18427
2121 0.257112
2122 0.16922
2123 0.189882
2124 0.253775
2125 0.164677
2126 0.321652
2127 0.241581
2128 0.183751
2129 0.234906
2130 0.167339
2131 0.162542
2132 0.146332
2133 0.146916
2134 0.159476
2135 0.253662
2136 0.135702
2137 0.142199
2138 0.193771
2139 0.190925
2140 0.162103
2141 0.178536
2142 0.369901
2143 0.203988
2144 0.222249
2145 0.229864
2146 0.174214
2147 0.187701
2148 0.217615
2149 0.226072
2150 0.25967
2151 0.20454
2152 0.166676
2153 0.191386
2154 0.294327
2155 0.209835
2156 0.198944
2157 0.221262
2158 0.314683
2159 0.222193
2160 0.220745
2161 0.224643
2162 0.156677
2163 0.296503
2164 0.235588
2165 0.28239
2166 0.180761
2167 0.199069
2168 0.264059
2169 0.184532
2170 0.225735
2171 0.177607
2172 0.383848
2173 0.332925
2174 0.17744
2175 0.21186
2176 0.246708
2177 0.196588
2178 0.240661
2179 0.181139
2180 0.175965
2181 0.153367
2182 0.198147
2183 0.192732
2184 0.568784
2185 0.315043
2186 0.165955
2187 0.189859
2188 0.203507
2189 0.208823
2190 0.243922
2191 0.23598
2192 0.195852
2193 0.157296
2194 0.244401
2195 0.26471
2196 0.251629
2197 0.222097
2198 0.19923
2199 0.193816
2200 0.210262
2201 0.199206
2202 0.286511
2203 0.323395
2204 0.240038
2205 0.220574
2206 0.35225
2207 0.224026
2208 0.197999
2209 0.25687
2210 0.182267
2211 0.210776
2212 0.243552
2213 0.271622
2214 0.234611
2215 0.329179
2216 0.218597
2217 0.19181
2218 0.232924
2219 0.346642
2220 0.243014
2221 0.207755
2222 0.322627
2223 0.233296
2224 0.296781
2225 0.169884
2226 0.217704
2227 0.258098
2228 0.286246
2229 0.240163
2230 0.203844
2231 0.183196
2232 0.162978
2233 0.195426
2234 0.225798
2235 0.203758
2236 0.193724
2237 0.211012
2238 0.2442
2239 0.190404
2240 0.196086
2241 0.299035
2242 0.251407
2243 0.301107
2244 0.223552
2245 0.204385
2246 0.178042
2247 0.250743
2248 0.225403
2249 0.201054
2250 0.194942
2251 0.1579
2252 0.160244
2253 0.234781
2254 0.239952
2255 0.231479
2256 0.192664
2257 0.158753
2258 0.177487
2259 0.187974
2260 0.211598
2261 0.188141
2262 0.236877
2263 0.201943
2264 0.171464
2265 0.238232
2266 0.260355
2267 0.236001
2268 0.235891
2269 0.177428
2270 0.167602
2271 0.19669
2272 0.182905
2273 0.276685
2274 0.150323
2275 0.235802
2276 0.206529
2277 0.34719
2278 0.224996
2279 0.167285
2280 0.297367
2281 0.184759
2282 0.218354
2283 0.16776
2284 0.185348
2285 0.262937
2286 0.136304
2287 0.192382
2288 0.199544
2289 0.245379
2290 0.155171
2291 0.264703
2292 0.204642
2293 0.18036
2294 0.196798
2295 0.171053
2296 0.195804
2297 0.186497
2298 0.243631
2299 0.207833
2300 0.220517
2301 0.190428
2302 0.167938
2303 0.246415
2304 0.312619
2305 0.245023
2306 0.181609
2307 0.178723
2308 0.156708
2309 0.159173
2310 0.252444
2311 0.268441
2312 0.18331
2313 0.254452
2314 0.287
2315 0.170984
2316 0.221602
2317 0.224437
2318 0.209956
2319 0.218531
2320 0.253649
2321 0.259657
2322 0.173334
2323 0.209168
2324 0.19242
2325 0.187648
2326 0.202653
2327 0.250877
2328 0.286973
2329 0.193062
2330 0.213579
2331 0.267618
2332 0.217424
2333 0.211112
2334 0.214567
2335 0.159708
2336 0.254513
2337 0.188405
2338 0.278398
2339 0.252741
2340 0.15254
2341 0.166283
2342 0.192081
2343 0.228287
2344 0.189792
2345 0.185747
2346 0.255277
2347 0.201832
2348 0.347345
2349 0.201027
2350 0.191225
2351 0.239719
2352 0.244095
2353 0.163256
2354 0.24269
2355 0.198529
2356 0.189101
2357 0.262055
2358 0.176502
2359 0.198019
2360 0.274275
2361 0.25866
2362 0.290132
2363 0.220487
2364 0.274798
2365 0.199069
2366 0.202046
2367 0.203019
2368 0.2343
2369 0.17106
2370 0.237936
2371 0.192327
2372 0.137164
2373 0.31314
2374 0.184943
2375 0.260308
2376 0.276
2377 0.191394
2378 0.264761
2379 0.222407
2380 0.238961
2381 0.315827
2382 0.270286
2383 0.186488
2384 0.180293
2385 0.201967
2386 0.186477
2387 0.19503
2388 0.221093
2389 0.170541
2390 0.146822
2391 0.202669
2392 0.216392
2393 0.206175
2394 0.182207
2395 0.189247
2396 0.315233
2397 0.333909
2398 0.192511
2399 0.291723
2400 0.16795
2401 0.184258
2402 0.171285
2403 0.197834
2404 0.210901
2405 0.229354
2406 0.220867
2407 0.175768
2408 0.167758
2409 0.156692
2410 0.185722
2411 0.2618
2412 0.272828
2413 0.196721
2414 0.237421
2415 0.233779
2416 0.207661
2417 0.172713
2418 0.194164
2419 0.217726
2420 0.172036
2421 0.172619
2422 0.230972
2423 0.183161
2424 0.217874
2425 0.185588
2426 0.275692
2427 0.2386
2428 0.231029
2429 0.222132
2430 0.190304
2431 0.180114
2432 0.2154
2433 0.186263
2434 0.157788
2435 0.215793
2436 0.411763
2437 0.255659
2438 0.188471
2439 0.266141
2440 0.220025
2441 0.205588
2442 0.146903
2443 0.155397
2444 0.191596
2445 0.263609
2446 0.153917
2447 0.206112
2448 0.18537
2449 0.135421
2450 0.20043
2451 0.280754
2452 0.149214
2453 0.170261
2454 0.203169
2455 0.144648
2456 0.174899
2457 0.263366
2458 0.221053
2459 0.246621
2460 0.210592
2461 0.195873
2462 0.255759
2463 0.199213
2464 0.247109
2465 0.25904
2466 0.314156
2467 0.150523
2468 0.184987
2469 0.245371
2470 0.150559
2471 0.214871
2472 0.143994
2473 0.308933
2474 0.263033
2475 0.242193
2476 0.288106
2477 0.160093
2478 0.201008
2479 0.179254
2480 0.191859
2481 0.165514
2482 0.199184
2483 0.177558
2484 0.18352
2485 0.141376
2486 0.340551
2487 0.337148
2488 0.297547
2489 0.143809
2490 0.18949
2491 0.258027
2492 0.261593
2493 0.179016
2494 0.26243
2495 0.167402
2496 0.268031
2497 0.211883
2498 0.234758
2499 0.215828
2500 0.18772
2501 0.170635
2502 0.150128
2503 0.143572
2504 0.235206
2505 0.195216
2506 0.216082
2507 0.167729
2508 0.170668
2509 0.196391
2510 0.263159
2511 0.318918
2512 0.229016
2513 0.198112
2514 0.198504
2515 0.193179
2516 0.249385
2517 0.232152
2518 0.299832
2519 0.212277
2520 0.261415
2521 0.171138
2522 0.23333
2523 0.238171
2524 0.175698
2525 0.204273
2526 0.221402
2527 0.160683
2528 0.21558
2529 0.175992
2530 0.245729
2531 0.165194
2532 0.247728
2533 0.182037
2534 0.180735
2535 0.175425
2536 0.246734
2537 0.172014
2538 0.200942
2539 0.20111
2540 0.162257
2541 0.152693
2542 0.165798
2543 0.197397
2544 0.214202
2545 0.209454
2546 0.182427
2547 0.217285
2548 0.155548
2549 0.185493
2550 0.190099
2551 0.198703
2552 0.197252
2553 0.24594
2554 0.207278
2555 0.241914
2556 0.186889
2557 0.187202
2558 0.174059
2559 0.203454
2560 0.132481
2561 0.16068
2562 0.157513
2563 0.141429
2564 0.178659
2565 0.118345
2566 0.135827
2567 0.169686
2568 0.143958
2569 0.129445
2570 0.337589
2571 0.195403
2572 0.262136
2573 0.185768
2574 0.202124
2575 0.176916
2576 0.149148
2577 0.225411
2578 0.206358
2579 0.166614
2580 0.176586
2581 0.174099
2582 0.139729
2583 0.238714
2584 0.162493
2585 0.171123
2586 0.240645
2587 0.312135
2588 0.171656
2589 0.279752
2590 0.178368
2591 0.184148
2592 0.20287
2593 0.152458
2594 0.195815
2595 0.168593
2596 0.196628
2597 0.220046
2598 0.150623
2599 0.241836
2600 0.224618
2601 0.31676
2602 0.436878
2603 0.397067
2604 0.278476
2605 0.247707
2606 0.182943
2607 0.211722
2608 0.136907
2609 0.129996
2610 0.160776
2611 0.175269
2612 0.251622
2613 0.273606
2614 0.150613
2615 0.154836
2616 0.143086
2617 0.204739
2618 0.2494
2619 0.184521
2620 0.223478
2621 0.174533
2622 0.226998
2623 0.285758
2624 0.25582
2625 0.195626
2626 0.196177
2627 0.151802
2628 0.17247
2629 0.156623
2630 0.137521
2631 0.236026
2632 0.158982
2633 0.234141
2634 0.21301
2635 0.206336
2636 0.222255
2637 0.225383
2638 0.194733
2639 0.17021
2640 0.166887
2641 0.196199
2642 0.190004
2643 0.211009
2644 0.1945
2645 0.174852
2646 0.171008
2647 0.253681
2648 0.265555
2649 0.18211
2650 0.15433
2651 0.233349
2652 0.172758
2653 0.229232
2654 0.14523
2655 0.194885
2656 0.287068
2657 0.206515
2658 0.198924
2659 0.195665
2660 0.186034
2661 0.177782
2662 0.197943
2663 0.226615
2664 0.189343
2665 0.195346
2666 0.221475
2667 0.24579
2668 0.195834
2669 0.178463
2670 0.325205
2671 0.257311
2672 0.243281
2673 0.172134
2674 0.149856
2675 0.17717
2676 0.186367
2677 0.124609
2678 0.172457
2679 0.183011
2680 0.145671
2681 0.164232
2682 0.281584
2683 0.240452
2684 0.182995
2685 0.194834
2686 0.139593
2687 0.210196
2688 0.198107
2689 0.200781
2690 0.19782
2691 0.17715
2692 0.16066
2693 0.15474
2694 0.151346
2695 0.248075
2696 0.233422
2697 0.157517
2698 0.237489
2699 0.161295
2700 0.161351
2701 0.241506
2702 0.145439
2703 0.13126
2704 0.230175
2705 0.221977
2706 0.195271
2707 0.170283
2708 0.164444
2709 0.301136
2710 0.129002
2711 0.190304
2712 0.184983
2713 0.21208
2714 0.164068
2715 0.159685
2716 0.197786
2717 0.212837
2718 0.184137
2719 0.219861
2720 0.243637
2721 0.144291
2722 0.236449
2723 0.140847
2724 0.165691
2725 0.229985
2726 0.220396
2727 0.216819
2728 0.144061
2729 0.262049
2730 0.220337
2731 0.122276
2732 0.27168
2733 0.191871
2734 0.211444
2735 0.180017
2736 0.192954
2737 0.148815
2738 0.219382
2739 0.262395
2740 0.327216
2741 0.21118
2742 0.229568
2743 0.27746
2744 0.162064
2745 0.339006
2746 0.243151
2747 0.232748
2748 0.186834
2749 0.196385
2750 0.228418
2751 0.162602
2752 0.176938
2753 0.166559
2754 0.229002
2755 0.16834
2756 0.221142
2757 0.195937
2758 0.148227
2759 0.202575
2760 0.214447
2761 0.244705
2762 0.202759
2763 0.184842
2764 0.157755
2765 0.159983
2766 0.199969
2767 0.272005
2768 0.180119
2769 0.143739
2770 0.156711
2771 0.155211
2772 0.231942
2773 0.181882
2774 0.170395
2775 0.15635
2776 0.289611
2777 0.237054
2778 0.187588
2779 0.184048
2780 0.257147
2781 0.257953
2782 0.172487
2783 0.186745
2784 0.152704
2785 0.203069
2786 0.269276
2787 0.22967
2788 0.170201
2789 0.275966
2790 0.142941
2791 0.147914
2792 0.135943
2793 0.161393
2794 0.206443
2795 0.177311
2796 0.262967
2797 0.180381
2798 0.11801
2799 0.157652
2800 0.151998
2801 0.241525
2802 0.215172
2803 0.187023
2804 0.230523
2805 0.251235
2806 0.192252
2807 0.212771
2808 0.196768
2809 0.181843
2810 0.283696
2811 0.263953
2812 0.179642
2813 0.144915
2814 0.18853
2815 0.256008
2816 0.18975
2817 0.216559
2818 0.148752
2819 0.162682
2820 0.258081
2821 0.186695
2822 0.185541
2823 0.188768
2824 0.185669
2825 0.285038
2826 0.186001
2827 0.199658
2828 0.220674
2829 0.145335
2830 0.165934
2831 0.174909
2832 0.183492
2833 0.171755
2834 0.19576
2835 0.27186
2836 0.143504
2837 0.152186
2838 0.192412
2839 0.202435
2840 0.308999
2841 0.352641
2842 0.221969
2843 0.171166
2844 0.200317
2845 0.181579
2846 0.18997
2847 0.150878
2848 0.197241
2849 0.134626
2850 0.166288
2851 0.148378
2852 0.148074
2853 0.237577
2854 0.161162
2855 0.250608
2856 0.153115
2857 0.227646
2858 0.214894
2859 0.134208
2860 0.266174
2861 0.177438
2862 0.205851
2863 0.220218
2864 0.281497
2865 0.353958
2866 0.180812
2867 0.263052
2868 0.196027
2869 0.261411
2870 0.16224
2871 0.136964
2872 0.144635
2873 0.145267
2874 0.201874
2875 0.135201
2876 0.200198
2877 0.171268
2878 0.196233
2879 0.155274
2880 0.252071
2881 0.148646
2882 0.151447
2883 0.240132
2884 0.154463
2885 0.175879
2886 0.210819
2887 0.208458
2888 0.171666
2889 0.243691
2890 0.241601
2891 0.186536
2892 0.195732
2893 0.224435
2894 0.263111
2895 0.188534
2896 0.133818
2897 0.135705
2898 0.202558
2899 0.227471
2900 0.252598
2901 0.168295
2902 0.234845
2903 0.205038
2904 0.20763
2905 0.259616
2906 0.142699
2907 0.214217
2908 0.22779
2909 0.180109
2910 0.210756
2911 0.21149
2912 0.18672
2913 0.143746
2914 0.157762
2915 0.337954
2916 0.263738
2917 0.231089
2918 0.134742
2919 0.215602
2920 0.224344
2921 0.25147
2922 0.312852
2923 0.157814
2924 0.169948
2925 0.212257
2926 0.251765
2927 0.186737
2928 0.161092
2929 0.187963
2930 0.170303
2931 0.180976
2932 0.175657
2933 0.273613
2934 0.205081
2935 0.149347
2936 0.172854
2937 0.137217
2938 0.188151
2939 0.209961
2940 0.175126
2941 0.193508
2942 0.1297
2943 0.138814
2944 0.201378
2945 0.231202
2946 0.307281
2947 0.170504
2948 0.214839
2949 0.124944
2950 0.213529
2951 0.174307
2952 0.242654
2953 0.193191
2954 0.186083
2955 0.18443
2956 0.165237
2957 0.205244
2958 0.170115
2959 0.182504
2960 0.162333
2961 0.19539
2962 0.169751
2963 0.212505
2964 0.234194
2965 0.197343
2966 0.252163
2967 0.169472
2968 0.207393
2969 0.19904
2970 0.16375
2971 0.168671
2972 0.181747
2973 0.171899
2974 0.179583
2975 0.147816
2976 0.173123
2977 0.167857
2978 0.138611
2979 0.149582
2980 0.205624
2981 0.161486
2982 0.14766
2983 0.159205
2984 0.169408
2985 0.17562
2986 0.157704
2987 0.115896
2988 0.205917
2989 0.184451
2990 0.135461
2991 0.126321
2992 0.21042
2993 0.116953
2994 0.155017
2995 0.12787
2996 0.173905
2997 0.129685
2998 0.140346
2999 0.335
3000 0.128231
3001 0.205483
3002 0.207227
3003 0.148738
3004 0.156951
3005 0.154144
3006 0.237632
3007 0.23692
3008 0.124587
3009 0.163592
3010 0.177646
3011 0.169561
3012 0.189881
3013 0.154657
3014 0.134405
3015 0.293214
3016 0.181607
3017 0.207408
3018 0.302166
3019 0.169963
3020 0.163817
3021 0.24473
3022 0.211042
3023 0.281086
3024 0.177493
3025 0.280383
3026 0.256282
3027 0.224168
3028 0.189306
3029 0.296991
3030 0.2042
3031 0.203032
3032 0.184716
3033 0.145704
3034 0.211803
3035 0.194237
3036 0.140624
3037 0.1449
3038 0.170607
3039 0.145015
3040 0.16175
3041 0.274872
3042 0.19359
3043 0.153873
3044 0.136306
3045 0.147442
3046 0.163197
3047 0.216498
3048 0.134898
3049 0.186034
3050 0.196331
3051 0.165857
3052 0.221725
3053 0.194659
3054 0.255167
3055 0.210745
3056 0.124738
3057 0.165234
3058 0.146932
3059 0.189836
3060 0.347043
3061 0.197147
3062 0.186217
3063 0.192748
3064 0.189477
3065 0.148841
3066 0.18127
3067 0.147034
3068 0.177621
3069 0.167142
3070 0.16859
3071 0.179697
3072 0.205256
3073 0.162128
3074 0.152015
3075 0.168065
3076 0.174265
3077 0.273026
3078 0.132974
3079 0.186716
3080 0.149172
3081 0.172945
3082 0.131865
3083 0.1424
3084 0.168871
3085 0.226265
3086 0.201813
3087 0.154423
3088 0.132833
3089 0.187011
3090 0.170181
3091 0.180299
3092 0.156908
3093 0.135709
3094 0.18587
3095 0.235355
3096 0.174796
3097 0.229545
3098 0.280728
3099 0.189064
3100 0.281196
3101 0.147449
3102 0.188694
3103 0.135526
3104 0.148488
3105 0.183772
3106 0.155948
3107 0.194929
3108 0.133664
3109 0.143828
3110 0.205135
3111 0.166473
3112 0.176512
3113 0.144791
3114 0.181379
3115 0.142724
3116 0.169488
3117 0.164391
3118 0.142261
3119 0.210934
3120 0.176419
3121 0.154482
3122 0.15632
3123 0.225892
3124 0.196558
3125 0.150123
3126 0.238334
3127 0.152968
3128 0.131133
3129 0.153367
3130 0.176964
3131 0.171832
3132 0.185455
3133 0.171495
3134 0.155674
3135 0.191481
3136 0.144673
3137 0.222969
3138 0.213446
3139 0.160154
3140 0.152393
3141 0.143127
3142 0.175868
3143 0.116655
3144 0.129387
3145 0.133051
3146 0.177023
3147 0.168898
3148 0.236234
3149 0.182014
3150 0.179777
3151 0.161512
3152 0.139949
3153 0.192542
3154 0.235046
3155 0.178742
3156 0.176265
3157 0.148998
3158 0.188632
3159 0.144184
3160 0.130316
3161 0.208985
3162 0.207274
3163 0.220732
3164 0.150442
3165 0.175095
3166 0.152091
3167 0.211221
3168 0.24802
3169 0.274679
3170 0.273614
3171 0.37546
3172 0.200599
3173 0.257375
3174 0.261857
3175 0.146474
3176 0.241796
3177 0.153619
3178 0.197453
3179 0.237217
3180 0.180267
3181 0.181946
3182 0.137186
3183 0.237816
3184 0.123569
3185 0.29621
3186 0.205581
3187 0.240149
3188 0.158042
3189 0.243445
3190 0.221816
3191 0.220454
3192 0.139712
3193 0.143279
3194 0.169687
3195 0.172285
3196 0.207642
3197 0.148986
3198 0.143924
3199 0.12368
3200 0.16511
3201 0.180154
3202 0.15898
3203 0.187795
3204 0.180278
3205 0.2027
3206 0.190045
3207 0.18734
3208 0.170946
3209 0.278544
3210 0.225799
3211 0.183056
3212 0.182817
3213 0.16526
3214 0.215583
3215 0.292554
3216 0.154586
3217 0.179909
3218 0.234514
3219 0.134541
3220 0.158304
3221 0.163633
3222 0.259803
3223 0.185285
3224 0.189371
3225 0.191853
3226 0.123271
3227 0.190087
3228 0.131951
3229 0.134867
3230 0.267267
3231 0.154741
3232 0.204856
3233 0.172113
3234 0.148347
3235 0.184656
3236 0.213305
3237 0.150359
3238 0.22567
3239 0.141417
3240 0.1749
3241 0.139282
3242 0.166655
3243 0.199037
3244 0.132313
3245 0.129177
3246 0.184905
3247 0.156887
3248 0.192138
3249 0.173475
3250 0.138829
3251 0.276765
3252 0.138515
3253 0.185975
3254 0.165801
3255 0.20365
3256 0.230602
3257 0.183502
3258 0.166473
3259 0.153223
3260 0.126949
3261 0.239486
3262 0.209401
3263 0.163801
3264 0.203956
3265 0.154772
3266 0.14351
3267 0.142799
3268 0.242061
3269 0.285368
3270 0.197864
3271 0.189069
3272 0.179598
3273 0.194997
3274 0.119361
3275 0.152104
3276 0.161647
3277 0.154245
3278 0.157114
3279 0.1677
3280 0.150543
3281 0.232285
3282 0.184788
3283 0.169362
3284 0.240105
3285 0.177037
3286 0.272012
3287 0.257527
3288 0.141143
3289 0.216365
3290 0.195326
3291 0.162413
3292 0.162244
3293 0.303494
3294 0.214768
3295 0.175791
3296 0.152016
3297 0.208485
3298 0.217438
3299 0.156394
3300 0.148737
3301 0.233353
3302 0.202154
3303 0.152846
3304 0.190313
3305 0.167373
3306 0.152214
3307 0.182613
3308 0.155496
3309 0.186203
3310 0.158113
3311 0.12549
3312 0.145105
3313 0.142283
3314 0.152284
3315 0.179389
3316 0.194648
3317 0.181103
3318 0.178131
3319 0.162506
3320 0.209626
3321 0.180068
3322 0.186626
3323 0.271159
3324 0.219371
3325 0.131438
3326 0.198982
3327 0.145185
3328 0.188324
3329 0.160684
3330 0.194787
3331 0.219005
3332 0.191954
3333 0.230791
3334 0.243139
3335 0.205918
3336 0.194267
3337 0.197057
3338 0.15697
3339 0.182739
3340 0.207452
3341 0.16502
3342 0.12207
3343 0.136928
3344 0.353249
3345 0.171258
3346 0.186159
3347 0.129362
3348 0.246954
3349 0.180045
3350 0.13426
3351 0.283419
3352 0.169581
3353 0.148084
3354 0.197895
3355 0.23189
3356 0.254033
3357 0.137044
3358 0.213325
3359 0.168443
3360 0.139568
3361 0.159398
3362 0.259728
3363 0.213023
3364 0.144548
3365 0.135259
3366 0.161294
3367 0.232989
3368 0.206893
3369 0.194867
3370 0.162698
3371 0.167862
3372 0.112588
3373 0.224029
3374 0.221437
3375 0.278832
3376 0.158743
3377 0.180892
3378 0.201962
3379 0.212959
3380 0.202022
3381 0.193221
3382 0.251715
3383 0.211989
3384 0.165043
3385 0.218819
3386 0.209072
3387 0.182348
3388 0.152667
3389 0.153952
3390 0.160942
3391 0.162084
3392 0.145074
3393 0.179808
3394 0.195924
3395 0.191099
3396 0.131321
3397 0.19879
3398 0.13592
3399 0.1656
3400 0.161237
3401 0.167142
3402 0.167636
3403 0.164867
3404 0.19151
3405 0.138691
3406 0.147246
3407 0.143308
3408 0.147176
3409 0.15633
3410 0.172818
3411 0.153325
3412 0.249324
3413 0.191814
3414 0.149527
3415 0.162688
3416 0.116932
3417 0.118519
3418 0.110594
3419 0.163615
3420 0.115445
3421 0.212956
3422 0.111095
3423 0.110572
3424 0.115144
3425 0.135209
3426 0.104012
3427 0.15626
3428 0.285049
3429 0.249839
3430 0.212189
3431 0.164161
3432 0.148878
3433 0.148245
3434 0.214015
3435 0.279191
3436 0.177084
3437 0.129356
3438 0.152821
3439 0.158879
3440 0.181821
3441 0.142504
3442 0.185952
3443 0.171028
3444 0.241023
3445 0.199768
3446 0.136918
3447 0.185495
3448 0.123018
3449 0.207986
3450 0.16639
3451 0.217942
3452 0.149876
3453 0.141267
3454 0.204053
3455 0.202661
3456 0.212353
3457 0.152129
3458 0.260524
3459 0.245904
3460 0.189167
3461 0.16366
3462 0.17229
3463 0.151849
3464 0.203973
3465 0.127463
3466 0.164716
3467 0.139325
3468 0.173435
3469 0.248645
3470 0.391837
3471 0.145503
3472 0.155375
3473 0.118122
3474 0.173658
3475 0.230261
3476 0.19198
3477 0.153548
3478 0.179419
3479 0.153641
3480 0.184892
3481 0.223727
3482 0.210424
3483 0.195398
3484 0.209592
3485 0.14938
3486 0.164105
3487 0.145818
3488 0.16861
3489 0.132911
3490 0.203597
3491 0.214359
3492 0.224749
3493 0.133587
3494 0.189405
3495 0.193959
3496 0.149066
3497 0.147116
3498 0.180463
3499 0.156186
3500 0.166314
3501 0.126656
3502 0.168481
3503 0.14616
3504 0.167674
3505 0.246289
3506 0.148394
3507 0.117225
3508 0.183393
3509 0.14505
3510 0.163703
3511 0.176684
3512 0.128694
3513 0.188212
3514 0.183415
3515 0.135949
3516 0.171461
3517 0.145279
3518 0.17691
3519 0.143742
3520 0.191432
3521 0.182754
3522 0.134845
3523 0.160622
3524 0.194563
3525 0.118325
3526 0.198697
3527 0.303692
3528 0.149291
3529 0.270842
3530 0.133465
3531 0.143789
3532 0.126557
3533 0.151649
3534 0.130516
3535 0.144266
3536 0.131506
3537 0.115539
3538 0.130115
3539 0.218507
3540 0.148321
3541 0.209015
3542 0.169699
3543 0.135113
3544 0.133182
3545 0.182475
3546 0.170896
3547 0.135392
3548 0.163828
3549 0.183989
3550 0.147514
3551 0.153949
3552 0.204362
3553 0.219876
3554 0.139009
3555 0.214376
3556 0.139274
3557 0.155191
3558 0.13601
3559 0.195491
3560 0.112222
3561 0.163853
3562 0.129495
3563 0.241088
3564 0.152942
3565 0.163477
3566 0.222166
3567 0.179771
3568 0.131288
3569 0.152316
3570 0.141576
3571 0.165983
3572 0.143925
3573 0.125014
3574 0.17487
3575 0.192413
3576 0.131558
3577 0.224698
3578 0.131225
3579 0.163439
3580 0.136556
3581 0.15147
3582 0.173629
3583 0.168685
3584 0.170791
3585 0.146608
3586 0.199599
3587 0.188026
3588 0.126839
3589 0.130398
3590 0.247027
3591 0.147326
3592 0.130657
3593 0.143156
3594 0.124889
3595 0.144247
3596 0.178761
3597 0.298392
3598 0.164714
3599 0.226722
3600 0.229501
3601 0.126305
3602 0.149645
3603 0.201968
3604 0.15075
3605 0.151387
3606 0.1781
3607 0.199834
3608 0.133389
3609 0.155546
3610 0.196834
3611 0.2249
3612 0.215471
3613 0.118434
3614 0.234098
3615 0.120118
3616 0.131557
3617 0.14557
3618 0.188525
3619 0.160787
3620 0.166598
3621 0.120315
3622 0.191275
3623 0.142167
3624 0.13452
3625 0.181339
3626 0.1526
3627 0.120366
3628 0.166964
3629 0.152942
3630 0.145346
3631 0.149739
3632 0.160582
3633 0.144629
3634 0.220657
3635 0.174447
3636 0.149854
3637 0.177764
3638 0.207064
3639 0.129795
3640 0.23012
3641 0.137312
3642 0.138891
3643 0.20398
3644 0.245613
3645 0.158501
3646 0.217614
3647 0.20471
3648 0.180293
3649 0.184792
3650 0.152014
3651 0.217177
3652 0.198912
3653 0.209912
3654 0.189145
3655 0.138909
3656 0.193955
3657 0.139576
3658 0.121044
3659 0.212369
3660 0.141482
3661 0.22028
3662 0.164457
3663 0.134614
3664 0.160935
3665 0.197854
3666 0.114768
3667 0.231887
3668 0.21078
3669 0.143951
3670 0.17016
3671 0.150957
3672 0.226487
3673 0.120321
3674 0.149513
3675 0.160033
3676 0.1171
3677 0.138558
3678 0.161107
3679 0.169002
3680 0.16851
3681 0.151122
3682 0.203623
3683 0.178033
3684 0.15691
3685 0.228063
3686 0.168248
3687 0.124655
3688 0.123533
3689 0.152903
3690 0.185309
3691 0.192913
3692 0.23346
3693 0.164133
3694 0.183831
3695 0.146643
3696 0.166439
3697 0.22527
3698 0.232553
3699 0.161389
3700 0.211486
3701 0.225406
3702 0.145128
3703 0.113017
3704 0.115418
3705 0.169628
3706 0.121397
3707 0.154877
3708 0.172263
3709 0.141198
3710 0.201586
3711 0.132136
3712 0.173783
3713 0.171734
3714 0.157565
3715 0.149068
3716 0.142934
3717 0.146513
3718 0.177817
3719 0.151577
3720 0.118567
3721 0.234189
3722 0.248226
3723 0.156342
3724 0.239008
3725 0.154368
3726 0.224781
3727 0.148596
3728 0.18734
3729 0.215992
3730 0.149609
3731 0.227041
3732 0.112141
3733 0.182885
3734 0.144636
3735 0.177157
3736 0.168121
3737 0.256177
3738 0.148621
3739 0.145471
3740 0.150086
3741 0.12041
3742 0.137604
3743 0.183492
3744 0.150316
3745 0.145151
3746 0.166983
3747 0.125241
3748 0.248606
3749 0.151918
3750 0.171577
3751 0.169891
3752 0.272464
3753 0.164613
3754 0.144603
3755 0.206905
3756 0.166691
3757 0.212765
3758 0.15051
3759 0.251852
3760 0.160961
3761 0.162742
3762 0.195365
3763 0.168498
3764 0.148025
3765 0.163311
3766 0.153496
3767 0.171647
3768 0.15968
3769 0.149808
3770 0.124782
3771 0.167461
3772 0.20362
3773 0.288647
3774 0.279676
3775 0.130532
3776 0.129728
3777 0.205611
3778 0.154779
3779 0.155802
3780 0.274353
3781 0.128819
3782 0.157485
3783 0.165542
3784 0.17796
3785 0.252007
3786 0.120685
3787 0.17685
3788 0.147326
3789 0.117137
3790 0.155037
3791 0.182877
3792 0.154586
3793 0.155043
3794 0.153935
3795 0.111813
3796 0.231716
3797 0.208822
3798 0.146569
3799 0.170623
3800 0.135488
3801 0.167335
3802 0.173284
3803 0.210041
3804 0.207956
3805 0.176887
3806 0.169592
3807 0.170885
3808 0.240324
3809 0.169407
3810 0.138209
3811 0.178438
3812 0.182866
3813 0.129999
3814 0.189806
3815 0.116191
3816 0.221395
3817 0.131717
3818 0.159881
3819 0.184975
3820 0.135972
3821 0.154738
3822 0.189392
3823 0.136546
3824 0.185281
3825 0.134136
3826 0.143176
3827 0.142583
3828 0.138471
3829 0.191401
3830 0.130484
3831 0.22362
3832 0.135705
3833 0.172059
3834 0.153135
3835 0.123566
3836 0.132605
3837 0.169863
3838 0.176425
3839 0.163961
3840 0.116641
3841 0.195262
3842 0.228708
3843 0.23234
3844 0.145113
3845 0.16308
3846 0.133407
3847 0.142431
3848 0.148814
3849 0.134565
3850 0.192666
3851 0.0981771
3852 0.116926
3853 0.149586
3854 0.29431
3855 0.147577
3856 0.206992
3857 0.154822
3858 0.278351
3859 0.174591
3860 0.221457
3861 0.178721
3862 0.197811
3863 0.216219
3864 0.221705
3865 0.177322
3866 0.112609
3867 0.142356
3868 0.12893
3869 0.196797
3870 0.131171
3871 0.150634
3872 0.253987
3873 0.206104
3874 0.155978
3875 0.219183
3876 0.151937
3877 0.162945
3878 0.164529
3879 0.150315
3880 0.183628
3881 0.121645
3882 0.161931
3883 0.23321
3884 0.17381
3885 0.217094
3886 0.139929
3887 0.245539
3888 0.250067
3889 0.0992742
3890 0.167195
3891 0.22402
3892 0.208668
3893 0.15896
3894 0.137331
3895 0.17381
3896 0.127389
3897 0.140162
3898 0.18497
3899 0.227645
3900 0.115358
3901 0.118033
3902 0.126904
3903 0.169279
3904 0.116527
3905 0.196301
3906 0.156683
3907 0.125157
3908 0.144331
3909 0.197964
3910 0.157678
3911 0.186399
3912 0.132793
3913 0.194647
3914 0.105418
3915 0.220796
3916 0.157552
3917 0.155326
3918 0.152158
3919 0.1808
3920 0.175273
3921 0.163798
3922 0.177183
3923 0.170278
3924 0.190081
3925 0.153068
3926 0.160479
3927 0.153275
3928 0.155327
3929 0.150249
3930 0.141131
3931 0.221962
3932 0.1236
3933 0.19836
3934 0.198798
3935 0.128764
3936 0.124591
3937 0.159797
3938 0.170734
3939 0.191979
3940 0.137841
3941 0.131627
3942 0.187842
3943 0.200003
3944 0.174738
3945 0.141393
3946 0.139854
3947 0.172757
3948 0.114372
3949 0.170272
3950 0.184715
3951 0.144858
3952 0.167455
3953 0.17838
3954 0.120625
3955 0.177984
3956 0.196641
3957 0.194723
3958 0.161743
3959 0.141732
3960 0.157905
3961 0.151297
3962 0.242075
3963 0.125956
3964 0.170537
3965 0.145261
3966 0.115943
3967 0.158874
3968 0.165046
3969 0.195023
3970 0.166105
3971 0.22279
3972 0.182789
3973 0.128685
3974 0.203044
3975 0.148081
3976 0.16685
3977 0.183377
3978 0.169982
3979 0.143447
3980 0.207556
3981 0.234719
3982 0.244795
3983 0.133838
3984 0.212648
3985 0.142199
3986 0.151376
3987 0.148511
3988 0.152693
3989 0.116836
3990 0.149347
3991 0.11699
3992 0.183575
3993 0.167517
3994 0.134373
3995 0.176656
3996 0.166839
3997 0.117266
3998 0.104933
3999 0.127053
4000 0.117545
4001 0.142338
4002 0.114776
4003 0.185606
4004 0.171474
4005 0.148819
4006 0.167962
4007 0.121002
4008 0.123895
4009 0.137887
4010 0.143842
4011 0.167335
4012 0.164694
4013 0.157414
4014 0.120931
4015 0.190449
4016 0.177593
4017 0.0967691
4018 0.205898
4019 0.178597
4020 0.214074
4021 0.135187
4022 0.159527
4023 0.112799
4024 0.129858
4025 0.1922
4026 0.217511
4027 0.191847
4028 0.198046
4029 0.226305
4030 0.132535
4031 0.22966
4032 0.156698
4033 0.161077
4034 0.196737
4035 0.127563
4036 0.215635
4037 0.119437
4038 0.140361
4039 0.160848
4040 0.15666
4041 0.196777
4042 0.154161
4043 0.166081
4044 0.114803
4045 0.200008
4046 0.177799
4047 0.141658
4048 0.168552
4049 0.169899
4050 0.120009
4051 0.15735
4052 0.141494
4053 0.148506
4054 0.15448
4055 0.135153
4056 0.134207
4057 0.228599
4058 0.115505
4059 0.17185
4060 0.121727
4061 0.182952
4062 0.210625
4063 0.219641
4064 0.161228
4065 0.210176
4066 0.247317
4067 0.22176
4068 0.149439
4069 0.244265
4070 0.156976
4071 0.170633
4072 0.193847
4073 0.123489
4074 0.125997
4075 0.218417
4076 0.142596
4077 0.128971
4078 0.140649
4079 0.112279
4080 0.185874
4081 0.141561
4082 0.210287
4083 0.150134
4084 0.111073
4085 0.178619
4086 0.106372
4087 0.202817
4088 0.21359
4089 0.109422
4090 0.220152
4091 0.19044
4092 0.151124
4093 0.161403
4094 0.200375
4095 0.128918
4096 0.202819
4097 0.186003
4098 0.247861
4099 0.201944
4100 0.220191
4101 0.155053
4102 0.148852
4103 0.116191
4104 0.131323
4105 0.159797
4106 0.20126
4107 0.127472
4108 0.164582
4109 0.141563
4110 0.130018
4111 0.2082
4112 0.153992
4113 0.198659
4114 0.24501
4115 0.131152
4116 0.140941
4117 0.120199
4118 0.132413
4119 0.168081
4120 0.174187
4121 0.15945
4122 0.133832
4123 0.143686
4124 0.166464
4125 0.120875
4126 0.319345
4127 0.172901
4128 0.172705
4129 0.172301
4130 0.125489
4131 0.195428
4132 0.12759
4133 0.140882
4134 0.165145
4135 0.114772
4136 0.151413
4137 0.14834
4138 0.138443
4139 0.191645
4140 0.165507
4141 0.186355
4142 0.170555
4143 0.216048
4144 0.1749
4145 0.127679
4146 0.228572
4147 0.143844
4148 0.178649
4149 0.15085
4150 0.198782
4151 0.243948
4152 0.135791
4153 0.135591
4154 0.160688
4155 0.244135
4156 0.186665
4157 0.155628
4158 0.188723
4159 0.145931
4160 0.161414
4161 0.120111
4162 0.156612
4163 0.140484
4164 0.130933
4165 0.143579
4166 0.173525
4167 0.122217
4168 0.147698
4169 0.132955
4170 0.167589
4171 0.143259
4172 0.157321
4173 0.175736
4174 0.147271
4175 0.144624
4176 0.118018
4177 0.146469
4178 0.157347
4179 0.18481
4180 0.2003
4181 0.14464
4182 0.119735
4183 0.113024
4184 0.190558
4185 0.111419
4186 0.138183
4187 0.127813
4188 0.24694
4189 0.163965
4190 0.152884
4191 0.239521
4192 0.176743
4193 0.149037
4194 0.186577
4195 0.112122
4196 0.137763
4197 0.139969
4198 0.135426
4199 0.131353
4200 0.121016
4201 0.250584
4202 0.197595
4203 0.18123
4204 0.124689
4205 0.184877
4206 0.151078
4207 0.19565
4208 0.15598
4209 0.148195
4210 0.144984
4211 0.146161
4212 0.201393
4213 0.223901
4214 0.123732
4215 0.141664
4216 0.140311
4217 0.099155
4218 0.136527
4219 0.224249
4220 0.137487
4221 0.121073
4222 0.145969
4223 0.154737
4224 0.136441
4225 0.110919
4226 0.170234
4227 0.151405
4228 0.183422
4229 0.185502
4230 0.171364
4231 0.18672
4232 0.213374
4233 0.177531
4234 0.157203
4235 0.177936
4236 0.188214
4237 0.186898
4238 0.198005
4239 0.120259
4240 0.167349
4241 0.135489
4242 0.158646
4243 0.124104
4244 0.141336
4245 0.170426
4246 0.117718
4247 0.18495
4248 0.142021
4249 0.122467
4250 0.189398
4251 0.178182
4252 0.183927
4253 0.160019
4254 0.143374
4255 0.156552
4256 0.134997
4257 0.12447
4258 0.181772
4259 0.174258
4260 0.163994
4261 0.152769
4262 0.157538
4263 0.135603
4264 0.137889
4265 0.120415
4266 0.198211
4267 0.157061
4268 0.152086
4269 0.144298
4270 0.139911
4271 0.119242
4272 0.167082
4273 0.107458
4274 0.138954
4275 0.145386
4276 0.108262
4277 0.1505
4278 0.119461
4279 0.114232
4280 0.106174
4281 0.109873
4282 0.150788
4283 0.12544
4284 0.120776
4285 0.280523
4286 0.102408
4287 0.203476
4288 0.185529
4289 0.163564
4290 0.133908
4291 0.197428
4292 0.165179
4293 0.212572
4294 0.115864
4295 0.160134
4296 0.154339
4297 0.190901
4298 0.136447
4299 0.112667
4300 0.123391
4301 0.239672
4302 0.162067
4303 0.125111
4304 0.19686
4305 0.101298
4306 0.144251
4307 0.168159
4308 0.107997
4309 0.133715
4310 0.164839
4311 0.184383
4312 0.149609
4313 0.180312
4314 0.110493
4315 0.164972
4316 0.212521
4317 0.16007
4318 0.162774
4319 0.140347
4320 0.170771
4321 0.135363
4322 0.141535
4323 0.128753
4324 0.121712
4325 0.138798
4326 0.118395
4327 0.311384
4328 0.189465
4329 0.113829
4330 0.0977457
4331 0.182762
4332 0.151466
4333 0.169676
4334 0.177057
4335 0.171596
4336 0.103821
4337 0.13522
4338 0.17367
4339 0.182344
4340 0.122511
4341 0.149693
4342 0.139077
4343 0.194531
4344 0.140119
4345 0.122271
4346 0.135771
4347 0.164702
4348 0.1269
4349 0.130038
4350 0.166464
4351 0.144973
4352 0.144959
4353 0.122504
4354 0.180435
4355 0.121434
4356 0.188425
4357 0.160338
4358 0.165324
4359 0.162014
4360 0.133297
4361 0.116701
4362 0.122674
4363 0.133444
4364 0.106413
4365 0.153025
4366 0.145141
4367 0.14091
4368 0.127698
4369 0.138362
4370 0.132192
4371 0.147746
4372 0.191658
4373 0.139321
4374 0.128825
4375 0.145671
4376 0.112732
4377 0.152168
4378 0.129758
4379 0.125323
4380 0.132142
4381 0.214119
4382 0.182406
4383 0.154946
4384 0.247215
4385 0.142978
4386 0.229834
4387 0.143073
4388 0.183963
4389 0.145078
4390 0.114155
4391 0.142791
4392 0.139706
4393 0.153723
4394 0.115694
4395 0.134811
4396 0.141511
4397 0.146908
4398 0.187548
4399 0.105916
4400 0.159461
4401 0.0934931
4402 0.164081
4403 0.146603
4404 0.14692
4405 0.219943
4406 0.13525
4407 0.120612
4408 0.13362
4409 0.167449
4410 0.142298
4411 0.162803
4412 0.150746
4413 0.118537
4414 0.126594
4415 0.158096
4416 0.16547
4417 0.114106
4418 0.128002
4419 0.146889
4420 0.191818
4421 0.193868
4422 0.120699
4423 0.166168
4424 0.181992
4425 0.164907
4426 0.171919
4427 0.113508
4428 0.163067
4429 0.128365
4430 0.131119
4431 0.105099
4432 0.187935
4433 0.135183
4434 0.198385
4435 0.117414
4436 0.125449
4437 0.198603
4438 0.136563
4439 0.135962
4440 0.201295
4441 0.211402
4442 0.126226
4443 0.134093
4444 0.194146
4445 0.141334
4446 0.13995
4447 0.190072
4448 0.149053
4449 0.117574
4450 0.124284
4451 0.138793
4452 0.129706
4453 0.20854
4454 0.255438
4455 0.242146
4456 0.19126
4457 0.149607
4458 0.126547
4459 0.116934
4460 0.181003
4461 0.13601
4462 0.178263
4463 0.121432
4464 0.160111
4465 0.185807
4466 0.145898
4467 0.158195
4468 0.102507
4469 0.184631
4470 0.130741
4471 0.206552
4472 0.189206
4473 0.131384
4474 0.158486
4475 0.195388
4476 0.124959
4477 0.181967
4478 0.130857
4479 0.127256
4480 0.131092
4481 0.176933
4482 0.199261
4483 0.151147
4484 0.168035
4485 0.125081
4486 0.180892
4487 0.159336
4488 0.141635
4489 0.134142
4490 0.126377
4491 0.173299
4492 0.17369
4493 0.160281
4494 0.16979
4495 0.210801
4496 0.239692
4497 0.165705
4498 0.116188
4499 0.128951
4500 0.141196
4501 0.251451
4502 0.128027
4503 0.152246
4504 0.172957
4505 0.121629
4506 0.137195
4507 0.130251
4508 0.195212
4509 0.157044
4510 0.12736
4511 0.188161
4512 0.11718
4513 0.132955
4514 0.107794
4515 0.109875
4516 0.184352
4517 0.183722
4518 0.19288
4519 0.252251
4520 0.129775
4521 0.181545
4522 0.125935
4523 0.187372
4524 0.157226
4525 0.186971
4526 0.143793
4527 0.15769
4528 0.113158
4529 0.170668
4530 0.19072
4531 0.129751
4532 0.178782
4533 0.105369
4534 0.146493
4535 0.19804
4536 0.174299
4537 0.181692
4538 0.131805
4539 0.199269
4540 0.154878
4541 0.184338
4542 0.119797
4543 0.184166
4544 0.144827
4545 0.115908
4546 0.116871
4547 0.154409
4548 0.157449
4549 0.142208
4550 0.160853
4551 0.135474
4552 0.124176
4553 0.116043
4554 0.184164
4555 0.334255
4556 0.183283
4557 0.147224
4558 0.150003
4559 0.139747
4560 0.128325
4561 0.167204
4562 0.134561
4563 0.146213
4564 0.136814
4565 0.138119
4566 0.153347
4567 0.115809
4568 0.156883
4569 0.136666
4570 0.227003
4571 0.146631
4572 0.20497
4573 0.261537
4574 0.122025
4575 0.215613
4576 0.14023
4577 0.124461
4578 0.155605
4579 0.25435
4580 0.171688
4581 0.117475
4582 0.135899
4583 0.182788
4584 0.208537
4585 0.125505
4586 0.165495
4587 0.17467
4588 0.23275
4589 0.113292
4590 0.181834
4591 0.163283
4592 0.158224
4593 0.165024
4594 0.176781
4595 0.225118
4596 0.127811
4597 0.143542
4598 0.174109
4599 0.14474
4600 0.146446
4601 0.145622
4602 0.166143
4603 0.150393
4604 0.143242
4605 0.110039
4606 0.188835
4607 0.160901
4608 0.135488
4609 0.265077
4610 0.172382
4611 0.116285
4612 0.151323
4613 0.102551
4614 0.126166
4615 0.118497
4616 0.181481
4617 0.173233
4618 0.166329
4619 0.21851
4620 0.190582
4621 0.152484
4622 0.187979
4623 0.149704
4624 0.13132
4625 0.141833
4626 0.136293
4627 0.151624
4628 0.0967029
4629 0.135328
4630 0.334132
4631 0.112194
4632 0.159049
4633 0.112078
4634 0.241728
4635 0.242562
4636 0.17166
4637 0.21603
4638 0.115449
4639 0.149021
4640 0.156069
4641 0.22253
4642 0.195225
4643 0.12342
4644 0.139572
4645 0.154818
4646 0.123136
4647 0.167613
4648 0.142452
4649 0.232555
4650 0.122541
4651 0.131698
4652 0.120562
4653 0.188868
4654 0.129434
4655 0.188972
4656 0.123105
4657 0.12179
4658 0.126597
4659 0.141245
4660 0.174528
4661 0.171737
4662 0.201403
4663 0.219763
4664 0.132027
4665 0.181742
4666 0.141737
4667 0.180497
4668 0.151469
4669 0.124086
4670 0.112922
4671 0.147266
4672 0.147582
4673 0.171903
4674 0.127148
4675 0.11794
4676 0.167648
4677 0.124162
4678 0.115476
4679 0.152479
4680 0.194704
4681 0.170135
4682 0.116954
4683 0.156972
4684 0.107119
4685 0.11467
4686 0.114017
4687 0.122614
4688 0.132742
4689 0.111873
4690 0.133077
4691 0.164654
4692 0.131425
4693 0.159685
4694 0.11862
4695 0.144899
4696 0.171241
4697 0.12653
4698 0.147298
4699 0.124552
4700 0.112562
4701 0.162663
4702 0.0940691
4703 0.100334
4704 0.114111
4705 0.173165
4706 0.128651
4707 0.149164
4708 0.0909692
4709 0.118199
4710 0.0963573
4711 0.111161
4712 0.129407
4713 0.1407
4714 0.253205
4715 0.218902
4716 0.19203
4717 0.138982
4718 0.148594
4719 0.134548
4720 0.168846
4721 0.137394
4722 0.135621
4723 0.131691
4724 0.17761
4725 0.128411
4726 0.138307
4727 0.130686
4728 0.126338
4729 0.112898
4730 0.253913
4731 0.162532
4732 0.141079
4733 0.23204
4734 0.106698
4735 0.187447
4736 0.199378
4737 0.12987
4738 0.157889
4739 0.13099
4740 0.205929
4741 0.129597
4742 0.200846
4743 0.140804
4744 0.281493
4745 0.259016
4746 0.173962
4747 0.162937
4748 0.148142
4749 0.149278
4750 0.134171
4751 0.124453
4752 0.112738
4753 0.109423
4754 0.133191
4755 0.179979
4756 0.381373
4757 0.124647
4758 0.140064
4759 0.118623
4760 0.132863
4761 0.174764
4762 0.207256
4763 0.115992
4764 0.147012
4765 0.122556
4766 0.163448
4767 0.202425
4768 0.129296
4769 0.129204
4770 0.151373
4771 0.114863
4772 0.148541
4773 0.129706
4774 0.190661
4775 0.229553
4776 0.133758
4777 0.142972
4778 0.164481
4779 0.137272
4780 0.113361
4781 0.149821
4782 0.16659
4783 0.149268
4784 0.17065
4785 0.131927
4786 0.116107
4787 0.152276
4788 0.177329
4789 0.127702
4790 0.126533
4791 0.164988
4792 0.15174
4793 0.113479
4794 0.149463
4795 0.127524
4796 0.137472
4797 0.159347
4798 0.124277
4799 0.142182
4800 0.129935
4801 0.18895
4802 0.108021
4803 0.119029
4804 0.0966438
4805 0.116725
4806 0.131603
4807 0.142485
4808 0.148783
4809 0.123034
4810 0.153381
4811 0.159542
4812 0.136041
4813 0.152073
4814 0.14366
4815 0.177414
4816 0.102446
4817 0.11072
4818 0.108079
4819 0.164331
4820 0.116587
4821 0.125539
4822 0.128117
4823 0.145705
4824 0.105732
4825 0.17302
4826 0.131544
4827 0.157054
4828 0.140053
4829 0.119051
4830 0.128745
4831 0.136001
4832 0.136371
4833 0.116268
4834 0.156587
4835 0.130523
4836 0.137431
4837 0.130291
4838 0.142349
4839 0.169546
4840 0.119441
4841 0.176715
4842 0.133809
4843 0.116056
4844 0.117734
4845 0.128432
4846 0.118143
4847 0.092123
4848 0.110619
4849 0.117468
4850 0.146862
4851 0.102233
4852 0.128935
4853 0.143412
4854 0.0934732
4855 0.0976849
4856 0.137893
4857 0.125969
4858 0.115711
4859 0.152187
4860 0.122576
4861 0.147186
4862 0.141344
4863 0.176689
4864 0.149381
4865 0.161288
4866 0.103341
4867 0.115015
4868 0.152732
4869 0.126032
4870 0.178595
4871 0.128113
4872 0.109377
4873 0.153253
4874 0.136053
4875 0.102073
4876 0.214208
4877 0.13133
4878 0.143769
4879 0.101397
4880 0.154148
4881 0.125542
4882 0.171322
4883 0.213865
4884 0.174698
4885 0.1464
4886 0.132596
4887 0.118148
4888 0.178264
4889 0.143254
4890 0.121199
4891 0.230471
4892 0.135641
4893 0.134895
4894 0.199681
4895 0.110284
4896 0.127641
4897 0.155341
4898 0.148245
4899 0.100896
4900 0.172712
4901 0.0997894
4902 0.148186
4903 0.144164
4904 0.145073
4905 0.167154
4906 0.124245
4907 0.136127
4908 0.12732
4909 0.160369
4910 0.155492
4911 0.169645
4912 0.118048
4913 0.120426
4914 0.162183
4915 0.118252
4916 0.140106
4917 0.129675
4918 0.139212
4919 0.141234
4920 0.15887
4921 0.145772
4922 0.162222
4923 0.168063
4924 0.145273
4925 0.166794
4926 0.172991
4927 0.12096
4928 0.146397
4929 0.189609
4930 0.171134
4931 0.151754
4932 0.189096
4933 0.116728
4934 0.159202
4935 0.117301
4936 0.161078
4937 0.130752
4938 0.144082
4939 0.11723
4940 0.14781
4941 0.102868
4942 0.152094
4943 0.135805
4944 0.117155
4945 0.194991
4946 0.181768
4947 0.223381
4948 0.17616
4949 0.121681
4950 0.170158
4951 0.1842
4952 0.114342
4953 0.243187
4954 0.159082
4955 0.149974
4956 0.125125
4957 0.11392
4958 0.147867
4959 0.119623
4960 0.102921
4961 0.112168
4962 0.149291
4963 0.125696
4964 0.154866
4965 0.160014
4966 0.135237
4967 0.118553
4968 0.200245
4969 0.169943
4970 0.142369
4971 0.206458
4972 0.148744
4973 0.138921
4974 0.134952
4975 0.176448
4976 0.137373
4977 0.125727
4978 0.164721
4979 0.117109
4980 0.165641
4981 0.0878057
4982 0.150703
4983 0.160355
4984 0.295439
4985 0.172608
4986 0.160752
4987 0.170694
4988 0.142297
4989 0.105518
4990 0.134097
4991 0.147647
4992 0.135383
4993 0.107032
4994 0.146358
4995 0.14118
4996 0.181361
4997 0.137654
4998 0.157777
4999 0.179162
5000 0.174566
