0 3.30119
1 4.68457
2 4.45085
3 3.12048
4 2.45251
5 2.26391
6 2.08812
7 1.83102
8 1.96786
9 2.58738
10 2.53026
11 2.11416
12 1.74049
13 1.66117
14 1.61376
15 1.60753
16 1.74609
17 1.68579
18 1.51142
19 1.32483
20 1.67725
21 1.97531
22 2.0541
23 1.71171
24 1.48649
25 1.56309
26 1.24358
27 1.041
28 1.30454
29 1.40597
30 1.36955
31 1.1185
32 1.09776
33 1.0471
34 1.06951
35 0.964938
36 0.964452
37 0.98247
38 0.856801
39 0.952894
40 0.926013
41 0.921753
42 0.837231
43 0.828817
44 1.37634
45 1.32622
46 1.26302
47 1.13531
48 1.19385
49 1.01998
50 0.819098
51 1.17053
52 1.03456
53 0.983732
54 0.932379
55 0.982443
56 1.01862
57 0.918543
58 0.924133
59 1.03202
60 0.940023
61 0.916548
62 0.992514
63 1.23079
64 0.808769
65 0.844105
66 0.800384
67 0.851086
68 0.901758
69 0.871212
70 1.0007
71 1.06588
72 1.32632
73 0.996248
74 0.992573
75 0.933796
76 1.08533
77 0.741642
78 0.806266
79 0.776195
80 0.823222
81 0.850361
82 0.724757
83 0.759729
84 0.862294
85 1.0159
86 0.9782
87 1.03653
88 1.28667
89 1.33479
90 1.02006
91 0.834053
92 0.833937
93 0.807489
94 0.82627
95 0.83507
96 0.698277
97 0.808792
98 0.878258
99 0.989444
100 0.858668
101 0.713038
102 0.73888
103 0.799664
104 0.980508
105 0.768943
106 0.618433
107 0.745963
108 0.657753
109 0.77714
110 0.707663
111 0.7966
112 0.826284
113 0.761099
114 0.568345
115 0.617532
116 0.7378
117 1.02168
118 1.4378
119 0.956178
120 0.788883
121 0.814715
122 0.857956
123 0.791315
124 0.894199
125 0.660564
126 0.702183
127 0.709912
128 0.737642
129 0.746919
130 0.659667
131 0.572615
132 0.712859
133 0.806361
134 0.904083
135 0.658997
136 0.813933
137 0.918486
138 0.662653
139 0.764651
140 0.555515
141 0.644604
142 0.619899
143 0.593185
144 0.635375
145 0.671168
146 0.749501
147 0.76396
148 0.86096
149 0.734396
150 0.764389
151 0.578948
152 0.807884
153 0.761669
154 0.848817
155 0.641835
156 0.624355
157 0.67306
158 0.712108
159 0.565178
160 0.685371
161 0.621909
162 0.768671
163 0.702874
164 0.550765
165 0.592954
166 0.644217
167 0.73416
168 0.743009
169 0.972207
170 0.942062
171 0.657221
172 0.733961
173 1.14211
174 0.842625
175 0.691471
176 0.644848
177 0.626387
178 0.637047
179 0.615481
180 0.633289
181 0.6276
182 0.697629
183 0.582554
184 0.814126
185 0.60598
186 0.611049
187 0.665313
188 0.637555
189 0.659628
190 0.663342
191 0.598102
192 0.557043
193 0.623134
194 0.694929
195 0.712673
196 0.715083
197 0.601908
198 0.527913
199 0.560697
200 0.667051
201 0.646455
202 0.666843
203 0.568704
204 0.757577
205 0.850091
206 0.836014
207 0.627486
208 0.84101
209 0.671631
210 0.648556
211 0.727607
212 0.661705
213 0.762732
214 0.851139
215 0.484532
216 0.604751
217 0.637486
218 0.521104
219 0.592332
220 0.542326
221 0.629273
222 0.601844
223 0.580333
224 0.669325
225 0.533424
226 0.605342
227 0.54554
228 0.51648
229 0.706813
230 0.708752
231 0.70978
232 0.677399
233 0.735764
234 0.549416
235 0.623819
236 0.646331
237 0.560487
238 0.649056
239 0.613891
240 0.530434
241 0.751336
242 0.692911
243 0.620779
244 0.500605
245 0.622756
246 0.533591
247 0.438061
248 0.579309
249 0.68174
250 0.756896
251 0.663362
252 0.864593
253 0.71114
254 0.687907
255 0.724411
256 0.641222
257 0.567977
258 0.516091
259 0.543524
260 0.623571
261 0.578638
262 0.667972
263 0.524303
264 0.460863
265 0.523445
266 0.470642
267 0.599772
268 0.822661
269 0.830496
270 1.30156
271 1.03614
272 0.767565
273 0.664024
274 0.581745
275 0.53883
276 0.521128
277 0.50989
278 0.546459
279 0.563428
280 0.510094
281 0.612868
282 0.526053
283 0.621603
284 0.701245
285 0.667245
286 0.552585
287 0.595591
288 0.572739
289 0.63487
290 0.542903
291 0.628326
292 0.722863
293 0.59901
294 0.629343
295 0.654146
296 0.60333
297 0.45529
298 0.597406
299 0.472903
300 0.498654
301 0.551444
302 0.567265
303 0.532177
304 0.574505
305 0.568492
306 0.553756
307 0.653356
308 0.566879
309 0.461923
310 0.497663
311 0.577309
312 0.567202
313 0.627164
314 0.52738
315 0.566271
316 0.64266
317 0.627688
318 0.757591
319 0.652944
320 0.635029
321 0.635621
322 0.767931
323 0.800873
324 0.504058
325 0.579856
326 0.521462
327 0.532779
328 0.570762
329 0.573406
330 0.710745
331 0.610467
332 0.615279
333 0.605532
334 0.489689
335 0.629432
336 0.596606
337 0.481953
338 0.714382
339 0.538674
340 0.518842
341 0.549733
342 0.528572
343 0.766609
344 0.628525
345 0.661903
346 0.464633
347 0.800055
348 0.749686
349 0.582528
350 0.804241
351 0.53892
352 0.547674
353 0.629372
354 0.808211
355 0.606785
356 0.584446
357 0.550224
358 0.487088
359 0.46005
360 0.497914
361 0.58392
362 0.547618
363 0.549668
364 0.509628
365 0.494787
366 0.515253
367 0.618117
368 0.60872
369 0.52739
370 0.523965
371 0.471087
372 0.615266
373 0.611922
374 0.768629
375 0.583452
376 0.561419
377 0.40339
378 0.471301
379 0.586902
380 0.533751
381 0.537297
382 0.622009
383 0.49074
384 0.452601
385 0.508836
386 0.452252
387 0.456473
388 0.46291
389 0.617999
390 0.480783
391 0.505734
392 0.566446
393 0.53705
394 0.554117
395 0.411748
396 0.512114
397 0.575822
398 0.521941
399 0.549759
400 0.593472
401 0.550425
402 0.514174
403 0.54005
404 0.543325
405 0.486913
406 0.558854
407 0.430455
408 0.49844
409 0.488834
410 0.474212
411 0.655027
412 0.468037
413 0.435125
414 0.511411
415 0.381157
416 0.414436
417 0.429677
418 0.411978
419 0.43785
420 0.448223
421 0.433753
422 0.406772
423 0.435442
424 0.716127
425 0.558737
426 0.421961
427 0.851312
428 0.411519
429 0.628124
430 0.524922
431 0.567037
432 0.507831
433 0.558413
434 0.585273
435 0.593436
436 0.426086
437 0.478753
438 0.513689
439 0.448147
440 0.54307
441 0.535506
442 0.450635
443 0.589604
444 0.592837
445 0.489305
446 0.637787
447 0.481517
448 0.528803
449 0.520331
450 0.579258
451 0.534424
452 0.477765
453 0.604121
454 0.579294
455 0.635663
456 0.517895
457 0.82339
458 0.709426
459 0.670823
460 0.510385
461 0.478668
462 0.471402
463 0.545456
464 0.560507
465 0.419449
466 0.480886
467 0.443367
468 0.563324
469 0.878803
470 0.737134
471 0.698268
472 0.546328
473 0.591645
474 0.481149
475 0.560122
476 0.42997
477 0.506437
478 0.506813
479 0.528135
480 0.586397
481 0.577907
482 0.554679
483 0.551107
484 0.458137
485 0.527109
486 0.512525
487 0.579512
488 0.688443
489 0.573112
490 0.591319
491 0.61237
492 0.503426
493 0.46317
494 0.49381
495 0.420893
496 0.534184
497 0.577524
498 0.567485
499 0.553163
500 0.508657
501 0.638277
502 0.436862
503 0.534392
504 0.6958
505 0.677611
506 0.499713
507 0.455028
508 0.545493
509 0.541434
510 0.563719
511 0.434086
512 0.512105
513 0.55771
514 0.579549
515 0.460134
516 0.51079
517 0.46746
518 0.498796
519 0.487005
520 0.613955
521 0.517235
522 0.541989
523 0.577518
524 0.441811
525 0.48375
526 0.544708
527 0.537682
528 0.596876
529 0.473042
530 0.422987
531 0.46651
532 0.451426
533 0.465483
534 0.490891
535 0.520751
536 0.44311
537 0.377292
538 0.570766
539 0.532716
540 0.563626
541 0.519196
542 0.474121
543 0.391391
544 0.55196
545 0.447034
546 0.47924
547 0.654916
548 0.41932
549 0.43443
550 0.478103
551 0.592829
552 0.517879
553 0.585234
554 0.473378
555 0.431984
556 0.466741
557 0.479709
558 0.500609
559 0.413678
560 0.484711
561 0.503006
562 0.542055
563 0.563967
564 0.418878
565 0.693197
566 0.519703
567 0.542685
568 0.496455
569 0.451105
570 0.509614
571 0.38306
572 0.516738
573 0.452734
574 0.482193
575 0.498451
576 0.526857
577 0.443901
578 0.442892
579 0.491663
580 0.434162
581 0.534782
582 0.517279
583 0.505703
584 0.434374
585 0.403635
586 0.484131
587 0.411299
588 0.401881
589 0.451303
590 0.501098
591 0.581282
592 0.455959
593 0.470256
594 0.426089
595 0.575183
596 0.516916
597 0.589961
598 0.501591
599 0.472484
600 0.41222
601 0.524326
602 0.452209
603 0.438021
604 0.52452
605 0.439378
606 0.495776
607 0.423608
608 0.388413
609 0.447643
610 0.401262
611 0.628793
612 0.605307
613 0.579729
614 0.474144
615 0.388481
616 0.532652
617 0.534607
618 0.444436
619 0.417017
620 0.404339
621 0.47019
622 0.446029
623 0.443392
624 0.547417
625 0.477125
626 0.457743
627 0.470209
628 0.469824
629 0.500493
630 0.462811
631 0.506298
632 0.440926
633 0.51516
634 0.521181
635 0.385404
636 0.464964
637 0.555365
638 0.477749
639 0.568049
640 0.473869
641 0.486087
642 0.624284
643 0.463502
644 0.42921
645 0.455948
646 0.515942
647 0.440127
648 0.438228
649 0.468785
650 0.46619
651 0.482506
652 0.470285
653 0.48463
654 0.358073
655 0.45804
656 0.372046
657 0.356877
658 0.556391
659 0.481144
660 0.50711
661 0.641386
662 0.522367
663 0.394814
664 0.505665
665 0.40098
666 0.525062
667 0.44408
668 0.432444
669 0.484627
670 0.509807
671 0.500806
672 0.465346
673 0.3786
674 0.502739
675 0.39136
676 0.443569
677 0.471141
678 0.471711
679 0.566373
680 0.430473
681 0.61687
682 0.710132
683 0.56037
684 0.441708
685 0.531161
686 0.484616
687 0.376503
688 0.433651
689 0.479276
690 0.526406
691 0.551335
692 0.414078
693 0.429332
694 0.432756
695 0.456168
696 0.504116
697 0.655764
698 0.496153
699 0.474621
700 0.45079
701 0.563028
702 0.43728
703 0.387501
704 0.436837
705 0.512697
706 0.51136
707 0.485077
708 0.483547
709 0.507743
710 0.482403
711 0.430354
712 0.638301
713 0.533583
714 0.432579
715 0.433723
716 0.423653
717 0.51287
718 0.439364
719 0.400558
720 0.537547
721 0.652473
722 0.464748
723 0.486204
724 0.475635
725 0.585209
726 0.406654
727 0.430198
728 0.368531
729 0.501341
730 0.457044
731 0.40244
732 0.411057
733 0.380089
734 0.426488
735 0.466877
736 0.526723
737 0.390806
738 0.354617
739 0.409436
740 0.511974
741 0.41203
742 0.508528
743 0.37941
744 0.422489
745 0.600921
746 0.429073
747 0.549235
748 0.466799
749 0.522616
750 0.513849
751 0.616238
752 0.431068
753 0.358417
754 0.462612
755 0.447763
756 0.419181
757 0.404984
758 0.519432
759 0.506865
760 0.427981
761 0.497598
762 0.530764
763 0.412284
764 0.455194
765 0.439832
766 0.397673
767 0.421161
768 0.512612
769 0.500761
770 0.379849
771 0.510615
772 0.637458
773 0.520087
774 0.417769
775 0.345493
776 0.745678
777 0.695581
778 0.438538
779 0.653549
780 0.544667
781 0.442523
782 0.552828
783 0.637483
784 0.708096
785 0.44747
786 0.381301
787 0.386043
788 0.361063
789 0.404771
790 0.535456
791 0.469702
792 0.417861
793 0.40483
794 0.403142
795 0.461829
796 0.46429
797 0.497741
798 0.471075
799 0.414613
800 0.358236
801 0.450774
802 0.512754
803 0.622328
804 0.464439
805 0.399339
806 0.368171
807 0.446551
808 0.498418
809 0.452811
810 0.433539
811 0.437294
812 0.396197
813 0.430961
814 0.418323
815 0.418239
816 0.384424
817 0.388321
818 0.51159
819 0.41954
820 0.441901
821 0.472469
822 0.37006
823 0.48702
824 0.365801
825 0.412611
826 0.457476
827 0.414756
828 0.468905
829 0.357447
830 0.460929
831 0.359877
832 0.449983
833 0.387122
834 0.351104
835 0.385119
836 0.358976
837 0.398903
838 0.450354
839 0.357916
840 0.45108
841 0.346314
842 0.370868
843 0.418213
844 0.343374
845 0.340546
846 0.348014
847 0.350961
848 0.346057
849 0.443638
850 0.311038
851 0.306309
852 0.432433
853 0.480563
854 0.366699
855 0.387312
856 0.672203
857 0.522431
858 0.47361
859 0.451337
860 0.388439
861 0.3712
862 0.456313
863 0.529144
864 0.512474
865 0.388103
866 0.365274
867 0.358978
868 0.408277
869 0.383313
870 0.410688
871 0.430637
872 0.499844
873 0.455687
874 0.408845
875 0.482814
876 0.352976
877 0.497699
878 0.38427
879 0.469793
880 0.386494
881 0.41925
882 0.533812
883 0.392246
884 0.467108
885 0.345403
886 0.637266
887 0.618998
888 0.373258
889 0.40504
890 0.455772
891 0.410164
892 0.39354
893 0.370383
894 0.385649
895 0.358473
896 0.421635
897 0.391729
898 0.627487
899 0.479636
900 0.355141
901 0.382252
902 0.415483
903 0.432316
904 0.460032
905 0.434852
906 0.382729
907 0.381251
908 0.481575
909 0.459111
910 0.418882
911 0.405706
912 0.35375
913 0.382917
914 0.429288
915 0.38841
916 0.436345
917 0.468702
918 0.441404
919 0.476345
920 0.534459
921 0.397073
922 0.364084
923 0.453252
924 0.353921
925 0.459811
926 0.354713
927 0.413561
928 0.425301
929 0.41774
930 0.425683
931 0.357273
932 0.415092
933 0.524486
934 0.619918
935 0.347161
936 0.46477
937 0.412981
938 0.404527
939 0.334316
940 0.370336
941 0.395476
942 0.445478
943 0.407913
944 0.424707
945 0.365913
946 0.382619
947 0.390033
948 0.43383
949 0.428593
950 0.464759
951 0.406824
952 0.464196
953 0.321975
954 0.416573
955 0.476155
956 0.441136
957 0.37118
958 0.434177
959 0.357829
960 0.361649
961 0.394496
962 0.441245
963 0.376739
964 0.350433
965 0.330054
966 0.344791
967 0.460244
968 0.406723
969 0.405942
970 0.406914
971 0.368708
972 0.363036
973 0.390029
974 0.455289
975 0.446303
976 0.404885
977 0.381684
978 0.316645
979 0.47512
980 0.541246
981 0.40613
982 0.447568
983 0.414491
984 0.323351
985 0.389896
986 0.366763
987 0.455474
988 0.342174
989 0.405874
990 0.38987
991 0.597173
992 0.448976
993 0.354914
994 0.556435
995 0.403026
996 0.412126
997 0.378084
998 0.491139
999 0.399948
1000 0.374409
1001 0.427201
1002 0.371223
1003 0.429939
1004 0.386422
1005 0.444363
1006 0.343176
1007 0.434897
1008 0.335068
1009 0.409527
1010 0.461585
1011 0.352864
1012 0.430821
1013 0.356406
1014 0.3898
1015 0.383646
1016 0.334071
1017 0.363634
1018 0.494505
1019 0.452797
1020 0.371552
1021 0.403385
1022 0.383688
1023 0.355246
1024 0.505205
1025 0.482899
1026 0.460671
1027 0.485018
1028 0.488082
1029 0.32253
1030 0.469798
1031 0.414199
1032 0.361105
1033 0.432156
1034 0.407508
1035 0.418476
1036 0.330132
1037 0.400908
1038 0.339843
1039 0.399862
1040 0.397334
1041 0.381488
1042 0.49909
1043 0.365996
1044 0.411567
1045 0.393655
1046 0.407169
1047 0.369538
1048 0.363097
1049 0.353064
1050 0.385457
1051 0.377201
1052 0.385254
1053 0.444435
1054 0.345629
1055 0.326763
1056 0.384804
1057 0.367227
1058 0.340967
1059 0.3532
1060 0.407354
1061 0.419349
1062 0.434316
1063 0.39097
1064 0.343388
1065 0.423226
1066 0.473705
1067 0.419261
1068 0.477475
1069 0.446772
1070 0.417502
1071 0.481324
1072 0.414289
1073 0.377445
1074 0.371933
1075 0.378718
1076 0.366583
1077 0.33252
1078 0.372342
1079 0.395662
1080 0.373865
1081 0.352663
1082 0.40355
1083 0.308977
1084 0.400653
1085 0.326305
1086 0.288202
1087 0.45097
1088 0.358618
1089 0.448297
1090 0.425885
1091 0.322538
1092 0.355746
1093 0.410559
1094 0.318421
1095 0.411427
1096 0.459456
1097 0.371064
1098 0.357724
1099 0.395876
1100 0.526113
1101 0.344611
1102 0.36456
1103 0.303633
1104 0.322197
1105 0.366188
1106 0.356532
1107 0.411574
1108 0.420234
1109 0.345983
1110 0.449626
1111 0.447392
1112 0.40657
1113 0.440398
1114 0.344745
1115 0.364881
1116 0.329086
1117 0.33494
1118 0.383267
1119 0.399827
1120 0.342134
1121 0.333346
1122 0.354514
1123 0.330411
1124 0.354032
1125 0.601639
1126 0.528085
1127 0.413701
1128 0.387434
1129 0.396918
1130 0.352631
1131 0.360413
1132 0.331421
1133 0.437184
1134 0.358983
1135 0.436205
1136 0.373494
1137 0.357815
1138 0.427467
1139 0.33961
1140 0.504
1141 0.485027
1142 0.439735
1143 0.393669
1144 0.391574
1145 0.392277
1146 0.386963
1147 0.367991
1148 0.350183
1149 0.46743
1150 0.536063
1151 0.374048
1152 0.40555
1153 0.411046
1154 0.372114
1155 0.335258
1156 0.316402
1157 0.368836
1158 0.385863
1159 0.433148
1160 0.300885
1161 0.474217
1162 0.384895
1163 0.321976
1164 0.445947
1165 0.430375
1166 0.334901
1167 0.330779
1168 0.392398
1169 0.382524
1170 0.48189
1171 0.37099
1172 0.30082
1173 0.380814
1174 0.456988
1175 0.41256
1176 0.41081
1177 0.380678
1178 0.433458
1179 0.483684
1180 0.476867
1181 0.352511
1182 0.297039
1183 0.434051
1184 0.36943
1185 0.427721
1186 0.34476
1187 0.555352
1188 0.381873
1189 0.363447
1190 0.495434
1191 0.368143
1192 0.389414
1193 0.336134
1194 0.369211
1195 0.319198
1196 0.376061
1197 0.414881
1198 0.385324
1199 0.317942
1200 0.482764
1201 0.527534
1202 0.392766
1203 0.302365
1204 0.342069
1205 0.444539
1206 0.473373
1207 0.306672
1208 0.506717
1209 0.356001
1210 0.413725
1211 0.386055
1212 0.406368
1213 0.370958
1214 0.330191
1215 0.338686
1216 0.31158
1217 0.337263
1218 0.404374
1219 0.367834
1220 0.398885
1221 0.348233
1222 0.341635
1223 0.300017
1224 0.395668
1225 0.413023
1226 0.307366
1227 0.34187
1228 0.297836
1229 0.314423
1230 0.362191
1231 0.41274
1232 0.468239
1233 0.402579
1234 0.3611
1235 0.296654
1236 0.418546
1237 0.393687
1238 0.319657
1239 0.383562
1240 0.390604
1241 0.326697
1242 0.338924
1243 0.297593
1244 0.37342
1245 0.334651
1246 0.348459
1247 0.417248
1248 0.332363
1249 0.376915
1250 0.380722
1251 0.356269
1252 0.327951
1253 0.337714
1254 0.329308
1255 0.393696
1256 0.329143
1257 0.374503
1258 0.359601
1259 0.336466
1260 0.320554
1261 0.348756
1262 0.346
1263 0.311737
1264 0.327171
1265 0.331511
1266 0.337667
1267 0.326192
1268 0.39977
1269 0.373716
1270 0.316515
1271 0.329508
1272 0.303003
1273 0.283117
1274 0.315448
1275 0.292055
1276 0.293674
1277 0.315644
1278 0.335061
1279 0.286553
1280 0.267935
1281 0.368953
1282 0.287271
1283 0.279945
1284 0.61136
1285 0.291602
1286 0.404212
1287 0.375945
1288 0.357614
1289 0.363267
1290 0.322247
1291 0.377436
1292 0.370694
1293 0.349429
1294 0.328817
1295 0.351142
1296 0.293899
1297 0.353881
1298 0.291732
1299 0.302647
1300 0.493937
1301 0.44067
1302 0.326036
1303 0.40781
1304 0.366144
1305 0.304062
1306 0.421293
1307 0.329325
1308 0.400605
1309 0.346495
1310 0.327413
1311 0.481523
1312 0.309075
1313 0.415697
1314 0.361691
1315 0.475094
1316 0.48642
1317 0.348846
1318 0.35009
1319 0.384521
1320 0.436475
1321 0.323794
1322 0.295636
1323 0.334367
1324 0.291627
1325 0.382568
1326 0.37549
1327 0.388866
1328 0.3153
1329 0.269671
1330 0.349431
1331 0.37683
1332 0.406496
1333 0.3049
1334 0.319654
1335 0.322316
1336 0.315943
1337 0.463284
1338 0.473663
1339 0.342826
1340 0.37395
1341 0.328077
1342 0.318306
1343 0.329495
1344 0.289863
1345 0.393436
1346 0.365529
1347 0.373663
1348 0.36661
1349 0.387214
1350 0.348011
1351 0.299104
1352 0.316939
1353 0.327302
1354 0.331224
1355 0.30678
1356 0.369622
1357 0.302249
1358 0.406759
1359 0.333648
1360 0.339356
1361 0.375553
1362 0.455929
1363 0.330639
1364 0.317016
1365 0.332198
1366 0.397954
1367 0.413898
1368 0.281623
1369 0.346548
1370 0.394089
1371 0.355856
1372 0.336673
1373 0.310169
1374 0.317249
1375 0.329824
1376 0.335997
1377 0.373918
1378 0.390247
1379 0.32941
1380 0.344497
1381 0.356719
1382 0.350056
1383 0.308031
1384 0.389179
1385 0.472262
1386 0.303336
1387 0.339347
1388 0.359832
1389 0.293083
1390 0.397812
1391 0.32323
1392 0.336869
1393 0.33398
1394 0.320014
1395 0.307337
1396 0.391612
1397 0.321744
1398 0.386539
1399 0.311613
1400 0.342198
1401 0.344756
1402 0.375073
1403 0.342973
1404 0.430847
1405 0.367807
1406 0.347068
1407 0.288678
1408 0.415733
1409 0.354005
1410 0.38404
1411 0.321342
1412 0.344026
1413 0.311969
1414 0.312226
1415 0.326089
1416 0.303417
1417 0.269816
1418 0.356083
1419 0.348971
1420 0.41941
1421 0.332854
1422 0.351647
1423 0.476051
1424 0.379902
1425 0.364624
1426 0.26906
1427 0.285331
1428 0.285418
1429 0.335088
1430 0.272523
1431 0.321045
1432 0.371511
1433 0.384458
1434 0.443568
1435 0.307449
1436 0.383129
1437 0.299431
1438 0.323183
1439 0.335618
1440 0.381264
1441 0.373053
1442 0.30616
1443 0.348958
1444 0.31222
1445 0.271528
1446 0.38636
1447 0.335271
1448 0.451302
1449 0.297022
1450 0.317942
1451 0.335271
1452 0.331774
1453 0.432463
1454 0.464985
1455 0.444624
1456 0.41329
1457 0.341004
1458 0.354853
1459 0.425566
1460 0.351402
1461 0.437896
1462 0.379198
1463 0.285134
1464 0.419711
1465 0.342571
1466 0.302024
1467 0.311538
1468 0.350736
1469 0.30434
1470 0.380187
1471 0.358543
1472 0.312346
1473 0.321451
1474 0.349731
1475 0.352648
1476 0.340395
1477 0.288935
1478 0.36519
1479 0.358098
1480 0.348846
1481 0.303068
1482 0.366903
1483 0.344701
1484 0.298645
1485 0.337398
1486 0.317576
1487 0.2844
1488 0.343964
1489 0.291914
1490 0.381576
1491 0.33719
1492 0.330128
1493 0.360831
1494 0.38927
1495 0.316937
1496 0.340965
1497 0.36409
1498 0.330566
1499 0.315876
1500 0.401864
1501 0.304726
1502 0.317194
1503 0.391372
1504 0.281124
1505 0.323673
1506 0.280852
1507 0.315254
1508 0.325965
1509 0.287658
1510 0.416327
1511 0.259949
1512 0.276801
1513 0.350222
1514 0.269743
1515 0.368562
1516 0.340681
1517 0.350075
1518 0.4092
1519 0.377665
1520 0.280785
1521 0.317198
1522 0.354971
1523 0.303081
1524 0.392569
1525 0.335693
1526 0.314788
1527 0.297835
1528 0.39076
1529 0.34561
1530 0.315889
1531 0.344843
1532 0.328159
1533 0.319913
1534 0.347797
1535 0.351762
1536 0.396358
1537 0.316166
1538 0.391764
1539 0.359043
1540 0.391896
1541 0.382871
1542 0.381832
1543 0.299153
1544 0.281069
1545 0.320495
1546 0.342046
1547 0.346041
1548 0.376504
1549 0.351219
1550 0.277129
1551 0.312143
1552 0.262682
1553 0.348189
1554 0.479982
1555 0.34736
1556 0.367701
1557 0.364062
1558 0.288444
1559 0.312962
1560 0.290522
1561 0.32656
1562 0.374382
1563 0.287304
1564 0.30871
1565 0.321808
1566 0.297823
1567 0.372982
1568 0.322708
1569 0.401894
1570 0.369966
1571 0.341288
1572 0.342706
1573 0.329179
1574 0.312598
1575 0.32371
1576 0.2794
1577 0.350715
1578 0.411133
1579 0.385529
1580 0.352022
1581 0.354072
1582 0.408617
1583 0.315347
1584 0.347453
1585 0.280808
1586 0.343088
1587 0.34298
1588 0.370351
1589 0.302945
1590 0.330794
1591 0.293738
1592 0.285365
1593 0.325294
1594 0.383867
1595 0.244934
1596 0.285051
1597 0.324496
1598 0.297679
1599 0.348072
1600 0.31121
1601 0.345265
1602 0.372015
1603 0.359896
1604 0.373517
1605 0.310422
1606 0.346533
1607 0.328182
1608 0.434498
1609 0.349953
1610 0.27838
1611 0.277868
1612 0.379272
1613 0.297594
1614 0.365008
1615 0.2696
1616 0.401839
1617 0.384683
1618 0.3795
1619 0.325834
1620 0.34657
1621 0.320223
1622 0.359945
1623 0.300143
1624 0.282874
1625 0.274769
1626 0.311098
1627 0.300413
1628 0.292315
1629 0.497849
1630 0.365252
1631 0.349095
1632 0.267522
1633 0.345088
1634 0.373191
1635 0.31555
1636 0.479695
1637 0.298374
1638 0.310568
1639 0.351071
1640 0.436167
1641 0.374496
1642 0.29456
1643 0.32463
1644 0.314934
1645 0.266057
1646 0.289179
1647 0.364765
1648 0.313983
1649 0.349372
1650 0.306861
1651 0.301581
1652 0.300407
1653 0.328885
1654 0.342933
1655 0.302787
1656 0.288831
1657 0.256157
1658 0.322598
1659 0.355404
1660 0.47372
1661 0.288117
1662 0.40023
1663 0.267884
1664 0.302147
1665 0.316809
1666 0.350227
1667 0.290277
1668 0.329115
1669 0.318707
1670 0.317606
1671 0.297396
1672 0.298582
1673 0.304442
1674 0.266024
1675 0.322819
1676 0.299359
1677 0.27127
1678 0.349273
1679 0.335224
1680 0.301542
1681 0.265578
1682 0.306972
1683 0.336393
1684 0.306515
1685 0.285218
1686 0.315704
1687 0.292039
1688 0.293203
1689 0.292606
1690 0.332485
1691 0.287859
1692 0.303098
1693 0.259232
1694 0.328188
1695 0.314623
1696 0.340888
1697 0.327565
1698 0.281365
1699 0.250864
1700 0.303773
1701 0.240258
1702 0.262869
1703 0.28425
1704 0.285317
1705 0.295077
1706 0.324018
1707 0.268049
1708 0.242538
1709 0.269625
1710 0.302942
1711 0.243395
1712 0.246782
1713 0.501345
1714 0.239828
1715 0.368191
1716 0.297431
1717 0.339221
1718 0.286868
1719 0.302235
1720 0.35265
1721 0.330066
1722 0.245137
1723 0.336062
1724 0.284788
1725 0.296281
1726 0.300897
1727 0.265209
1728 0.297686
1729 0.442545
1730 0.371878
1731 0.273766
1732 0.337019
1733 0.294109
1734 0.311345
1735 0.314773
1736 0.293311
1737 0.326058
1738 0.316911
1739 0.394934
1740 0.305712
1741 0.30944
1742 0.277223
1743 0.412033
1744 0.338276
1745 0.320177
1746 0.295047
1747 0.310322
1748 0.298138
1749 0.34856
1750 0.273993
1751 0.268898
1752 0.300629
1753 0.258239
1754 0.317664
1755 0.564374
1756 0.46829
1757 0.317933
1758 0.242578
1759 0.313397
1760 0.259417
1761 0.403713
1762 0.316605
1763 0.259738
1764 0.27459
1765 0.303951
1766 0.404484
1767 0.310789
1768 0.32398
1769 0.289974
1770 0.24006
1771 0.325807
1772 0.284244
1773 0.303954
1774 0.346517
1775 0.293295
1776 0.305331
1777 0.373618
1778 0.314474
1779 0.351032
1780 0.277908
1781 0.261751
1782 0.344611
1783 0.337211
1784 0.325272
1785 0.295304
1786 0.3106
1787 0.342027
1788 0.270174
1789 0.285878
1790 0.321098
1791 0.377405
1792 0.289987
1793 0.283613
1794 0.286864
1795 0.338153
1796 0.290716
1797 0.283364
1798 0.32391
1799 0.295312
1800 0.340465
1801 0.30294
1802 0.261722
1803 0.255267
1804 0.294354
1805 0.296581
1806 0.300346
1807 0.348389
1808 0.354032
1809 0.308868
1810 0.28891
1811 0.280588
1812 0.312117
1813 0.356133
1814 0.401082
1815 0.33316
1816 0.294876
1817 0.277401
1818 0.290634
1819 0.263209
1820 0.275548
1821 0.245597
1822 0.283809
1823 0.255167
1824 0.279285
1825 0.291551
1826 0.330098
1827 0.261149
1828 0.277254
1829 0.250067
1830 0.303077
1831 0.332626
1832 0.330226
1833 0.38918
1834 0.287434
1835 0.250439
1836 0.290864
1837 0.354096
1838 0.323224
1839 0.329231
1840 0.32083
1841 0.257933
1842 0.281399
1843 0.266919
1844 0.299321
1845 0.251781
1846 0.250914
1847 0.341845
1848 0.317052
1849 0.355167
1850 0.243551
1851 0.300015
1852 0.303618
1853 0.253048
1854 0.294435
1855 0.264036
1856 0.29116
1857 0.24295
1858 0.285772
1859 0.273003
1860 0.276094
1861 0.315392
1862 0.335251
1863 0.276553
1864 0.303171
1865 0.276262
1866 0.277307
1867 0.301676
1868 0.301868
1869 0.306433
1870 0.259365
1871 0.262307
1872 0.256794
1873 0.322945
1874 0.287535
1875 0.381557
1876 0.331102
1877 0.315133
1878 0.26983
1879 0.239343
1880 0.248484
1881 0.315178
1882 0.328169
1883 0.424594
1884 0.30367
1885 0.348445
1886 0.285015
1887 0.33988
1888 0.288203
1889 0.25809
1890 0.316937
1891 0.256245
1892 0.295315
1893 0.34136
1894 0.255177
1895 0.256473
1896 0.253559
1897 0.273174
1898 0.288698
1899 0.334642
1900 0.263954
1901 0.272082
1902 0.288934
1903 0.302323
1904 0.2589
1905 0.279351
1906 0.246348
1907 0.286547
1908 0.29982
1909 0.264687
1910 0.266166
1911 0.356283
1912 0.25561
1913 0.273135
1914 0.288373
1915 0.292777
1916 0.280615
1917 0.326179
1918 0.299266
1919 0.348748
1920 0.351724
1921 0.234409
1922 0.336157
1923 0.341781
1924 0.322449
1925 0.310398
1926 0.268349
1927 0.288235
1928 0.288703
1929 0.317703
1930 0.307614
1931 0.276273
1932 0.330455
1933 0.274471
1934 0.235894
1935 0.251708
1936 0.318798
1937 0.243279
1938 0.308572
1939 0.319811
1940 0.268151
1941 0.26767
1942 0.27585
1943 0.243888
1944 0.345901
1945 0.308528
1946 0.373393
1947 0.341549
1948 0.307856
1949 0.291167
1950 0.330478
1951 0.254286
1952 0.375748
1953 0.323891
1954 0.268921
1955 0.292345
1956 0.2728
1957 0.308593
1958 0.274508
1959 0.250654
1960 0.336579
1961 0.24264
1962 0.276812
1963 0.261791
1964 0.257025
1965 0.339052
1966 0.251838
1967 0.380812
1968 0.289618
1969 0.287112
1970 0.296535
1971 0.334519
1972 0.279701
1973 0.246226
1974 0.251287
1975 0.282645
1976 0.290832
1977 0.330178
1978 0.29502
1979 0.274876
1980 0.236668
1981 0.274065
1982 0.309104
1983 0.398481
1984 0.253375
1985 0.356505
1986 0.35669
1987 0.302011
1988 0.400894
1989 0.341951
1990 0.284422
1991 0.330185
1992 0.245286
1993 0.308273
1994 0.297096
1995 0.261639
1996 0.256723
1997 0.244597
1998 0.369152
1999 0.323841
2000 0.297981
2001 0.360286
2002 0.253473
2003 0.34333
2004 0.29642
2005 0.264562
2006 0.334572
2007 0.420077
2008 0.297933
2009 0.304052
2010 0.305379
2011 0.360479
2012 0.249273
2013 0.271053
2014 0.234608
2015 0.300537
2016 0.33738
2017 0.249942
2018 0.307542
2019 0.32073
2020 0.322633
2021 0.254777
2022 0.292624
2023 0.33032
2024 0.238682
2025 0.250283
2026 0.329269
2027 0.269039
2028 0.334957
2029 0.258323
2030 0.311055
2031 0.313911
2032 0.285406
2033 0.266701
2034 0.275152
2035 0.287347
2036 0.300397
2037 0.332914
2038 0.276528
2039 0.23483
2040 0.281531
2041 0.310916
2042 0.331891
2043 0.265002
2044 0.364548
2045 0.319674
2046 0.280345
2047 0.369248
2048 0.370497
2049 0.257075
2050 0.327359
2051 0.302635
2052 0.27863
2053 0.286828
2054 0.267784
2055 0.234622
2056 0.267
2057 0.311493
2058 0.395186
2059 0.31281
2060 0.291704
2061 0.236156
2062 0.349277
2063 0.325195
2064 0.251934
2065 0.375853
2066 0.247963
2067 0.313138
2068 0.355748
2069 0.321462
2070 0.289805
2071 0.292899
2072 0.280364
2073 0.27052
2074 0.261249
2075 0.244701
2076 0.37613
2077 0.277614
2078 0.235349
2079 0.236639
2080 0.255886
2081 0.294244
2082 0.262391
2083 0.385059
2084 0.248309
2085 0.267458
2086 0.230619
2087 0.288905
2088 0.315697
2089 0.355297
2090 0.274194
2091 0.31643
2092 0.233809
2093 0.257182
2094 0.36784
2095 0.317406
2096 0.311298
2097 0.287373
2098 0.239695
2099 0.327851
2100 0.22242
2101 0.252334
2102 0.248879
2103 0.258648
2104 0.280802
2105 0.23487
2106 0.300123
2107 0.243111
2108 0.294175
2109 0.25884
2110 0.21983
2111 0.263159
2112 0.307684
2113 0.263369
2114 0.25573
2115 0.2773
2116 0.262229
2117 0.26347
2118 0.262708
2119 0.268409
2120 0.243975
2121 0.264946
2122 0.234293
2123 0.320227
2124 0.285513
2125 0.26705
2126 0.266761
2127 0.269575
2128 0.267834
2129 0.274837
2130 0.251689
2131 0.236635
2132 0.233562
2133 0.251527
2134 0.211655
2135 0.2681
2136 0.202578
2137 0.246087
2138 0.216967
2139 0.25909
2140 0.218081
2141 0.231012
2142 0.411789
2143 0.3364
2144 0.360569
2145 0.285796
2146 0.289372
2147 0.289869
2148 0.281598
2149 0.286288
2150 0.274114
2151 0.259843
2152 0.266897
2153 0.277969
2154 0.261751
2155 0.240083
2156 0.252569
2157 0.312668
2158 0.375027
2159 0.301492
2160 0.272401
2161 0.364822
2162 0.248037
2163 0.273073
2164 0.237843
2165 0.342466
2166 0.271695
2167 0.224661
2168 0.431207
2169 0.286115
2170 0.268773
2171 0.223207
2172 0.382219
2173 0.398978
2174 0.251949
2175 0.282245
2176 0.315701
2177 0.265254
2178 0.287915
2179 0.235282
2180 0.241978
2181 0.230126
2182 0.26311
2183 0.287812
2184 0.446183
2185 0.22941
2186 0.205214
2187 0.212444
2188 0.283157
2189 0.2515
2190 0.323254
2191 0.268491
2192 0.211102
2193 0.243945
2194 0.282968
2195 0.331689
2196 0.29999
2197 0.251165
2198 0.243012
2199 0.229774
2200 0.28151
2201 0.236016
2202 0.277248
2203 0.307606
2204 0.267113
2205 0.311465
2206 0.329777
2207 0.267361
2208 0.248624
2209 0.283046
2210 0.230341
2211 0.300797
2212 0.225427
2213 0.317861
2214 0.317169
2215 0.30316
2216 0.280402
2217 0.257759
2218 0.231098
2219 0.337869
2220 0.270425
2221 0.255645
2222 0.246812
2223 0.285636
2224 0.291825
2225 0.243278
2226 0.229942
2227 0.324729
2228 0.317494
2229 0.260722
2230 0.245544
2231 0.229373
2232 0.23978
2233 0.276652
2234 0.283505
2235 0.263855
2236 0.257768
2237 0.277764
2238 0.329902
2239 0.243109
2240 0.239094
2241 0.328507
2242 0.292574
2243 0.293651
2244 0.275326
2245 0.238034
2246 0.228969
2247 0.269258
2248 0.378257
2249 0.238965
2250 0.235673
2251 0.212649
2252 0.220015
2253 0.296532
2254 0.29654
2255 0.263177
2256 0.302852
2257 0.273121
2258 0.225097
2259 0.267558
2260 0.281968
2261 0.296074
2262 0.297115
2263 0.311955
2264 0.228705
2265 0.334476
2266 0.287234
2267 0.27489
2268 0.260319
2269 0.272226
2270 0.261799
2271 0.292195
2272 0.282326
2273 0.308568
2274 0.226784
2275 0.236113
2276 0.255409
2277 0.361386
2278 0.26329
2279 0.249343
2280 0.389744
2281 0.272733
2282 0.263311
2283 0.230542
2284 0.283713
2285 0.275952
2286 0.276742
2287 0.236232
2288 0.261484
2289 0.301101
2290 0.241724
2291 0.35492
2292 0.210505
2293 0.274419
2294 0.2268
2295 0.279816
2296 0.237252
2297 0.270962
2298 0.277034
2299 0.246335
2300 0.279049
2301 0.224938
2302 0.233808
2303 0.301115
2304 0.327014
2305 0.346256
2306 0.253323
2307 0.249407
2308 0.228029
2309 0.222011
2310 0.375424
2311 0.350197
2312 0.288339
2313 0.257327
2314 0.315074
2315 0.222787
2316 0.259406
2317 0.227112
2318 0.247492
2319 0.268696
2320 0.271299
2321 0.30564
2322 0.220294
2323 0.224779
2324 0.230125
2325 0.238848
2326 0.243918
2327 0.227347
2328 0.340596
2329 0.241272
2330 0.288581
2331 0.227127
2332 0.260128
2333 0.277352
2334 0.30676
2335 0.268116
2336 0.257547
2337 0.238466
2338 0.270917
2339 0.30365
2340 0.239257
2341 0.212482
2342 0.264498
2343 0.288779
2344 0.233807
2345 0.221244
2346 0.253388
2347 0.279069
2348 0.321595
2349 0.210837
2350 0.251922
2351 0.293846
2352 0.340415
2353 0.262882
2354 0.274494
2355 0.294181
2356 0.240251
2357 0.301504
2358 0.282691
2359 0.273246
2360 0.274121
2361 0.248305
2362 0.239901
2363 0.235884
2364 0.252834
2365 0.229488
2366 0.222071
2367 0.281373
2368 0.266895
2369 0.204155
2370 0.237932
2371 0.222261
2372 0.211019
2373 0.297329
2374 0.213627
2375 0.281264
2376 0.283109
2377 0.262163
2378 0.258699
2379 0.242151
2380 0.255874
2381 0.31293
2382 0.292117
2383 0.252092
2384 0.255886
2385 0.241864
2386 0.330587
2387 0.252233
2388 0.259474
2389 0.245452
2390 0.285039
2391 0.244929
2392 0.265206
2393 0.263201
2394 0.315741
2395 0.25215
2396 0.30531
2397 0.24826
2398 0.261424
2399 0.326759
2400 0.228093
2401 0.218183
2402 0.21003
2403 0.221137
2404 0.26394
2405 0.303918
2406 0.304071
2407 0.241975
2408 0.243685
2409 0.204097
2410 0.225538
2411 0.321204
2412 0.366183
2413 0.263703
2414 0.298922
2415 0.296309
2416 0.22
2417 0.223479
2418 0.266257
2419 0.328626
2420 0.213056
2421 0.258481
2422 0.289778
2423 0.221492
2424 0.244748
2425 0.222793
2426 0.334329
2427 0.307751
2428 0.329882
2429 0.256298
2430 0.267963
2431 0.287137
2432 0.255289
2433 0.246071
2434 0.215284
2435 0.380939
2436 0.461167
2437 0.293696
2438 0.222368
2439 0.269718
2440 0.259143
2441 0.275017
2442 0.241829
2443 0.256161
2444 0.290533
2445 0.331652
2446 0.204586
2447 0.263922
2448 0.261695
2449 0.21892
2450 0.272684
2451 0.33827
2452 0.201373
2453 0.220367
2454 0.257985
2455 0.23132
2456 0.233
2457 0.268043
2458 0.229175
2459 0.255384
2460 0.258415
2461 0.277282
2462 0.241156
2463 0.226038
2464 0.296137
2465 0.343497
2466 0.321092
2467 0.220081
2468 0.228958
2469 0.228984
2470 0.242287
2471 0.239236
2472 0.297546
2473 0.314876
2474 0.259687
2475 0.317975
2476 0.367739
2477 0.252962
2478 0.277364
2479 0.255459
2480 0.236228
2481 0.2315
2482 0.226637
2483 0.273141
2484 0.236037
2485 0.19808
2486 0.309136
2487 0.304102
2488 0.301589
2489 0.223755
2490 0.228587
2491 0.328564
2492 0.258028
2493 0.240705
2494 0.309701
2495 0.289391
2496 0.32298
2497 0.275958
2498 0.249364
2499 0.224951
2500 0.255244
2501 0.23705
2502 0.245523
2503 0.214198
2504 0.251928
2505 0.237984
2506 0.276112
2507 0.223774
2508 0.220993
2509 0.229309
2510 0.244546
2511 0.289946
2512 0.226069
2513 0.237923
2514 0.20162
2515 0.213566
2516 0.273187
2517 0.274474
2518 0.32797
2519 0.313872
2520 0.251181
2521 0.206965
2522 0.267659
2523 0.314411
2524 0.204956
2525 0.239534
2526 0.235626
2527 0.226477
2528 0.236607
2529 0.244589
2530 0.238116
2531 0.248052
2532 0.238592
2533 0.24359
2534 0.206694
2535 0.238469
2536 0.28964
2537 0.204521
2538 0.241813
2539 0.26279
2540 0.217346
2541 0.235136
2542 0.193933
2543 0.230666
2544 0.239943
2545 0.263222
2546 0.251859
2547 0.256702
2548 0.220033
2549 0.228782
2550 0.248088
2551 0.210742
2552 0.277208
2553 0.219416
2554 0.242136
2555 0.243121
2556 0.224292
2557 0.24805
2558 0.214274
2559 0.224254
2560 0.199794
2561 0.20946
2562 0.208655
2563 0.204138
2564 0.205365
2565 0.213969
2566 0.192674
2567 0.214428
2568 0.222819
2569 0.199852
2570 0.367101
2571 0.229657
2572 0.313747
2573 0.292014
2574 0.233764
2575 0.207109
2576 0.243417
2577 0.255563
2578 0.286213
2579 0.256704
2580 0.268719
2581 0.23192
2582 0.203571
2583 0.209757
2584 0.213602
2585 0.212426
2586 0.291825
2587 0.250545
2588 0.223648
2589 0.261356
2590 0.246968
2591 0.234049
2592 0.243937
2593 0.269453
2594 0.271277
2595 0.242346
2596 0.234385
2597 0.319662
2598 0.243839
2599 0.235369
2600 0.222451
2601 0.287601
2602 0.351315
2603 0.262686
2604 0.256489
2605 0.260638
2606 0.277975
2607 0.205794
2608 0.22053
2609 0.20148
2610 0.179937
2611 0.234786
2612 0.263836
2613 0.253169
2614 0.201368
2615 0.199014
2616 0.256439
2617 0.283577
2618 0.248563
2619 0.245458
2620 0.225004
2621 0.217939
2622 0.248872
2623 0.243485
2624 0.221733
2625 0.220319
2626 0.233226
2627 0.200332
2628 0.217104
2629 0.241112
2630 0.211949
2631 0.210336
2632 0.216955
2633 0.218724
2634 0.245305
2635 0.252012
2636 0.239667
2637 0.240081
2638 0.223177
2639 0.206516
2640 0.264455
2641 0.23129
2642 0.292461
2643 0.26675
2644 0.271816
2645 0.217997
2646 0.272869
2647 0.2599
2648 0.267922
2649 0.215161
2650 0.189204
2651 0.248471
2652 0.233499
2653 0.235133
2654 0.203227
2655 0.193788
2656 0.267465
2657 0.262268
2658 0.234826
2659 0.240415
2660 0.216395
2661 0.268503
2662 0.22214
2663 0.263475
2664 0.26972
2665 0.234596
2666 0.237369
2667 0.228358
2668 0.233463
2669 0.225922
2670 0.261732
2671 0.32105
2672 0.213377
2673 0.274679
2674 0.216283
2675 0.226193
2676 0.233355
2677 0.234343
2678 0.239943
2679 0.208675
2680 0.190866
2681 0.242863
2682 0.264421
2683 0.233251
2684 0.264522
2685 0.222418
2686 0.222562
2687 0.229508
2688 0.263388
2689 0.23715
2690 0.269658
2691 0.227637
2692 0.257968
2693 0.224238
2694 0.282675
2695 0.2226
2696 0.28921
2697 0.236503
2698 0.301848
2699 0.231242
2700 0.254951
2701 0.230546
2702 0.216819
2703 0.207553
2704 0.213134
2705 0.276898
2706 0.267465
2707 0.265187
2708 0.222203
2709 0.298937
2710 0.242755
2711 0.254461
2712 0.189567
2713 0.230151
2714 0.224326
2715 0.205503
2716 0.235296
2717 0.218916
2718 0.236959
2719 0.233883
2720 0.245156
2721 0.197388
2722 0.264085
2723 0.212339
2724 0.252037
2725 0.264062
2726 0.224856
2727 0.274633
2728 0.19421
2729 0.244929
2730 0.264269
2731 0.214963
2732 0.282133
2733 0.285975
2734 0.270451
2735 0.188905
2736 0.19651
2737 0.193864
2738 0.244907
2739 0.281009
2740 0.312938
2741 0.282014
2742 0.267164
2743 0.239472
2744 0.21766
2745 0.347991
2746 0.27751
2747 0.252749
2748 0.222097
2749 0.219111
2750 0.324454
2751 0.185665
2752 0.224363
2753 0.187896
2754 0.26288
2755 0.202507
2756 0.238119
2757 0.240179
2758 0.228315
2759 0.208373
2760 0.211927
2761 0.206681
2762 0.25418
2763 0.222515
2764 0.198728
2765 0.209351
2766 0.202208
2767 0.225215
2768 0.242484
2769 0.226268
2770 0.211828
2771 0.209347
2772 0.219282
2773 0.190831
2774 0.219984
2775 0.203961
2776 0.320719
2777 0.237838
2778 0.219221
2779 0.251759
2780 0.277861
2781 0.285613
2782 0.226204
2783 0.224274
2784 0.210044
2785 0.258364
2786 0.280277
2787 0.203369
2788 0.269585
2789 0.248658
2790 0.199959
2791 0.19136
2792 0.201592
2793 0.218205
2794 0.224411
2795 0.214021
2796 0.245939
2797 0.208997
2798 0.174369
2799 0.239802
2800 0.195822
2801 0.275579
2802 0.203375
2803 0.266515
2804 0.245142
2805 0.303898
2806 0.217106
2807 0.239838
2808 0.205149
2809 0.202888
2810 0.265589
2811 0.266052
2812 0.198606
2813 0.194261
2814 0.229021
2815 0.268791
2816 0.234718
2817 0.273357
2818 0.220427
2819 0.201107
2820 0.235099
2821 0.203397
2822 0.234344
2823 0.277782
2824 0.226637
2825 0.276593
2826 0.255316
2827 0.199968
2828 0.340802
2829 0.203027
2830 0.231673
2831 0.192476
2832 0.235293
2833 0.214404
2834 0.229845
2835 0.261696
2836 0.231345
2837 0.241693
2838 0.195363
2839 0.206607
2840 0.376614
2841 0.298902
2842 0.228414
2843 0.250516
2844 0.242037
2845 0.252465
2846 0.216163
2847 0.198965
2848 0.262531
2849 0.203553
2850 0.221583
2851 0.282575
2852 0.208355
2853 0.253624
2854 0.224794
2855 0.321377
2856 0.280454
2857 0.251509
2858 0.200497
2859 0.215351
2860 0.220306
2861 0.216506
2862 0.225466
2863 0.199956
2864 0.256311
2865 0.318271
2866 0.250048
2867 0.222259
2868 0.243542
2869 0.261047
2870 0.226134
2871 0.185343
2872 0.235654
2873 0.197482
2874 0.274882
2875 0.202225
2876 0.262191
2877 0.236175
2878 0.202563
2879 0.231895
2880 0.262722
2881 0.186785
2882 0.187943
2883 0.220124
2884 0.245587
2885 0.329641
2886 0.231401
2887 0.207858
2888 0.262919
2889 0.262327
2890 0.256695
2891 0.225753
2892 0.237921
2893 0.2414
2894 0.315004
2895 0.237266
2896 0.181854
2897 0.19463
2898 0.249038
2899 0.195195
2900 0.2316
2901 0.208811
2902 0.267736
2903 0.254742
2904 0.284106
2905 0.253408
2906 0.253307
2907 0.255756
2908 0.224976
2909 0.212686
2910 0.201443
2911 0.190705
2912 0.209312
2913 0.219515
2914 0.180705
2915 0.288831
2916 0.234321
2917 0.288604
2918 0.203922
2919 0.20752
2920 0.255702
2921 0.215539
2922 0.380126
2923 0.236797
2924 0.216567
2925 0.258496
2926 0.27536
2927 0.262424
2928 0.225214
2929 0.2306
2930 0.203722
2931 0.224348
2932 0.19286
2933 0.279777
2934 0.262776
2935 0.275088
2936 0.197717
2937 0.209716
2938 0.215077
2939 0.237076
2940 0.217545
2941 0.245802
2942 0.221412
2943 0.184443
2944 0.24724
2945 0.241453
2946 0.288057
2947 0.201872
2948 0.291686
2949 0.207887
2950 0.272218
2951 0.228741
2952 0.249324
2953 0.213758
2954 0.195657
2955 0.276865
2956 0.198349
2957 0.206276
2958 0.204204
2959 0.202511
2960 0.197864
2961 0.204477
2962 0.209179
2963 0.196687
2964 0.239487
2965 0.274014
2966 0.294463
2967 0.196371
2968 0.239918
2969 0.204419
2970 0.214609
2971 0.214249
2972 0.223924
2973 0.226485
2974 0.245633
2975 0.199855
2976 0.182513
2977 0.198463
2978 0.204792
2979 0.182932
2980 0.22756
2981 0.186729
2982 0.213054
2983 0.194462
2984 0.187249
2985 0.203284
2986 0.263314
2987 0.172904
2988 0.195816
2989 0.201124
2990 0.188788
2991 0.190824
2992 0.222236
2993 0.175248
2994 0.202768
2995 0.185345
2996 0.204762
2997 0.193675
2998 0.169843
2999 0.344585
3000 0.196014
3001 0.259592
3002 0.224776
3003 0.218246
3004 0.209654
3005 0.216696
3006 0.250378
3007 0.236542
3008 0.199824
3009 0.223195
3010 0.207056
3011 0.197819
3012 0.198242
3013 0.190437
3014 0.191795
3015 0.288191
3016 0.242545
3017 0.188102
3018 0.249922
3019 0.249236
3020 0.196478
3021 0.199844
3022 0.191182
3023 0.205576
3024 0.247094
3025 0.301338
3026 0.245424
3027 0.190395
3028 0.187137
3029 0.31658
3030 0.293725
3031 0.231414
3032 0.29566
3033 0.222989
3034 0.23101
3035 0.25218
3036 0.183007
3037 0.205599
3038 0.196497
3039 0.203558
3040 0.258468
3041 0.288616
3042 0.227698
3043 0.16773
3044 0.18921
3045 0.212227
3046 0.192667
3047 0.23619
3048 0.224705
3049 0.212668
3050 0.187482
3051 0.210391
3052 0.253661
3053 0.209437
3054 0.202252
3055 0.227136
3056 0.208507
3057 0.20384
3058 0.189288
3059 0.275391
3060 0.270479
3061 0.278852
3062 0.187302
3063 0.236312
3064 0.201256
3065 0.187368
3066 0.212357
3067 0.228946
3068 0.245305
3069 0.237206
3070 0.200198
3071 0.216324
3072 0.207623
3073 0.207226
3074 0.188786
3075 0.238506
3076 0.281536
3077 0.326988
3078 0.202545
3079 0.194472
3080 0.20528
3081 0.224256
3082 0.205385
3083 0.186612
3084 0.232801
3085 0.268887
3086 0.232026
3087 0.212641
3088 0.21716
3089 0.233522
3090 0.187425
3091 0.201644
3092 0.220693
3093 0.209966
3094 0.212772
3095 0.212725
3096 0.232715
3097 0.236305
3098 0.2201
3099 0.247431
3100 0.263888
3101 0.197284
3102 0.228664
3103 0.207758
3104 0.197201
3105 0.24354
3106 0.196624
3107 0.206286
3108 0.184161
3109 0.173312
3110 0.203405
3111 0.23595
3112 0.238194
3113 0.240519
3114 0.232809
3115 0.178112
3116 0.213656
3117 0.186298
3118 0.232453
3119 0.241662
3120 0.303044
3121 0.168617
3122 0.193835
3123 0.268936
3124 0.25332
3125 0.273709
3126 0.188281
3127 0.187464
3128 0.182783
3129 0.195488
3130 0.277384
3131 0.192451
3132 0.226943
3133 0.179109
3134 0.22774
3135 0.28471
3136 0.223613
3137 0.21417
3138 0.265875
3139 0.186637
3140 0.191369
3141 0.185192
3142 0.201846
3143 0.192627
3144 0.194908
3145 0.208554
3146 0.206613
3147 0.21602
3148 0.246625
3149 0.205808
3150 0.256386
3151 0.213039
3152 0.204544
3153 0.173627
3154 0.22231
3155 0.224288
3156 0.191541
3157 0.191183
3158 0.278196
3159 0.194173
3160 0.244358
3161 0.378402
3162 0.232129
3163 0.318668
3164 0.210137
3165 0.213626
3166 0.17732
3167 0.255024
3168 0.256194
3169 0.30339
3170 0.233955
3171 0.190925
3172 0.169251
3173 0.202396
3174 0.254333
3175 0.180142
3176 0.222243
3177 0.241043
3178 0.218127
3179 0.242194
3180 0.184448
3181 0.187642
3182 0.222385
3183 0.269161
3184 0.186798
3185 0.243258
3186 0.224434
3187 0.210863
3188 0.211779
3189 0.232701
3190 0.25598
3191 0.247576
3192 0.190089
3193 0.222685
3194 0.222263
3195 0.196521
3196 0.246324
3197 0.26313
3198 0.208943
3199 0.180906
3200 0.22735
3201 0.184208
3202 0.186015
3203 0.250422
3204 0.227478
3205 0.197266
3206 0.208272
3207 0.179208
3208 0.214009
3209 0.247756
3210 0.275593
3211 0.258897
3212 0.20288
3213 0.232267
3214 0.244046
3215 0.296025
3216 0.204665
3217 0.206079
3218 0.215985
3219 0.187353
3220 0.318602
3221 0.246432
3222 0.23785
3223 0.203752
3224 0.196822
3225 0.237495
3226 0.18433
3227 0.189514
3228 0.188893
3229 0.168187
3230 0.266381
3231 0.207264
3232 0.250176
3233 0.240094
3234 0.221554
3235 0.185628
3236 0.198767
3237 0.227001
3238 0.309086
3239 0.159698
3240 0.239917
3241 0.198667
3242 0.185105
3243 0.239149
3244 0.195294
3245 0.172585
3246 0.218649
3247 0.187839
3248 0.208538
3249 0.213802
3250 0.180983
3251 0.263291
3252 0.208976
3253 0.245482
3254 0.200146
3255 0.229579
3256 0.220572
3257 0.232458
3258 0.22612
3259 0.222434
3260 0.190541
3261 0.235721
3262 0.215034
3263 0.226721
3264 0.246407
3265 0.168706
3266 0.219412
3267 0.188034
3268 0.185763
3269 0.315873
3270 0.223254
3271 0.217083
3272 0.25282
3273 0.193696
3274 0.185228
3275 0.203298
3276 0.17939
3277 0.248057
3278 0.230462
3279 0.184563
3280 0.230778
3281 0.228207
3282 0.211447
3283 0.171429
3284 0.27693
3285 0.210726
3286 0.230029
3287 0.179102
3288 0.17825
3289 0.233374
3290 0.202833
3291 0.211245
3292 0.218985
3293 0.267669
3294 0.234429
3295 0.216179
3296 0.196566
3297 0.238283
3298 0.196963
3299 0.18394
3300 0.165742
3301 0.240262
3302 0.270113
3303 0.206557
3304 0.21225
3305 0.201112
3306 0.200739
3307 0.212197
3308 0.227334
3309 0.27683
3310 0.172254
3311 0.185382
3312 0.272961
3313 0.211551
3314 0.226862
3315 0.183233
3316 0.200301
3317 0.240235
3318 0.187865
3319 0.185065
3320 0.239092
3321 0.210132
3322 0.205415
3323 0.288714
3324 0.207573
3325 0.195761
3326 0.20084
3327 0.20815
3328 0.205113
3329 0.223446
3330 0.205093
3331 0.273505
3332 0.195019
3333 0.253044
3334 0.275449
3335 0.226446
3336 0.215561
3337 0.190158
3338 0.178701
3339 0.178259
3340 0.21049
3341 0.1796
3342 0.162348
3343 0.183668
3344 0.297869
3345 0.195256
3346 0.273529
3347 0.167296
3348 0.277733
3349 0.267363
3350 0.192684
3351 0.216814
3352 0.19207
3353 0.180976
3354 0.216427
3355 0.232954
3356 0.212885
3357 0.191226
3358 0.207529
3359 0.200404
3360 0.162532
3361 0.192901
3362 0.299727
3363 0.184988
3364 0.197169
3365 0.17136
3366 0.190024
3367 0.202342
3368 0.188487
3369 0.211712
3370 0.172572
3371 0.192836
3372 0.184935
3373 0.193336
3374 0.250958
3375 0.240899
3376 0.208866
3377 0.232919
3378 0.202733
3379 0.181166
3380 0.215568
3381 0.197557
3382 0.198468
3383 0.204138
3384 0.191341
3385 0.202031
3386 0.172224
3387 0.181638
3388 0.199106
3389 0.173553
3390 0.233277
3391 0.193489
3392 0.202801
3393 0.188718
3394 0.245337
3395 0.194678
3396 0.187471
3397 0.213858
3398 0.201025
3399 0.182691
3400 0.17084
3401 0.189651
3402 0.206024
3403 0.199226
3404 0.205648
3405 0.17078
3406 0.184382
3407 0.192963
3408 0.190501
3409 0.189055
3410 0.232444
3411 0.225791
3412 0.236002
3413 0.194377
3414 0.16259
3415 0.258635
3416 0.164361
3417 0.185801
3418 0.176235
3419 0.18153
3420 0.161274
3421 0.193886
3422 0.190237
3423 0.173725
3424 0.203169
3425 0.195232
3426 0.163451
3427 0.173979
3428 0.311021
3429 0.272147
3430 0.213108
3431 0.256446
3432 0.202854
3433 0.217156
3434 0.174627
3435 0.243554
3436 0.212529
3437 0.17312
3438 0.21778
3439 0.173371
3440 0.217681
3441 0.171144
3442 0.191852
3443 0.199921
3444 0.269056
3445 0.273634
3446 0.207054
3447 0.220632
3448 0.200341
3449 0.216673
3450 0.183453
3451 0.171918
3452 0.198109
3453 0.195597
3454 0.278352
3455 0.210645
3456 0.22969
3457 0.193198
3458 0.246714
3459 0.208182
3460 0.206362
3461 0.192205
3462 0.213297
3463 0.251666
3464 0.184478
3465 0.17998
3466 0.18919
3467 0.170024
3468 0.160672
3469 0.192965
3470 0.314102
3471 0.21405
3472 0.19873
3473 0.175169
3474 0.208131
3475 0.233342
3476 0.286338
3477 0.18523
3478 0.194036
3479 0.181135
3480 0.200306
3481 0.234282
3482 0.174175
3483 0.195363
3484 0.204352
3485 0.155064
3486 0.173928
3487 0.165116
3488 0.265749
3489 0.265153
3490 0.220689
3491 0.250142
3492 0.245379
3493 0.196996
3494 0.209675
3495 0.213281
3496 0.160937
3497 0.22638
3498 0.198605
3499 0.195681
3500 0.188812
3501 0.218809
3502 0.195513
3503 0.177227
3504 0.182998
3505 0.249044
3506 0.19547
3507 0.166774
3508 0.20457
3509 0.200456
3510 0.21821
3511 0.191079
3512 0.169145
3513 0.17859
3514 0.234881
3515 0.220899
3516 0.20404
3517 0.172783
3518 0.190207
3519 0.189587
3520 0.20369
3521 0.191204
3522 0.22503
3523 0.203716
3524 0.207643
3525 0.181792
3526 0.210859
3527 0.223836
3528 0.239308
3529 0.236905
3530 0.177599
3531 0.206674
3532 0.168437
3533 0.192165
3534 0.179964
3535 0.196976
3536 0.198072
3537 0.176448
3538 0.206685
3539 0.293661
3540 0.219342
3541 0.203259
3542 0.235415
3543 0.179521
3544 0.176401
3545 0.181791
3546 0.208809
3547 0.207391
3548 0.220407
3549 0.199953
3550 0.202179
3551 0.235002
3552 0.213736
3553 0.203502
3554 0.181565
3555 0.2073
3556 0.17196
3557 0.191342
3558 0.178577
3559 0.20137
3560 0.175143
3561 0.235807
3562 0.19446
3563 0.248567
3564 0.20263
3565 0.205346
3566 0.214471
3567 0.212884
3568 0.265991
3569 0.212907
3570 0.174134
3571 0.227979
3572 0.186959
3573 0.203474
3574 0.197466
3575 0.219584
3576 0.178105
3577 0.224132
3578 0.196416
3579 0.164368
3580 0.193964
3581 0.18015
3582 0.212775
3583 0.197973
3584 0.191302
3585 0.189832
3586 0.1962
3587 0.170863
3588 0.169648
3589 0.172507
3590 0.273755
3591 0.214377
3592 0.208216
3593 0.224268
3594 0.21147
3595 0.186122
3596 0.263567
3597 0.350882
3598 0.231527
3599 0.218237
3600 0.281172
3601 0.162762
3602 0.188671
3603 0.200059
3604 0.202308
3605 0.202161
3606 0.214628
3607 0.195902
3608 0.158179
3609 0.159823
3610 0.208318
3611 0.169775
3612 0.202349
3613 0.181911
3614 0.23115
3615 0.168418
3616 0.18995
3617 0.180419
3618 0.213511
3619 0.219663
3620 0.166139
3621 0.181985
3622 0.226445
3623 0.2019
3624 0.225124
3625 0.215221
3626 0.174267
3627 0.156973
3628 0.161754
3629 0.186942
3630 0.177377
3631 0.199028
3632 0.219877
3633 0.207756
3634 0.207441
3635 0.239287
3636 0.185372
3637 0.224066
3638 0.188123
3639 0.251684
3640 0.228629
3641 0.215491
3642 0.192939
3643 0.201457
3644 0.19922
3645 0.17102
3646 0.199502
3647 0.221103
3648 0.162473
3649 0.195533
3650 0.171214
3651 0.196127
3652 0.169825
3653 0.21903
3654 0.154862
3655 0.163567
3656 0.19399
3657 0.184559
3658 0.152457
3659 0.219232
3660 0.19502
3661 0.204677
3662 0.20633
3663 0.205963
3664 0.187357
3665 0.181517
3666 0.173904
3667 0.268808
3668 0.214375
3669 0.161144
3670 0.174307
3671 0.219023
3672 0.191177
3673 0.218335
3674 0.160835
3675 0.225978
3676 0.162025
3677 0.177338
3678 0.181525
3679 0.202093
3680 0.198639
3681 0.221739
3682 0.221902
3683 0.203314
3684 0.169147
3685 0.212611
3686 0.245644
3687 0.181453
3688 0.164036
3689 0.184583
3690 0.174886
3691 0.206958
3692 0.259297
3693 0.170792
3694 0.184061
3695 0.159767
3696 0.242603
3697 0.231796
3698 0.275082
3699 0.202936
3700 0.234681
3701 0.210523
3702 0.198599
3703 0.175201
3704 0.156698
3705 0.208184
3706 0.180377
3707 0.156775
3708 0.219421
3709 0.186906
3710 0.207565
3711 0.181855
3712 0.22885
3713 0.251185
3714 0.220331
3715 0.176629
3716 0.18654
3717 0.216712
3718 0.189049
3719 0.205004
3720 0.152385
3721 0.204119
3722 0.292859
3723 0.201152
3724 0.237611
3725 0.209834
3726 0.196632
3727 0.17495
3728 0.149261
3729 0.183212
3730 0.206187
3731 0.195987
3732 0.165945
3733 0.212618
3734 0.178109
3735 0.181666
3736 0.179217
3737 0.242783
3738 0.202886
3739 0.181403
3740 0.216266
3741 0.178529
3742 0.195078
3743 0.188306
3744 0.17081
3745 0.208099
3746 0.246056
3747 0.172097
3748 0.195804
3749 0.186336
3750 0.261491
3751 0.212564
3752 0.268826
3753 0.215432
3754 0.192433
3755 0.214927
3756 0.197188
3757 0.227649
3758 0.206121
3759 0.269152
3760 0.210839
3761 0.194275
3762 0.259904
3763 0.270975
3764 0.172245
3765 0.154705
3766 0.210898
3767 0.171334
3768 0.180372
3769 0.221131
3770 0.179402
3771 0.171907
3772 0.248635
3773 0.311863
3774 0.174424
3775 0.218572
3776 0.173387
3777 0.249372
3778 0.208102
3779 0.160452
3780 0.257924
3781 0.181467
3782 0.231707
3783 0.172509
3784 0.199415
3785 0.21025
3786 0.189512
3787 0.155767
3788 0.189415
3789 0.194994
3790 0.239895
3791 0.210615
3792 0.219612
3793 0.168143
3794 0.173389
3795 0.1676
3796 0.259411
3797 0.188544
3798 0.213922
3799 0.172634
3800 0.175456
3801 0.173363
3802 0.186898
3803 0.247581
3804 0.250309
3805 0.168873
3806 0.21977
3807 0.167627
3808 0.164036
3809 0.209708
3810 0.152174
3811 0.174449
3812 0.171584
3813 0.177578
3814 0.205172
3815 0.168624
3816 0.184257
3817 0.17579
3818 0.174684
3819 0.191348
3820 0.193085
3821 0.172308
3822 0.2236
3823 0.176111
3824 0.204551
3825 0.182297
3826 0.181298
3827 0.176995
3828 0.160387
3829 0.188547
3830 0.190281
3831 0.180051
3832 0.214199
3833 0.182845
3834 0.16359
3835 0.174255
3836 0.180321
3837 0.175391
3838 0.191633
3839 0.221728
3840 0.168584
3841 0.203097
3842 0.179036
3843 0.1626
3844 0.187101
3845 0.180372
3846 0.173083
3847 0.170628
3848 0.151278
3849 0.161783
3850 0.172088
3851 0.147787
3852 0.138793
3853 0.153039
3854 0.187981
3855 0.161627
3856 0.217845
3857 0.206471
3858 0.246206
3859 0.200968
3860 0.212464
3861 0.182172
3862 0.168689
3863 0.198207
3864 0.21377
3865 0.157482
3866 0.201333
3867 0.188724
3868 0.185782
3869 0.183175
3870 0.145415
3871 0.17431
3872 0.253337
3873 0.223344
3874 0.172382
3875 0.200512
3876 0.205971
3877 0.161736
3878 0.164947
3879 0.16177
3880 0.17308
3881 0.173285
3882 0.208717
3883 0.249416
3884 0.192315
3885 0.198041
3886 0.188965
3887 0.245731
3888 0.266222
3889 0.163934
3890 0.16085
3891 0.190039
3892 0.212854
3893 0.210588
3894 0.157857
3895 0.19042
3896 0.155476
3897 0.17615
3898 0.177191
3899 0.280278
3900 0.15675
3901 0.153664
3902 0.178098
3903 0.190316
3904 0.204668
3905 0.201481
3906 0.198053
3907 0.187222
3908 0.16949
3909 0.198918
3910 0.193591
3911 0.203271
3912 0.187518
3913 0.155758
3914 0.162162
3915 0.227201
3916 0.197675
3917 0.191882
3918 0.147654
3919 0.194932
3920 0.223567
3921 0.190533
3922 0.174291
3923 0.197813
3924 0.190019
3925 0.163
3926 0.219662
3927 0.172727
3928 0.186859
3929 0.174141
3930 0.181695
3931 0.176871
3932 0.169111
3933 0.230487
3934 0.19589
3935 0.14996
3936 0.165406
3937 0.155041
3938 0.171885
3939 0.171218
3940 0.171417
3941 0.164757
3942 0.189984
3943 0.208779
3944 0.165288
3945 0.170346
3946 0.147481
3947 0.180438
3948 0.197438
3949 0.180425
3950 0.178207
3951 0.156598
3952 0.191844
3953 0.198942
3954 0.156424
3955 0.18186
3956 0.199601
3957 0.221239
3958 0.166317
3959 0.184923
3960 0.188595
3961 0.199865
3962 0.197341
3963 0.154958
3964 0.170461
3965 0.149529
3966 0.156702
3967 0.168411
3968 0.220363
3969 0.171319
3970 0.213073
3971 0.186816
3972 0.166497
3973 0.170892
3974 0.162592
3975 0.177301
3976 0.179257
3977 0.17759
3978 0.168083
3979 0.205143
3980 0.252592
3981 0.20028
3982 0.239178
3983 0.162437
3984 0.205932
3985 0.181929
3986 0.171626
3987 0.258932
3988 0.19605
3989 0.169998
3990 0.185605
3991 0.190416
3992 0.26958
3993 0.189907
3994 0.157106
3995 0.204726
3996 0.236867
3997 0.228889
3998 0.171764
3999 0.174814
4000 0.153239
4001 0.189856
4002 0.153805
4003 0.204717
4004 0.173098
4005 0.212326
4006 0.1862
4007 0.180221
4008 0.218374
4009 0.169254
4010 0.179168
4011 0.178324
4012 0.212146
4013 0.183915
4014 0.147607
4015 0.1992
4016 0.157372
4017 0.145426
4018 0.23757
4019 0.174989
4020 0.19886
4021 0.163562
4022 0.175048
4023 0.144784
4024 0.163001
4025 0.278772
4026 0.250595
4027 0.236079
4028 0.207608
4029 0.166756
4030 0.138796
4031 0.226546
4032 0.171303
4033 0.193422
4034 0.175148
4035 0.177657
4036 0.222401
4037 0.148984
4038 0.181049
4039 0.182318
4040 0.175337
4041 0.153803
4042 0.250287
4043 0.190033
4044 0.188579
4045 0.178358
4046 0.195155
4047 0.207528
4048 0.196183
4049 0.171806
4050 0.166125
4051 0.159107
4052 0.156006
4053 0.176379
4054 0.203041
4055 0.16526
4056 0.162818
4057 0.17069
4058 0.176936
4059 0.163504
4060 0.165002
4061 0.202468
4062 0.193625
4063 0.184281
4064 0.183531
4065 0.178975
4066 0.193625
4067 0.17077
4068 0.183907
4069 0.193746
4070 0.179006
4071 0.159322
4072 0.219688
4073 0.187604
4074 0.213373
4075 0.207645
4076 0.170198
4077 0.15041
4078 0.156048
4079 0.148098
4080 0.181598
4081 0.152427
4082 0.165836
4083 0.156696
4084 0.153704
4085 0.195609
4086 0.140199
4087 0.191633
4088 0.215154
4089 0.251318
4090 0.191987
4091 0.23005
4092 0.164761
4093 0.167631
4094 0.170456
4095 0.165605
4096 0.193237
4097 0.159604
4098 0.151622
4099 0.166021
4100 0.188118
4101 0.208103
4102 0.175627
4103 0.199551
4104 0.153161
4105 0.165326
4106 0.176544
4107 0.168431
4108 0.188919
4109 0.168652
4110 0.155903
4111 0.192701
4112 0.167169
4113 0.203525
4114 0.274619
4115 0.165534
4116 0.158542
4117 0.158998
4118 0.176479
4119 0.162402
4120 0.204014
4121 0.199424
4122 0.160862
4123 0.150719
4124 0.154868
4125 0.177082
4126 0.258723
4127 0.201058
4128 0.176054
4129 0.184587
4130 0.21925
4131 0.212127
4132 0.152651
4133 0.160477
4134 0.199604
4135 0.16813
4136 0.171465
4137 0.200975
4138 0.156968
4139 0.213878
4140 0.159572
4141 0.206024
4142 0.19984
4143 0.193926
4144 0.149239
4145 0.138491
4146 0.153488
4147 0.181681
4148 0.187861
4149 0.132727
4150 0.172141
4151 0.21284
4152 0.167534
4153 0.176832
4154 0.168986
4155 0.260317
4156 0.221691
4157 0.15162
4158 0.164078
4159 0.179732
4160 0.157534
4161 0.153102
4162 0.21111
4163 0.185306
4164 0.159509
4165 0.157222
4166 0.246788
4167 0.17726
4168 0.152373
4169 0.188318
4170 0.154293
4171 0.190117
4172 0.166955
4173 0.168299
4174 0.224951
4175 0.162379
4176 0.167178
4177 0.187648
4178 0.171216
4179 0.197383
4180 0.317386
4181 0.177029
4182 0.148486
4183 0.173099
4184 0.156651
4185 0.165082
4186 0.180905
4187 0.152314
4188 0.254895
4189 0.153861
4190 0.179184
4191 0.287751
4192 0.211391
4193 0.144482
4194 0.223191
4195 0.225012
4196 0.200453
4197 0.233457
4198 0.18253
4199 0.158042
4200 0.162394
4201 0.185299
4202 0.199285
4203 0.191816
4204 0.137867
4205 0.171026
4206 0.168034
4207 0.203987
4208 0.244702
4209 0.193971
4210 0.157998
4211 0.203812
4212 0.176877
4213 0.202126
4214 0.149622
4215 0.151558
4216 0.164321
4217 0.168702
4218 0.146962
4219 0.221656
4220 0.14963
4221 0.190545
4222 0.173366
4223 0.168971
4224 0.1932
4225 0.169908
4226 0.213811
4227 0.151383
4228 0.152899
4229 0.14837
4230 0.152974
4231 0.197916
4232 0.216686
4233 0.154179
4234 0.192706
4235 0.165114
4236 0.140543
4237 0.187506
4238 0.195821
4239 0.172884
4240 0.188753
4241 0.166719
4242 0.165072
4243 0.175836
4244 0.152208
4245 0.17359
4246 0.150501
4247 0.188622
4248 0.187763
4249 0.148996
4250 0.17771
4251 0.216004
4252 0.197503
4253 0.145032
4254 0.180013
4255 0.152597
4256 0.15028
4257 0.155288
4258 0.15836
4259 0.175381
4260 0.179549
4261 0.168073
4262 0.149737
4263 0.182807
4264 0.150838
4265 0.141839
4266 0.190058
4267 0.159109
4268 0.189105
4269 0.154173
4270 0.171839
4271 0.167447
4272 0.157417
4273 0.136329
4274 0.144932
4275 0.177951
4276 0.147227
4277 0.152696
4278 0.16576
4279 0.142614
4280 0.128856
4281 0.127385
4282 0.175878
4283 0.17353
4284 0.13672
4285 0.278608
4286 0.151051
4287 0.23248
4288 0.187541
4289 0.171092
4290 0.164458
4291 0.154965
4292 0.139397
4293 0.195069
4294 0.202928
4295 0.147927
4296 0.172397
4297 0.133413
4298 0.133413
4299 0.141478
4300 0.163963
4301 0.236686
4302 0.17866
4303 0.190535
4304 0.243441
4305 0.153168
4306 0.144831
4307 0.189046
4308 0.143254
4309 0.256087
4310 0.180715
4311 0.228449
4312 0.157579
4313 0.208879
4314 0.199149
4315 0.182397
4316 0.201343
4317 0.231414
4318 0.197641
4319 0.146657
4320 0.174067
4321 0.205534
4322 0.15799
4323 0.152064
4324 0.148766
4325 0.127882
4326 0.191488
4327 0.276487
4328 0.2404
4329 0.145272
4330 0.145274
4331 0.167115
4332 0.195024
4333 0.237058
4334 0.169619
4335 0.175076
4336 0.161099
4337 0.142912
4338 0.192482
4339 0.185484
4340 0.205694
4341 0.183535
4342 0.148347
4343 0.152407
4344 0.19606
4345 0.197752
4346 0.190765
4347 0.152542
4348 0.172894
4349 0.159701
4350 0.163307
4351 0.145839
4352 0.14844
4353 0.13497
4354 0.167259
4355 0.162833
4356 0.1898
4357 0.161462
4358 0.15897
4359 0.180724
4360 0.143881
4361 0.151367
4362 0.184482
4363 0.176842
4364 0.150184
4365 0.179072
4366 0.160645
4367 0.206162
4368 0.173031
4369 0.172619
4370 0.18113
4371 0.171376
4372 0.175161
4373 0.150974
4374 0.14364
4375 0.157709
4376 0.153605
4377 0.19039
4378 0.183978
4379 0.182206
4380 0.142443
4381 0.178137
4382 0.174268
4383 0.17768
4384 0.182586
4385 0.151758
4386 0.217804
4387 0.167254
4388 0.16479
4389 0.145922
4390 0.140324
4391 0.211921
4392 0.161717
4393 0.143431
4394 0.152403
4395 0.158804
4396 0.164688
4397 0.213138
4398 0.165092
4399 0.157846
4400 0.151079
4401 0.139449
4402 0.128108
4403 0.157569
4404 0.166589
4405 0.165003
4406 0.200789
4407 0.150973
4408 0.168942
4409 0.215062
4410 0.156005
4411 0.159181
4412 0.146715
4413 0.149049
4414 0.155086
4415 0.150721
4416 0.164873
4417 0.153653
4418 0.14798
4419 0.16747
4420 0.159871
4421 0.172573
4422 0.136694
4423 0.179552
4424 0.167003
4425 0.157885
4426 0.153315
4427 0.151534
4428 0.175418
4429 0.160874
4430 0.162332
4431 0.16334
4432 0.159785
4433 0.173414
4434 0.233578
4435 0.17985
4436 0.136661
4437 0.152394
4438 0.141498
4439 0.17219
4440 0.20415
4441 0.167886
4442 0.15061
4443 0.163105
4444 0.14263
4445 0.153034
4446 0.136482
4447 0.176472
4448 0.180768
4449 0.170201
4450 0.155372
4451 0.151848
4452 0.201898
4453 0.199208
4454 0.205622
4455 0.247284
4456 0.173975
4457 0.189307
4458 0.157002
4459 0.151198
4460 0.158052
4461 0.145731
4462 0.206713
4463 0.150651
4464 0.160195
4465 0.196823
4466 0.185917
4467 0.182741
4468 0.177516
4469 0.174734
4470 0.169033
4471 0.153863
4472 0.185103
4473 0.151965
4474 0.147014
4475 0.216619
4476 0.189813
4477 0.17205
4478 0.144977
4479 0.187931
4480 0.186029
4481 0.178265
4482 0.198951
4483 0.191199
4484 0.146764
4485 0.1974
4486 0.177051
4487 0.144146
4488 0.174846
4489 0.183877
4490 0.157469
4491 0.202457
4492 0.161192
4493 0.159312
4494 0.171892
4495 0.249379
4496 0.16465
4497 0.16339
4498 0.154834
4499 0.171232
4500 0.190176
4501 0.187443
4502 0.160829
4503 0.160887
4504 0.173761
4505 0.133446
4506 0.148959
4507 0.155599
4508 0.199635
4509 0.150695
4510 0.156289
4511 0.191594
4512 0.132229
4513 0.152232
4514 0.146434
4515 0.134714
4516 0.206093
4517 0.162574
4518 0.175532
4519 0.150018
4520 0.22979
4521 0.147443
4522 0.174384
4523 0.158141
4524 0.185805
4525 0.229139
4526 0.139377
4527 0.182797
4528 0.161727
4529 0.178154
4530 0.162586
4531 0.159491
4532 0.168335
4533 0.159623
4534 0.219924
4535 0.166797
4536 0.172531
4537 0.189131
4538 0.169157
4539 0.185168
4540 0.154548
4541 0.171106
4542 0.163742
4543 0.203094
4544 0.160543
4545 0.151675
4546 0.139603
4547 0.153835
4548 0.145633
4549 0.171829
4550 0.178084
4551 0.14885
4552 0.135533
4553 0.133838
4554 0.174377
4555 0.241513
4556 0.138033
4557 0.167186
4558 0.170265
4559 0.169786
4560 0.161265
4561 0.14429
4562 0.155937
4563 0.158949
4564 0.157673
4565 0.143174
4566 0.183347
4567 0.168338
4568 0.155653
4569 0.226127
4570 0.241644
4571 0.167672
4572 0.194842
4573 0.150229
4574 0.146274
4575 0.178962
4576 0.164007
4577 0.152235
4578 0.166876
4579 0.199253
4580 0.208544
4581 0.17716
4582 0.212375
4583 0.21569
4584 0.159358
4585 0.146539
4586 0.169443
4587 0.153222
4588 0.200809
4589 0.141698
4590 0.141137
4591 0.17091
4592 0.1797
4593 0.154882
4594 0.159508
4595 0.201779
4596 0.155277
4597 0.140714
4598 0.155179
4599 0.161238
4600 0.180732
4601 0.148933
4602 0.162389
4603 0.156796
4604 0.158852
4605 0.164764
4606 0.183812
4607 0.239084
4608 0.172472
4609 0.198015
4610 0.187925
4611 0.142072
4612 0.234375
4613 0.169315
4614 0.144977
4615 0.149101
4616 0.16269
4617 0.276235
4618 0.165235
4619 0.202809
4620 0.211269
4621 0.152656
4622 0.152642
4623 0.152759
4624 0.149401
4625 0.157208
4626 0.170659
4627 0.139604
4628 0.141735
4629 0.212372
4630 0.184252
4631 0.159182
4632 0.1911
4633 0.144492
4634 0.180724
4635 0.179038
4636 0.154765
4637 0.202792
4638 0.14216
4639 0.152727
4640 0.218324
4641 0.214983
4642 0.149599
4643 0.155104
4644 0.162605
4645 0.138495
4646 0.129652
4647 0.152935
4648 0.266522
4649 0.141916
4650 0.145169
4651 0.143037
4652 0.143481
4653 0.184405
4654 0.167443
4655 0.165464
4656 0.147118
4657 0.190543
4658 0.138552
4659 0.150485
4660 0.179383
4661 0.204056
4662 0.161184
4663 0.164958
4664 0.145955
4665 0.160663
4666 0.182035
4667 0.176692
4668 0.187981
4669 0.159549
4670 0.133902
4671 0.190429
4672 0.171467
4673 0.144512
4674 0.16275
4675 0.154115
4676 0.184467
4677 0.146831
4678 0.159516
4679 0.17179
4680 0.183533
4681 0.19961
4682 0.180154
4683 0.17693
4684 0.172244
4685 0.145947
4686 0.189275
4687 0.155373
4688 0.188836
4689 0.176397
4690 0.196975
4691 0.150496
4692 0.140558
4693 0.153398
4694 0.135287
4695 0.153425
4696 0.160563
4697 0.165204
4698 0.227186
4699 0.16006
4700 0.142591
4701 0.216563
4702 0.127728
4703 0.163403
4704 0.126302
4705 0.136699
4706 0.143336
4707 0.148012
4708 0.130632
4709 0.131767
4710 0.127567
4711 0.16757
4712 0.137074
4713 0.14702
4714 0.279117
4715 0.237894
4716 0.198104
4717 0.149564
4718 0.187698
4719 0.15226
4720 0.164755
4721 0.188744
4722 0.144561
4723 0.132249
4724 0.165491
4725 0.137214
4726 0.14514
4727 0.135047
4728 0.147258
4729 0.169254
4730 0.207716
4731 0.168257
4732 0.147521
4733 0.181129
4734 0.171208
4735 0.234251
4736 0.1608
4737 0.134096
4738 0.171778
4739 0.143975
4740 0.254136
4741 0.155998
4742 0.192564
4743 0.149995
4744 0.203141
4745 0.167816
4746 0.173744
4747 0.149561
4748 0.149062
4749 0.163841
4750 0.165302
4751 0.147278
4752 0.171972
4753 0.118356
4754 0.140936
4755 0.166069
4756 0.271185
4757 0.148891
4758 0.157581
4759 0.141462
4760 0.151059
4761 0.136007
4762 0.151815
4763 0.13286
4764 0.162212
4765 0.131809
4766 0.126379
4767 0.167455
4768 0.168987
4769 0.193656
4770 0.181588
4771 0.11967
4772 0.138916
4773 0.156145
4774 0.176393
4775 0.131384
4776 0.166129
4777 0.146315
4778 0.176647
4779 0.123139
4780 0.157076
4781 0.148086
4782 0.139946
4783 0.153339
4784 0.134257
4785 0.165504
4786 0.166516
4787 0.158797
4788 0.148977
4789 0.127837
4790 0.182425
4791 0.153327
4792 0.169107
4793 0.142763
4794 0.129428
4795 0.136303
4796 0.172018
4797 0.131152
4798 0.170548
4799 0.151739
4800 0.158697
4801 0.148466
4802 0.149125
4803 0.149356
4804 0.159826
4805 0.162293
4806 0.142351
4807 0.134479
4808 0.162071
4809 0.160826
4810 0.158732
4811 0.127742
4812 0.143611
4813 0.169879
4814 0.160491
4815 0.189009
4816 0.126352
4817 0.144497
4818 0.149907
4819 0.144947
4820 0.145195
4821 0.141796
4822 0.121367
4823 0.141255
4824 0.150442
4825 0.221905
4826 0.157659
4827 0.148284
4828 0.145083
4829 0.130675
4830 0.123931
4831 0.159232
4832 0.129355
4833 0.156097
4834 0.154465
4835 0.150673
4836 0.146578
4837 0.126876
4838 0.233728
4839 0.160289
4840 0.142693
4841 0.144903
4842 0.142946
4843 0.144423
4844 0.160801
4845 0.161327
4846 0.166591
4847 0.161745
4848 0.171633
4849 0.155174
4850 0.171668
4851 0.146303
4852 0.15294
4853 0.153623
4854 0.147444
4855 0.133661
4856 0.133367
4857 0.142168
4858 0.154013
4859 0.157141
4860 0.135012
4861 0.158734
4862 0.150011
4863 0.153343
4864 0.123835
4865 0.134749
4866 0.132434
4867 0.149857
4868 0.147769
4869 0.145672
4870 0.155752
4871 0.155153
4872 0.145972
4873 0.170401
4874 0.150513
4875 0.149642
4876 0.18818
4877 0.142337
4878 0.156053
4879 0.142268
4880 0.176995
4881 0.159286
4882 0.143694
4883 0.208929
4884 0.235321
4885 0.15885
4886 0.157756
4887 0.124094
4888 0.160981
4889 0.15238
4890 0.131249
4891 0.151596
4892 0.15501
4893 0.154697
4894 0.178642
4895 0.14521
4896 0.166609
4897 0.153359
4898 0.186317
4899 0.13695
4900 0.156805
4901 0.151955
4902 0.159503
4903 0.127188
4904 0.171843
4905 0.19572
4906 0.140378
4907 0.143709
4908 0.171553
4909 0.159947
4910 0.146589
4911 0.139247
4912 0.134065
4913 0.127643
4914 0.143531
4915 0.161799
4916 0.142534
4917 0.129508
4918 0.155778
4919 0.157307
4920 0.131639
4921 0.160011
4922 0.170389
4923 0.220495
4924 0.168498
4925 0.149571
4926 0.138256
4927 0.140184
4928 0.146974
4929 0.173647
4930 0.184467
4931 0.147842
4932 0.150803
4933 0.137135
4934 0.166441
4935 0.137655
4936 0.144891
4937 0.144038
4938 0.153585
4939 0.190512
4940 0.155669
4941 0.135146
4942 0.149329
4943 0.120026
4944 0.16792
4945 0.214317
4946 0.144661
4947 0.185982
4948 0.187161
4949 0.151733
4950 0.134874
4951 0.169674
4952 0.158546
4953 0.192348
4954 0.131769
4955 0.139922
4956 0.138735
4957 0.161918
4958 0.198738
4959 0.130854
4960 0.138876
4961 0.177765
4962 0.134803
4963 0.147987
4964 0.160102
4965 0.208658
4966 0.17704
4967 0.148715
4968 0.157986
4969 0.160384
4970 0.202854
4971 0.177088
4972 0.200584
4973 0.169589
4974 0.143943
4975 0.150991
4976 0.187663
4977 0.185775
4978 0.168229
4979 0.14603
4980 0.185977
4981 0.154162
4982 0.161174
4983 0.177215
4984 0.196649
4985 0.18257
4986 0.174882
4987 0.156701
4988 0.158343
4989 0.130635
4990 0.156824
4991 0.189471
4992 0.166667
4993 0.149273
4994 0.171935
4995 0.126046
4996 0.174962
4997 0.148769
4998 0.15353
4999 0.168802
5000 0.135241
