0 3.58429
1 7.6345
2 5.58061
3 4.51242
4 3.43753
5 3.98138
6 3.55811
7 3.20017
8 2.93215
9 2.74292
10 2.49649
11 2.34429
12 1.92736
13 1.94497
14 2.06519
15 2.14247
16 2.15194
17 2.26643
18 1.78577
19 1.79411
20 1.87405
21 1.8656
22 2.29889
23 2.30876
24 1.92966
25 1.95082
26 1.76607
27 1.55353
28 1.80961
29 1.78558
30 1.79914
31 1.53434
32 1.59708
33 1.47848
34 1.61492
35 1.48447
36 1.22204
37 1.37976
38 1.28559
39 1.39747
40 1.39504
41 1.34563
42 1.39576
43 1.16825
44 1.46794
45 1.24878
46 1.26612
47 1.35963
48 1.50125
49 1.22433
50 1.11966
51 1.47588
52 1.4069
53 1.28484
54 1.38355
55 1.47065
56 1.38352
57 1.24859
58 1.29851
59 1.43638
60 1.22461
61 1.23124
62 1.36767
63 1.52169
64 1.37435
65 1.20414
66 1.10592
67 1.19517
68 1.24147
69 1.1733
70 1.33763
71 1.61281
72 1.93856
73 1.376
74 1.2463
75 1.3604
76 1.53277
77 1.22015
78 1.07757
79 1.10602
80 1.11939
81 1.15241
82 1.13905
83 1.12801
84 1.27992
85 1.23005
86 1.25727
87 1.21425
88 1.36664
89 1.30215
90 1.15717
91 1.17073
92 1.1368
93 1.16034
94 1.11755
95 1.07426
96 1.0482
97 1.01401
98 1.20306
99 1.24972
100 1.22531
101 1.03758
102 1.18543
103 1.30456
104 1.58536
105 1.44814
106 1.1854
107 1.10864
108 0.97455
109 1.02451
110 1.01425
111 1.20381
112 1.15408
113 1.09423
114 0.925056
115 1.07631
116 1.24971
117 1.9236
118 1.73689
119 1.3179
120 1.07832
121 1.1846
122 1.32381
123 1.22513
124 1.16536
125 1.12653
126 1.00666
127 1.00621
128 1.04337
129 1.09584
130 1.04204
131 0.905229
132 1.03594
133 1.10107
134 1.21357
135 0.94906
136 1.2256
137 1.35775
138 1.08498
139 1.08848
140 0.919323
141 1.07314
142 0.957499
143 0.985859
144 0.97036
145 1.04634
146 1.2214
147 1.19175
148 1.2575
149 1.01294
150 1.08531
151 0.99849
152 1.08704
153 1.16392
154 1.21289
155 1.08631
156 0.924651
157 0.976637
158 1.05047
159 1.09992
160 1.35377
161 0.992964
162 1.26844
163 1.19431
164 0.976748
165 0.949546
166 0.997523
167 1.08442
168 1.09909
169 1.32485
170 1.26753
171 0.987461
172 1.03152
173 1.51125
174 1.33538
175 1.277
176 0.962357
177 0.977918
178 0.988287
179 0.95112
180 1.01102
181 0.982712
182 1.13391
183 0.964781
184 1.1068
185 0.970526
186 0.982679
187 0.975084
188 1.00842
189 1.0379
190 1.07268
191 0.993788
192 0.865048
193 1.00945
194 1.07848
195 0.977919
196 1.04247
197 0.926252
198 0.929533
199 0.937924
200 1.0415
201 0.952056
202 1.04116
203 1.0323
204 1.18371
205 1.21457
206 1.20208
207 1.1181
208 1.16743
209 0.952736
210 0.956635
211 0.987581
212 1.03343
213 1.14632
214 1.17398
215 0.867854
216 0.991963
217 1.011
218 0.886984
219 0.898105
220 0.877902
221 0.971485
222 0.912429
223 0.828563
224 1.01138
225 0.993176
226 1.0571
227 0.896466
228 0.902457
229 0.948331
230 0.962642
231 0.945003
232 1.00841
233 1.07419
234 0.852383
235 0.93989
236 0.895099
237 0.844382
238 0.993226
239 0.944233
240 0.889002
241 0.922438
242 1.02684
243 1.1014
244 0.820174
245 0.939391
246 0.817465
247 0.815187
248 0.952992
249 0.961729
250 1.09088
251 0.899775
252 1.14917
253 1.06641
254 0.968
255 1.04839
256 0.949168
257 0.916198
258 0.834965
259 0.840499
260 0.933394
261 0.952578
262 0.925044
263 0.893245
264 0.772266
265 0.86342
266 0.808797
267 0.938196
268 1.35
269 1.03916
270 1.09829
271 0.991149
272 0.930773
273 0.942623
274 0.921561
275 0.957479
276 0.916204
277 0.882693
278 0.956837
279 0.864162
280 0.812685
281 0.965697
282 0.885425
283 0.989071
284 1.00454
285 0.977875
286 0.941159
287 0.860238
288 0.873649
289 0.968379
290 0.819658
291 0.936646
292 1.12044
293 0.90044
294 0.906056
295 0.988221
296 1.03406
297 0.826275
298 0.893362
299 0.755708
300 0.770097
301 0.983275
302 0.85423
303 0.882985
304 0.876727
305 0.91791
306 0.927003
307 0.909003
308 0.84493
309 0.809866
310 0.79951
311 0.948725
312 0.962257
313 0.977807
314 0.836905
315 0.878488
316 0.992091
317 0.993491
318 0.966539
319 1.0262
320 0.924121
321 0.891228
322 1.08434
323 1.07165
324 0.818245
325 0.861115
326 0.849848
327 0.871463
328 0.908102
329 0.863804
330 0.99429
331 0.952054
332 0.970122
333 0.924863
334 0.865936
335 0.950222
336 0.878091
337 0.83257
338 0.992479
339 0.806279
340 0.855729
341 0.867015
342 0.804833
343 1.17801
344 0.902293
345 0.908568
346 0.772054
347 1.05812
348 0.96617
349 0.885983
350 1.12795
351 0.856548
352 0.928284
353 0.92212
354 1.11719
355 0.976508
356 0.900728
357 1.00153
358 1.01112
359 0.824579
360 0.856056
361 0.92274
362 0.793903
363 0.841572
364 0.799855
365 0.838239
366 0.833873
367 0.950868
368 0.927976
369 0.861364
370 0.85628
371 0.793087
372 0.95759
373 0.940259
374 1.06913
375 0.87353
376 0.90172
377 0.790961
378 0.876309
379 0.906215
380 0.818142
381 0.884648
382 0.917001
383 0.821298
384 0.795173
385 0.845565
386 0.810726
387 0.818165
388 0.749192
389 0.928159
390 0.8594
391 0.831838
392 0.820659
393 0.830257
394 0.795037
395 0.753721
396 0.932099
397 0.814678
398 0.748648
399 0.730781
400 0.852211
401 0.859223
402 0.921966
403 0.828672
404 0.9741
405 0.880101
406 0.895459
407 0.758987
408 0.847199
409 0.860733
410 0.812353
411 1.02319
412 0.848615
413 0.755996
414 0.78776
415 0.701939
416 0.716333
417 0.779617
418 0.76348
419 0.727808
420 0.863196
421 0.694012
422 0.689216
423 0.706693
424 0.990433
425 1.01158
426 1.31226
427 1.56538
428 0.832071
429 1.06984
430 0.82461
431 0.927786
432 0.813437
433 0.819444
434 0.84184
435 0.847209
436 0.745187
437 0.809765
438 0.911971
439 0.767388
440 0.878503
441 0.758845
442 0.816931
443 0.926722
444 0.924912
445 0.761095
446 0.929624
447 0.867453
448 0.849801
449 0.797499
450 0.829182
451 0.796141
452 0.867723
453 0.929086
454 0.825984
455 0.83558
456 0.741192
457 1.04432
458 1.01688
459 1.00969
460 0.902308
461 0.809897
462 0.864792
463 0.883134
464 0.827602
465 0.737284
466 0.748146
467 0.774833
468 0.863591
469 1.07882
470 0.898061
471 0.749023
472 0.716892
473 0.873648
474 0.801122
475 0.891697
476 0.76573
477 0.793818
478 0.750225
479 0.843081
480 0.908847
481 0.8345
482 0.847194
483 0.850611
484 0.766573
485 0.914647
486 0.798944
487 0.906687
488 1.2725
489 1.15631
490 0.905053
491 0.928631
492 0.812366
493 0.768541
494 0.763607
495 0.767774
496 0.812144
497 0.803715
498 0.855233
499 0.82883
500 0.840111
501 0.93869
502 0.754479
503 0.752498
504 0.957994
505 1.0561
506 0.777915
507 0.822661
508 0.801159
509 0.837194
510 0.809617
511 0.759428
512 0.882254
513 0.848274
514 0.899118
515 0.796519
516 0.833948
517 0.747223
518 0.869186
519 0.797301
520 0.807324
521 0.86602
522 0.788933
523 0.812503
524 0.767777
525 0.789196
526 0.830628
527 0.799154
528 0.886997
529 0.791275
530 0.715896
531 0.726132
532 0.787225
533 0.748721
534 0.77888
535 0.800349
536 0.775967
537 0.712695
538 0.839467
539 0.895418
540 0.792884
541 0.786823
542 0.749627
543 0.716006
544 0.785107
545 0.772921
546 0.783907
547 0.863789
548 0.773373
549 0.765398
550 0.767075
551 0.867336
552 0.794223
553 0.870871
554 0.796111
555 0.710438
556 0.792965
557 0.830737
558 0.799994
559 0.720494
560 0.728543
561 0.79868
562 0.901688
563 0.841871
564 0.740377
565 0.891221
566 0.759947
567 0.812935
568 0.697112
569 0.727234
570 0.801509
571 0.689335
572 0.804426
573 0.756326
574 0.765303
575 0.767258
576 0.844142
577 0.716764
578 0.743971
579 0.729696
580 0.742853
581 0.84952
582 0.78562
583 0.797707
584 0.728262
585 0.70736
586 0.746236
587 0.804756
588 0.691567
589 0.773686
590 0.725549
591 0.840461
592 0.802596
593 0.752241
594 0.727581
595 0.835714
596 0.793348
597 0.981473
598 0.844442
599 0.885018
600 0.668365
601 0.870208
602 0.752165
603 0.726247
604 0.879568
605 0.729226
606 0.739841
607 0.714615
608 0.741833
609 0.766329
610 0.716331
611 0.857536
612 0.797793
613 0.786214
614 0.776042
615 0.692597
616 0.752398
617 0.811157
618 0.80886
619 0.762543
620 0.688197
621 0.75936
622 0.761716
623 0.809052
624 0.764085
625 0.754571
626 0.685598
627 0.751199
628 0.724616
629 0.735047
630 0.731142
631 0.715101
632 0.814985
633 0.798118
634 0.836617
635 0.78395
636 0.783056
637 0.848788
638 0.827123
639 0.932369
640 0.773795
641 0.837646
642 0.907037
643 0.755334
644 0.732228
645 0.746891
646 0.740051
647 0.6685
648 0.647411
649 0.741283
650 0.800108
651 0.689368
652 0.690148
653 0.762959
654 0.669326
655 0.732586
656 0.647968
657 0.642916
658 0.783842
659 0.779652
660 0.861124
661 0.802956
662 0.714925
663 0.77335
664 0.795136
665 0.685847
666 0.812493
667 0.737557
668 0.681498
669 0.71637
670 0.748151
671 0.813181
672 0.743179
673 0.643888
674 0.841343
675 0.636794
676 0.687528
677 0.740832
678 0.700866
679 0.77564
680 0.702533
681 0.889049
682 0.915153
683 0.708792
684 0.738231
685 0.769259
686 0.695133
687 0.676855
688 0.663593
689 0.728919
690 0.736785
691 0.744453
692 0.671318
693 0.656525
694 0.670304
695 0.746293
696 0.808535
697 1.03556
698 0.777541
699 0.835801
700 0.691378
701 0.740826
702 0.723509
703 0.711531
704 0.67167
705 0.752455
706 0.807454
707 0.717523
708 0.734204
709 0.696658
710 0.763618
711 0.717973
712 0.8224
713 0.834761
714 0.743859
715 0.766887
716 0.679676
717 0.788843
718 0.687053
719 0.646687
720 0.737477
721 0.965767
722 0.725842
723 0.846657
724 0.678539
725 0.903676
726 0.690439
727 0.634336
728 0.619674
729 0.693356
730 0.788288
731 0.679163
732 0.738683
733 0.678424
734 0.735575
735 0.700312
736 0.743454
737 0.646211
738 0.630372
739 0.659416
740 0.758147
741 0.710065
742 0.804722
743 0.714874
744 0.71304
745 0.771771
746 0.687206
747 0.818965
748 0.750186
749 0.766303
750 0.745664
751 0.887338
752 0.733201
753 0.648863
754 0.762559
755 0.705046
756 0.719863
757 0.668716
758 0.815852
759 0.69333
760 0.699974
761 0.78593
762 0.780824
763 0.673848
764 0.730077
765 0.653886
766 0.658316
767 0.68055
768 0.666553
769 0.712667
770 0.637174
771 0.699782
772 0.950791
773 0.784418
774 0.704275
775 0.598253
776 0.899255
777 0.787937
778 0.666209
779 0.9072
780 0.764136
781 0.696229
782 0.809108
783 0.867637
784 1.04945
785 0.732717
786 0.684455
787 0.643576
788 0.604051
789 0.664483
790 0.777663
791 0.667774
792 0.74306
793 0.71652
794 0.673207
795 0.720274
796 0.758321
797 0.750747
798 0.714476
799 0.625831
800 0.649571
801 0.725053
802 0.786213
803 0.900573
804 0.711727
805 0.689582
806 0.690866
807 0.817635
808 0.692975
809 0.697815
810 0.681106
811 0.664338
812 0.624111
813 0.644326
814 0.621092
815 0.653434
816 0.60394
817 0.641744
818 0.773432
819 0.674645
820 0.672889
821 0.65683
822 0.651544
823 0.67861
824 0.615404
825 0.699243
826 0.704099
827 0.697447
828 0.666776
829 0.663162
830 0.698494
831 0.621556
832 0.660645
833 0.617351
834 0.623578
835 0.64997
836 0.650729
837 0.678518
838 0.673762
839 0.600498
840 0.742562
841 0.626716
842 0.630145
843 0.654269
844 0.601633
845 0.592535
846 0.585237
847 0.591649
848 0.562085
849 0.631753
850 0.565996
851 0.587981
852 0.606534
853 0.64521
854 0.572669
855 0.655757
856 0.890715
857 0.770896
858 0.741201
859 0.696864
860 0.614977
861 0.659384
862 0.704055
863 0.703608
864 0.673126
865 0.625233
866 0.658555
867 0.654864
868 0.686665
869 0.630375
870 0.651912
871 0.673406
872 0.687574
873 0.70963
874 0.677657
875 0.69742
876 0.617125
877 0.736891
878 0.626039
879 0.642963
880 0.680654
881 0.647249
882 0.734651
883 0.61229
884 0.780122
885 0.60594
886 0.819949
887 0.831223
888 0.613164
889 0.660642
890 0.713272
891 0.671486
892 0.640315
893 0.61316
894 0.63761
895 0.563504
896 0.707308
897 0.627062
898 0.800517
899 0.697034
900 0.619175
901 0.60433
902 0.683041
903 0.625964
904 0.652613
905 0.641576
906 0.625413
907 0.592172
908 0.808474
909 0.729529
910 0.635413
911 0.65788
912 0.686494
913 0.603231
914 0.655927
915 0.619262
916 0.725735
917 0.779878
918 0.639127
919 0.637908
920 0.74653
921 0.664375
922 0.592435
923 0.653527
924 0.606642
925 0.688012
926 0.609589
927 0.677044
928 0.699004
929 0.622712
930 0.730349
931 0.595778
932 0.673193
933 0.707412
934 0.590138
935 0.574871
936 0.727018
937 0.625338
938 0.717413
939 0.629455
940 0.594784
941 0.739779
942 0.673505
943 0.659503
944 0.651945
945 0.593004
946 0.617165
947 0.620918
948 0.663936
949 0.656219
950 0.704526
951 0.613945
952 0.606862
953 0.562982
954 0.663433
955 0.786732
956 0.678116
957 0.682273
958 0.672145
959 0.595895
960 0.612394
961 0.648906
962 0.646303
963 0.62997
964 0.615898
965 0.557433
966 0.59322
967 0.697275
968 0.675689
969 0.646405
970 0.646809
971 0.61242
972 0.537892
973 0.60158
974 0.640184
975 0.646312
976 0.669962
977 0.605641
978 0.612499
979 0.644344
980 0.668738
981 0.659479
982 0.62536
983 0.658973
984 0.572593
985 0.577803
986 0.602279
987 0.650034
988 0.574334
989 0.60166
990 0.612784
991 0.783
992 0.59029
993 0.658834
994 0.722045
995 0.627233
996 0.645495
997 0.612667
998 0.633674
999 0.596313
1000 0.576997
1001 0.630915
1002 0.633265
1003 0.653236
1004 0.650169
1005 0.624752
1006 0.583517
1007 0.621196
1008 0.559516
1009 0.598044
1010 0.649052
1011 0.556175
1012 0.625391
1013 0.599562
1014 0.652188
1015 0.626404
1016 0.59927
1017 0.622398
1018 0.699992
1019 0.646346
1020 0.620564
1021 0.614551
1022 0.569263
1023 0.612927
1024 0.707393
1025 0.732662
1026 0.750109
1027 0.74411
1028 0.784642
1029 0.598795
1030 0.689039
1031 0.603943
1032 0.572361
1033 0.606937
1034 0.6319
1035 0.663142
1036 0.55402
1037 0.609556
1038 0.637395
1039 0.617682
1040 0.657939
1041 0.565416
1042 0.628223
1043 0.615014
1044 0.586334
1045 0.677167
1046 0.60787
1047 0.630438
1048 0.578733
1049 0.574231
1050 0.61579
1051 0.628345
1052 0.586495
1053 0.683453
1054 0.571817
1055 0.576923
1056 0.611271
1057 0.565167
1058 0.545573
1059 0.579127
1060 0.592062
1061 0.622102
1062 0.658758
1063 0.611776
1064 0.549135
1065 0.630765
1066 0.678737
1067 0.5996
1068 0.685233
1069 0.638028
1070 0.606349
1071 0.668377
1072 0.588854
1073 0.57447
1074 0.582161
1075 0.582992
1076 0.568944
1077 0.559494
1078 0.623713
1079 0.569721
1080 0.558412
1081 0.563476
1082 0.605737
1083 0.534914
1084 0.607655
1085 0.528348
1086 0.554929
1087 0.673812
1088 0.598042
1089 0.689018
1090 0.721395
1091 0.585478
1092 0.671465
1093 0.578171
1094 0.597018
1095 0.642522
1096 0.608164
1097 0.604265
1098 0.586852
1099 0.627428
1100 0.722072
1101 0.579069
1102 0.584912
1103 0.623474
1104 0.526018
1105 0.57717
1106 0.607906
1107 0.604026
1108 0.630647
1109 0.565213
1110 0.68799
1111 0.574538
1112 0.579054
1113 0.695479
1114 0.56921
1115 0.559407
1116 0.572551
1117 0.561575
1118 0.60395
1119 0.616915
1120 0.596394
1121 0.548407
1122 0.572377
1123 0.539817
1124 0.581818
1125 0.746117
1126 0.625102
1127 0.602863
1128 0.588676
1129 0.594564
1130 0.589758
1131 0.63502
1132 0.590691
1133 0.621606
1134 0.535657
1135 0.55105
1136 0.584417
1137 0.544191
1138 0.639254
1139 0.594606
1140 0.675266
1141 0.671608
1142 0.678653
1143 0.577505
1144 0.591696
1145 0.563422
1146 0.633013
1147 0.570668
1148 0.574237
1149 0.685471
1150 0.712871
1151 0.60222
1152 0.588903
1153 0.647009
1154 0.643482
1155 0.535725
1156 0.531529
1157 0.573934
1158 0.618502
1159 0.583856
1160 0.545208
1161 0.699826
1162 0.5389
1163 0.56459
1164 0.624454
1165 0.691354
1166 0.517525
1167 0.552411
1168 0.54674
1169 0.578887
1170 0.633131
1171 0.557174
1172 0.55447
1173 0.620559
1174 0.657569
1175 0.612641
1176 0.653495
1177 0.57572
1178 0.579669
1179 0.620986
1180 0.660149
1181 0.539217
1182 0.513996
1183 0.581559
1184 0.580888
1185 0.696086
1186 0.53507
1187 0.706804
1188 0.643349
1189 0.556857
1190 0.669903
1191 0.682743
1192 0.622813
1193 0.536297
1194 0.544758
1195 0.52817
1196 0.584351
1197 0.56836
1198 0.564779
1199 0.532554
1200 0.672036
1201 0.686281
1202 0.651871
1203 0.521049
1204 0.5593
1205 0.657655
1206 0.634432
1207 0.61388
1208 0.674285
1209 0.54303
1210 0.641737
1211 0.598628
1212 0.584534
1213 0.591583
1214 0.586522
1215 0.633074
1216 0.88091
1217 0.715102
1218 0.661367
1219 0.563457
1220 0.574934
1221 0.533209
1222 0.610163
1223 0.53311
1224 0.569969
1225 0.645136
1226 0.552858
1227 0.534645
1228 0.552689
1229 0.553198
1230 0.584877
1231 0.62847
1232 0.760631
1233 0.647073
1234 0.643489
1235 0.542628
1236 0.666675
1237 0.607374
1238 0.594521
1239 0.54221
1240 0.590765
1241 0.529168
1242 0.532567
1243 0.569171
1244 0.583068
1245 0.539916
1246 0.616614
1247 0.578753
1248 0.531576
1249 0.599576
1250 0.604563
1251 0.585414
1252 0.529518
1253 0.56367
1254 0.559634
1255 0.586654
1256 0.50967
1257 0.62583
1258 0.559802
1259 0.564132
1260 0.56685
1261 0.544494
1262 0.560855
1263 0.517193
1264 0.498884
1265 0.553924
1266 0.54021
1267 0.540604
1268 0.551116
1269 0.584926
1270 0.514662
1271 0.54092
1272 0.551383
1273 0.511228
1274 0.525393
1275 0.503468
1276 0.534573
1277 0.511921
1278 0.519678
1279 0.487354
1280 0.488066
1281 0.598255
1282 0.531746
1283 0.486069
1284 0.675967
1285 0.511719
1286 0.662674
1287 0.632375
1288 0.566307
1289 0.558061
1290 0.576369
1291 0.641273
1292 0.585508
1293 0.551241
1294 0.526189
1295 0.520003
1296 0.545224
1297 0.5714
1298 0.505362
1299 0.541104
1300 0.564311
1301 0.612297
1302 0.551839
1303 0.555227
1304 0.599606
1305 0.548301
1306 0.569155
1307 0.573853
1308 0.573353
1309 0.517955
1310 0.544992
1311 0.637979
1312 0.571314
1313 0.54603
1314 0.534195
1315 0.673823
1316 0.783018
1317 0.618518
1318 0.565088
1319 0.58867
1320 0.564416
1321 0.531257
1322 0.495437
1323 0.514715
1324 0.51595
1325 0.534068
1326 0.584056
1327 0.53894
1328 0.508721
1329 0.496962
1330 0.551568
1331 0.521216
1332 0.576006
1333 0.585324
1334 0.532057
1335 0.496851
1336 0.517145
1337 0.617837
1338 0.527956
1339 0.555294
1340 0.559664
1341 0.512504
1342 0.523403
1343 0.497929
1344 0.47748
1345 0.576885
1346 0.542258
1347 0.541064
1348 0.596151
1349 0.548817
1350 0.531204
1351 0.507126
1352 0.504658
1353 0.546301
1354 0.57076
1355 0.533507
1356 0.574741
1357 0.518469
1358 0.538868
1359 0.516182
1360 0.515969
1361 0.542959
1362 0.602645
1363 0.498601
1364 0.496086
1365 0.579368
1366 0.559307
1367 0.499984
1368 0.502394
1369 0.511169
1370 0.573996
1371 0.536275
1372 0.530529
1373 0.555717
1374 0.528713
1375 0.540199
1376 0.526463
1377 0.578911
1378 0.574069
1379 0.542019
1380 0.535063
1381 0.546888
1382 0.517264
1383 0.530649
1384 0.607942
1385 0.605574
1386 0.586944
1387 0.592711
1388 0.492506
1389 0.493546
1390 0.575583
1391 0.492118
1392 0.518912
1393 0.498775
1394 0.496079
1395 0.514388
1396 0.591114
1397 0.536429
1398 0.549449
1399 0.528916
1400 0.467385
1401 0.512059
1402 0.503708
1403 0.528733
1404 0.54168
1405 0.530387
1406 0.47217
1407 0.525628
1408 0.562404
1409 0.551372
1410 0.554688
1411 0.522211
1412 0.543978
1413 0.498096
1414 0.515537
1415 0.538946
1416 0.478583
1417 0.488834
1418 0.550294
1419 0.510054
1420 0.553319
1421 0.497162
1422 0.527324
1423 0.676128
1424 0.6633
1425 0.541521
1426 0.498361
1427 0.518255
1428 0.497877
1429 0.49987
1430 0.474511
1431 0.565537
1432 0.516824
1433 0.605641
1434 0.536648
1435 0.480252
1436 0.571876
1437 0.497361
1438 0.512841
1439 0.541504
1440 0.511104
1441 0.499378
1442 0.452868
1443 0.531909
1444 0.515701
1445 0.474417
1446 0.592522
1447 0.543794
1448 0.633812
1449 0.50158
1450 0.537931
1451 0.493661
1452 0.51862
1453 0.55882
1454 0.639824
1455 0.628808
1456 0.564627
1457 0.609389
1458 0.528889
1459 0.779116
1460 0.520707
1461 0.534742
1462 0.537306
1463 0.46633
1464 0.601448
1465 0.514275
1466 0.49103
1467 0.489832
1468 0.53672
1469 0.516095
1470 0.55284
1471 0.52568
1472 0.482953
1473 0.538174
1474 0.513588
1475 0.546433
1476 0.520297
1477 0.490088
1478 0.502386
1479 0.547942
1480 0.571824
1481 0.518582
1482 0.490015
1483 0.496577
1484 0.477793
1485 0.487624
1486 0.511767
1487 0.481192
1488 0.523201
1489 0.482266
1490 0.580866
1491 0.564872
1492 0.485816
1493 0.532184
1494 0.549463
1495 0.586271
1496 0.524
1497 0.565192
1498 0.602734
1499 0.532827
1500 0.558228
1501 0.466425
1502 0.479431
1503 0.539726
1504 0.464586
1505 0.501399
1506 0.454726
1507 0.538003
1508 0.541998
1509 0.535744
1510 0.58066
1511 0.476953
1512 0.441394
1513 0.512756
1514 0.456184
1515 0.546886
1516 0.519956
1517 0.516779
1518 0.557139
1519 0.58718
1520 0.499317
1521 0.527809
1522 0.497549
1523 0.498658
1524 0.551645
1525 0.54619
1526 0.461871
1527 0.494134
1528 0.520122
1529 0.540894
1530 0.461983
1531 0.49785
1532 0.466782
1533 0.459266
1534 0.517068
1535 0.49508
1536 0.515464
1537 0.488021
1538 0.542591
1539 0.600971
1540 0.524751
1541 0.530555
1542 0.558896
1543 0.471348
1544 0.44938
1545 0.468953
1546 0.563159
1547 0.514488
1548 0.511016
1549 0.542191
1550 0.451098
1551 0.485794
1552 0.488018
1553 0.546821
1554 0.647076
1555 0.537929
1556 0.498704
1557 0.527617
1558 0.521001
1559 0.482818
1560 0.482426
1561 0.473641
1562 0.496647
1563 0.493666
1564 0.507682
1565 0.552497
1566 0.462329
1567 0.564175
1568 0.51191
1569 0.52553
1570 0.519358
1571 0.556527
1572 0.554977
1573 0.474811
1574 0.498715
1575 0.51623
1576 0.5164
1577 0.545411
1578 0.518299
1579 0.543784
1580 0.50036
1581 0.566133
1582 0.567426
1583 0.491644
1584 0.472356
1585 0.437177
1586 0.497218
1587 0.52909
1588 0.538155
1589 0.575671
1590 0.556025
1591 0.495896
1592 0.521223
1593 0.509253
1594 0.575417
1595 0.460844
1596 0.488474
1597 0.545781
1598 0.478361
1599 0.524546
1600 0.490202
1601 0.476978
1602 0.495001
1603 0.533655
1604 0.550361
1605 0.522364
1606 0.578321
1607 0.475525
1608 0.576506
1609 0.562555
1610 0.453658
1611 0.453275
1612 0.546061
1613 0.459803
1614 0.508815
1615 0.495994
1616 0.561524
1617 0.512471
1618 0.553475
1619 0.529417
1620 0.500732
1621 0.534836
1622 0.494668
1623 0.444749
1624 0.482462
1625 0.46963
1626 0.465445
1627 0.496332
1628 0.447366
1629 0.621546
1630 0.544459
1631 0.449771
1632 0.440145
1633 0.548552
1634 0.557786
1635 0.538752
1636 0.579386
1637 0.465104
1638 0.4468
1639 0.553353
1640 0.584407
1641 0.538061
1642 0.531388
1643 0.46795
1644 0.453709
1645 0.457886
1646 0.463236
1647 0.583495
1648 0.46133
1649 0.515348
1650 0.523373
1651 0.495073
1652 0.471906
1653 0.506067
1654 0.535361
1655 0.503718
1656 0.435199
1657 0.446072
1658 0.511476
1659 0.496357
1660 0.606569
1661 0.460792
1662 0.52894
1663 0.495979
1664 0.472225
1665 0.499466
1666 0.493364
1667 0.502427
1668 0.546273
1669 0.481568
1670 0.484143
1671 0.492564
1672 0.498222
1673 0.471423
1674 0.450193
1675 0.490661
1676 0.495416
1677 0.439871
1678 0.490242
1679 0.493057
1680 0.494467
1681 0.448137
1682 0.494309
1683 0.511781
1684 0.42156
1685 0.439594
1686 0.519587
1687 0.473502
1688 0.462377
1689 0.47984
1690 0.472339
1691 0.431832
1692 0.46135
1693 0.431338
1694 0.538756
1695 0.476774
1696 0.455797
1697 0.470998
1698 0.435037
1699 0.452043
1700 0.486916
1701 0.423405
1702 0.423502
1703 0.438768
1704 0.420405
1705 0.44629
1706 0.463737
1707 0.422542
1708 0.4206
1709 0.420413
1710 0.445174
1711 0.436714
1712 0.439254
1713 0.619875
1714 0.450342
1715 0.538488
1716 0.502674
1717 0.473358
1718 0.476857
1719 0.465521
1720 0.516047
1721 0.520325
1722 0.430639
1723 0.446342
1724 0.436071
1725 0.43249
1726 0.460059
1727 0.460026
1728 0.457139
1729 0.493384
1730 0.502453
1731 0.482766
1732 0.544162
1733 0.430262
1734 0.457753
1735 0.452361
1736 0.454711
1737 0.436644
1738 0.511058
1739 0.583541
1740 0.519318
1741 0.589753
1742 0.442342
1743 0.552205
1744 0.548638
1745 0.48036
1746 0.464033
1747 0.454893
1748 0.44523
1749 0.443649
1750 0.473481
1751 0.454568
1752 0.452692
1753 0.43264
1754 0.50723
1755 0.650245
1756 0.465261
1757 0.467354
1758 0.419364
1759 0.495364
1760 0.417504
1761 0.556052
1762 0.440166
1763 0.458903
1764 0.456538
1765 0.449132
1766 0.489944
1767 0.472794
1768 0.521827
1769 0.56482
1770 0.451673
1771 0.487512
1772 0.435464
1773 0.480629
1774 0.470294
1775 0.449089
1776 0.425262
1777 0.440404
1778 0.459981
1779 0.431406
1780 0.449076
1781 0.446641
1782 0.494994
1783 0.481084
1784 0.487996
1785 0.43507
1786 0.437782
1787 0.496842
1788 0.423117
1789 0.434512
1790 0.474537
1791 0.459247
1792 0.408707
1793 0.441038
1794 0.440361
1795 0.484383
1796 0.447466
1797 0.416727
1798 0.455594
1799 0.470062
1800 0.484594
1801 0.451874
1802 0.459668
1803 0.43141
1804 0.433537
1805 0.488651
1806 0.483809
1807 0.454144
1808 0.510936
1809 0.416304
1810 0.418452
1811 0.416433
1812 0.469596
1813 0.451861
1814 0.529919
1815 0.444144
1816 0.512735
1817 0.45102
1818 0.440918
1819 0.505367
1820 0.45969
1821 0.45866
1822 0.409251
1823 0.43177
1824 0.480492
1825 0.47787
1826 0.529862
1827 0.444365
1828 0.478647
1829 0.418804
1830 0.446624
1831 0.427857
1832 0.466558
1833 0.481182
1834 0.452133
1835 0.415688
1836 0.411057
1837 0.464019
1838 0.416776
1839 0.454156
1840 0.443111
1841 0.406041
1842 0.418057
1843 0.413464
1844 0.474625
1845 0.40276
1846 0.456132
1847 0.418692
1848 0.426562
1849 0.478778
1850 0.442093
1851 0.505201
1852 0.551914
1853 0.455094
1854 0.415051
1855 0.412335
1856 0.458507
1857 0.427381
1858 0.432999
1859 0.433531
1860 0.440689
1861 0.451952
1862 0.467532
1863 0.451131
1864 0.436373
1865 0.462321
1866 0.417502
1867 0.468569
1868 0.516114
1869 0.444143
1870 0.437695
1871 0.400466
1872 0.439999
1873 0.424459
1874 0.424137
1875 0.493331
1876 0.470612
1877 0.446746
1878 0.44353
1879 0.419372
1880 0.41444
1881 0.486929
1882 0.475618
1883 0.54553
1884 0.554669
1885 0.794293
1886 0.792476
1887 0.899271
1888 0.608638
1889 0.580863
1890 0.72784
1891 0.860355
1892 0.457351
1893 0.464682
1894 0.458816
1895 0.475295
1896 0.50213
1897 0.478893
1898 0.434053
1899 0.513464
1900 0.423795
1901 0.451831
1902 0.452496
1903 0.449094
1904 0.504015
1905 0.449322
1906 0.420848
1907 0.436297
1908 0.466471
1909 0.467842
1910 0.440642
1911 0.520337
1912 0.447524
1913 0.423675
1914 0.40596
1915 0.419249
1916 0.412281
1917 0.476813
1918 0.448857
1919 0.439591
1920 0.450676
1921 0.439615
1922 0.49469
1923 0.471261
1924 0.418608
1925 0.441742
1926 0.433895
1927 0.458882
1928 0.468342
1929 0.433663
1930 0.424471
1931 0.480678
1932 0.465662
1933 0.417553
1934 0.404857
1935 0.439771
1936 0.505874
1937 0.423122
1938 0.452711
1939 0.431119
1940 0.396107
1941 0.461377
1942 0.400881
1943 0.40393
1944 0.458717
1945 0.446616
1946 0.51041
1947 0.481263
1948 0.460739
1949 0.43433
1950 0.423768
1951 0.393021
1952 0.460021
1953 0.430179
1954 0.431104
1955 0.476852
1956 0.439842
1957 0.499982
1958 0.448736
1959 0.403209
1960 0.469041
1961 0.393378
1962 0.430701
1963 0.444771
1964 0.396308
1965 0.464208
1966 0.45564
1967 0.482872
1968 0.487807
1969 0.405593
1970 0.419008
1971 0.507221
1972 0.484646
1973 0.401211
1974 0.417635
1975 0.50255
1976 0.459883
1977 0.480687
1978 0.458759
1979 0.436674
1980 0.395863
1981 0.413866
1982 0.465859
1983 0.478651
1984 0.398226
1985 0.477513
1986 0.470178
1987 0.44422
1988 0.416804
1989 0.378407
1990 0.418821
1991 0.425211
1992 0.425191
1993 0.402211
1994 0.427092
1995 0.474411
1996 0.420601
1997 0.40417
1998 0.521932
1999 0.457898
2000 0.466596
2001 0.433515
2002 0.422974
2003 0.473523
2004 0.426972
2005 0.401792
2006 0.453019
2007 0.483478
2008 0.444259
2009 0.468395
2010 0.413179
2011 0.472862
2012 0.434877
2013 0.401437
2014 0.392882
2015 0.430764
2016 0.452548
2017 0.397429
2018 0.438023
2019 0.429872
2020 0.429182
2021 0.446708
2022 0.419182
2023 0.438491
2024 0.40032
2025 0.410233
2026 0.420191
2027 0.41962
2028 0.45348
2029 0.425641
2030 0.460143
2031 0.408702
2032 0.398785
2033 0.388918
2034 0.510818
2035 0.505769
2036 0.485912
2037 0.470753
2038 0.414282
2039 0.420138
2040 0.451323
2041 0.415879
2042 0.438839
2043 0.459323
2044 0.464252
2045 0.453272
2046 0.450586
2047 0.452154
2048 0.563185
2049 0.39261
2050 0.415515
2051 0.423434
2052 0.413858
2053 0.409999
2054 0.426301
2055 0.447189
2056 0.383335
2057 0.412569
2058 0.53431
2059 0.436572
2060 0.389853
2061 0.362865
2062 0.499923
2063 0.468683
2064 0.379756
2065 0.498135
2066 0.415354
2067 0.416322
2068 0.509493
2069 0.50375
2070 0.559258
2071 0.435943
2072 0.515198
2073 0.563676
2074 0.370093
2075 0.396774
2076 0.514347
2077 0.44423
2078 0.429796
2079 0.391952
2080 0.424513
2081 0.469875
2082 0.434386
2083 0.474044
2084 0.433659
2085 0.393657
2086 0.39395
2087 0.428421
2088 0.496342
2089 0.571971
2090 0.496018
2091 0.485679
2092 0.399255
2093 0.376798
2094 0.473393
2095 0.464754
2096 0.447318
2097 0.459443
2098 0.415853
2099 0.433391
2100 0.375113
2101 0.451664
2102 0.39509
2103 0.384577
2104 0.484612
2105 0.377521
2106 0.428198
2107 0.408489
2108 0.414927
2109 0.434725
2110 0.400123
2111 0.462864
2112 0.426022
2113 0.397477
2114 0.462332
2115 0.412646
2116 0.44663
2117 0.420384
2118 0.497252
2119 0.385702
2120 0.397018
2121 0.40344
2122 0.378961
2123 0.462939
2124 0.434337
2125 0.380877
2126 0.425099
2127 0.411403
2128 0.392991
2129 0.416803
2130 0.363194
2131 0.371912
2132 0.410193
2133 0.375531
2134 0.390588
2135 0.395483
2136 0.360071
2137 0.375171
2138 0.390851
2139 0.402386
2140 0.371622
2141 0.395445
2142 0.537163
2143 0.440878
2144 0.46681
2145 0.397257
2146 0.400128
2147 0.394506
2148 0.474153
2149 0.425868
2150 0.40195
2151 0.386578
2152 0.393269
2153 0.405685
2154 0.395596
2155 0.390264
2156 0.388086
2157 0.418486
2158 0.443486
2159 0.456256
2160 0.392202
2161 0.416054
2162 0.367892
2163 0.434739
2164 0.428805
2165 0.414096
2166 0.406092
2167 0.415625
2168 0.468907
2169 0.382972
2170 0.408596
2171 0.405572
2172 0.539384
2173 0.566844
2174 0.426639
2175 0.387955
2176 0.473079
2177 0.382588
2178 0.372226
2179 0.367783
2180 0.38249
2181 0.380448
2182 0.393966
2183 0.404918
2184 0.57113
2185 0.432143
2186 0.398715
2187 0.367532
2188 0.410448
2189 0.51784
2190 0.437598
2191 0.398578
2192 0.392444
2193 0.384317
2194 0.472173
2195 0.417679
2196 0.427725
2197 0.407858
2198 0.390355
2199 0.385312
2200 0.38268
2201 0.38623
2202 0.390256
2203 0.394225
2204 0.509137
2205 0.400616
2206 0.414485
2207 0.414238
2208 0.384277
2209 0.410149
2210 0.382719
2211 0.380339
2212 0.383819
2213 0.428348
2214 0.448618
2215 0.383369
2216 0.40228
2217 0.378504
2218 0.407422
2219 0.562851
2220 0.488338
2221 0.365554
2222 0.394782
2223 0.414745
2224 0.383629
2225 0.386066
2226 0.366032
2227 0.422591
2228 0.403178
2229 0.386424
2230 0.409629
2231 0.389772
2232 0.396572
2233 0.43207
2234 0.449181
2235 0.441828
2236 0.412385
2237 0.409505
2238 0.392448
2239 0.357388
2240 0.379219
2241 0.430312
2242 0.380321
2243 0.444684
2244 0.411585
2245 0.42651
2246 0.422061
2247 0.427358
2248 0.391485
2249 0.373865
2250 0.372156
2251 0.396215
2252 0.419883
2253 0.469504
2254 0.422604
2255 0.411008
2256 0.427159
2257 0.402451
2258 0.396704
2259 0.377526
2260 0.428173
2261 0.414211
2262 0.41627
2263 0.424611
2264 0.38753
2265 0.446611
2266 0.440142
2267 0.420473
2268 0.37907
2269 0.400687
2270 0.397321
2271 0.406414
2272 0.393493
2273 0.444935
2274 0.390887
2275 0.3892
2276 0.401289
2277 0.394139
2278 0.420227
2279 0.354207
2280 0.402847
2281 0.425363
2282 0.373951
2283 0.353382
2284 0.385505
2285 0.403509
2286 0.396309
2287 0.389081
2288 0.401633
2289 0.373736
2290 0.398248
2291 0.476974
2292 0.38733
2293 0.378624
2294 0.372499
2295 0.393134
2296 0.393827
2297 0.367347
2298 0.406872
2299 0.376019
2300 0.401858
2301 0.377693
2302 0.387605
2303 0.439542
2304 0.450454
2305 0.426743
2306 0.375368
2307 0.368279
2308 0.37164
2309 0.392597
2310 0.378556
2311 0.480314
2312 0.419802
2313 0.457268
2314 0.506307
2315 0.396534
2316 0.440441
2317 0.378917
2318 0.388379
2319 0.394562
2320 0.377652
2321 0.472795
2322 0.364443
2323 0.372135
2324 0.392628
2325 0.361837
2326 0.388589
2327 0.379273
2328 0.495369
2329 0.356147
2330 0.374762
2331 0.408361
2332 0.406289
2333 0.401148
2334 0.360918
2335 0.364945
2336 0.411761
2337 0.367492
2338 0.370813
2339 0.384527
2340 0.344219
2341 0.347445
2342 0.404175
2343 0.389766
2344 0.355965
2345 0.359537
2346 0.379988
2347 0.359557
2348 0.421011
2349 0.414378
2350 0.367179
2351 0.442662
2352 0.429607
2353 0.399874
2354 0.390888
2355 0.361473
2356 0.385618
2357 0.436697
2358 0.37665
2359 0.398984
2360 0.367914
2361 0.391521
2362 0.366824
2363 0.345544
2364 0.37046
2365 0.380659
2366 0.391207
2367 0.394438
2368 0.373374
2369 0.342404
2370 0.390174
2371 0.331934
2372 0.354453
2373 0.44397
2374 0.357632
2375 0.428413
2376 0.422548
2377 0.40209
2378 0.437638
2379 0.360299
2380 0.385974
2381 0.441308
2382 0.39049
2383 0.359381
2384 0.410281
2385 0.405488
2386 0.457284
2387 0.344271
2388 0.338709
2389 0.399294
2390 0.373287
2391 0.380241
2392 0.361458
2393 0.374664
2394 0.426651
2395 0.355647
2396 0.47992
2397 0.384809
2398 0.350858
2399 0.432444
2400 0.365282
2401 0.355456
2402 0.332486
2403 0.346354
2404 0.421824
2405 0.384622
2406 0.380404
2407 0.354929
2408 0.335761
2409 0.348876
2410 0.366188
2411 0.452391
2412 0.442315
2413 0.362167
2414 0.423715
2415 0.464671
2416 0.376832
2417 0.354581
2418 0.380728
2419 0.425923
2420 0.392567
2421 0.380264
2422 0.379996
2423 0.362848
2424 0.405987
2425 0.362644
2426 0.394821
2427 0.447261
2428 0.437296
2429 0.377453
2430 0.366737
2431 0.354243
2432 0.366768
2433 0.375553
2434 0.370487
2435 0.398034
2436 0.479122
2437 0.375276
2438 0.388362
2439 0.407398
2440 0.370005
2441 0.383204
2442 0.319375
2443 0.396787
2444 0.365709
2445 0.393777
2446 0.344548
2447 0.403646
2448 0.338511
2449 0.349065
2450 0.350985
2451 0.434795
2452 0.327236
2453 0.348725
2454 0.366779
2455 0.343884
2456 0.354414
2457 0.377587
2458 0.355646
2459 0.376378
2460 0.414125
2461 0.39239
2462 0.349903
2463 0.361162
2464 0.409068
2465 0.403928
2466 0.368059
2467 0.346134
2468 0.33389
2469 0.371716
2470 0.362337
2471 0.398463
2472 0.34599
2473 0.431118
2474 0.410759
2475 0.369447
2476 0.424123
2477 0.404223
2478 0.406822
2479 0.343066
2480 0.337663
2481 0.366955
2482 0.368318
2483 0.365157
2484 0.357688
2485 0.345012
2486 0.410846
2487 0.431305
2488 0.441112
2489 0.342814
2490 0.369844
2491 0.39846
2492 0.34186
2493 0.356661
2494 0.403616
2495 0.346275
2496 0.379304
2497 0.349938
2498 0.350905
2499 0.395832
2500 0.333693
2501 0.36745
2502 0.360866
2503 0.339404
2504 0.454982
2505 0.387235
2506 0.375214
2507 0.341421
2508 0.359419
2509 0.342405
2510 0.39638
2511 0.378252
2512 0.340814
2513 0.392264
2514 0.326129
2515 0.359232
2516 0.37904
2517 0.401143
2518 0.444874
2519 0.38232
2520 0.398036
2521 0.341513
2522 0.364105
2523 0.416678
2524 0.36722
2525 0.347801
2526 0.380278
2527 0.348266
2528 0.390703
2529 0.33502
2530 0.345291
2531 0.3526
2532 0.382188
2533 0.358292
2534 0.357551
2535 0.366081
2536 0.394052
2537 0.348719
2538 0.354474
2539 0.352194
2540 0.337485
2541 0.367079
2542 0.312713
2543 0.354377
2544 0.393121
2545 0.388955
2546 0.367058
2547 0.329348
2548 0.337
2549 0.345374
2550 0.335295
2551 0.343494
2552 0.338875
2553 0.396781
2554 0.349726
2555 0.35454
2556 0.349682
2557 0.352425
2558 0.348555
2559 0.337552
2560 0.316416
2561 0.316824
2562 0.328402
2563 0.347955
2564 0.357088
2565 0.32213
2566 0.312745
2567 0.345766
2568 0.331384
2569 0.316364
2570 0.423925
2571 0.319613
2572 0.430629
2573 0.34052
2574 0.371613
2575 0.344747
2576 0.34264
2577 0.364841
2578 0.412311
2579 0.341634
2580 0.333783
2581 0.360423
2582 0.333256
2583 0.373901
2584 0.33573
2585 0.33557
2586 0.366719
2587 0.400092
2588 0.351618
2589 0.382312
2590 0.368727
2591 0.325716
2592 0.337471
2593 0.329843
2594 0.352088
2595 0.354172
2596 0.333876
2597 0.435722
2598 0.337179
2599 0.365828
2600 0.347456
2601 0.444567
2602 0.446917
2603 0.333203
2604 0.346875
2605 0.359768
2606 0.36174
2607 0.335049
2608 0.334234
2609 0.331846
2610 0.338318
2611 0.370707
2612 0.35063
2613 0.408624
2614 0.336564
2615 0.310498
2616 0.32286
2617 0.353831
2618 0.351287
2619 0.333591
2620 0.377569
2621 0.341781
2622 0.390784
2623 0.380305
2624 0.374098
2625 0.385612
2626 0.363781
2627 0.327265
2628 0.339779
2629 0.358645
2630 0.329204
2631 0.382696
2632 0.371473
2633 0.34195
2634 0.371792
2635 0.360505
2636 0.349697
2637 0.344884
2638 0.329125
2639 0.340034
2640 0.340843
2641 0.339166
2642 0.337824
2643 0.333426
2644 0.343866
2645 0.361412
2646 0.354966
2647 0.333608
2648 0.416241
2649 0.327303
2650 0.360075
2651 0.351092
2652 0.352686
2653 0.349465
2654 0.310355
2655 0.357149
2656 0.352629
2657 0.353976
2658 0.388169
2659 0.36217
2660 0.356663
2661 0.338082
2662 0.359592
2663 0.371534
2664 0.369565
2665 0.324589
2666 0.315282
2667 0.335467
2668 0.328474
2669 0.317784
2670 0.389455
2671 0.401303
2672 0.3279
2673 0.362738
2674 0.326242
2675 0.339502
2676 0.401505
2677 0.321711
2678 0.318287
2679 0.323207
2680 0.316899
2681 0.342667
2682 0.388299
2683 0.327975
2684 0.35782
2685 0.367271
2686 0.361437
2687 0.342207
2688 0.399925
2689 0.360524
2690 0.362278
2691 0.343181
2692 0.328848
2693 0.344133
2694 0.352899
2695 0.421279
2696 0.359816
2697 0.329993
2698 0.364465
2699 0.325496
2700 0.324372
2701 0.356666
2702 0.325242
2703 0.313842
2704 0.339728
2705 0.305693
2706 0.371395
2707 0.344979
2708 0.322338
2709 0.370827
2710 0.317751
2711 0.327907
2712 0.313459
2713 0.386048
2714 0.335503
2715 0.346342
2716 0.307881
2717 0.346822
2718 0.348099
2719 0.416613
2720 0.375851
2721 0.363024
2722 0.33399
2723 0.322963
2724 0.323205
2725 0.339243
2726 0.363082
2727 0.34966
2728 0.309222
2729 0.340816
2730 0.332421
2731 0.314547
2732 0.391727
2733 0.342057
2734 0.367618
2735 0.343054
2736 0.379594
2737 0.332385
2738 0.327877
2739 0.335945
2740 0.405481
2741 0.39202
2742 0.370757
2743 0.368129
2744 0.359441
2745 0.39665
2746 0.326177
2747 0.34322
2748 0.332129
2749 0.394205
2750 0.409072
2751 0.35585
2752 0.305873
2753 0.337702
2754 0.371558
2755 0.323209
2756 0.369843
2757 0.389195
2758 0.368015
2759 0.371897
2760 0.328653
2761 0.347736
2762 0.398651
2763 0.334683
2764 0.312183
2765 0.341541
2766 0.353993
2767 0.33597
2768 0.330891
2769 0.304565
2770 0.295635
2771 0.353378
2772 0.327371
2773 0.320287
2774 0.363335
2775 0.337613
2776 0.346575
2777 0.334715
2778 0.31106
2779 0.356153
2780 0.359777
2781 0.382685
2782 0.33075
2783 0.350969
2784 0.3104
2785 0.378752
2786 0.323655
2787 0.325934
2788 0.326496
2789 0.335051
2790 0.323609
2791 0.336332
2792 0.355324
2793 0.327977
2794 0.3064
2795 0.318497
2796 0.388061
2797 0.307976
2798 0.310163
2799 0.327667
2800 0.326659
2801 0.371849
2802 0.326969
2803 0.356112
2804 0.31284
2805 0.363557
2806 0.322165
2807 0.39464
2808 0.364867
2809 0.325326
2810 0.357902
2811 0.366875
2812 0.323443
2813 0.346194
2814 0.341201
2815 0.409381
2816 0.334667
2817 0.317078
2818 0.305465
2819 0.303545
2820 0.353393
2821 0.35164
2822 0.356067
2823 0.397089
2824 0.387349
2825 0.355342
2826 0.340634
2827 0.353701
2828 0.431503
2829 0.31077
2830 0.323384
2831 0.327409
2832 0.342451
2833 0.352458
2834 0.387334
2835 0.360959
2836 0.314931
2837 0.328974
2838 0.305663
2839 0.350422
2840 0.387
2841 0.348912
2842 0.331257
2843 0.33502
2844 0.356943
2845 0.304249
2846 0.321114
2847 0.359779
2848 0.3288
2849 0.344321
2850 0.33764
2851 0.337724
2852 0.320894
2853 0.323166
2854 0.348064
2855 0.384941
2856 0.302364
2857 0.365915
2858 0.335527
2859 0.34361
2860 0.341885
2861 0.328221
2862 0.337207
2863 0.315511
2864 0.346909
2865 0.336945
2866 0.307268
2867 0.337814
2868 0.342947
2869 0.333323
2870 0.314104
2871 0.297854
2872 0.360752
2873 0.314368
2874 0.370821
2875 0.305339
2876 0.353466
2877 0.319665
2878 0.341385
2879 0.303661
2880 0.377614
2881 0.31609
2882 0.323287
2883 0.32446
2884 0.30931
2885 0.314211
2886 0.329235
2887 0.323269
2888 0.315015
2889 0.319641
2890 0.305184
2891 0.326685
2892 0.320996
2893 0.352902
2894 0.406955
2895 0.376351
2896 0.311282
2897 0.328384
2898 0.353197
2899 0.328284
2900 0.3546
2901 0.314844
2902 0.379829
2903 0.355499
2904 0.363803
2905 0.345806
2906 0.331198
2907 0.356702
2908 0.371922
2909 0.304015
2910 0.328179
2911 0.304444
2912 0.328248
2913 0.35219
2914 0.303353
2915 0.384833
2916 0.360887
2917 0.344785
2918 0.314346
2919 0.319549
2920 0.338525
2921 0.351186
2922 0.355772
2923 0.311983
2924 0.312082
2925 0.365258
2926 0.352193
2927 0.331321
2928 0.29097
2929 0.312955
2930 0.312255
2931 0.315622
2932 0.306454
2933 0.413977
2934 0.324534
2935 0.327001
2936 0.322953
2937 0.327424
2938 0.313977
2939 0.324557
2940 0.348095
2941 0.333019
2942 0.305936
2943 0.291125
2944 0.326448
2945 0.350898
2946 0.372319
2947 0.295841
2948 0.334964
2949 0.29048
2950 0.305125
2951 0.305262
2952 0.347424
2953 0.358391
2954 0.370713
2955 0.320307
2956 0.330658
2957 0.301146
2958 0.326391
2959 0.346226
2960 0.299957
2961 0.339463
2962 0.320059
2963 0.30154
2964 0.337606
2965 0.357227
2966 0.359765
2967 0.293606
2968 0.289719
2969 0.331568
2970 0.298185
2971 0.295883
2972 0.326765
2973 0.309441
2974 0.309744
2975 0.338091
2976 0.304375
2977 0.292999
2978 0.352825
2979 0.280787
2980 0.307168
2981 0.335305
2982 0.347689
2983 0.316772
2984 0.319486
2985 0.291592
2986 0.337245
2987 0.285611
2988 0.318712
2989 0.29666
2990 0.272341
2991 0.305949
2992 0.31197
2993 0.277335
2994 0.293596
2995 0.293228
2996 0.302062
2997 0.292785
2998 0.280994
2999 0.401174
3000 0.297724
3001 0.344544
3002 0.328989
3003 0.321564
3004 0.307667
3005 0.336474
3006 0.322233
3007 0.331464
3008 0.293191
3009 0.312328
3010 0.325339
3011 0.330167
3012 0.305658
3013 0.285659
3014 0.295087
3015 0.322886
3016 0.306397
3017 0.327358
3018 0.359925
3019 0.33059
3020 0.295316
3021 0.318464
3022 0.288457
3023 0.316422
3024 0.314133
3025 0.380598
3026 0.338726
3027 0.314731
3028 0.308755
3029 0.375287
3030 0.415571
3031 0.304578
3032 0.35605
3033 0.314756
3034 0.368799
3035 0.338863
3036 0.313358
3037 0.305208
3038 0.322577
3039 0.308278
3040 0.305257
3041 0.436422
3042 0.329383
3043 0.282077
3044 0.285608
3045 0.319281
3046 0.287532
3047 0.389753
3048 0.34002
3049 0.307926
3050 0.276012
3051 0.287435
3052 0.314753
3053 0.338175
3054 0.307223
3055 0.334707
3056 0.285626
3057 0.323973
3058 0.332777
3059 0.302838
3060 0.307729
3061 0.308029
3062 0.300441
3063 0.320326
3064 0.316758
3065 0.297521
3066 0.321089
3067 0.311597
3068 0.331054
3069 0.291774
3070 0.345264
3071 0.342898
3072 0.301182
3073 0.306561
3074 0.341437
3075 0.358364
3076 0.297193
3077 0.31344
3078 0.312898
3079 0.293797
3080 0.328747
3081 0.328469
3082 0.311019
3083 0.292729
3084 0.296775
3085 0.329949
3086 0.299011
3087 0.302266
3088 0.283601
3089 0.285441
3090 0.301001
3091 0.305422
3092 0.306129
3093 0.293496
3094 0.316329
3095 0.279479
3096 0.300512
3097 0.283423
3098 0.343835
3099 0.305181
3100 0.361687
3101 0.305246
3102 0.333557
3103 0.315649
3104 0.282047
3105 0.340126
3106 0.295123
3107 0.313116
3108 0.319347
3109 0.278513
3110 0.324902
3111 0.312514
3112 0.386788
3113 0.336312
3114 0.285683
3115 0.282567
3116 0.327233
3117 0.334014
3118 0.322742
3119 0.367708
3120 0.294876
3121 0.284874
3122 0.284324
3123 0.295337
3124 0.300847
3125 0.340388
3126 0.309294
3127 0.302825
3128 0.291333
3129 0.311845
3130 0.330792
3131 0.279211
3132 0.334913
3133 0.281995
3134 0.281608
3135 0.334688
3136 0.291162
3137 0.273842
3138 0.322174
3139 0.327376
3140 0.30879
3141 0.276439
3142 0.308359
3143 0.289787
3144 0.302616
3145 0.291652
3146 0.311126
3147 0.302598
3148 0.334983
3149 0.2913
3150 0.269073
3151 0.287228
3152 0.289204
3153 0.302667
3154 0.303691
3155 0.298957
3156 0.288701
3157 0.276687
3158 0.295146
3159 0.297218
3160 0.277554
3161 0.360808
3162 0.27345
3163 0.287181
3164 0.289813
3165 0.284332
3166 0.297224
3167 0.324693
3168 0.314204
3169 0.341216
3170 0.317679
3171 0.294682
3172 0.292241
3173 0.300789
3174 0.302535
3175 0.301775
3176 0.340482
3177 0.285734
3178 0.277425
3179 0.3149
3180 0.28806
3181 0.288633
3182 0.301881
3183 0.306911
3184 0.265772
3185 0.289941
3186 0.291696
3187 0.314483
3188 0.286502
3189 0.328232
3190 0.387869
3191 0.372691
3192 0.29626
3193 0.301921
3194 0.273242
3195 0.299665
3196 0.330546
3197 0.286743
3198 0.269427
3199 0.301714
3200 0.305279
3201 0.269386
3202 0.285786
3203 0.316032
3204 0.307926
3205 0.311195
3206 0.3224
3207 0.27587
3208 0.310398
3209 0.346677
3210 0.324658
3211 0.306979
3212 0.303006
3213 0.297952
3214 0.335251
3215 0.348631
3216 0.293755
3217 0.294467
3218 0.28101
3219 0.264172
3220 0.277718
3221 0.294629
3222 0.297491
3223 0.280018
3224 0.294863
3225 0.281002
3226 0.256888
3227 0.300516
3228 0.27585
3229 0.253068
3230 0.292993
3231 0.312493
3232 0.348435
3233 0.341402
3234 0.326772
3235 0.285981
3236 0.285783
3237 0.308463
3238 0.35693
3239 0.260568
3240 0.343199
3241 0.319643
3242 0.288982
3243 0.296804
3244 0.299202
3245 0.272012
3246 0.298296
3247 0.27479
3248 0.301445
3249 0.26087
3250 0.310238
3251 0.324966
3252 0.288378
3253 0.308644
3254 0.295615
3255 0.28801
3256 0.281395
3257 0.326047
3258 0.276431
3259 0.30014
3260 0.29265
3261 0.305044
3262 0.300854
3263 0.306987
3264 0.283192
3265 0.274678
3266 0.29469
3267 0.324868
3268 0.313082
3269 0.340638
3270 0.293769
3271 0.350507
3272 0.314843
3273 0.301821
3274 0.338191
3275 0.308737
3276 0.331978
3277 0.28817
3278 0.317774
3279 0.266169
3280 0.331904
3281 0.287173
3282 0.288808
3283 0.297237
3284 0.352274
3285 0.321366
3286 0.341653
3287 0.28355
3288 0.282412
3289 0.338248
3290 0.286959
3291 0.299497
3292 0.333112
3293 0.33771
3294 0.288005
3295 0.324104
3296 0.281152
3297 0.352754
3298 0.315945
3299 0.282792
3300 0.284771
3301 0.318432
3302 0.320175
3303 0.266621
3304 0.301574
3305 0.315874
3306 0.292888
3307 0.331146
3308 0.299497
3309 0.289542
3310 0.268923
3311 0.269518
3312 0.283003
3313 0.27657
3314 0.303855
3315 0.296632
3316 0.285718
3317 0.325317
3318 0.270379
3319 0.30349
3320 0.307779
3321 0.326031
3322 0.296831
3323 0.310115
3324 0.31917
3325 0.269902
3326 0.298127
3327 0.303012
3328 0.328075
3329 0.285838
3330 0.298104
3331 0.311216
3332 0.319635
3333 0.332716
3334 0.322432
3335 0.275176
3336 0.280133
3337 0.29237
3338 0.286525
3339 0.284775
3340 0.28942
3341 0.297296
3342 0.274764
3343 0.296977
3344 0.407677
3345 0.307753
3346 0.329835
3347 0.285307
3348 0.36611
3349 0.272597
3350 0.27488
3351 0.348613
3352 0.288169
3353 0.264844
3354 0.326638
3355 0.358965
3356 0.496081
3357 0.341183
3358 0.281348
3359 0.275182
3360 0.257077
3361 0.28362
3362 0.357315
3363 0.287661
3364 0.29621
3365 0.266692
3366 0.281049
3367 0.277696
3368 0.281983
3369 0.304133
3370 0.270472
3371 0.272215
3372 0.248606
3373 0.282797
3374 0.301091
3375 0.333835
3376 0.2778
3377 0.332179
3378 0.291457
3379 0.284766
3380 0.314846
3381 0.280229
3382 0.282716
3383 0.272717
3384 0.279267
3385 0.335389
3386 0.2694
3387 0.296847
3388 0.281831
3389 0.292979
3390 0.328255
3391 0.300425
3392 0.263185
3393 0.284248
3394 0.318032
3395 0.288297
3396 0.267721
3397 0.310101
3398 0.291596
3399 0.299433
3400 0.273875
3401 0.311969
3402 0.285191
3403 0.280577
3404 0.289772
3405 0.272783
3406 0.262764
3407 0.272342
3408 0.25414
3409 0.280737
3410 0.270754
3411 0.267097
3412 0.263274
3413 0.266825
3414 0.281143
3415 0.300561
3416 0.259781
3417 0.263301
3418 0.267531
3419 0.297127
3420 0.261622
3421 0.257509
3422 0.267824
3423 0.261611
3424 0.261691
3425 0.27385
3426 0.268013
3427 0.287328
3428 0.373217
3429 0.400497
3430 0.372635
3431 0.3
3432 0.271919
3433 0.268734
3434 0.313736
3435 0.285955
3436 0.294518
3437 0.265911
3438 0.254301
3439 0.273427
3440 0.281175
3441 0.288639
3442 0.276562
3443 0.308036
3444 0.319146
3445 0.314432
3446 0.282154
3447 0.311569
3448 0.297497
3449 0.279409
3450 0.280567
3451 0.274045
3452 0.260159
3453 0.280736
3454 0.314654
3455 0.283258
3456 0.289649
3457 0.26986
3458 0.373871
3459 0.335824
3460 0.26293
3461 0.251158
3462 0.275777
3463 0.260974
3464 0.325243
3465 0.250569
3466 0.252451
3467 0.257315
3468 0.281698
3469 0.297983
3470 0.355676
3471 0.281073
3472 0.364395
3473 0.259923
3474 0.263214
3475 0.260429
3476 0.335798
3477 0.25511
3478 0.273241
3479 0.276028
3480 0.296912
3481 0.320616
3482 0.258363
3483 0.288073
3484 0.262749
3485 0.248636
3486 0.303695
3487 0.267826
3488 0.259744
3489 0.261676
3490 0.267877
3491 0.263946
3492 0.275928
3493 0.286671
3494 0.273392
3495 0.296952
3496 0.266246
3497 0.287794
3498 0.295877
3499 0.322048
3500 0.272874
3501 0.295642
3502 0.27315
3503 0.254114
3504 0.265523
3505 0.32155
3506 0.294141
3507 0.267995
3508 0.285821
3509 0.289306
3510 0.302026
3511 0.294098
3512 0.287676
3513 0.318723
3514 0.298505
3515 0.320315
3516 0.261924
3517 0.255381
3518 0.257295
3519 0.26023
3520 0.276741
3521 0.26818
3522 0.287274
3523 0.27685
3524 0.316999
3525 0.245437
3526 0.266248
3527 0.311553
3528 0.274867
3529 0.29021
3530 0.267722
3531 0.271088
3532 0.276482
3533 0.277466
3534 0.289049
3535 0.276481
3536 0.284419
3537 0.247176
3538 0.283996
3539 0.290111
3540 0.267561
3541 0.30058
3542 0.297809
3543 0.279333
3544 0.246321
3545 0.268891
3546 0.297785
3547 0.294229
3548 0.271457
3549 0.2688
3550 0.264057
3551 0.294801
3552 0.307429
3553 0.300324
3554 0.288626
3555 0.308435
3556 0.267597
3557 0.269335
3558 0.268702
3559 0.355631
3560 0.258997
3561 0.240714
3562 0.26708
3563 0.312456
3564 0.271828
3565 0.266843
3566 0.285116
3567 0.280479
3568 0.261371
3569 0.248206
3570 0.254924
3571 0.288277
3572 0.263546
3573 0.26821
3574 0.286105
3575 0.255922
3576 0.260089
3577 0.321587
3578 0.263198
3579 0.259309
3580 0.294009
3581 0.258618
3582 0.240354
3583 0.286146
3584 0.265057
3585 0.259317
3586 0.262786
3587 0.269278
3588 0.288309
3589 0.265147
3590 0.303314
3591 0.274421
3592 0.273602
3593 0.272139
3594 0.235588
3595 0.274243
3596 0.280611
3597 0.301142
3598 0.302984
3599 0.336674
3600 0.271905
3601 0.260617
3602 0.283542
3603 0.285627
3604 0.264649
3605 0.271595
3606 0.272698
3607 0.275582
3608 0.246894
3609 0.269192
3610 0.246967
3611 0.265439
3612 0.261962
3613 0.257955
3614 0.291585
3615 0.256252
3616 0.27434
3617 0.247289
3618 0.288004
3619 0.282665
3620 0.250605
3621 0.240836
3622 0.262505
3623 0.274669
3624 0.274562
3625 0.302137
3626 0.259583
3627 0.268715
3628 0.260183
3629 0.274655
3630 0.259803
3631 0.259303
3632 0.265186
3633 0.337556
3634 0.280334
3635 0.2916
3636 0.271788
3637 0.282571
3638 0.375513
3639 0.240324
3640 0.261138
3641 0.250254
3642 0.264847
3643 0.366596
3644 0.283457
3645 0.247803
3646 0.275439
3647 0.268271
3648 0.280857
3649 0.243245
3650 0.285825
3651 0.296778
3652 0.257726
3653 0.25682
3654 0.269447
3655 0.257506
3656 0.282505
3657 0.267774
3658 0.257997
3659 0.263982
3660 0.279143
3661 0.287928
3662 0.289462
3663 0.27153
3664 0.290167
3665 0.272775
3666 0.249952
3667 0.326473
3668 0.285201
3669 0.257913
3670 0.255032
3671 0.285506
3672 0.329994
3673 0.256351
3674 0.267205
3675 0.252703
3676 0.240549
3677 0.304969
3678 0.296286
3679 0.265635
3680 0.27827
3681 0.246361
3682 0.264695
3683 0.264878
3684 0.273497
3685 0.265032
3686 0.318192
3687 0.256795
3688 0.261729
3689 0.283674
3690 0.253632
3691 0.262594
3692 0.307719
3693 0.268581
3694 0.251632
3695 0.253976
3696 0.258637
3697 0.303309
3698 0.294596
3699 0.28156
3700 0.274038
3701 0.342931
3702 0.291847
3703 0.275601
3704 0.261271
3705 0.260605
3706 0.241895
3707 0.264077
3708 0.26561
3709 0.245816
3710 0.262081
3711 0.279482
3712 0.24633
3713 0.30327
3714 0.313394
3715 0.248521
3716 0.280328
3717 0.26213
3718 0.257629
3719 0.270576
3720 0.253752
3721 0.290785
3722 0.273769
3723 0.247531
3724 0.270921
3725 0.291159
3726 0.277622
3727 0.261406
3728 0.2389
3729 0.281732
3730 0.2629
3731 0.292849
3732 0.236239
3733 0.274214
3734 0.273768
3735 0.22818
3736 0.24241
3737 0.336074
3738 0.261691
3739 0.245636
3740 0.282142
3741 0.256748
3742 0.243746
3743 0.283505
3744 0.242458
3745 0.273227
3746 0.307204
3747 0.333624
3748 0.281439
3749 0.242596
3750 0.296398
3751 0.274731
3752 0.276754
3753 0.246025
3754 0.264574
3755 0.264133
3756 0.291747
3757 0.273321
3758 0.263917
3759 0.337768
3760 0.314544
3761 0.298064
3762 0.285378
3763 0.304786
3764 0.276297
3765 0.278183
3766 0.258187
3767 0.240427
3768 0.273304
3769 0.276491
3770 0.277196
3771 0.24111
3772 0.306632
3773 0.303795
3774 0.314429
3775 0.2531
3776 0.256211
3777 0.283622
3778 0.279907
3779 0.246289
3780 0.305578
3781 0.245759
3782 0.267989
3783 0.256086
3784 0.272957
3785 0.259194
3786 0.265444
3787 0.268994
3788 0.236843
3789 0.251095
3790 0.286874
3791 0.350719
3792 0.285678
3793 0.267285
3794 0.254141
3795 0.273844
3796 0.327386
3797 0.281302
3798 0.237107
3799 0.243631
3800 0.245312
3801 0.270231
3802 0.286696
3803 0.302367
3804 0.298102
3805 0.265637
3806 0.267547
3807 0.236682
3808 0.26771
3809 0.306592
3810 0.278974
3811 0.254693
3812 0.257735
3813 0.252207
3814 0.279176
3815 0.256484
3816 0.27253
3817 0.264336
3818 0.242274
3819 0.274432
3820 0.239172
3821 0.250935
3822 0.274912
3823 0.243544
3824 0.25142
3825 0.250802
3826 0.248553
3827 0.238824
3828 0.260152
3829 0.23487
3830 0.283889
3831 0.261305
3832 0.252354
3833 0.228002
3834 0.239392
3835 0.249451
3836 0.248402
3837 0.234827
3838 0.252185
3839 0.243023
3840 0.251031
3841 0.253494
3842 0.234316
3843 0.25384
3844 0.254622
3845 0.234746
3846 0.241408
3847 0.226347
3848 0.245797
3849 0.250838
3850 0.235991
3851 0.233325
3852 0.224168
3853 0.231336
3854 0.270319
3855 0.222232
3856 0.274196
3857 0.260513
3858 0.353177
3859 0.273828
3860 0.257725
3861 0.246813
3862 0.256674
3863 0.258947
3864 0.248037
3865 0.239306
3866 0.248957
3867 0.238312
3868 0.242922
3869 0.239012
3870 0.2558
3871 0.243704
3872 0.250888
3873 0.291312
3874 0.247259
3875 0.266332
3876 0.279863
3877 0.243365
3878 0.269272
3879 0.238681
3880 0.249461
3881 0.244648
3882 0.254746
3883 0.312364
3884 0.258025
3885 0.274122
3886 0.264182
3887 0.251712
3888 0.281981
3889 0.263762
3890 0.26979
3891 0.271377
3892 0.266337
3893 0.250275
3894 0.253314
3895 0.267728
3896 0.235959
3897 0.276299
3898 0.28076
3899 0.25292
3900 0.246985
3901 0.244253
3902 0.237311
3903 0.260875
3904 0.262526
3905 0.263994
3906 0.233978
3907 0.235086
3908 0.255316
3909 0.294429
3910 0.27259
3911 0.247013
3912 0.254547
3913 0.237354
3914 0.219245
3915 0.272935
3916 0.225132
3917 0.246199
3918 0.269342
3919 0.295942
3920 0.250302
3921 0.246935
3922 0.227761
3923 0.246553
3924 0.264352
3925 0.222659
3926 0.239184
3927 0.267341
3928 0.259756
3929 0.250017
3930 0.27467
3931 0.274782
3932 0.244638
3933 0.247064
3934 0.293825
3935 0.257553
3936 0.26036
3937 0.245886
3938 0.252344
3939 0.250138
3940 0.251006
3941 0.265634
3942 0.265049
3943 0.255084
3944 0.246762
3945 0.226975
3946 0.234907
3947 0.247791
3948 0.25191
3949 0.251332
3950 0.255009
3951 0.245722
3952 0.229347
3953 0.236489
3954 0.225568
3955 0.238709
3956 0.269403
3957 0.275428
3958 0.265577
3959 0.294852
3960 0.280972
3961 0.246443
3962 0.259209
3963 0.248283
3964 0.231279
3965 0.23957
3966 0.222498
3967 0.236336
3968 0.248466
3969 0.249884
3970 0.241055
3971 0.269727
3972 0.225069
3973 0.224891
3974 0.256216
3975 0.288272
3976 0.245613
3977 0.237783
3978 0.230915
3979 0.24487
3980 0.248082
3981 0.279193
3982 0.26662
3983 0.25359
3984 0.279729
3985 0.252873
3986 0.269195
3987 0.309824
3988 0.228198
3989 0.250235
3990 0.262709
3991 0.237398
3992 0.247969
3993 0.27162
3994 0.237789
3995 0.37594
3996 0.366299
3997 0.249672
3998 0.235286
3999 0.247466
4000 0.239539
4001 0.239198
4002 0.236328
4003 0.291941
4004 0.283733
4005 0.301502
4006 0.298143
4007 0.244776
4008 0.244926
4009 0.239577
4010 0.263657
4011 0.245623
4012 0.230783
4013 0.239495
4014 0.223685
4015 0.282502
4016 0.248308
4017 0.241856
4018 0.27046
4019 0.223105
4020 0.28971
4021 0.241427
4022 0.223291
4023 0.229915
4024 0.237688
4025 0.300619
4026 0.362304
4027 0.281571
4028 0.269212
4029 0.253458
4030 0.243944
4031 0.259257
4032 0.263969
4033 0.24796
4034 0.24086
4035 0.233865
4036 0.309156
4037 0.226141
4038 0.22649
4039 0.253022
4040 0.253549
4041 0.229945
4042 0.281848
4043 0.246824
4044 0.247199
4045 0.244792
4046 0.24413
4047 0.273879
4048 0.223911
4049 0.23283
4050 0.236399
4051 0.260062
4052 0.246329
4053 0.227792
4054 0.268888
4055 0.224781
4056 0.249018
4057 0.228259
4058 0.274044
4059 0.238495
4060 0.229705
4061 0.257445
4062 0.275517
4063 0.244925
4064 0.233564
4065 0.25208
4066 0.235323
4067 0.25978
4068 0.235484
4069 0.235665
4070 0.217406
4071 0.261598
4072 0.279264
4073 0.245827
4074 0.241071
4075 0.235318
4076 0.227681
4077 0.244268
4078 0.253543
4079 0.231173
4080 0.272129
4081 0.230835
4082 0.250874
4083 0.240556
4084 0.228794
4085 0.226227
4086 0.23703
4087 0.224533
4088 0.245245
4089 0.278831
4090 0.228423
4091 0.249136
4092 0.236757
4093 0.235375
4094 0.227558
4095 0.242382
4096 0.253657
4097 0.268676
4098 0.227608
4099 0.240395
4100 0.245234
4101 0.298503
4102 0.232534
4103 0.279238
4104 0.240459
4105 0.23637
4106 0.26227
4107 0.229525
4108 0.230851
4109 0.231503
4110 0.247496
4111 0.302291
4112 0.23527
4113 0.237236
4114 0.283391
4115 0.252098
4116 0.222935
4117 0.223353
4118 0.28597
4119 0.246977
4120 0.268708
4121 0.256094
4122 0.215458
4123 0.226241
4124 0.238104
4125 0.242125
4126 0.258198
4127 0.259658
4128 0.23269
4129 0.259108
4130 0.243371
4131 0.233414
4132 0.253377
4133 0.253168
4134 0.250738
4135 0.24268
4136 0.224757
4137 0.222597
4138 0.233126
4139 0.233864
4140 0.273807
4141 0.289003
4142 0.272668
4143 0.298074
4144 0.244013
4145 0.22245
4146 0.268858
4147 0.263
4148 0.253175
4149 0.254445
4150 0.282406
4151 0.286641
4152 0.2719
4153 0.244763
4154 0.261107
4155 0.287255
4156 0.241627
4157 0.232783
4158 0.271418
4159 0.241514
4160 0.22101
4161 0.220358
4162 0.305861
4163 0.249569
4164 0.233036
4165 0.266822
4166 0.25914
4167 0.226215
4168 0.239362
4169 0.248297
4170 0.222572
4171 0.286713
4172 0.261491
4173 0.241594
4174 0.254875
4175 0.262199
4176 0.251367
4177 0.247223
4178 0.255377
4179 0.248956
4180 0.25127
4181 0.238935
4182 0.221303
4183 0.222724
4184 0.234411
4185 0.223339
4186 0.273583
4187 0.236255
4188 0.293677
4189 0.271121
4190 0.234
4191 0.302946
4192 0.232083
4193 0.230949
4194 0.256921
4195 0.222534
4196 0.238351
4197 0.290811
4198 0.262528
4199 0.223392
4200 0.228984
4201 0.286569
4202 0.229024
4203 0.277308
4204 0.230582
4205 0.241791
4206 0.272258
4207 0.2329
4208 0.236808
4209 0.237848
4210 0.239628
4211 0.249547
4212 0.239776
4213 0.25492
4214 0.217334
4215 0.235034
4216 0.234998
4217 0.216415
4218 0.210098
4219 0.335118
4220 0.23597
4221 0.247976
4222 0.284127
4223 0.216234
4224 0.27015
4225 0.262909
4226 0.267316
4227 0.247934
4228 0.20823
4229 0.215696
4230 0.23254
4231 0.226139
4232 0.257993
4233 0.252698
4234 0.231392
4235 0.217429
4236 0.227092
4237 0.220096
4238 0.234188
4239 0.21189
4240 0.241575
4241 0.251048
4242 0.234832
4243 0.246713
4244 0.226946
4245 0.245334
4246 0.23011
4247 0.212842
4248 0.219159
4249 0.21005
4250 0.233733
4251 0.236767
4252 0.24423
4253 0.206123
4254 0.225614
4255 0.223757
4256 0.220728
4257 0.218463
4258 0.246627
4259 0.247219
4260 0.232194
4261 0.227594
4262 0.228548
4263 0.231022
4264 0.231751
4265 0.226235
4266 0.227387
4267 0.250922
4268 0.251956
4269 0.235261
4270 0.222775
4271 0.212386
4272 0.255279
4273 0.220984
4274 0.222329
4275 0.20864
4276 0.216473
4277 0.220975
4278 0.199991
4279 0.198294
4280 0.207603
4281 0.20917
4282 0.231537
4283 0.238536
4284 0.206873
4285 0.29931
4286 0.222898
4287 0.26658
4288 0.244577
4289 0.260094
4290 0.23713
4291 0.221045
4292 0.21742
4293 0.242379
4294 0.231046
4295 0.227
4296 0.221057
4297 0.22976
4298 0.22429
4299 0.209482
4300 0.214029
4301 0.262894
4302 0.218526
4303 0.215291
4304 0.297939
4305 0.216781
4306 0.219718
4307 0.217332
4308 0.230731
4309 0.224405
4310 0.227966
4311 0.276345
4312 0.258005
4313 0.255106
4314 0.258161
4315 0.25689
4316 0.28936
4317 0.223009
4318 0.221747
4319 0.226731
4320 0.217797
4321 0.220948
4322 0.233628
4323 0.21002
4324 0.226817
4325 0.209191
4326 0.224766
4327 0.283695
4328 0.20919
4329 0.22804
4330 0.219496
4331 0.224052
4332 0.202166
4333 0.270122
4334 0.24176
4335 0.218447
4336 0.218037
4337 0.227148
4338 0.228257
4339 0.274676
4340 0.248577
4341 0.226441
4342 0.21473
4343 0.221796
4344 0.234394
4345 0.260394
4346 0.229496
4347 0.213003
4348 0.210669
4349 0.210216
4350 0.229613
4351 0.230871
4352 0.219423
4353 0.218845
4354 0.238878
4355 0.228023
4356 0.254288
4357 0.278008
4358 0.215116
4359 0.247928
4360 0.215653
4361 0.215366
4362 0.206226
4363 0.24278
4364 0.209935
4365 0.225438
4366 0.222676
4367 0.251904
4368 0.218075
4369 0.216885
4370 0.20536
4371 0.244077
4372 0.235686
4373 0.224762
4374 0.228916
4375 0.244975
4376 0.223595
4377 0.216874
4378 0.227563
4379 0.20446
4380 0.197677
4381 0.223828
4382 0.226296
4383 0.227723
4384 0.250568
4385 0.233772
4386 0.259483
4387 0.240638
4388 0.242391
4389 0.202322
4390 0.238052
4391 0.254707
4392 0.199587
4393 0.205502
4394 0.218974
4395 0.191874
4396 0.219251
4397 0.228322
4398 0.228604
4399 0.246371
4400 0.202798
4401 0.211794
4402 0.252432
4403 0.24008
4404 0.227085
4405 0.289271
4406 0.216587
4407 0.212638
4408 0.248169
4409 0.229993
4410 0.253562
4411 0.221135
4412 0.223924
4413 0.213016
4414 0.229486
4415 0.239406
4416 0.244457
4417 0.213988
4418 0.197528
4419 0.215165
4420 0.233033
4421 0.250575
4422 0.226605
4423 0.232814
4424 0.263678
4425 0.225248
4426 0.213542
4427 0.234358
4428 0.246382
4429 0.215485
4430 0.221073
4431 0.23809
4432 0.238797
4433 0.23093
4434 0.242619
4435 0.220363
4436 0.247073
4437 0.222432
4438 0.228304
4439 0.212542
4440 0.261913
4441 0.216428
4442 0.212336
4443 0.193132
4444 0.229646
4445 0.220229
4446 0.222139
4447 0.272631
4448 0.20133
4449 0.249957
4450 0.235189
4451 0.233655
4452 0.226147
4453 0.238374
4454 0.260374
4455 0.277385
4456 0.237777
4457 0.274418
4458 0.225563
4459 0.222761
4460 0.250042
4461 0.214925
4462 0.204864
4463 0.226262
4464 0.208465
4465 0.25341
4466 0.213411
4467 0.244995
4468 0.206372
4469 0.226036
4470 0.224145
4471 0.24596
4472 0.237118
4473 0.196736
4474 0.229925
4475 0.21596
4476 0.218029
4477 0.213737
4478 0.227466
4479 0.211452
4480 0.197561
4481 0.210132
4482 0.237291
4483 0.216043
4484 0.204057
4485 0.212781
4486 0.214058
4487 0.204374
4488 0.220364
4489 0.232317
4490 0.202018
4491 0.274393
4492 0.249704
4493 0.215969
4494 0.257041
4495 0.22455
4496 0.238755
4497 0.223137
4498 0.223329
4499 0.215834
4500 0.235999
4501 0.251554
4502 0.222765
4503 0.20876
4504 0.203575
4505 0.230817
4506 0.221386
4507 0.21382
4508 0.211124
4509 0.21544
4510 0.212692
4511 0.21254
4512 0.207189
4513 0.200137
4514 0.208217
4515 0.220605
4516 0.224842
4517 0.213625
4518 0.234287
4519 0.209198
4520 0.24564
4521 0.231765
4522 0.223443
4523 0.231526
4524 0.227037
4525 0.214574
4526 0.221776
4527 0.22473
4528 0.216223
4529 0.272023
4530 0.203404
4531 0.205338
4532 0.22077
4533 0.208165
4534 0.207655
4535 0.224783
4536 0.21624
4537 0.261173
4538 0.21463
4539 0.237684
4540 0.23948
4541 0.207608
4542 0.211545
4543 0.270318
4544 0.217233
4545 0.213029
4546 0.21223
4547 0.266452
4548 0.228795
4549 0.217128
4550 0.284546
4551 0.206479
4552 0.190908
4553 0.227162
4554 0.217648
4555 0.208991
4556 0.213118
4557 0.224715
4558 0.235345
4559 0.249522
4560 0.209863
4561 0.204757
4562 0.216838
4563 0.207702
4564 0.230724
4565 0.245627
4566 0.272204
4567 0.22788
4568 0.202963
4569 0.220964
4570 0.233881
4571 0.22371
4572 0.247538
4573 0.225562
4574 0.194668
4575 0.218164
4576 0.213277
4577 0.252189
4578 0.253915
4579 0.205862
4580 0.219869
4581 0.22471
4582 0.204185
4583 0.205247
4584 0.212106
4585 0.213987
4586 0.200668
4587 0.220303
4588 0.248559
4589 0.19994
4590 0.240596
4591 0.236191
4592 0.218329
4593 0.214402
4594 0.216185
4595 0.228698
4596 0.228261
4597 0.203671
4598 0.222782
4599 0.227954
4600 0.217927
4601 0.205517
4602 0.253908
4603 0.194179
4604 0.236773
4605 0.210657
4606 0.257137
4607 0.231512
4608 0.201594
4609 0.301549
4610 0.22316
4611 0.201499
4612 0.252011
4613 0.229001
4614 0.216255
4615 0.269172
4616 0.224011
4617 0.242476
4618 0.198076
4619 0.230238
4620 0.254296
4621 0.19237
4622 0.216185
4623 0.229929
4624 0.199879
4625 0.196787
4626 0.224428
4627 0.230856
4628 0.204656
4629 0.209754
4630 0.265606
4631 0.228307
4632 0.234206
4633 0.203553
4634 0.260656
4635 0.226643
4636 0.198845
4637 0.27396
4638 0.207116
4639 0.196006
4640 0.207571
4641 0.260511
4642 0.202849
4643 0.21215
4644 0.228702
4645 0.205449
4646 0.188612
4647 0.203556
4648 0.342986
4649 0.21833
4650 0.215618
4651 0.207552
4652 0.249767
4653 0.1942
4654 0.231858
4655 0.218882
4656 0.216486
4657 0.238918
4658 0.207137
4659 0.240669
4660 0.246232
4661 0.223351
4662 0.221715
4663 0.277555
4664 0.191154
4665 0.221703
4666 0.243515
4667 0.219781
4668 0.252888
4669 0.243924
4670 0.203637
4671 0.224066
4672 0.209939
4673 0.220821
4674 0.191986
4675 0.214083
4676 0.231701
4677 0.201908
4678 0.201189
4679 0.222505
4680 0.222129
4681 0.205323
4682 0.200768
4683 0.260326
4684 0.204374
4685 0.207091
4686 0.213213
4687 0.205848
4688 0.241882
4689 0.229138
4690 0.211476
4691 0.210357
4692 0.193704
4693 0.217991
4694 0.20262
4695 0.217955
4696 0.237527
4697 0.19294
4698 0.225845
4699 0.213117
4700 0.203051
4701 0.211571
4702 0.188431
4703 0.193902
4704 0.202794
4705 0.201127
4706 0.207082
4707 0.197812
4708 0.186297
4709 0.18155
4710 0.189837
4711 0.22364
4712 0.198109
4713 0.194001
4714 0.236289
4715 0.301572
4716 0.234495
4717 0.197043
4718 0.199858
4719 0.20808
4720 0.203383
4721 0.211513
4722 0.21345
4723 0.202547
4724 0.189449
4725 0.208793
4726 0.23302
4727 0.225951
4728 0.219992
4729 0.204285
4730 0.252026
4731 0.257619
4732 0.202922
4733 0.219922
4734 0.222948
4735 0.23192
4736 0.206392
4737 0.245489
4738 0.209922
4739 0.221541
4740 0.245104
4741 0.237733
4742 0.222089
4743 0.212091
4744 0.206073
4745 0.29414
4746 0.212258
4747 0.231944
4748 0.214821
4749 0.203163
4750 0.228663
4751 0.20701
4752 0.200528
4753 0.218683
4754 0.209461
4755 0.259737
4756 0.346806
4757 0.217515
4758 0.229859
4759 0.19623
4760 0.228789
4761 0.206542
4762 0.264579
4763 0.219245
4764 0.20277
4765 0.213011
4766 0.217311
4767 0.21854
4768 0.201852
4769 0.312297
4770 0.196986
4771 0.240215
4772 0.251508
4773 0.218171
4774 0.189164
4775 0.205376
4776 0.212899
4777 0.19973
4778 0.208025
4779 0.21345
4780 0.197441
4781 0.207824
4782 0.211817
4783 0.220304
4784 0.210257
4785 0.230789
4786 0.211077
4787 0.195896
4788 0.216127
4789 0.212932
4790 0.221927
4791 0.227077
4792 0.235765
4793 0.201332
4794 0.219661
4795 0.205015
4796 0.211532
4797 0.192754
4798 0.179092
4799 0.229428
4800 0.193785
4801 0.248572
4802 0.21113
4803 0.193468
4804 0.185507
4805 0.203116
4806 0.239516
4807 0.199165
4808 0.201087
4809 0.239021
4810 0.211519
4811 0.214593
4812 0.200284
4813 0.224437
4814 0.188814
4815 0.221804
4816 0.225068
4817 0.227042
4818 0.199488
4819 0.214652
4820 0.246747
4821 0.202888
4822 0.193363
4823 0.184826
4824 0.193133
4825 0.215613
4826 0.187018
4827 0.222909
4828 0.227351
4829 0.193452
4830 0.190439
4831 0.210267
4832 0.22479
4833 0.204975
4834 0.239388
4835 0.235595
4836 0.184893
4837 0.222081
4838 0.215604
4839 0.211981
4840 0.231656
4841 0.203127
4842 0.198692
4843 0.192526
4844 0.208979
4845 0.23888
4846 0.197867
4847 0.193443
4848 0.207206
4849 0.232435
4850 0.207795
4851 0.196148
4852 0.187281
4853 0.239461
4854 0.203154
4855 0.196542
4856 0.191276
4857 0.195787
4858 0.175821
4859 0.186347
4860 0.206645
4861 0.213925
4862 0.195604
4863 0.194253
4864 0.231666
4865 0.215571
4866 0.194718
4867 0.197406
4868 0.205569
4869 0.19259
4870 0.201488
4871 0.20009
4872 0.188382
4873 0.208597
4874 0.22751
4875 0.19994
4876 0.238113
4877 0.200968
4878 0.202683
4879 0.210305
4880 0.202703
4881 0.193627
4882 0.199459
4883 0.229915
4884 0.26354
4885 0.193893
4886 0.260684
4887 0.196798
4888 0.20021
4889 0.226504
4890 0.193611
4891 0.258101
4892 0.21777
4893 0.1884
4894 0.234324
4895 0.191867
4896 0.198931
4897 0.246067
4898 0.228568
4899 0.199068
4900 0.244585
4901 0.187888
4902 0.218451
4903 0.197435
4904 0.241026
4905 0.245037
4906 0.273245
4907 0.219824
4908 0.189574
4909 0.207109
4910 0.205152
4911 0.204649
4912 0.208169
4913 0.211204
4914 0.198483
4915 0.193858
4916 0.214395
4917 0.177693
4918 0.217395
4919 0.177446
4920 0.241418
4921 0.218972
4922 0.209321
4923 0.182727
4924 0.223792
4925 0.201767
4926 0.200045
4927 0.196405
4928 0.196543
4929 0.264545
4930 0.196384
4931 0.202417
4932 0.194014
4933 0.188424
4934 0.181951
4935 0.201402
4936 0.19459
4937 0.203162
4938 0.242318
4939 0.221671
4940 0.18855
4941 0.196626
4942 0.228857
4943 0.204665
4944 0.183419
4945 0.213269
4946 0.206479
4947 0.25216
4948 0.230423
4949 0.197842
4950 0.180087
4951 0.227463
4952 0.21513
4953 0.232429
4954 0.188533
4955 0.213955
4956 0.193127
4957 0.196865
4958 0.2481
4959 0.189469
4960 0.209407
4961 0.218554
4962 0.220979
4963 0.201803
4964 0.209736
4965 0.201406
4966 0.258398
4967 0.197123
4968 0.217789
4969 0.194747
4970 0.188057
4971 0.215918
4972 0.234587
4973 0.192095
4974 0.217547
4975 0.185305
4976 0.226964
4977 0.206994
4978 0.22905
4979 0.206764
4980 0.184391
4981 0.192536
4982 0.195864
4983 0.214417
4984 0.232551
4985 0.17882
4986 0.193986
4987 0.205894
4988 0.207173
4989 0.210875
4990 0.178652
4991 0.190179
4992 0.195392
4993 0.201231
4994 0.173986
4995 0.187513
4996 0.197336
4997 0.210525
4998 0.192388
4999 0.245545
5000 0.224975
