0 2.46239
1 2.47346
2 2.43679
3 2.44414
4 2.42082
5 2.41485
6 2.41927
7 2.37194
8 2.32335
9 2.36047
10 2.30667
11 2.37059
12 2.36236
13 2.27121
14 2.2305
15 2.10747
16 2.21698
17 2.55073
18 2.26212
19 2.19027
20 2.12844
21 2.0495
22 1.83938
23 1.91681
24 1.74016
25 2.3672
26 2.45305
27 2.15129
28 2.03729
29 2.07287
30 2.05197
31 1.79804
32 1.85542
33 1.85306
34 1.69798
35 1.78459
36 1.61643
37 1.60987
38 1.58338
39 1.9703
40 2.22636
41 2.07795
42 2.00942
43 1.81767
44 1.74294
45 1.53847
46 1.41158
47 1.27806
48 1.50435
49 1.51584
50 1.38704
51 1.48564
52 1.34492
53 1.29841
54 1.26642
55 1.21937
56 1.48468
57 1.75683
58 1.62892
59 1.49451
60 1.24137
61 1.21065
62 1.28092
63 1.36881
64 1.15432
65 1.36289
66 1.22844
67 1.32534
68 1.17956
69 1.21054
70 1.20084
71 1.19217
72 1.44541
73 1.33611
74 1.21111
75 1.31561
76 1.54235
77 1.37922
78 1.14086
79 1.0395
80 0.946055
81 1.01353
82 1.09404
83 1.09149
84 1.34225
85 1.45497
86 1.25053
87 1.00229
88 0.837814
89 0.999451
90 1.06155
91 1.15145
92 1.22729
93 1.15706
94 1.08918
95 1.13227
96 0.989376
97 1.10403
98 1.09116
99 1.15068
100 0.908362
101 0.797204
102 0.756672
103 0.855075
104 1.01215
105 0.949832
106 1.05702
107 1.01527
108 0.915934
109 0.79865
110 0.936439
111 0.955594
112 0.93188
113 0.83732
114 0.618106
115 0.859547
116 0.921332
117 1.00406
118 0.877865
119 0.753394
120 0.626734
121 0.749104
122 1.07344
123 1.21653
124 1.43548
125 0.968531
126 0.797294
127 0.852434
128 0.770703
129 0.765812
130 0.70342
131 0.621588
132 0.688666
133 0.945227
134 0.978853
135 0.59538
136 0.995316
137 0.894367
138 1.08309
139 1.09514
140 0.533039
141 0.678791
142 0.709855
143 0.752028
144 0.639333
145 0.629079
146 0.873958
147 0.728486
148 0.872971
149 0.732971
150 0.753986
151 0.606464
152 0.862194
153 1.06066
154 1.00868
155 0.764411
156 0.664106
157 0.648803
158 0.692101
159 0.576307
160 0.611918
161 0.588144
162 0.655692
163 0.572704
164 0.53719
165 0.669293
166 0.746206
167 0.811588
168 0.864126
169 0.892686
170 1.07952
171 1.29718
172 1.23343
173 1.07064
174 0.807002
175 0.878458
176 0.694642
177 0.673884
178 0.666624
179 0.542177
180 0.60087
181 0.677048
182 0.725202
183 0.624797
184 0.960518
185 0.726406
186 0.663132
187 0.6497
188 0.830458
189 0.767187
190 0.643173
191 0.601664
192 0.605569
193 0.839348
194 1.16356
195 0.92436
196 0.818368
197 0.613279
198 0.753163
199 0.701468
200 0.836871
201 0.622661
202 0.757123
203 0.596194
204 0.723646
205 0.889308
206 0.76956
207 0.595342
208 0.839283
209 0.642637
210 0.573652
211 0.731381
212 0.624972
213 0.798277
214 0.747427
215 0.531125
216 0.608254
217 0.612035
218 0.477102
219 0.549132
220 0.502013
221 0.749216
222 0.618388
223 0.551473
224 0.591627
225 0.461701
226 0.601946
227 0.505155
228 0.474341
229 0.587871
230 0.673691
231 0.698128
232 0.778412
233 1.04544
234 0.692132
235 0.729947
236 0.731485
237 0.542897
238 0.581847
239 0.578845
240 0.438794
241 0.484125
242 0.609249
243 0.68047
244 0.545474
245 0.659829
246 0.520462
247 0.58016
248 0.834265
249 0.538547
250 0.622426
251 0.694707
252 0.827363
253 0.793837
254 0.52515
255 0.679134
256 0.627601
257 0.515831
258 0.511679
259 0.452832
260 0.570639
261 0.477275
262 0.667355
263 0.54206
264 0.322612
265 0.552497
266 0.397656
267 0.547815
268 0.886457
269 0.665093
270 0.783648
271 0.53516
272 0.540965
273 0.566528
274 0.591256
275 0.586187
276 0.533119
277 0.432118
278 0.525839
279 0.453557
280 0.457138
281 0.570845
282 0.469154
283 0.597838
284 0.616176
285 0.58185
286 0.545953
287 0.486477
288 0.527964
289 0.611833
290 0.734875
291 0.713992
292 0.738834
293 0.513027
294 0.540931
295 0.668114
296 0.742723
297 0.506591
298 0.552537
299 0.357711
300 0.399195
301 0.495955
302 0.441541
303 0.472064
304 0.390275
305 0.671045
306 0.56098
307 0.548619
308 0.514961
309 0.356366
310 0.480136
311 0.569477
312 0.625807
313 0.781552
314 0.400941
315 0.446516
316 0.589871
317 0.647331
318 0.598744
319 0.616937
320 0.541178
321 0.547455
322 0.711124
323 0.792138
324 0.437045
325 0.450054
326 0.414463
327 0.455073
328 0.501574
329 0.541957
330 0.573424
331 0.71416
332 0.57339
333 0.544281
334 0.382232
335 0.60348
336 0.509607
337 0.369086
338 0.523305
339 0.420207
340 0.502372
341 0.473163
342 0.359989
343 0.790414
344 0.595329
345 0.662311
346 0.353667
347 0.811574
348 0.661521
349 0.513929
350 0.731062
351 0.50145
352 0.496875
353 0.564593
354 0.821462
355 0.488276
356 0.578741
357 0.536864
358 0.437729
359 0.406148
360 0.394759
361 0.585369
362 0.376951
363 0.505904
364 0.380135
365 0.455566
366 0.391857
367 0.677586
368 0.520908
369 0.505148
370 0.40635
371 0.304661
372 0.633078
373 0.595961
374 0.756013
375 0.571086
376 0.518177
377 0.338073
378 0.401289
379 0.436276
380 0.496302
381 0.518922
382 0.56363
383 0.43916
384 0.431608
385 0.40954
386 0.460731
387 0.522127
388 0.484772
389 0.652159
390 0.623974
391 0.460832
392 0.453069
393 0.386301
394 0.482396
395 0.379107
396 0.513656
397 0.527181
398 0.355992
399 0.363483
400 0.45566
401 0.46798
402 0.576363
403 0.424267
404 0.395325
405 0.412563
406 0.369287
407 0.304647
408 0.488192
409 0.409709
410 0.404424
411 0.701217
412 0.478212
413 0.436615
414 0.489791
415 0.303455
416 0.263447
417 0.542773
418 0.382127
419 0.388272
420 0.46441
421 0.265657
422 0.237767
423 0.366225
424 0.687377
425 0.384808
426 0.27279
427 0.558741
428 0.282795
429 0.540266
430 0.476928
431 0.611622
432 0.386452
433 0.446243
434 0.510688
435 0.528643
436 0.400106
437 0.36364
438 0.389816
439 0.31846
440 0.326639
441 0.461204
442 0.408537
443 0.441532
444 0.517406
445 0.508394
446 0.494677
447 0.418257
448 0.436229
449 0.433264
450 0.514853
451 0.400319
452 0.410167
453 0.603141
454 0.420328
455 0.52791
456 0.355162
457 0.76624
458 0.712897
459 0.548478
460 0.401728
461 0.39642
462 0.546338
463 0.527948
464 0.460436
465 0.354456
466 0.345815
467 0.384445
468 0.611589
469 0.711401
470 0.439434
471 0.45384
472 0.381968
473 0.411124
474 0.481287
475 0.524488
476 0.344827
477 0.506767
478 0.546254
479 0.491455
480 0.528832
481 0.422285
482 0.382846
483 0.452856
484 0.335059
485 0.44386
486 0.508541
487 0.511216
488 0.716576
489 0.612476
490 0.46321
491 0.604887
492 0.443621
493 0.432469
494 0.423357
495 0.427438
496 0.415732
497 0.504355
498 0.533895
499 0.549129
500 0.567206
501 0.613133
502 0.371813
503 0.504534
504 0.746761
505 0.902462
506 0.396947
507 0.534771
508 0.459297
509 0.425374
510 0.448494
511 0.411881
512 0.503355
513 0.397868
514 0.613598
515 0.367721
516 0.399145
517 0.355533
518 0.390036
519 0.431169
520 0.565468
521 0.547177
522 0.390258
523 0.441202
524 0.476144
525 0.352184
526 0.473118
527 0.44857
528 0.607896
529 0.463539
530 0.299693
531 0.348394
532 0.372089
533 0.407383
534 0.337094
535 0.438645
536 0.406795
537 0.287349
538 0.449381
539 0.450194
540 0.448076
541 0.412167
542 0.440146
543 0.315162
544 0.426076
545 0.401758
546 0.512748
547 0.504985
548 0.428173
549 0.313638
550 0.513476
551 0.622328
552 0.49867
553 0.569698
554 0.470733
555 0.345169
556 0.387058
557 0.439932
558 0.381567
559 0.374914
560 0.32358
561 0.42451
562 0.444824
563 0.554998
564 0.343834
565 0.636376
566 0.421648
567 0.434531
568 0.33016
569 0.308755
570 0.498896
571 0.305137
572 0.426924
573 0.355555
574 0.49278
575 0.533007
576 0.390559
577 0.373251
578 0.380083
579 0.515749
580 0.36073
581 0.525637
582 0.502689
583 0.476385
584 0.530353
585 0.347842
586 0.449381
587 0.464448
588 0.279772
589 0.513245
590 0.327781
591 0.565056
592 0.363337
593 0.393643
594 0.300698
595 0.479085
596 0.539426
597 0.659868
598 0.549281
599 0.697878
600 0.368681
601 0.544532
602 0.500396
603 0.41374
604 0.432775
605 0.334878
606 0.415226
607 0.387999
608 0.336305
609 0.402803
610 0.404073
611 0.499351
612 0.473509
613 0.686692
614 0.441028
615 0.36473
616 0.458635
617 0.429884
618 0.45305
619 0.453777
620 0.371293
621 0.35365
622 0.379603
623 0.501438
624 0.510119
625 0.464013
626 0.36779
627 0.418712
628 0.427981
629 0.399509
630 0.431602
631 0.560762
632 0.634116
633 0.442996
634 0.516763
635 0.384064
636 0.539554
637 0.557657
638 0.444772
639 0.417368
640 0.316478
641 0.362906
642 0.454004
643 0.369535
644 0.304072
645 0.315811
646 0.366983
647 0.335409
648 0.301813
649 0.369459
650 0.348305
651 0.423588
652 0.356696
653 0.409475
654 0.290389
655 0.304528
656 0.26517
657 0.292992
658 0.388172
659 0.424987
660 0.477581
661 0.551794
662 0.384021
663 0.358189
664 0.422664
665 0.378642
666 0.484364
667 0.331224
668 0.386247
669 0.353866
670 0.33442
671 0.515573
672 0.438947
673 0.266683
674 0.471872
675 0.299628
676 0.309296
677 0.378015
678 0.321617
679 0.498173
680 0.359413
681 0.61033
682 0.622291
683 0.411769
684 0.381443
685 0.502323
686 0.393882
687 0.26288
688 0.464014
689 0.492169
690 0.408141
691 0.510295
692 0.324133
693 0.259876
694 0.317667
695 0.448307
696 0.470742
697 0.697199
698 0.434075
699 0.38958
700 0.336785
701 0.435493
702 0.424235
703 0.406234
704 0.38708
705 0.439211
706 0.339606
707 0.343663
708 0.317252
709 0.33173
710 0.363061
711 0.327351
712 0.520823
713 0.538967
714 0.441033
715 0.35445
716 0.321982
717 0.434739
718 0.313726
719 0.290399
720 0.4779
721 0.67029
722 0.334477
723 0.403531
724 0.395807
725 0.46974
726 0.347263
727 0.318218
728 0.332883
729 0.383515
730 0.430807
731 0.360831
732 0.394462
733 0.344955
734 0.422222
735 0.387809
736 0.516053
737 0.278113
738 0.347899
739 0.322335
740 0.417656
741 0.327398
742 0.478915
743 0.40082
744 0.414759
745 0.470937
746 0.267976
747 0.443363
748 0.417524
749 0.540749
750 0.412717
751 0.611894
752 0.37334
753 0.29488
754 0.3934
755 0.45547
756 0.315333
757 0.32946
758 0.451668
759 0.435491
760 0.406104
761 0.413518
762 0.561561
763 0.409752
764 0.420724
765 0.420983
766 0.317672
767 0.400447
768 0.411428
769 0.482252
770 0.332122
771 0.412918
772 0.635267
773 0.370403
774 0.451057
775 0.297993
776 0.659829
777 0.437998
778 0.286429
779 0.58454
780 0.404474
781 0.305132
782 0.625538
783 0.730583
784 0.575812
785 0.428106
786 0.32996
787 0.325795
788 0.265903
789 0.369258
790 0.420109
791 0.309615
792 0.341795
793 0.357596
794 0.312048
795 0.412948
796 0.536548
797 0.406129
798 0.42936
799 0.301874
800 0.261307
801 0.524714
802 0.499654
803 0.525749
804 0.28658
805 0.333822
806 0.272764
807 0.316803
808 0.405342
809 0.300468
810 0.366293
811 0.354153
812 0.320434
813 0.321933
814 0.342335
815 0.400237
816 0.253548
817 0.335229
818 0.498772
819 0.364129
820 0.345426
821 0.377755
822 0.242427
823 0.309762
824 0.308826
825 0.40936
826 0.406881
827 0.333611
828 0.396158
829 0.331915
830 0.417701
831 0.269303
832 0.310559
833 0.308665
834 0.257051
835 0.323495
836 0.280456
837 0.353052
838 0.323566
839 0.333263
840 0.440383
841 0.299239
842 0.230866
843 0.31138
844 0.230617
845 0.310335
846 0.285429
847 0.332587
848 0.195061
849 0.402096
850 0.223137
851 0.184307
852 0.334447
853 0.657037
854 0.505379
855 0.50311
856 0.586183
857 0.370554
858 0.45652
859 0.452459
860 0.287302
861 0.324602
862 0.366973
863 0.383999
864 0.488747
865 0.335114
866 0.318474
867 0.253903
868 0.30848
869 0.315398
870 0.304798
871 0.30669
872 0.362338
873 0.381464
874 0.358127
875 0.38839
876 0.252539
877 0.420345
878 0.343339
879 0.456697
880 0.391353
881 0.439
882 0.521793
883 0.42616
884 0.41214
885 0.348247
886 0.74615
887 0.490317
888 0.306414
889 0.300322
890 0.362644
891 0.345124
892 0.518119
893 0.326825
894 0.321296
895 0.247809
896 0.351481
897 0.358792
898 0.684067
899 0.348493
900 0.238237
901 0.273472
902 0.409411
903 0.365279
904 0.383911
905 0.332164
906 0.331778
907 0.30808
908 0.408155
909 0.484407
910 0.411987
911 0.360046
912 0.327347
913 0.248113
914 0.309361
915 0.314754
916 0.462024
917 0.456189
918 0.288664
919 0.355413
920 0.60158
921 0.346885
922 0.358072
923 0.339922
924 0.278199
925 0.400798
926 0.31625
927 0.378151
928 0.43072
929 0.399399
930 0.577571
931 0.301535
932 0.344652
933 0.540633
934 0.391381
935 0.237458
936 0.51006
937 0.356555
938 0.373267
939 0.265735
940 0.273616
941 0.445168
942 0.423942
943 0.42005
944 0.38473
945 0.240858
946 0.296114
947 0.334776
948 0.300861
949 0.35904
950 0.394143
951 0.353146
952 0.423318
953 0.307091
954 0.454327
955 0.465046
956 0.436827
957 0.386624
958 0.397931
959 0.234109
960 0.271018
961 0.277088
962 0.399112
963 0.357642
964 0.34342
965 0.289962
966 0.285884
967 0.372227
968 0.288335
969 0.355705
970 0.327971
971 0.304291
972 0.306064
973 0.349091
974 0.44622
975 0.473109
976 0.435822
977 0.32191
978 0.254798
979 0.553452
980 0.447979
981 0.366202
982 0.434328
983 0.418653
984 0.30165
985 0.330778
986 0.324631
987 0.430773
988 0.261035
989 0.281051
990 0.349689
991 0.535575
992 0.268226
993 0.293874
994 0.495831
995 0.370549
996 0.351771
997 0.238939
998 0.31719
999 0.254258
1000 0.200285
1001 0.316308
1002 0.351597
1003 0.400596
1004 0.276557
1005 0.357108
1006 0.305155
1007 0.423964
1008 0.235527
1009 0.34185
1010 0.463493
1011 0.305193
1012 0.355895
1013 0.308576
1014 0.333224
1015 0.371426
1016 0.351498
1017 0.242618
1018 0.432463
1019 0.364419
1020 0.30736
1021 0.285985
1022 0.246205
1023 0.256227
1024 0.457904
1025 0.530003
1026 0.407171
1027 0.388704
1028 0.363036
1029 0.242393
1030 0.490433
1031 0.322405
1032 0.348712
1033 0.337238
1034 0.270573
1035 0.308931
1036 0.270035
1037 0.250221
1038 0.276069
1039 0.362702
1040 0.324597
1041 0.360009
1042 0.404168
1043 0.268051
1044 0.414089
1045 0.447355
1046 0.407528
1047 0.358544
1048 0.283512
1049 0.340048
1050 0.306389
1051 0.301729
1052 0.373412
1053 0.55986
1054 0.300347
1055 0.323651
1056 0.389283
1057 0.349859
1058 0.313392
1059 0.355536
1060 0.270513
1061 0.421035
1062 0.415444
1063 0.371125
1064 0.256131
1065 0.521874
1066 0.409478
1067 0.341512
1068 0.403914
1069 0.348445
1070 0.338405
1071 0.417357
1072 0.245427
1073 0.303277
1074 0.312852
1075 0.291866
1076 0.288391
1077 0.282193
1078 0.34758
1079 0.32187
1080 0.34421
1081 0.286367
1082 0.325654
1083 0.216183
1084 0.358713
1085 0.226633
1086 0.212337
1087 0.400484
1088 0.294655
1089 0.431224
1090 0.352823
1091 0.269322
1092 0.332371
1093 0.304288
1094 0.338833
1095 0.380839
1096 0.270399
1097 0.384331
1098 0.334722
1099 0.353329
1100 0.376704
1101 0.373326
1102 0.343562
1103 0.412077
1104 0.227642
1105 0.295327
1106 0.308735
1107 0.31621
1108 0.480858
1109 0.296781
1110 0.567219
1111 0.529426
1112 0.409189
1113 0.480835
1114 0.238514
1115 0.321615
1116 0.227526
1117 0.291753
1118 0.329616
1119 0.407682
1120 0.266693
1121 0.273134
1122 0.36403
1123 0.303364
1124 0.282884
1125 0.466287
1126 0.333907
1127 0.311727
1128 0.359826
1129 0.358122
1130 0.396782
1131 0.328189
1132 0.342279
1133 0.36978
1134 0.33823
1135 0.28859
1136 0.311837
1137 0.282003
1138 0.352338
1139 0.261819
1140 0.511713
1141 0.369431
1142 0.366832
1143 0.276228
1144 0.264079
1145 0.298238
1146 0.352775
1147 0.319837
1148 0.270725
1149 0.34041
1150 0.550172
1151 0.354465
1152 0.343982
1153 0.401708
1154 0.356094
1155 0.314229
1156 0.274339
1157 0.264176
1158 0.278516
1159 0.284247
1160 0.2327
1161 0.37138
1162 0.257176
1163 0.30317
1164 0.386084
1165 0.323089
1166 0.263249
1167 0.304702
1168 0.351049
1169 0.317266
1170 0.39135
1171 0.326051
1172 0.32579
1173 0.346568
1174 0.408137
1175 0.247899
1176 0.373488
1177 0.44717
1178 0.417547
1179 0.471904
1180 0.498708
1181 0.225336
1182 0.289488
1183 0.38825
1184 0.326846
1185 0.314916
1186 0.255221
1187 0.451436
1188 0.392863
1189 0.36594
1190 0.409141
1191 0.289972
1192 0.360901
1193 0.334114
1194 0.276331
1195 0.273219
1196 0.304006
1197 0.423402
1198 0.331719
1199 0.256703
1200 0.423416
1201 0.470835
1202 0.597816
1203 0.26602
1204 0.361959
1205 0.495643
1206 0.429724
1207 0.303768
1208 0.53848
1209 0.290461
1210 0.368489
1211 0.382072
1212 0.382025
1213 0.322261
1214 0.325657
1215 0.317351
1216 0.333299
1217 0.341519
1218 0.376063
1219 0.260128
1220 0.308033
1221 0.255964
1222 0.322322
1223 0.254005
1224 0.309876
1225 0.491001
1226 0.310952
1227 0.287938
1228 0.243345
1229 0.321666
1230 0.389678
1231 0.486806
1232 0.438611
1233 0.320805
1234 0.232536
1235 0.248075
1236 0.377664
1237 0.260397
1238 0.297852
1239 0.282221
1240 0.389879
1241 0.272565
1242 0.339457
1243 0.251387
1244 0.33052
1245 0.239006
1246 0.303566
1247 0.27663
1248 0.275969
1249 0.303949
1250 0.441378
1251 0.327184
1252 0.250497
1253 0.301253
1254 0.297704
1255 0.312654
1256 0.188057
1257 0.315672
1258 0.267871
1259 0.352883
1260 0.305174
1261 0.238033
1262 0.278932
1263 0.257126
1264 0.265772
1265 0.264925
1266 0.307028
1267 0.291974
1268 0.389679
1269 0.345096
1270 0.202227
1271 0.281616
1272 0.263956
1273 0.236791
1274 0.253899
1275 0.269814
1276 0.206833
1277 0.246601
1278 0.25229
1279 0.19636
1280 0.223295
1281 0.295718
1282 0.347426
1283 0.203202
1284 0.517186
1285 0.313027
1286 0.386624
1287 0.473776
1288 0.352725
1289 0.308238
1290 0.261882
1291 0.342005
1292 0.459628
1293 0.43894
1294 0.338361
1295 0.307679
1296 0.259357
1297 0.273205
1298 0.252146
1299 0.296178
1300 0.370891
1301 0.504621
1302 0.322299
1303 0.30021
1304 0.277274
1305 0.241584
1306 0.318607
1307 0.384156
1308 0.373934
1309 0.288496
1310 0.331902
1311 0.408234
1312 0.276265
1313 0.314349
1314 0.346464
1315 0.601784
1316 0.801261
1317 0.38263
1318 0.262008
1319 0.410385
1320 0.351737
1321 0.293484
1322 0.29537
1323 0.275972
1324 0.231454
1325 0.337578
1326 0.585109
1327 0.363868
1328 0.280836
1329 0.238271
1330 0.399152
1331 0.31834
1332 0.326228
1333 0.237511
1334 0.207022
1335 0.20218
1336 0.257636
1337 0.453355
1338 0.351974
1339 0.333319
1340 0.324352
1341 0.239638
1342 0.234188
1343 0.224773
1344 0.226839
1345 0.368241
1346 0.593196
1347 0.312685
1348 0.33964
1349 0.393152
1350 0.269919
1351 0.340771
1352 0.283088
1353 0.250951
1354 0.305584
1355 0.27166
1356 0.30504
1357 0.294174
1358 0.336293
1359 0.484717
1360 0.310927
1361 0.344737
1362 0.533329
1363 0.275996
1364 0.265427
1365 0.38152
1366 0.32536
1367 0.289711
1368 0.297344
1369 0.27294
1370 0.386899
1371 0.305752
1372 0.336672
1373 0.284511
1374 0.273268
1375 0.337503
1376 0.232645
1377 0.320983
1378 0.348599
1379 0.289335
1380 0.379732
1381 0.2724
1382 0.244101
1383 0.302806
1384 0.39126
1385 0.433408
1386 0.285516
1387 0.293162
1388 0.247847
1389 0.251602
1390 0.318829
1391 0.199395
1392 0.352059
1393 0.251149
1394 0.19422
1395 0.249038
1396 0.369217
1397 0.305697
1398 0.285216
1399 0.327363
1400 0.251279
1401 0.271415
1402 0.27537
1403 0.338383
1404 0.350347
1405 0.35239
1406 0.232594
1407 0.306701
1408 0.519805
1409 0.406941
1410 0.329293
1411 0.310693
1412 0.289425
1413 0.218755
1414 0.238846
1415 0.345601
1416 0.282021
1417 0.176508
1418 0.421658
1419 0.239456
1420 0.405893
1421 0.249552
1422 0.288988
1423 0.560193
1424 0.379217
1425 0.263518
1426 0.206581
1427 0.251622
1428 0.305623
1429 0.267596
1430 0.300102
1431 0.264908
1432 0.310495
1433 0.329985
1434 0.283482
1435 0.223377
1436 0.344633
1437 0.240308
1438 0.29772
1439 0.413594
1440 0.415071
1441 0.233971
1442 0.214205
1443 0.333987
1444 0.259022
1445 0.175575
1446 0.390078
1447 0.251453
1448 0.343241
1449 0.255195
1450 0.236935
1451 0.225314
1452 0.312688
1453 0.383887
1454 0.498476
1455 0.481042
1456 0.255287
1457 0.296416
1458 0.248921
1459 0.50491
1460 0.305268
1461 0.306065
1462 0.312904
1463 0.275256
1464 0.384695
1465 0.269723
1466 0.28188
1467 0.238696
1468 0.277839
1469 0.313871
1470 0.419079
1471 0.29453
1472 0.277491
1473 0.252652
1474 0.348087
1475 0.331484
1476 0.342207
1477 0.327962
1478 0.268655
1479 0.290525
1480 0.358404
1481 0.450589
1482 0.27913
1483 0.229504
1484 0.245597
1485 0.297648
1486 0.288851
1487 0.242902
1488 0.326299
1489 0.243639
1490 0.400807
1491 0.321989
1492 0.291134
1493 0.29395
1494 0.406364
1495 0.278132
1496 0.243486
1497 0.320781
1498 0.314015
1499 0.328338
1500 0.361178
1501 0.292025
1502 0.270141
1503 0.437903
1504 0.302254
1505 0.329741
1506 0.268017
1507 0.268006
1508 0.329451
1509 0.242742
1510 0.387434
1511 0.187218
1512 0.24843
1513 0.267248
1514 0.198917
1515 0.280773
1516 0.2649
1517 0.259001
1518 0.323985
1519 0.37322
1520 0.22696
1521 0.254077
1522 0.409197
1523 0.309351
1524 0.380079
1525 0.32606
1526 0.209559
1527 0.232163
1528 0.341627
1529 0.458728
1530 0.249533
1531 0.294264
1532 0.266532
1533 0.249472
1534 0.290678
1535 0.27897
1536 0.304039
1537 0.255193
1538 0.402753
1539 0.387294
1540 0.495075
1541 0.382667
1542 0.412237
1543 0.26988
1544 0.254696
1545 0.224655
1546 0.294687
1547 0.266994
1548 0.291701
1549 0.29653
1550 0.228639
1551 0.237658
1552 0.18629
1553 0.376875
1554 0.397639
1555 0.270092
1556 0.36694
1557 0.312424
1558 0.275571
1559 0.350741
1560 0.293505
1561 0.327725
1562 0.276289
1563 0.28538
1564 0.316993
1565 0.25861
1566 0.251807
1567 0.305979
1568 0.256169
1569 0.423956
1570 0.271141
1571 0.32946
1572 0.332587
1573 0.285904
1574 0.266387
1575 0.319367
1576 0.305755
1577 0.278183
1578 0.363883
1579 0.422059
1580 0.319236
1581 0.400911
1582 0.355559
1583 0.446777
1584 0.271258
1585 0.160602
1586 0.236053
1587 0.251923
1588 0.275902
1589 0.27941
1590 0.427404
1591 0.346153
1592 0.277978
1593 0.273746
1594 0.34523
1595 0.215546
1596 0.268595
1597 0.379381
1598 0.283283
1599 0.289387
1600 0.315307
1601 0.225272
1602 0.399921
1603 0.296603
1604 0.300171
1605 0.394099
1606 0.329602
1607 0.276304
1608 0.485673
1609 0.364799
1610 0.225837
1611 0.190729
1612 0.300313
1613 0.226917
1614 0.351041
1615 0.262949
1616 0.309398
1617 0.288495
1618 0.318302
1619 0.39389
1620 0.245927
1621 0.354911
1622 0.286571
1623 0.187142
1624 0.242995
1625 0.264594
1626 0.294607
1627 0.227516
1628 0.223015
1629 0.514039
1630 0.297181
1631 0.333186
1632 0.177576
1633 0.35778
1634 0.361752
1635 0.277086
1636 0.439285
1637 0.289021
1638 0.24252
1639 0.31504
1640 0.434269
1641 0.313194
1642 0.253595
1643 0.2578
1644 0.263015
1645 0.246242
1646 0.227332
1647 0.387526
1648 0.246496
1649 0.317585
1650 0.219903
1651 0.264024
1652 0.229229
1653 0.363951
1654 0.337242
1655 0.234204
1656 0.268845
1657 0.189607
1658 0.341823
1659 0.355568
1660 0.530501
1661 0.262525
1662 0.330844
1663 0.171993
1664 0.239182
1665 0.234378
1666 0.28603
1667 0.298572
1668 0.307073
1669 0.280876
1670 0.305469
1671 0.216393
1672 0.280814
1673 0.233281
1674 0.224618
1675 0.262587
1676 0.208887
1677 0.303227
1678 0.271968
1679 0.30978
1680 0.257964
1681 0.225216
1682 0.287727
1683 0.31621
1684 0.251113
1685 0.248188
1686 0.340674
1687 0.23582
1688 0.250573
1689 0.27866
1690 0.21597
1691 0.233973
1692 0.242396
1693 0.19207
1694 0.326935
1695 0.284928
1696 0.258985
1697 0.319373
1698 0.256088
1699 0.252497
1700 0.258492
1701 0.191767
1702 0.164465
1703 0.252212
1704 0.158968
1705 0.235078
1706 0.316504
1707 0.195485
1708 0.167643
1709 0.165626
1710 0.272247
1711 0.194762
1712 0.171542
1713 0.493546
1714 0.172287
1715 0.320624
1716 0.269069
1717 0.274049
1718 0.181771
1719 0.275966
1720 0.352005
1721 0.468443
1722 0.270096
1723 0.292796
1724 0.276712
1725 0.199064
1726 0.271367
1727 0.276186
1728 0.249854
1729 0.399048
1730 0.333165
1731 0.261258
1732 0.309461
1733 0.228251
1734 0.23131
1735 0.271526
1736 0.297503
1737 0.260803
1738 0.283573
1739 0.472457
1740 0.300059
1741 0.320307
1742 0.222136
1743 0.388578
1744 0.314666
1745 0.316133
1746 0.249852
1747 0.228665
1748 0.309875
1749 0.254965
1750 0.2256
1751 0.226072
1752 0.191857
1753 0.208019
1754 0.387435
1755 0.482518
1756 0.219421
1757 0.204611
1758 0.193837
1759 0.258582
1760 0.263975
1761 0.293986
1762 0.201849
1763 0.211356
1764 0.172085
1765 0.279222
1766 0.334449
1767 0.357837
1768 0.313333
1769 0.328132
1770 0.221602
1771 0.253294
1772 0.298896
1773 0.228362
1774 0.382335
1775 0.29279
1776 0.280941
1777 0.380909
1778 0.306859
1779 0.204727
1780 0.244744
1781 0.314524
1782 0.291675
1783 0.341946
1784 0.285085
1785 0.298341
1786 0.329261
1787 0.428985
1788 0.221745
1789 0.306169
1790 0.285066
1791 0.414055
1792 0.218111
1793 0.298576
1794 0.304551
1795 0.250627
1796 0.311527
1797 0.279658
1798 0.312032
1799 0.328385
1800 0.356121
1801 0.254933
1802 0.216632
1803 0.230256
1804 0.281473
1805 0.201215
1806 0.408972
1807 0.309919
1808 0.257457
1809 0.280011
1810 0.23423
1811 0.276642
1812 0.329089
1813 0.287046
1814 0.36137
1815 0.244173
1816 0.216327
1817 0.258635
1818 0.267001
1819 0.292186
1820 0.262775
1821 0.215526
1822 0.223705
1823 0.19486
1824 0.324565
1825 0.223015
1826 0.352123
1827 0.245894
1828 0.348057
1829 0.247424
1830 0.199626
1831 0.233648
1832 0.321458
1833 0.363922
1834 0.364595
1835 0.21547
1836 0.267006
1837 0.509267
1838 0.296106
1839 0.33263
1840 0.283113
1841 0.201703
1842 0.23761
1843 0.312698
1844 0.283595
1845 0.194923
1846 0.225383
1847 0.262492
1848 0.343977
1849 0.294415
1850 0.234112
1851 0.353941
1852 0.262998
1853 0.243295
1854 0.234219
1855 0.196726
1856 0.266777
1857 0.218192
1858 0.281083
1859 0.284222
1860 0.327639
1861 0.368483
1862 0.36078
1863 0.216394
1864 0.262498
1865 0.220482
1866 0.229083
1867 0.24018
1868 0.392984
1869 0.436116
1870 0.25295
1871 0.172338
1872 0.268862
1873 0.257606
1874 0.320638
1875 0.276387
1876 0.275096
1877 0.293787
1878 0.217972
1879 0.249268
1880 0.20143
1881 0.332168
1882 0.384997
1883 0.502741
1884 0.247256
1885 0.390023
1886 0.180303
1887 0.266145
1888 0.330422
1889 0.270752
1890 0.362442
1891 0.293315
1892 0.271698
1893 0.200849
1894 0.185499
1895 0.213508
1896 0.297902
1897 0.293072
1898 0.230419
1899 0.397032
1900 0.242401
1901 0.297075
1902 0.277024
1903 0.271691
1904 0.259782
1905 0.260852
1906 0.233837
1907 0.306538
1908 0.291476
1909 0.305587
1910 0.26457
1911 0.253415
1912 0.165555
1913 0.216145
1914 0.301432
1915 0.269326
1916 0.236338
1917 0.25927
1918 0.248934
1919 0.35563
1920 0.293234
1921 0.233471
1922 0.353284
1923 0.348777
1924 0.303726
1925 0.277085
1926 0.202308
1927 0.314344
1928 0.362119
1929 0.247811
1930 0.1934
1931 0.240474
1932 0.313603
1933 0.202688
1934 0.231107
1935 0.342135
1936 0.378949
1937 0.270724
1938 0.207817
1939 0.266182
1940 0.15136
1941 0.29564
1942 0.170777
1943 0.173932
1944 0.319391
1945 0.296975
1946 0.371533
1947 0.34702
1948 0.257505
1949 0.20179
1950 0.277885
1951 0.200592
1952 0.370089
1953 0.287057
1954 0.32879
1955 0.232848
1956 0.180912
1957 0.375031
1958 0.366047
1959 0.208624
1960 0.294666
1961 0.202134
1962 0.322483
1963 0.332401
1964 0.228417
1965 0.307955
1966 0.298128
1967 0.365097
1968 0.351162
1969 0.279624
1970 0.292124
1971 0.310446
1972 0.256719
1973 0.182817
1974 0.211637
1975 0.276573
1976 0.273239
1977 0.246019
1978 0.25547
1979 0.231916
1980 0.224648
1981 0.237387
1982 0.350095
1983 0.418585
1984 0.326713
1985 0.307321
1986 0.27554
1987 0.269027
1988 0.221612
1989 0.249464
1990 0.263497
1991 0.364565
1992 0.236187
1993 0.223854
1994 0.19415
1995 0.27158
1996 0.259501
1997 0.220374
1998 0.417416
1999 0.40146
2000 0.337702
2001 0.330573
2002 0.206706
2003 0.314892
2004 0.258257
2005 0.238666
2006 0.273421
2007 0.444073
2008 0.296311
2009 0.363941
2010 0.335929
2011 0.30747
2012 0.303728
2013 0.19051
2014 0.167177
2015 0.235655
2016 0.279685
2017 0.19918
2018 0.275301
2019 0.25681
2020 0.362453
2021 0.201308
2022 0.283234
2023 0.270626
2024 0.172201
2025 0.207159
2026 0.279811
2027 0.262014
2028 0.310608
2029 0.220469
2030 0.274511
2031 0.285692
2032 0.257626
2033 0.255396
2034 0.343048
2035 0.268478
2036 0.336449
2037 0.36501
2038 0.281391
2039 0.167183
2040 0.332025
2041 0.209504
2042 0.221983
2043 0.261662
2044 0.325418
2045 0.290674
2046 0.281709
2047 0.338087
2048 0.284576
2049 0.203275
2050 0.264316
2051 0.29091
2052 0.254391
2053 0.423525
2054 0.401831
2055 0.178163
2056 0.227402
2057 0.298239
2058 0.453675
2059 0.294135
2060 0.276703
2061 0.213566
2062 0.337236
2063 0.338156
2064 0.255988
2065 0.386256
2066 0.224033
2067 0.216778
2068 0.342209
2069 0.394477
2070 0.399023
2071 0.290541
2072 0.281271
2073 0.243318
2074 0.191355
2075 0.277338
2076 0.351985
2077 0.247731
2078 0.249391
2079 0.295536
2080 0.274005
2081 0.272032
2082 0.361124
2083 0.354361
2084 0.222966
2085 0.218854
2086 0.18371
2087 0.364906
2088 0.367986
2089 0.439267
2090 0.201952
2091 0.201523
2092 0.211058
2093 0.218266
2094 0.286152
2095 0.210739
2096 0.333179
2097 0.290696
2098 0.25555
2099 0.237166
2100 0.221603
2101 0.222191
2102 0.232552
2103 0.215617
2104 0.311968
2105 0.204745
2106 0.225347
2107 0.261277
2108 0.235174
2109 0.264275
2110 0.229119
2111 0.232552
2112 0.308105
2113 0.231677
2114 0.269187
2115 0.228411
2116 0.293949
2117 0.246316
2118 0.21009
2119 0.193137
2120 0.224473
2121 0.22266
2122 0.165427
2123 0.356995
2124 0.236022
2125 0.233645
2126 0.391457
2127 0.248694
2128 0.17045
2129 0.204139
2130 0.246668
2131 0.177323
2132 0.210595
2133 0.287552
2134 0.161716
2135 0.254466
2136 0.180603
2137 0.174462
2138 0.210093
2139 0.25145
2140 0.202977
2141 0.202948
2142 0.471289
2143 0.262221
2144 0.329969
2145 0.244016
2146 0.215046
2147 0.248245
2148 0.261434
2149 0.345317
2150 0.618733
2151 0.337922
2152 0.250599
2153 0.287033
2154 0.21812
2155 0.169753
2156 0.315853
2157 0.287932
2158 0.315752
2159 0.329803
2160 0.273988
2161 0.345493
2162 0.189107
2163 0.271535
2164 0.217356
2165 0.321719
2166 0.261875
2167 0.224193
2168 0.308223
2169 0.305373
2170 0.322734
2171 0.315674
2172 0.507518
2173 0.374858
2174 0.213298
2175 0.237326
2176 0.313333
2177 0.277338
2178 0.264094
2179 0.194403
2180 0.196141
2181 0.218359
2182 0.246629
2183 0.262672
2184 0.716753
2185 0.622862
2186 0.622842
2187 0.355403
2188 0.333217
2189 0.361742
2190 0.233006
2191 0.276323
2192 0.177215
2193 0.245774
2194 0.376155
2195 0.400739
2196 0.260531
2197 0.287927
2198 0.266707
2199 0.240101
2200 0.239204
2201 0.248382
2202 0.295373
2203 0.25795
2204 0.240841
2205 0.241663
2206 0.297467
2207 0.247965
2208 0.213156
2209 0.369032
2210 0.170995
2211 0.295974
2212 0.201143
2213 0.297364
2214 0.259897
2215 0.243352
2216 0.37785
2217 0.24616
2218 0.288927
2219 0.374539
2220 0.307103
2221 0.17752
2222 0.225645
2223 0.23375
2224 0.36423
2225 0.277423
2226 0.264593
2227 0.317336
2228 0.300566
2229 0.261074
2230 0.222359
2231 0.204957
2232 0.264554
2233 0.336201
2234 0.292075
2235 0.286105
2236 0.221981
2237 0.305914
2238 0.257766
2239 0.180022
2240 0.267245
2241 0.296507
2242 0.265315
2243 0.27536
2244 0.223
2245 0.227948
2246 0.18408
2247 0.280179
2248 0.300442
2249 0.269257
2250 0.261361
2251 0.195687
2252 0.223645
2253 0.280447
2254 0.286228
2255 0.280802
2256 0.296907
2257 0.223694
2258 0.168575
2259 0.212484
2260 0.228201
2261 0.226832
2262 0.245188
2263 0.241782
2264 0.194754
2265 0.394679
2266 0.371597
2267 0.295828
2268 0.298518
2269 0.242788
2270 0.175382
2271 0.226121
2272 0.187666
2273 0.241811
2274 0.173403
2275 0.245573
2276 0.258979
2277 0.425962
2278 0.265259
2279 0.227852
2280 0.31438
2281 0.307863
2282 0.262059
2283 0.219092
2284 0.296436
2285 0.256629
2286 0.187528
2287 0.206154
2288 0.229467
2289 0.270396
2290 0.251123
2291 0.311954
2292 0.278219
2293 0.270672
2294 0.199272
2295 0.234245
2296 0.209984
2297 0.36434
2298 0.276807
2299 0.16933
2300 0.229479
2301 0.215001
2302 0.215946
2303 0.214026
2304 0.268063
2305 0.296653
2306 0.216693
2307 0.259912
2308 0.213511
2309 0.189777
2310 0.316146
2311 0.341742
2312 0.288749
2313 0.271519
2314 0.336333
2315 0.179697
2316 0.341951
2317 0.273908
2318 0.230392
2319 0.247282
2320 0.215065
2321 0.264361
2322 0.164258
2323 0.216251
2324 0.208118
2325 0.194443
2326 0.277996
2327 0.219927
2328 0.387099
2329 0.222443
2330 0.244297
2331 0.351923
2332 0.262656
2333 0.275715
2334 0.2323
2335 0.279927
2336 0.231787
2337 0.200795
2338 0.26773
2339 0.214655
2340 0.202082
2341 0.137371
2342 0.227171
2343 0.286865
2344 0.219191
2345 0.221384
2346 0.227206
2347 0.244787
2348 0.347279
2349 0.325227
2350 0.209201
2351 0.324058
2352 0.289253
2353 0.282585
2354 0.298969
2355 0.235137
2356 0.199377
2357 0.285492
2358 0.238225
2359 0.254793
2360 0.240447
2361 0.317418
2362 0.309859
2363 0.25854
2364 0.230521
2365 0.211948
2366 0.25444
2367 0.167548
2368 0.242283
2369 0.188262
2370 0.264203
2371 0.200817
2372 0.180795
2373 0.318359
2374 0.204729
2375 0.425015
2376 0.214872
2377 0.242147
2378 0.292628
2379 0.225786
2380 0.206479
2381 0.334788
2382 0.260462
2383 0.178232
2384 0.226702
2385 0.243447
2386 0.368619
2387 0.198872
2388 0.241692
2389 0.285958
2390 0.161213
2391 0.194808
2392 0.26188
2393 0.211994
2394 0.304766
2395 0.286362
2396 0.495697
2397 0.300236
2398 0.234875
2399 0.469523
2400 0.19469
2401 0.220133
2402 0.210796
2403 0.243237
2404 0.199013
2405 0.275005
2406 0.232562
2407 0.206985
2408 0.169179
2409 0.171799
2410 0.25337
2411 0.385029
2412 0.314815
2413 0.219793
2414 0.263546
2415 0.21282
2416 0.242941
2417 0.236641
2418 0.229498
2419 0.361937
2420 0.200968
2421 0.289896
2422 0.233033
2423 0.219667
2424 0.237769
2425 0.224136
2426 0.353066
2427 0.247696
2428 0.243959
2429 0.237686
2430 0.214294
2431 0.281943
2432 0.284079
2433 0.209107
2434 0.20383
2435 0.367618
2436 0.430821
2437 0.335005
2438 0.294211
2439 0.350727
2440 0.295251
2441 0.229246
2442 0.166072
2443 0.205009
2444 0.223608
2445 0.211031
2446 0.207086
2447 0.28429
2448 0.241676
2449 0.240068
2450 0.27523
2451 0.256279
2452 0.207025
2453 0.223161
2454 0.271045
2455 0.250503
2456 0.209531
2457 0.30628
2458 0.230771
2459 0.235731
2460 0.301026
2461 0.232304
2462 0.289746
2463 0.288347
2464 0.272193
2465 0.290523
2466 0.342231
2467 0.186026
2468 0.155442
2469 0.260559
2470 0.228012
2471 0.292781
2472 0.202947
2473 0.281337
2474 0.238976
2475 0.203662
2476 0.343771
2477 0.296563
2478 0.260857
2479 0.260589
2480 0.233491
2481 0.213088
2482 0.262602
2483 0.244061
2484 0.193576
2485 0.210515
2486 0.360938
2487 0.38983
2488 0.237444
2489 0.174558
2490 0.173167
2491 0.43137
2492 0.344636
2493 0.250358
2494 0.380996
2495 0.226913
2496 0.374923
2497 0.227764
2498 0.274386
2499 0.22275
2500 0.233692
2501 0.295696
2502 0.228597
2503 0.177415
2504 0.273706
2505 0.266883
2506 0.253347
2507 0.221609
2508 0.207605
2509 0.186937
2510 0.232526
2511 0.368386
2512 0.208694
2513 0.178578
2514 0.186318
2515 0.242421
2516 0.232617
2517 0.330727
2518 0.416729
2519 0.177515
2520 0.228981
2521 0.15547
2522 0.256721
2523 0.260926
2524 0.200397
2525 0.244764
2526 0.238456
2527 0.241992
2528 0.255228
2529 0.19774
2530 0.254074
2531 0.190379
2532 0.251421
2533 0.279744
2534 0.195349
2535 0.201031
2536 0.315456
2537 0.24673
2538 0.238872
2539 0.316048
2540 0.199787
2541 0.214813
2542 0.154718
2543 0.328365
2544 0.189344
2545 0.229819
2546 0.166178
2547 0.213487
2548 0.169497
2549 0.200914
2550 0.301402
2551 0.206342
2552 0.284044
2553 0.208467
2554 0.288485
2555 0.2548
2556 0.161514
2557 0.222473
2558 0.205085
2559 0.180285
2560 0.169083
2561 0.141205
2562 0.240405
2563 0.192597
2564 0.222719
2565 0.172393
2566 0.164964
2567 0.31054
2568 0.251836
2569 0.133706
2570 0.420837
2571 0.231895
2572 0.344645
2573 0.257503
2574 0.166617
2575 0.194891
2576 0.199079
2577 0.246951
2578 0.345143
2579 0.235588
2580 0.232526
2581 0.214102
2582 0.229557
2583 0.293257
2584 0.212996
2585 0.212536
2586 0.30469
2587 0.367977
2588 0.202694
2589 0.299988
2590 0.229736
2591 0.193627
2592 0.277177
2593 0.249418
2594 0.338379
2595 0.202989
2596 0.248637
2597 0.299913
2598 0.26123
2599 0.241019
2600 0.217857
2601 0.345467
2602 0.293894
2603 0.152457
2604 0.188148
2605 0.223893
2606 0.331809
2607 0.174949
2608 0.205197
2609 0.271438
2610 0.200476
2611 0.228189
2612 0.280633
2613 0.454874
2614 0.208194
2615 0.181948
2616 0.215576
2617 0.210377
2618 0.281671
2619 0.204498
2620 0.221756
2621 0.162911
2622 0.241368
2623 0.266748
2624 0.283037
2625 0.205512
2626 0.202872
2627 0.188542
2628 0.16115
2629 0.245229
2630 0.264949
2631 0.261883
2632 0.303087
2633 0.256325
2634 0.256402
2635 0.242466
2636 0.231996
2637 0.220195
2638 0.316159
2639 0.220248
2640 0.199808
2641 0.250194
2642 0.250435
2643 0.199624
2644 0.376815
2645 0.396114
2646 0.184715
2647 0.248115
2648 0.350483
2649 0.216073
2650 0.19125
2651 0.278731
2652 0.213992
2653 0.280566
2654 0.174417
2655 0.234743
2656 0.28279
2657 0.237007
2658 0.242484
2659 0.169613
2660 0.17579
2661 0.287748
2662 0.190476
2663 0.261896
2664 0.220681
2665 0.249456
2666 0.262032
2667 0.251877
2668 0.250678
2669 0.240534
2670 0.235767
2671 0.300365
2672 0.212117
2673 0.212252
2674 0.196188
2675 0.24178
2676 0.2464
2677 0.170592
2678 0.2066
2679 0.223751
2680 0.157789
2681 0.202149
2682 0.255936
2683 0.289547
2684 0.239618
2685 0.277998
2686 0.170083
2687 0.171406
2688 0.148989
2689 0.245697
2690 0.243798
2691 0.256789
2692 0.211991
2693 0.149926
2694 0.390162
2695 0.364976
2696 0.270008
2697 0.22664
2698 0.221426
2699 0.162475
2700 0.239034
2701 0.292514
2702 0.204899
2703 0.14103
2704 0.266502
2705 0.187364
2706 0.290434
2707 0.21495
2708 0.218187
2709 0.388656
2710 0.197379
2711 0.19093
2712 0.149245
2713 0.204114
2714 0.220548
2715 0.196012
2716 0.248844
2717 0.174921
2718 0.24743
2719 0.227188
2720 0.193303
2721 0.18507
2722 0.210926
2723 0.200355
2724 0.244696
2725 0.228059
2726 0.306658
2727 0.199236
2728 0.155846
2729 0.250693
2730 0.24293
2731 0.156168
2732 0.283748
2733 0.326216
2734 0.3184
2735 0.198738
2736 0.200402
2737 0.192413
2738 0.198799
2739 0.295529
2740 0.38725
2741 0.304272
2742 0.23922
2743 0.31052
2744 0.168382
2745 0.314073
2746 0.186364
2747 0.215717
2748 0.234785
2749 0.228585
2750 0.355879
2751 0.177269
2752 0.157756
2753 0.137728
2754 0.275097
2755 0.231747
2756 0.357368
2757 0.180579
2758 0.169082
2759 0.217538
2760 0.214815
2761 0.240016
2762 0.174447
2763 0.20967
2764 0.184877
2765 0.20129
2766 0.243119
2767 0.239181
2768 0.228154
2769 0.177687
2770 0.267154
2771 0.202358
2772 0.197323
2773 0.183307
2774 0.245415
2775 0.22687
2776 0.295816
2777 0.208573
2778 0.214974
2779 0.270041
2780 0.281262
2781 0.269728
2782 0.248813
2783 0.207276
2784 0.210022
2785 0.325577
2786 0.216088
2787 0.176018
2788 0.212467
2789 0.299831
2790 0.198452
2791 0.209963
2792 0.188863
2793 0.245188
2794 0.219873
2795 0.156758
2796 0.250456
2797 0.176889
2798 0.158412
2799 0.189746
2800 0.185973
2801 0.265544
2802 0.1945
2803 0.214892
2804 0.282596
2805 0.242148
2806 0.201183
2807 0.167211
2808 0.220218
2809 0.193245
2810 0.253637
2811 0.230997
2812 0.16312
2813 0.212707
2814 0.253523
2815 0.286204
2816 0.172322
2817 0.229239
2818 0.208747
2819 0.186601
2820 0.31095
2821 0.186766
2822 0.302637
2823 0.271859
2824 0.264863
2825 0.379949
2826 0.16863
2827 0.273083
2828 0.334803
2829 0.157953
2830 0.205697
2831 0.22163
2832 0.275528
2833 0.202605
2834 0.27331
2835 0.307979
2836 0.169618
2837 0.228772
2838 0.184765
2839 0.264964
2840 0.368744
2841 0.2415
2842 0.319084
2843 0.207365
2844 0.215108
2845 0.32522
2846 0.236381
2847 0.269332
2848 0.282898
2849 0.230221
2850 0.203431
2851 0.188447
2852 0.148615
2853 0.239441
2854 0.195469
2855 0.333162
2856 0.265425
2857 0.2681
2858 0.247164
2859 0.221169
2860 0.189485
2861 0.198373
2862 0.25785
2863 0.221845
2864 0.319506
2865 0.418176
2866 0.242146
2867 0.260767
2868 0.255553
2869 0.433743
2870 0.285623
2871 0.147114
2872 0.176976
2873 0.239795
2874 0.268271
2875 0.171959
2876 0.261602
2877 0.205766
2878 0.245572
2879 0.277798
2880 0.256248
2881 0.167308
2882 0.215304
2883 0.257192
2884 0.199285
2885 0.285173
2886 0.271043
2887 0.221284
2888 0.274758
2889 0.273329
2890 0.210264
2891 0.230763
2892 0.265649
2893 0.250117
2894 0.346739
2895 0.361335
2896 0.235924
2897 0.220109
2898 0.24717
2899 0.18733
2900 0.2067
2901 0.170571
2902 0.343144
2903 0.275604
2904 0.230917
2905 0.26638
2906 0.235775
2907 0.263234
2908 0.305318
2909 0.192725
2910 0.232974
2911 0.222868
2912 0.189232
2913 0.204653
2914 0.177063
2915 0.379086
2916 0.242254
2917 0.322106
2918 0.211752
2919 0.268388
2920 0.290076
2921 0.273541
2922 0.31162
2923 0.172783
2924 0.210245
2925 0.227468
2926 0.289409
2927 0.262993
2928 0.200834
2929 0.252544
2930 0.36778
2931 0.52642
2932 0.478292
2933 0.307296
2934 0.214697
2935 0.227533
2936 0.227206
2937 0.221877
2938 0.23073
2939 0.263339
2940 0.256071
2941 0.225251
2942 0.262898
2943 0.181317
2944 0.248424
2945 0.281409
2946 0.336556
2947 0.217994
2948 0.281573
2949 0.190168
2950 0.250962
2951 0.199275
2952 0.217296
2953 0.265448
2954 0.21586
2955 0.25179
2956 0.203233
2957 0.196201
2958 0.242919
2959 0.215973
2960 0.163486
2961 0.247793
2962 0.172233
2963 0.200433
2964 0.185264
2965 0.232027
2966 0.268926
2967 0.193067
2968 0.21905
2969 0.260986
2970 0.164165
2971 0.162699
2972 0.338035
2973 0.274524
2974 0.1917
2975 0.274236
2976 0.20079
2977 0.175873
2978 0.216286
2979 0.172995
2980 0.255357
2981 0.196722
2982 0.165425
2983 0.227736
2984 0.196935
2985 0.177006
2986 0.192207
2987 0.177043
2988 0.155843
2989 0.146572
2990 0.201929
2991 0.157892
2992 0.187223
2993 0.149491
2994 0.135168
2995 0.127838
2996 0.210855
2997 0.237292
2998 0.124718
2999 0.370439
3000 0.134818
3001 0.300856
3002 0.198867
3003 0.196818
3004 0.153459
3005 0.213812
3006 0.208072
3007 0.3899
3008 0.199693
3009 0.207996
3010 0.213749
3011 0.250451
3012 0.184736
3013 0.206572
3014 0.15844
3015 0.296171
3016 0.309789
3017 0.192062
3018 0.26664
3019 0.152613
3020 0.159418
3021 0.282919
3022 0.186088
3023 0.210492
3024 0.174754
3025 0.254237
3026 0.282211
3027 0.240001
3028 0.188029
3029 0.33943
3030 0.2125
3031 0.237271
3032 0.208932
3033 0.231326
3034 0.252674
3035 0.271083
3036 0.200769
3037 0.161746
3038 0.209023
3039 0.15407
3040 0.31222
3041 0.362114
3042 0.257811
3043 0.201647
3044 0.234472
3045 0.275175
3046 0.17517
3047 0.30819
3048 0.167195
3049 0.197861
3050 0.14773
3051 0.224069
3052 0.299859
3053 0.229951
3054 0.199693
3055 0.218916
3056 0.156422
3057 0.179267
3058 0.221021
3059 0.229932
3060 0.227406
3061 0.187834
3062 0.232183
3063 0.252664
3064 0.238767
3065 0.213205
3066 0.242423
3067 0.158577
3068 0.208748
3069 0.186566
3070 0.221998
3071 0.202621
3072 0.193536
3073 0.282674
3074 0.219127
3075 0.238214
3076 0.262332
3077 0.297205
3078 0.167567
3079 0.257413
3080 0.218804
3081 0.204228
3082 0.218855
3083 0.239158
3084 0.219421
3085 0.248723
3086 0.295765
3087 0.256278
3088 0.264722
3089 0.198563
3090 0.209129
3091 0.213827
3092 0.284213
3093 0.194624
3094 0.199008
3095 0.234277
3096 0.187822
3097 0.250887
3098 0.237596
3099 0.24537
3100 0.337004
3101 0.222084
3102 0.263972
3103 0.145785
3104 0.178883
3105 0.177373
3106 0.174662
3107 0.151986
3108 0.195098
3109 0.172051
3110 0.22737
3111 0.238555
3112 0.223729
3113 0.268503
3114 0.26624
3115 0.15565
3116 0.162403
3117 0.198106
3118 0.222107
3119 0.362541
3120 0.2275
3121 0.148087
3122 0.223644
3123 0.324944
3124 0.354099
3125 0.307011
3126 0.221563
3127 0.172498
3128 0.168648
3129 0.205087
3130 0.249677
3131 0.159295
3132 0.185359
3133 0.219116
3134 0.250323
3135 0.231434
3136 0.158491
3137 0.290069
3138 0.266702
3139 0.175383
3140 0.17787
3141 0.160722
3142 0.198021
3143 0.134113
3144 0.198097
3145 0.184888
3146 0.185197
3147 0.269129
3148 0.273943
3149 0.215758
3150 0.206328
3151 0.349071
3152 0.171978
3153 0.21318
3154 0.342639
3155 0.277569
3156 0.172954
3157 0.232722
3158 0.239456
3159 0.169771
3160 0.240901
3161 0.251758
3162 0.28681
3163 0.275216
3164 0.202346
3165 0.277812
3166 0.150318
3167 0.210663
3168 0.251746
3169 0.281164
3170 0.27813
3171 0.225674
3172 0.178876
3173 0.252801
3174 0.279227
3175 0.351722
3176 0.300743
3177 0.22484
3178 0.163425
3179 0.262129
3180 0.141555
3181 0.169536
3182 0.214673
3183 0.309491
3184 0.261846
3185 0.279765
3186 0.219605
3187 0.236476
3188 0.206467
3189 0.229076
3190 0.214649
3191 0.289715
3192 0.193645
3193 0.198846
3194 0.203478
3195 0.178302
3196 0.255685
3197 0.169075
3198 0.173107
3199 0.150146
3200 0.256244
3201 0.224166
3202 0.152295
3203 0.236279
3204 0.301694
3205 0.199822
3206 0.217131
3207 0.283785
3208 0.247349
3209 0.272609
3210 0.293851
3211 0.246666
3212 0.235955
3213 0.2497
3214 0.229104
3215 0.231968
3216 0.301099
3217 0.241803
3218 0.209761
3219 0.178353
3220 0.231558
3221 0.153818
3222 0.207087
3223 0.21788
3224 0.189986
3225 0.225599
3226 0.145022
3227 0.158162
3228 0.233737
3229 0.173307
3230 0.259397
3231 0.264826
3232 0.312616
3233 0.146012
3234 0.207993
3235 0.22236
3236 0.206506
3237 0.263808
3238 0.272137
3239 0.148865
3240 0.206887
3241 0.221292
3242 0.203407
3243 0.271673
3244 0.268224
3245 0.167232
3246 0.271699
3247 0.158141
3248 0.203299
3249 0.223246
3250 0.187169
3251 0.305868
3252 0.203821
3253 0.275646
3254 0.218056
3255 0.173794
3256 0.21675
3257 0.306578
3258 0.186443
3259 0.135761
3260 0.148696
3261 0.220938
3262 0.205103
3263 0.228592
3264 0.255838
3265 0.189749
3266 0.174184
3267 0.202289
3268 0.253091
3269 0.335988
3270 0.219554
3271 0.252036
3272 0.198035
3273 0.256133
3274 0.230215
3275 0.220583
3276 0.183131
3277 0.280221
3278 0.260669
3279 0.220167
3280 0.198603
3281 0.239131
3282 0.225682
3283 0.180498
3284 0.306826
3285 0.267588
3286 0.198019
3287 0.213039
3288 0.193219
3289 0.323559
3290 0.219795
3291 0.197798
3292 0.252018
3293 0.376229
3294 0.170901
3295 0.224498
3296 0.248849
3297 0.336365
3298 0.197642
3299 0.156396
3300 0.174775
3301 0.218741
3302 0.294978
3303 0.13623
3304 0.199315
3305 0.208853
3306 0.228352
3307 0.174677
3308 0.17027
3309 0.247635
3310 0.142413
3311 0.168939
3312 0.188167
3313 0.238715
3314 0.360346
3315 0.14078
3316 0.258356
3317 0.291937
3318 0.211317
3319 0.206711
3320 0.240195
3321 0.199229
3322 0.146019
3323 0.379092
3324 0.22944
3325 0.186725
3326 0.220672
3327 0.177363
3328 0.157177
3329 0.206734
3330 0.27479
3331 0.301133
3332 0.222009
3333 0.301352
3334 0.243338
3335 0.149846
3336 0.245292
3337 0.194848
3338 0.16706
3339 0.212046
3340 0.252694
3341 0.16347
3342 0.152343
3343 0.195562
3344 0.427181
3345 0.258176
3346 0.230798
3347 0.179175
3348 0.358214
3349 0.3573
3350 0.165323
3351 0.301003
3352 0.167901
3353 0.186092
3354 0.288969
3355 0.345533
3356 0.245829
3357 0.206171
3358 0.214921
3359 0.145863
3360 0.173893
3361 0.210076
3362 0.31782
3363 0.231135
3364 0.196317
3365 0.241049
3366 0.174577
3367 0.199664
3368 0.238652
3369 0.286081
3370 0.189504
3371 0.248423
3372 0.176678
3373 0.282111
3374 0.293221
3375 0.316261
3376 0.181043
3377 0.210184
3378 0.149526
3379 0.152163
3380 0.19173
3381 0.181945
3382 0.308582
3383 0.236188
3384 0.19987
3385 0.243778
3386 0.201033
3387 0.195726
3388 0.157816
3389 0.198896
3390 0.243198
3391 0.197214
3392 0.164439
3393 0.22327
3394 0.197818
3395 0.186031
3396 0.188547
3397 0.272918
3398 0.232971
3399 0.208464
3400 0.189965
3401 0.232382
3402 0.243587
3403 0.201435
3404 0.157459
3405 0.142505
3406 0.126748
3407 0.197143
3408 0.127783
3409 0.169032
3410 0.16481
3411 0.21432
3412 0.337747
3413 0.150438
3414 0.168649
3415 0.177673
3416 0.158213
3417 0.164599
3418 0.167217
3419 0.246231
3420 0.169644
3421 0.231778
3422 0.128806
3423 0.127486
3424 0.159233
3425 0.219984
3426 0.213923
3427 0.197593
3428 0.324631
3429 0.2137
3430 0.344877
3431 0.221806
3432 0.233589
3433 0.145482
3434 0.207482
3435 0.279825
3436 0.205111
3437 0.210374
3438 0.154644
3439 0.196853
3440 0.204746
3441 0.187271
3442 0.215021
3443 0.294376
3444 0.296873
3445 0.174071
3446 0.26161
3447 0.241462
3448 0.155428
3449 0.211701
3450 0.227948
3451 0.192271
3452 0.28188
3453 0.216052
3454 0.22019
3455 0.205027
3456 0.234754
3457 0.138323
3458 0.266205
3459 0.273372
3460 0.178007
3461 0.222319
3462 0.185447
3463 0.303073
3464 0.181574
3465 0.19602
3466 0.191928
3467 0.141455
3468 0.227879
3469 0.197332
3470 0.474326
3471 0.256411
3472 0.187998
3473 0.155275
3474 0.29172
3475 0.191087
3476 0.275644
3477 0.125459
3478 0.139217
3479 0.224379
3480 0.26752
3481 0.327527
3482 0.169122
3483 0.208972
3484 0.163987
3485 0.166951
3486 0.220685
3487 0.182778
3488 0.320959
3489 0.288039
3490 0.252853
3491 0.225572
3492 0.346207
3493 0.163525
3494 0.177617
3495 0.169816
3496 0.169913
3497 0.253823
3498 0.165663
3499 0.205569
3500 0.183068
3501 0.240782
3502 0.32215
3503 0.132869
3504 0.141986
3505 0.289713
3506 0.22396
3507 0.143821
3508 0.186096
3509 0.173535
3510 0.170059
3511 0.235951
3512 0.191072
3513 0.204116
3514 0.278945
3515 0.208514
3516 0.218536
3517 0.147448
3518 0.198426
3519 0.15315
3520 0.165182
3521 0.252451
3522 0.225314
3523 0.20559
3524 0.225983
3525 0.176699
3526 0.242516
3527 0.283621
3528 0.205993
3529 0.282276
3530 0.182551
3531 0.20599
3532 0.303897
3533 0.21941
3534 0.236207
3535 0.20402
3536 0.178928
3537 0.146243
3538 0.196583
3539 0.194179
3540 0.17346
3541 0.265104
3542 0.257932
3543 0.193763
3544 0.195199
3545 0.197936
3546 0.20198
3547 0.174033
3548 0.244136
3549 0.233288
3550 0.166972
3551 0.279417
3552 0.380222
3553 0.223748
3554 0.192713
3555 0.200282
3556 0.15548
3557 0.171355
3558 0.159735
3559 0.262801
3560 0.143591
3561 0.182689
3562 0.151298
3563 0.245842
3564 0.168537
3565 0.146985
3566 0.251033
3567 0.230403
3568 0.218326
3569 0.129706
3570 0.186842
3571 0.187757
3572 0.180853
3573 0.22541
3574 0.273651
3575 0.239146
3576 0.159898
3577 0.273324
3578 0.171052
3579 0.168556
3580 0.184745
3581 0.197476
3582 0.176735
3583 0.199618
3584 0.214863
3585 0.172757
3586 0.242897
3587 0.151227
3588 0.147643
3589 0.172026
3590 0.318807
3591 0.167413
3592 0.210252
3593 0.138762
3594 0.176663
3595 0.135892
3596 0.191454
3597 0.351449
3598 0.21423
3599 0.220579
3600 0.275767
3601 0.166419
3602 0.371328
3603 0.248078
3604 0.163183
3605 0.203923
3606 0.241704
3607 0.21287
3608 0.140061
3609 0.115153
3610 0.154049
3611 0.164883
3612 0.199617
3613 0.180875
3614 0.290667
3615 0.155082
3616 0.198626
3617 0.190698
3618 0.156789
3619 0.213287
3620 0.184242
3621 0.183049
3622 0.175005
3623 0.1704
3624 0.210016
3625 0.205002
3626 0.191359
3627 0.188977
3628 0.246521
3629 0.186806
3630 0.173652
3631 0.241269
3632 0.211116
3633 0.276871
3634 0.237072
3635 0.210427
3636 0.184196
3637 0.248717
3638 0.178352
3639 0.223913
3640 0.247481
3641 0.237392
3642 0.239419
3643 0.285216
3644 0.275463
3645 0.120101
3646 0.258728
3647 0.247212
3648 0.15438
3649 0.159605
3650 0.178836
3651 0.191365
3652 0.210522
3653 0.199412
3654 0.196882
3655 0.145225
3656 0.197159
3657 0.135642
3658 0.123404
3659 0.33991
3660 0.196764
3661 0.278249
3662 0.245707
3663 0.182997
3664 0.207353
3665 0.25453
3666 0.197632
3667 0.256598
3668 0.197948
3669 0.178418
3670 0.1629
3671 0.192874
3672 0.275471
3673 0.246028
3674 0.182258
3675 0.228737
3676 0.264504
3677 0.244752
3678 0.187176
3679 0.185793
3680 0.253946
3681 0.196425
3682 0.259973
3683 0.257542
3684 0.202253
3685 0.27435
3686 0.255277
3687 0.172825
3688 0.127945
3689 0.193661
3690 0.172597
3691 0.210875
3692 0.240971
3693 0.160994
3694 0.201863
3695 0.190298
3696 0.202695
3697 0.288253
3698 0.320827
3699 0.178109
3700 0.330431
3701 0.206618
3702 0.203849
3703 0.20612
3704 0.159729
3705 0.256011
3706 0.172357
3707 0.267666
3708 0.192779
3709 0.126583
3710 0.16795
3711 0.163813
3712 0.282372
3713 0.229905
3714 0.215659
3715 0.177804
3716 0.170621
3717 0.290402
3718 0.201532
3719 0.158429
3720 0.175633
3721 0.265581
3722 0.276004
3723 0.184547
3724 0.240206
3725 0.287518
3726 0.241172
3727 0.203229
3728 0.138289
3729 0.182454
3730 0.178682
3731 0.283393
3732 0.189538
3733 0.190774
3734 0.26845
3735 0.184228
3736 0.235952
3737 0.295812
3738 0.177711
3739 0.14238
3740 0.204748
3741 0.180125
3742 0.159991
3743 0.291239
3744 0.270932
3745 0.198611
3746 0.219748
3747 0.161272
3748 0.247104
3749 0.199528
3750 0.218656
3751 0.17792
3752 0.333213
3753 0.146913
3754 0.153357
3755 0.196213
3756 0.171396
3757 0.247735
3758 0.163083
3759 0.34096
3760 0.232046
3761 0.202442
3762 0.267557
3763 0.26673
3764 0.220688
3765 0.171105
3766 0.195576
3767 0.188859
3768 0.191262
3769 0.194946
3770 0.148447
3771 0.225321
3772 0.249514
3773 0.281476
3774 0.335203
3775 0.215233
3776 0.217116
3777 0.446262
3778 0.226106
3779 0.165688
3780 0.306474
3781 0.190128
3782 0.259167
3783 0.236316
3784 0.252253
3785 0.195767
3786 0.182473
3787 0.193202
3788 0.136698
3789 0.1471
3790 0.242564
3791 0.203809
3792 0.172885
3793 0.134114
3794 0.17702
3795 0.170075
3796 0.197524
3797 0.247156
3798 0.188525
3799 0.175432
3800 0.17019
3801 0.208644
3802 0.243922
3803 0.308355
3804 0.345659
3805 0.229777
3806 0.183839
3807 0.180282
3808 0.219106
3809 0.322446
3810 0.212557
3811 0.187784
3812 0.220302
3813 0.225466
3814 0.141424
3815 0.178647
3816 0.181346
3817 0.132539
3818 0.204119
3819 0.277719
3820 0.150036
3821 0.146075
3822 0.244637
3823 0.178436
3824 0.176272
3825 0.244559
3826 0.197654
3827 0.186938
3828 0.213996
3829 0.284292
3830 0.254381
3831 0.203027
3832 0.159171
3833 0.162297
3834 0.158268
3835 0.164396
3836 0.173382
3837 0.168863
3838 0.18181
3839 0.194638
3840 0.189314
3841 0.201624
3842 0.162985
3843 0.177259
3844 0.166286
3845 0.152666
3846 0.193618
3847 0.134363
3848 0.150292
3849 0.138159
3850 0.164442
3851 0.139697
3852 0.123888
3853 0.157481
3854 0.178384
3855 0.117343
3856 0.303293
3857 0.236015
3858 0.249533
3859 0.17975
3860 0.183744
3861 0.163851
3862 0.195499
3863 0.199109
3864 0.232781
3865 0.177886
3866 0.179664
3867 0.247063
3868 0.168604
3869 0.159209
3870 0.148019
3871 0.168685
3872 0.240145
3873 0.248258
3874 0.188464
3875 0.195826
3876 0.190239
3877 0.190482
3878 0.157028
3879 0.210217
3880 0.229924
3881 0.206172
3882 0.156528
3883 0.275785
3884 0.196117
3885 0.18386
3886 0.157583
3887 0.321993
3888 0.315226
3889 0.160879
3890 0.237966
3891 0.232814
3892 0.174824
3893 0.168402
3894 0.179027
3895 0.160861
3896 0.158823
3897 0.147674
3898 0.326906
3899 0.395264
3900 0.182341
3901 0.157698
3902 0.136852
3903 0.251997
3904 0.140538
3905 0.276891
3906 0.128798
3907 0.147336
3908 0.282473
3909 0.317736
3910 0.250804
3911 0.27508
3912 0.172299
3913 0.165569
3914 0.133183
3915 0.17451
3916 0.137831
3917 0.259002
3918 0.147057
3919 0.213928
3920 0.260751
3921 0.171107
3922 0.180067
3923 0.13486
3924 0.195842
3925 0.168239
3926 0.18149
3927 0.171986
3928 0.206593
3929 0.163714
3930 0.229289
3931 0.225938
3932 0.155063
3933 0.251615
3934 0.268329
3935 0.139775
3936 0.13447
3937 0.168159
3938 0.16053
3939 0.173769
3940 0.142505
3941 0.142159
3942 0.251794
3943 0.214319
3944 0.164561
3945 0.212162
3946 0.160571
3947 0.272309
3948 0.155276
3949 0.241727
3950 0.24528
3951 0.16753
3952 0.233047
3953 0.192746
3954 0.136428
3955 0.226635
3956 0.247133
3957 0.274446
3958 0.201905
3959 0.249871
3960 0.145032
3961 0.155679
3962 0.219067
3963 0.178616
3964 0.141267
3965 0.158074
3966 0.113499
3967 0.184025
3968 0.246061
3969 0.19086
3970 0.226491
3971 0.227443
3972 0.188389
3973 0.147024
3974 0.177129
3975 0.217723
3976 0.186373
3977 0.17497
3978 0.192632
3979 0.193925
3980 0.309796
3981 0.323983
3982 0.308902
3983 0.220655
3984 0.160283
3985 0.148646
3986 0.159516
3987 0.198215
3988 0.182364
3989 0.12501
3990 0.195886
3991 0.125531
3992 0.258254
3993 0.212921
3994 0.196548
3995 0.313519
3996 0.237507
3997 0.182724
3998 0.109733
3999 0.159324
4000 0.163473
4001 0.186118
4002 0.168815
4003 0.242374
4004 0.177752
4005 0.24222
4006 0.213044
4007 0.166664
4008 0.210556
4009 0.174421
4010 0.277883
4011 0.213437
4012 0.213438
4013 0.214576
4014 0.169214
4015 0.20206
4016 0.169177
4017 0.143375
4018 0.24397
4019 0.160695
4020 0.22255
4021 0.158392
4022 0.138108
4023 0.166016
4024 0.152954
4025 0.247291
4026 0.334882
4027 0.235856
4028 0.209376
4029 0.247737
4030 0.180762
4031 0.269754
4032 0.195642
4033 0.17512
4034 0.224062
4035 0.185451
4036 0.294179
4037 0.167354
4038 0.157197
4039 0.157828
4040 0.188731
4041 0.162061
4042 0.312445
4043 0.181734
4044 0.181493
4045 0.183439
4046 0.253505
4047 0.282916
4048 0.20298
4049 0.158184
4050 0.17347
4051 0.157317
4052 0.181533
4053 0.209681
4054 0.177008
4055 0.111441
4056 0.11645
4057 0.1416
4058 0.1969
4059 0.17516
4060 0.20624
4061 0.227263
4062 0.311429
4063 0.151922
4064 0.175436
4065 0.159202
4066 0.331149
4067 0.254285
4068 0.193361
4069 0.23388
4070 0.180374
4071 0.221675
4072 0.252126
4073 0.214462
4074 0.176283
4075 0.185105
4076 0.165018
4077 0.205483
4078 0.189734
4079 0.249606
4080 0.2173
4081 0.140704
4082 0.185408
4083 0.141132
4084 0.128834
4085 0.202347
4086 0.166153
4087 0.31759
4088 0.263448
4089 0.212175
4090 0.245269
4091 0.216381
4092 0.174419
4093 0.210598
4094 0.270487
4095 0.170102
4096 0.273789
4097 0.197438
4098 0.149453
4099 0.193726
4100 0.213718
4101 0.183707
4102 0.244664
4103 0.284701
4104 0.165608
4105 0.188674
4106 0.203134
4107 0.171533
4108 0.249378
4109 0.187968
4110 0.174752
4111 0.329175
4112 0.15208
4113 0.222064
4114 0.264465
4115 0.132376
4116 0.188503
4117 0.168294
4118 0.193833
4119 0.166161
4120 0.232138
4121 0.150678
4122 0.164646
4123 0.135112
4124 0.189749
4125 0.209909
4126 0.334258
4127 0.198952
4128 0.258319
4129 0.223848
4130 0.204549
4131 0.195489
4132 0.209822
4133 0.18392
4134 0.30229
4135 0.204822
4136 0.175667
4137 0.172649
4138 0.154691
4139 0.190801
4140 0.193915
4141 0.217738
4142 0.230238
4143 0.193204
4144 0.184657
4145 0.193796
4146 0.196259
4147 0.168953
4148 0.169834
4149 0.1601
4150 0.263101
4151 0.276013
4152 0.179362
4153 0.230556
4154 0.235795
4155 0.218098
4156 0.207635
4157 0.16788
4158 0.217641
4159 0.18291
4160 0.209616
4161 0.133459
4162 0.224917
4163 0.192783
4164 0.18224
4165 0.191854
4166 0.229711
4167 0.127063
4168 0.11775
4169 0.269023
4170 0.176731
4171 0.198811
4172 0.188262
4173 0.184757
4174 0.292334
4175 0.303232
4176 0.197387
4177 0.181763
4178 0.231644
4179 0.229982
4180 0.33922
4181 0.244177
4182 0.195522
4183 0.158244
4184 0.223953
4185 0.160466
4186 0.284379
4187 0.125079
4188 0.248523
4189 0.15304
4190 0.206776
4191 0.291712
4192 0.199599
4193 0.253899
4194 0.183426
4195 0.127062
4196 0.221725
4197 0.183974
4198 0.188369
4199 0.204189
4200 0.161231
4201 0.29931
4202 0.175258
4203 0.209303
4204 0.171102
4205 0.328188
4206 0.228675
4207 0.204885
4208 0.245759
4209 0.180602
4210 0.176149
4211 0.184885
4212 0.26065
4213 0.314278
4214 0.140101
4215 0.161239
4216 0.151157
4217 0.145231
4218 0.210096
4219 0.304791
4220 0.13403
4221 0.211429
4222 0.161117
4223 0.175341
4224 0.169615
4225 0.193714
4226 0.218989
4227 0.2433
4228 0.197696
4229 0.183056
4230 0.191909
4231 0.196824
4232 0.331631
4233 0.212306
4234 0.217489
4235 0.169835
4236 0.190431
4237 0.204495
4238 0.30064
4239 0.183351
4240 0.167962
4241 0.24932
4242 0.16581
4243 0.161777
4244 0.161629
4245 0.153134
4246 0.145676
4247 0.15865
4248 0.187909
4249 0.158326
4250 0.246343
4251 0.191397
4252 0.251949
4253 0.164442
4254 0.187076
4255 0.15987
4256 0.148879
4257 0.183818
4258 0.195493
4259 0.150053
4260 0.212812
4261 0.178134
4262 0.18151
4263 0.125558
4264 0.142688
4265 0.158933
4266 0.245317
4267 0.198077
4268 0.151715
4269 0.233651
4270 0.173984
4271 0.120816
4272 0.171783
4273 0.120036
4274 0.16227
4275 0.146953
4276 0.119246
4277 0.114248
4278 0.123274
4279 0.162837
4280 0.124209
4281 0.121216
4282 0.145114
4283 0.167165
4284 0.117183
4285 0.377804
4286 0.109974
4287 0.278054
4288 0.23894
4289 0.181907
4290 0.134214
4291 0.190397
4292 0.171102
4293 0.158378
4294 0.141189
4295 0.160316
4296 0.140958
4297 0.121673
4298 0.195175
4299 0.20893
4300 0.172399
4301 0.298359
4302 0.246086
4303 0.18764
4304 0.28669
4305 0.169138
4306 0.146308
4307 0.210222
4308 0.161156
4309 0.213708
4310 0.155168
4311 0.208208
4312 0.202365
4313 0.175101
4314 0.206126
4315 0.209989
4316 0.250259
4317 0.222282
4318 0.19057
4319 0.134936
4320 0.229682
4321 0.176406
4322 0.168032
4323 0.155835
4324 0.194505
4325 0.161714
4326 0.248761
4327 0.520139
4328 0.394892
4329 0.162717
4330 0.141474
4331 0.176207
4332 0.156488
4333 0.189854
4334 0.175698
4335 0.175206
4336 0.152739
4337 0.186231
4338 0.283657
4339 0.249618
4340 0.239132
4341 0.257541
4342 0.186897
4343 0.236962
4344 0.173302
4345 0.160426
4346 0.239387
4347 0.17052
4348 0.162559
4349 0.186212
4350 0.154943
4351 0.151361
4352 0.170278
4353 0.18927
4354 0.2417
4355 0.158917
4356 0.207786
4357 0.169392
4358 0.179664
4359 0.202386
4360 0.181162
4361 0.164822
4362 0.188958
4363 0.233981
4364 0.170574
4365 0.202525
4366 0.150237
4367 0.221034
4368 0.231321
4369 0.154365
4370 0.182363
4371 0.176649
4372 0.172502
4373 0.208912
4374 0.188619
4375 0.169918
4376 0.164527
4377 0.139882
4378 0.184521
4379 0.25373
4380 0.19507
4381 0.183237
4382 0.122565
4383 0.207218
4384 0.192877
4385 0.196638
4386 0.236669
4387 0.216916
4388 0.243242
4389 0.165767
4390 0.198379
4391 0.208429
4392 0.161669
4393 0.147535
4394 0.165043
4395 0.145835
4396 0.209902
4397 0.150126
4398 0.19669
4399 0.215143
4400 0.211008
4401 0.124824
4402 0.15268
4403 0.16997
4404 0.185812
4405 0.267098
4406 0.210971
4407 0.153876
4408 0.142061
4409 0.274673
4410 0.202774
4411 0.198164
4412 0.218094
4413 0.13602
4414 0.147994
4415 0.216304
4416 0.208351
4417 0.142756
4418 0.140113
4419 0.185631
4420 0.169578
4421 0.223179
4422 0.13097
4423 0.174315
4424 0.237575
4425 0.157425
4426 0.160758
4427 0.208111
4428 0.239427
4429 0.21406
4430 0.191511
4431 0.169668
4432 0.149526
4433 0.216743
4434 0.260662
4435 0.19476
4436 0.193582
4437 0.229611
4438 0.134117
4439 0.189906
4440 0.254826
4441 0.2338
4442 0.143976
4443 0.19558
4444 0.231581
4445 0.18912
4446 0.147335
4447 0.238133
4448 0.217946
4449 0.234735
4450 0.152502
4451 0.164549
4452 0.164671
4453 0.255292
4454 0.263962
4455 0.401106
4456 0.221315
4457 0.182653
4458 0.149323
4459 0.147133
4460 0.24019
4461 0.167832
4462 0.198558
4463 0.134936
4464 0.217424
4465 0.206888
4466 0.12386
4467 0.146283
4468 0.143375
4469 0.227602
4470 0.186431
4471 0.177331
4472 0.205349
4473 0.154188
4474 0.170847
4475 0.172921
4476 0.157994
4477 0.169083
4478 0.156306
4479 0.182519
4480 0.171387
4481 0.163227
4482 0.244188
4483 0.194399
4484 0.131953
4485 0.142741
4486 0.288739
4487 0.168524
4488 0.184581
4489 0.23808
4490 0.215072
4491 0.257963
4492 0.200066
4493 0.160115
4494 0.177613
4495 0.271818
4496 0.220254
4497 0.215475
4498 0.170962
4499 0.170345
4500 0.230671
4501 0.263437
4502 0.22113
4503 0.168977
4504 0.207376
4505 0.147997
4506 0.143095
4507 0.184773
4508 0.219309
4509 0.152429
4510 0.190422
4511 0.173379
4512 0.137025
4513 0.163012
4514 0.130547
4515 0.155369
4516 0.221393
4517 0.240467
4518 0.243402
4519 0.17154
4520 0.232063
4521 0.157172
4522 0.161247
4523 0.232915
4524 0.170525
4525 0.211221
4526 0.210248
4527 0.119231
4528 0.145192
4529 0.208724
4530 0.191288
4531 0.170134
4532 0.235449
4533 0.12343
4534 0.185088
4535 0.253345
4536 0.205287
4537 0.278959
4538 0.183057
4539 0.224989
4540 0.246672
4541 0.264646
4542 0.253507
4543 0.298279
4544 0.136664
4545 0.169776
4546 0.140859
4547 0.200973
4548 0.138356
4549 0.156233
4550 0.207401
4551 0.177563
4552 0.126076
4553 0.171581
4554 0.194696
4555 0.242566
4556 0.281673
4557 0.288638
4558 0.206689
4559 0.194511
4560 0.178801
4561 0.134875
4562 0.210889
4563 0.163559
4564 0.174808
4565 0.163959
4566 0.161067
4567 0.20263
4568 0.205741
4569 0.1418
4570 0.220887
4571 0.216356
4572 0.204514
4573 0.162453
4574 0.165937
4575 0.260933
4576 0.147619
4577 0.18348
4578 0.143982
4579 0.275181
4580 0.171241
4581 0.256282
4582 0.228413
4583 0.244126
4584 0.195931
4585 0.146046
4586 0.11275
4587 0.189574
4588 0.249269
4589 0.164246
4590 0.176278
4591 0.194483
4592 0.140796
4593 0.258112
4594 0.200006
4595 0.17265
4596 0.135053
4597 0.212003
4598 0.174061
4599 0.226245
4600 0.278155
4601 0.176946
4602 0.270694
4603 0.171984
4604 0.180656
4605 0.183961
4606 0.202943
4607 0.19883
4608 0.155301
4609 0.271257
4610 0.186215
4611 0.164056
4612 0.188673
4613 0.181815
4614 0.136362
4615 0.222748
4616 0.264644
4617 0.266756
4618 0.191233
4619 0.221375
4620 0.237532
4621 0.143796
4622 0.147027
4623 0.136811
4624 0.171632
4625 0.253625
4626 0.161924
4627 0.163042
4628 0.175965
4629 0.173197
4630 0.347286
4631 0.304517
4632 0.207458
4633 0.157667
4634 0.222141
4635 0.250727
4636 0.162196
4637 0.233498
4638 0.14393
4639 0.160388
4640 0.226688
4641 0.198539
4642 0.193762
4643 0.159213
4644 0.167169
4645 0.173765
4646 0.124659
4647 0.189232
4648 0.343463
4649 0.175676
4650 0.139532
4651 0.157621
4652 0.214197
4653 0.185508
4654 0.246569
4655 0.196567
4656 0.159124
4657 0.137978
4658 0.129411
4659 0.263292
4660 0.188502
4661 0.244976
4662 0.154972
4663 0.191292
4664 0.16321
4665 0.198827
4666 0.24272
4667 0.145968
4668 0.21552
4669 0.136971
4670 0.172942
4671 0.188686
4672 0.13222
4673 0.188177
4674 0.134287
4675 0.156058
4676 0.178235
4677 0.175892
4678 0.160027
4679 0.16001
4680 0.207008
4681 0.199427
4682 0.168452
4683 0.182256
4684 0.145886
4685 0.13321
4686 0.166512
4687 0.184112
4688 0.199791
4689 0.158658
4690 0.235701
4691 0.146053
4692 0.12572
4693 0.183927
4694 0.149854
4695 0.156551
4696 0.147107
4697 0.122018
4698 0.263265
4699 0.184239
4700 0.138115
4701 0.210023
4702 0.142192
4703 0.139219
4704 0.130816
4705 0.122364
4706 0.134924
4707 0.172248
4708 0.124353
4709 0.108631
4710 0.126353
4711 0.156855
4712 0.14904
4713 0.220813
4714 0.28858
4715 0.205236
4716 0.219793
4717 0.146824
4718 0.180643
4719 0.202128
4720 0.20371
4721 0.178546
4722 0.227377
4723 0.130957
4724 0.18336
4725 0.184795
4726 0.19689
4727 0.216134
4728 0.197653
4729 0.182274
4730 0.269245
4731 0.201301
4732 0.150441
4733 0.188717
4734 0.118252
4735 0.139748
4736 0.171427
4737 0.216608
4738 0.148363
4739 0.167812
4740 0.238558
4741 0.197842
4742 0.254992
4743 0.169873
4744 0.218663
4745 0.186561
4746 0.188346
4747 0.142949
4748 0.139376
4749 0.169743
4750 0.174755
4751 0.169149
4752 0.183128
4753 0.122434
4754 0.140954
4755 0.203633
4756 0.556937
4757 0.350492
4758 0.179694
4759 0.135728
4760 0.158825
4761 0.171859
4762 0.236845
4763 0.147363
4764 0.168051
4765 0.169578
4766 0.181716
4767 0.226258
4768 0.172948
4769 0.189744
4770 0.196193
4771 0.152808
4772 0.155028
4773 0.156753
4774 0.19131
4775 0.226395
4776 0.187523
4777 0.231376
4778 0.192708
4779 0.169963
4780 0.220934
4781 0.182427
4782 0.129526
4783 0.155199
4784 0.156619
4785 0.174582
4786 0.178346
4787 0.203582
4788 0.238252
4789 0.141845
4790 0.239757
4791 0.185334
4792 0.212992
4793 0.150494
4794 0.177938
4795 0.17599
4796 0.181043
4797 0.172452
4798 0.117375
4799 0.201173
4800 0.168216
4801 0.181196
4802 0.17228
4803 0.157197
4804 0.171468
4805 0.220333
4806 0.132343
4807 0.206977
4808 0.264966
4809 0.162683
4810 0.168031
4811 0.128311
4812 0.182565
4813 0.175975
4814 0.208668
4815 0.162738
4816 0.195813
4817 0.182237
4818 0.157632
4819 0.205055
4820 0.220233
4821 0.124857
4822 0.213972
4823 0.113346
4824 0.166007
4825 0.211482
4826 0.216544
4827 0.28356
4828 0.241626
4829 0.193643
4830 0.121014
4831 0.185993
4832 0.192633
4833 0.160933
4834 0.197417
4835 0.197839
4836 0.117994
4837 0.179746
4838 0.234559
4839 0.163555
4840 0.163922
4841 0.150971
4842 0.127529
4843 0.185569
4844 0.125925
4845 0.161976
4846 0.127555
4847 0.167304
4848 0.165778
4849 0.240482
4850 0.203525
4851 0.180452
4852 0.231919
4853 0.216586
4854 0.131866
4855 0.128496
4856 0.1849
4857 0.162084
4858 0.165798
4859 0.180297
4860 0.182072
4861 0.200613
4862 0.210654
4863 0.288958
4864 0.11289
4865 0.152795
4866 0.160878
4867 0.190909
4868 0.1698
4869 0.131206
4870 0.176753
4871 0.178043
4872 0.167007
4873 0.180708
4874 0.144671
4875 0.134219
4876 0.184824
4877 0.127675
4878 0.165622
4879 0.147334
4880 0.126764
4881 0.149138
4882 0.252405
4883 0.1883
4884 0.253195
4885 0.144903
4886 0.331726
4887 0.145884
4888 0.242627
4889 0.232843
4890 0.162597
4891 0.207559
4892 0.162075
4893 0.200292
4894 0.225194
4895 0.192707
4896 0.188309
4897 0.120763
4898 0.159839
4899 0.164664
4900 0.260642
4901 0.126865
4902 0.155325
4903 0.127498
4904 0.292477
4905 0.207662
4906 0.17519
4907 0.191994
4908 0.172446
4909 0.155499
4910 0.174873
4911 0.181594
4912 0.135891
4913 0.183201
4914 0.157289
4915 0.144105
4916 0.17758
4917 0.209891
4918 0.206946
4919 0.1878
4920 0.180772
4921 0.220897
4922 0.150789
4923 0.213802
4924 0.20946
4925 0.123444
4926 0.216465
4927 0.236252
4928 0.146113
4929 0.303716
4930 0.196655
4931 0.207299
4932 0.18433
4933 0.20629
4934 0.112269
4935 0.143609
4936 0.198139
4937 0.169215
4938 0.203742
4939 0.147111
4940 0.155608
4941 0.121662
4942 0.187397
4943 0.127101
4944 0.116303
4945 0.224363
4946 0.179894
4947 0.224153
4948 0.232806
4949 0.148028
4950 0.16739
4951 0.206551
4952 0.139011
4953 0.284147
4954 0.157979
4955 0.163762
4956 0.161699
4957 0.222652
4958 0.190413
4959 0.210647
4960 0.140467
4961 0.207817
4962 0.148051
4963 0.163328
4964 0.189441
4965 0.196133
4966 0.184267
4967 0.156698
4968 0.255212
4969 0.266668
4970 0.170177
4971 0.296464
4972 0.202376
4973 0.175917
4974 0.137561
4975 0.192129
4976 0.185344
4977 0.175759
4978 0.209367
4979 0.128807
4980 0.156896
4981 0.163495
4982 0.128855
4983 0.229623
4984 0.250131
4985 0.150737
4986 0.249635
4987 0.189481
4988 0.16423
4989 0.146204
4990 0.185753
4991 0.138168
4992 0.1853
4993 0.211608
4994 0.157402
4995 0.174647
4996 0.198631
4997 0.128019
4998 0.17371
4999 0.19772
5000 0.180591
