0 2.74877
1 2.83635
2 2.56828
3 2.41054
4 2.34862
5 2.07909
6 2.11907
7 2.41292
8 2.1062
9 2.04272
10 1.90742
11 1.84447
12 1.54578
13 1.71721
14 1.90182
15 2.25361
16 2.559
17 2.3638
18 1.82159
19 1.72248
20 1.69362
21 1.65289
22 1.64947
23 1.37811
24 1.32679
25 1.51182
26 1.34886
27 1.77092
28 1.74874
29 1.83585
30 1.52107
31 1.1549
32 1.13396
33 1.08746
34 1.10941
35 0.996768
36 0.907889
37 0.980012
38 0.886608
39 0.943957
40 1.08845
41 1.03785
42 0.903179
43 0.930463
44 1.16222
45 0.993997
46 1.02785
47 1.01006
48 1.14868
49 1.06947
50 1.03745
51 1.16873
52 1.04585
53 0.89839
54 0.967331
55 0.995328
56 1.24742
57 0.952534
58 0.955269
59 1.07411
60 0.939746
61 0.860196
62 1.10468
63 1.21938
64 1.11718
65 0.857341
66 0.753857
67 0.903569
68 0.928308
69 0.879089
70 1.32503
71 1.19621
72 1.00525
73 0.959684
74 1.03533
75 1.00368
76 1.11881
77 0.825133
78 0.723883
79 0.736115
80 0.746707
81 0.720044
82 0.71078
83 0.77554
84 0.922116
85 0.88103
86 0.838413
87 0.909212
88 0.908288
89 0.763238
90 0.789661
91 0.954632
92 0.875216
93 0.821081
94 0.792058
95 0.775311
96 0.738773
97 0.88468
98 0.945002
99 0.932411
100 0.790827
101 0.568777
102 0.611139
103 0.558156
104 0.687362
105 0.624888
106 0.686053
107 0.666957
108 0.573101
109 0.660851
110 0.720045
111 0.727568
112 0.802132
113 0.968781
114 0.641904
115 0.696787
116 0.801963
117 0.908554
118 1.08393
119 0.752563
120 0.602635
121 0.681796
122 0.805536
123 0.760707
124 0.766944
125 0.626411
126 0.63681
127 0.670859
128 0.739541
129 0.778373
130 0.696886
131 0.524264
132 0.626973
133 0.747739
134 0.793111
135 0.627273
136 0.876295
137 1.04646
138 0.852319
139 0.952957
140 0.627542
141 0.691849
142 0.665142
143 0.569586
144 0.603784
145 0.650908
146 0.769298
147 0.672688
148 0.89065
149 0.83808
150 0.730298
151 0.572701
152 0.760053
153 0.735134
154 0.759693
155 0.627539
156 0.529814
157 0.606604
158 0.615455
159 0.54525
160 0.609944
161 0.608041
162 0.816487
163 0.776334
164 0.627009
165 0.564435
166 0.590705
167 0.69108
168 0.690706
169 0.914279
170 1.09652
171 0.789914
172 0.94694
173 1.46696
174 1.35002
175 1.60507
176 1.06015
177 0.885422
178 0.820698
179 0.680108
180 0.590301
181 0.71397
182 0.773712
183 0.648889
184 0.785533
185 0.669069
186 0.63297
187 0.594934
188 0.730243
189 0.638302
190 0.667273
191 0.572167
192 0.546369
193 0.648844
194 0.80478
195 0.708558
196 0.666582
197 0.667144
198 0.628302
199 0.643625
200 0.671128
201 0.547879
202 0.693119
203 0.614199
204 0.819569
205 0.794716
206 0.848436
207 0.669021
208 0.862902
209 0.581697
210 0.609321
211 0.717094
212 0.646862
213 0.73656
214 0.833258
215 0.618393
216 0.593574
217 0.631877
218 0.512712
219 0.63703
220 0.580626
221 0.707522
222 0.596639
223 0.513414
224 0.637087
225 0.537775
226 0.933208
227 0.677187
228 0.596441
229 0.602012
230 0.698144
231 0.625229
232 0.724703
233 0.777744
234 0.516098
235 0.576876
236 0.6832
237 0.539212
238 0.615003
239 0.63666
240 0.508865
241 0.585102
242 0.592
243 0.629699
244 0.46129
245 0.61289
246 0.497623
247 0.47704
248 0.574329
249 0.56367
250 0.724838
251 0.600896
252 0.93219
253 0.721917
254 0.589197
255 0.715158
256 0.634304
257 0.557494
258 0.478591
259 0.528661
260 0.573871
261 0.562413
262 0.571079
263 0.600638
264 0.459172
265 0.555714
266 0.481078
267 0.584788
268 0.879695
269 0.581764
270 0.640269
271 0.612844
272 0.607895
273 0.596789
274 0.606955
275 0.574812
276 0.568782
277 0.56731
278 0.569904
279 0.53347
280 0.484683
281 0.674055
282 0.480516
283 0.702033
284 0.590575
285 0.619728
286 0.619375
287 0.553802
288 0.587766
289 0.585821
290 0.513305
291 0.67675
292 0.746261
293 0.562738
294 0.582922
295 0.673615
296 0.696758
297 0.514013
298 0.61127
299 0.387566
300 0.435625
301 0.52712
302 0.543007
303 0.536639
304 0.546465
305 0.571278
306 0.57172
307 0.62263
308 0.619043
309 0.429503
310 0.537311
311 0.612371
312 0.555612
313 0.705038
314 0.55604
315 0.584587
316 0.640405
317 0.517198
318 0.609517
319 0.653949
320 0.659632
321 0.616999
322 0.791815
323 0.800462
324 0.566253
325 0.539475
326 0.484513
327 0.497717
328 0.459094
329 0.553453
330 0.615148
331 0.711082
332 0.643919
333 0.574344
334 0.476356
335 0.611995
336 0.561417
337 0.430723
338 0.614363
339 0.473148
340 0.545804
341 0.51631
342 0.494146
343 0.954931
344 0.691493
345 0.804316
346 0.468562
347 1.0332
348 0.700997
349 0.490367
350 0.838831
351 0.568895
352 0.471062
353 0.630683
354 0.878696
355 0.609729
356 0.575962
357 0.531964
358 0.436398
359 0.403356
360 0.460123
361 0.629171
362 0.482169
363 0.533962
364 0.481972
365 0.530802
366 0.472717
367 0.639662
368 0.637774
369 0.561015
370 0.488706
371 0.47896
372 0.668451
373 0.522633
374 0.738831
375 0.4752
376 0.538604
377 0.408583
378 0.465661
379 0.588016
380 0.486466
381 0.52268
382 0.5624
383 0.470344
384 0.466121
385 0.481999
386 0.465434
387 0.47232
388 0.425765
389 0.579001
390 0.53968
391 0.460404
392 0.590972
393 0.545503
394 0.497745
395 0.455346
396 0.527759
397 0.505971
398 0.41675
399 0.442644
400 0.553182
401 0.493661
402 0.566659
403 0.460888
404 0.461409
405 0.434004
406 0.525143
407 0.396151
408 0.465464
409 0.506766
410 0.522462
411 0.703687
412 0.503659
413 0.423728
414 0.471256
415 0.365628
416 0.375506
417 0.467598
418 0.402252
419 0.401876
420 0.501466
421 0.383019
422 0.320525
423 0.3452
424 0.688723
425 0.610802
426 0.457446
427 0.782351
428 0.383358
429 0.615521
430 0.462229
431 0.569928
432 0.514361
433 0.479761
434 0.555234
435 0.541089
436 0.415672
437 0.524333
438 0.5419
439 0.448545
440 0.618008
441 0.494049
442 0.439231
443 0.585205
444 0.614373
445 0.47104
446 0.546678
447 0.501679
448 0.603605
449 0.481385
450 0.543314
451 0.460651
452 0.485163
453 0.65009
454 0.499358
455 0.530858
456 0.420144
457 0.66515
458 0.695703
459 0.729174
460 0.679727
461 0.602696
462 0.523337
463 0.589812
464 0.592926
465 0.442197
466 0.450547
467 0.410714
468 0.536888
469 0.724218
470 0.474519
471 0.490057
472 0.418746
473 0.481059
474 0.420631
475 0.573864
476 0.406401
477 0.435208
478 0.406624
479 0.537929
480 0.611807
481 0.526764
482 0.460177
483 0.506428
484 0.452256
485 0.4848
486 0.459963
487 0.690363
488 0.64103
489 0.550406
490 0.515381
491 0.598821
492 0.48093
493 0.449555
494 0.474539
495 0.460262
496 0.498997
497 0.421668
498 0.518163
499 0.475276
500 0.492399
501 0.689725
502 0.482428
503 0.527609
504 0.636386
505 0.656535
506 0.491266
507 0.479243
508 0.547202
509 0.452106
510 0.567508
511 0.454333
512 0.490951
513 0.57965
514 0.586155
515 0.425963
516 0.449063
517 0.40222
518 0.513108
519 0.490331
520 0.582484
521 0.460986
522 0.463505
523 0.528101
524 0.450993
525 0.437499
526 0.575238
527 0.481145
528 0.52856
529 0.474993
530 0.390817
531 0.42516
532 0.481781
533 0.426626
534 0.494809
535 0.527395
536 0.391229
537 0.389074
538 0.471094
539 0.480481
540 0.533409
541 0.440885
542 0.498666
543 0.427292
544 0.522054
545 0.439414
546 0.497246
547 0.629653
548 0.417388
549 0.383376
550 0.454002
551 0.591911
552 0.51631
553 0.499497
554 0.574385
555 0.412451
556 0.435641
557 0.452333
558 0.47454
559 0.408282
560 0.440722
561 0.520246
562 0.490773
563 0.462867
564 0.37528
565 0.593815
566 0.489107
567 0.480198
568 0.390848
569 0.455211
570 0.554715
571 0.384469
572 0.424139
573 0.404494
574 0.488191
575 0.499152
576 0.520908
577 0.423231
578 0.420076
579 0.440145
580 0.409661
581 0.559417
582 0.5733
583 0.52885
584 0.495391
585 0.393795
586 0.502943
587 0.384273
588 0.400429
589 0.459141
590 0.446677
591 0.543912
592 0.408839
593 0.481691
594 0.35518
595 0.585563
596 0.473148
597 0.639475
598 0.490134
599 0.54928
600 0.38395
601 0.591673
602 0.485165
603 0.393797
604 0.470853
605 0.374376
606 0.417423
607 0.434989
608 0.393139
609 0.421495
610 0.431817
611 0.541066
612 0.479269
613 0.582668
614 0.414932
615 0.455328
616 0.502948
617 0.512962
618 0.433501
619 0.451482
620 0.408802
621 0.439502
622 0.47587
623 0.537878
624 0.476841
625 0.448173
626 0.394143
627 0.443788
628 0.436496
629 0.412859
630 0.402804
631 0.436912
632 0.477652
633 0.502676
634 0.599732
635 0.392841
636 0.472935
637 0.574038
638 0.474459
639 0.584276
640 0.524857
641 0.462853
642 0.529737
643 0.432238
644 0.480794
645 0.477053
646 0.47557
647 0.398516
648 0.378436
649 0.440621
650 0.493633
651 0.467464
652 0.407094
653 0.495004
654 0.34947
655 0.417001
656 0.375727
657 0.344354
658 0.536118
659 0.529783
660 0.588414
661 0.65
662 0.474702
663 0.410383
664 0.48492
665 0.393771
666 0.524184
667 0.372867
668 0.383074
669 0.449105
670 0.585859
671 0.652393
672 0.440344
673 0.363977
674 0.54347
675 0.428062
676 0.405907
677 0.45666
678 0.471122
679 0.565821
680 0.46139
681 0.575006
682 0.529702
683 0.411896
684 0.437217
685 0.50452
686 0.492594
687 0.337065
688 0.412585
689 0.45443
690 0.496511
691 0.531417
692 0.407355
693 0.366931
694 0.386404
695 0.429545
696 0.531235
697 0.625084
698 0.437905
699 0.456605
700 0.446416
701 0.47204
702 0.393468
703 0.37617
704 0.401728
705 0.447694
706 0.501366
707 0.475251
708 0.45005
709 0.467887
710 0.456397
711 0.447684
712 0.558022
713 0.501114
714 0.462851
715 0.445095
716 0.392803
717 0.61063
718 0.411819
719 0.349472
720 0.553995
721 0.652807
722 0.460771
723 0.462276
724 0.481281
725 0.557825
726 0.413689
727 0.384663
728 0.354099
729 0.434782
730 0.424467
731 0.371837
732 0.428746
733 0.376059
734 0.387096
735 0.405581
736 0.507298
737 0.37114
738 0.372884
739 0.373048
740 0.481713
741 0.370932
742 0.493585
743 0.458331
744 0.430228
745 0.559381
746 0.443471
747 0.531096
748 0.431098
749 0.530392
750 0.416155
751 0.566327
752 0.536447
753 0.405715
754 0.400902
755 0.372587
756 0.406613
757 0.403644
758 0.549826
759 0.496573
760 0.425878
761 0.47278
762 0.534973
763 0.435549
764 0.481993
765 0.403363
766 0.417487
767 0.445864
768 0.436888
769 0.411893
770 0.368446
771 0.383011
772 0.629393
773 0.398523
774 0.522699
775 0.350052
776 0.705432
777 0.503992
778 0.397734
779 0.686648
780 0.447035
781 0.410047
782 0.504026
783 0.556198
784 0.477706
785 0.407317
786 0.348592
787 0.365889
788 0.32068
789 0.343203
790 0.494306
791 0.394839
792 0.428799
793 0.401497
794 0.378339
795 0.414313
796 0.435283
797 0.453654
798 0.433898
799 0.379666
800 0.337414
801 0.526656
802 0.521402
803 0.647362
804 0.450164
805 0.385947
806 0.355476
807 0.445378
808 0.516785
809 0.428659
810 0.364289
811 0.379452
812 0.38953
813 0.354847
814 0.360006
815 0.376722
816 0.390238
817 0.385556
818 0.509382
819 0.406032
820 0.367121
821 0.461421
822 0.351036
823 0.38273
824 0.368186
825 0.425214
826 0.411102
827 0.355623
828 0.396072
829 0.362182
830 0.502257
831 0.349657
832 0.340173
833 0.389853
834 0.366741
835 0.430707
836 0.319888
837 0.385505
838 0.375665
839 0.377779
840 0.456058
841 0.380247
842 0.326054
843 0.388208
844 0.303061
845 0.30129
846 0.312684
847 0.361382
848 0.312806
849 0.457422
850 0.285579
851 0.306624
852 0.382261
853 0.446581
854 0.340095
855 0.359679
856 0.597736
857 0.469391
858 0.461233
859 0.443951
860 0.374332
861 0.347021
862 0.45867
863 0.415558
864 0.394821
865 0.34097
866 0.373734
867 0.359483
868 0.399655
869 0.323472
870 0.365679
871 0.401675
872 0.444124
873 0.399327
874 0.442207
875 0.411182
876 0.308429
877 0.488988
878 0.367911
879 0.384366
880 0.436884
881 0.385306
882 0.491055
883 0.404208
884 0.541301
885 0.364022
886 0.617511
887 0.715921
888 0.430573
889 0.375435
890 0.42996
891 0.3551
892 0.456545
893 0.362992
894 0.361018
895 0.297117
896 0.383055
897 0.377337
898 0.666294
899 0.45633
900 0.360572
901 0.346734
902 0.392421
903 0.399351
904 0.476856
905 0.428805
906 0.360461
907 0.302903
908 0.425197
909 0.449694
910 0.394813
911 0.392785
912 0.361146
913 0.351983
914 0.356982
915 0.350033
916 0.473582
917 0.515726
918 0.44519
919 0.401637
920 0.524651
921 0.466856
922 0.371735
923 0.408877
924 0.35261
925 0.496185
926 0.325578
927 0.385778
928 0.36868
929 0.409255
930 0.469162
931 0.308944
932 0.416787
933 0.456311
934 0.386088
935 0.29475
936 0.465454
937 0.39988
938 0.449352
939 0.32987
940 0.33685
941 0.447971
942 0.473538
943 0.386143
944 0.397217
945 0.382122
946 0.368134
947 0.398195
948 0.426943
949 0.360865
950 0.394536
951 0.437623
952 0.482656
953 0.29341
954 0.463294
955 0.524816
956 0.477342
957 0.384748
958 0.456196
959 0.346303
960 0.347807
961 0.383723
962 0.382539
963 0.354292
964 0.364482
965 0.291309
966 0.332181
967 0.410658
968 0.359711
969 0.366382
970 0.395261
971 0.324341
972 0.32427
973 0.387738
974 0.388052
975 0.43589
976 0.417266
977 0.364778
978 0.318094
979 0.517619
980 0.476207
981 0.45903
982 0.40043
983 0.34499
984 0.292865
985 0.33039
986 0.311902
987 0.413916
988 0.29628
989 0.388989
990 0.368004
991 0.555564
992 0.395195
993 0.359455
994 0.519998
995 0.52379
996 0.348038
997 0.338067
998 0.416507
999 0.392359
1000 0.304141
1001 0.369077
1002 0.388966
1003 0.378397
1004 0.429461
1005 0.416419
1006 0.339918
1007 0.397594
1008 0.325649
1009 0.389404
1010 0.469174
1011 0.312462
1012 0.415351
1013 0.379433
1014 0.382244
1015 0.330037
1016 0.324973
1017 0.389784
1018 0.431181
1019 0.426081
1020 0.328455
1021 0.340543
1022 0.35091
1023 0.374324
1024 0.452301
1025 0.532611
1026 0.460853
1027 0.379395
1028 0.444663
1029 0.312926
1030 0.48024
1031 0.365492
1032 0.364431
1033 0.340051
1034 0.385222
1035 0.442013
1036 0.286301
1037 0.308268
1038 0.331645
1039 0.372945
1040 0.412975
1041 0.39368
1042 0.469706
1043 0.31598
1044 0.385971
1045 0.413238
1046 0.404022
1047 0.374631
1048 0.360181
1049 0.300497
1050 0.366461
1051 0.345658
1052 0.322352
1053 0.367365
1054 0.293729
1055 0.292229
1056 0.350049
1057 0.387711
1058 0.341576
1059 0.316948
1060 0.395413
1061 0.46135
1062 0.418718
1063 0.409953
1064 0.345882
1065 0.405821
1066 0.452047
1067 0.398939
1068 0.427143
1069 0.359176
1070 0.396644
1071 0.427612
1072 0.353661
1073 0.354974
1074 0.382103
1075 0.411707
1076 0.455866
1077 0.299023
1078 0.357711
1079 0.419914
1080 0.324313
1081 0.35715
1082 0.361858
1083 0.272627
1084 0.363187
1085 0.309895
1086 0.306742
1087 0.467808
1088 0.375789
1089 0.503385
1090 0.455712
1091 0.331866
1092 0.407774
1093 0.378941
1094 0.368591
1095 0.427251
1096 0.366323
1097 0.368924
1098 0.338932
1099 0.426453
1100 0.398619
1101 0.388515
1102 0.35784
1103 0.358378
1104 0.328981
1105 0.371641
1106 0.414542
1107 0.373638
1108 0.412973
1109 0.331687
1110 0.455191
1111 0.367333
1112 0.333197
1113 0.463234
1114 0.319748
1115 0.308517
1116 0.29134
1117 0.334003
1118 0.399785
1119 0.417125
1120 0.359554
1121 0.303878
1122 0.343949
1123 0.341058
1124 0.392264
1125 0.491458
1126 0.423777
1127 0.307746
1128 0.389251
1129 0.39554
1130 0.386557
1131 0.410902
1132 0.294458
1133 0.389307
1134 0.315746
1135 0.362882
1136 0.330208
1137 0.335721
1138 0.390711
1139 0.379261
1140 0.461406
1141 0.457811
1142 0.450001
1143 0.403328
1144 0.322496
1145 0.417157
1146 0.358787
1147 0.365679
1148 0.343811
1149 0.461956
1150 0.512815
1151 0.416902
1152 0.34293
1153 0.416795
1154 0.357448
1155 0.362929
1156 0.322186
1157 0.341822
1158 0.337011
1159 0.398829
1160 0.315932
1161 0.382083
1162 0.366213
1163 0.313034
1164 0.341506
1165 0.433544
1166 0.289163
1167 0.34101
1168 0.36498
1169 0.3526
1170 0.40879
1171 0.319813
1172 0.317919
1173 0.363761
1174 0.419706
1175 0.302396
1176 0.383116
1177 0.367702
1178 0.409066
1179 0.433335
1180 0.478609
1181 0.295972
1182 0.293332
1183 0.332659
1184 0.310272
1185 0.372191
1186 0.35272
1187 0.512715
1188 0.375575
1189 0.394281
1190 0.433144
1191 0.35853
1192 0.410854
1193 0.363152
1194 0.346295
1195 0.321249
1196 0.385393
1197 0.40243
1198 0.331709
1199 0.285412
1200 0.495571
1201 0.501123
1202 0.423356
1203 0.284968
1204 0.351848
1205 0.434813
1206 0.378227
1207 0.331598
1208 0.497594
1209 0.322663
1210 0.417705
1211 0.395185
1212 0.537639
1213 0.468447
1214 0.350531
1215 0.313242
1216 0.300946
1217 0.280577
1218 0.422705
1219 0.317826
1220 0.384839
1221 0.383412
1222 0.407226
1223 0.329018
1224 0.336986
1225 0.441027
1226 0.31521
1227 0.34546
1228 0.325558
1229 0.308982
1230 0.459554
1231 0.442794
1232 0.432664
1233 0.429295
1234 0.34076
1235 0.268169
1236 0.453219
1237 0.358629
1238 0.313058
1239 0.325027
1240 0.386845
1241 0.298195
1242 0.32633
1243 0.33704
1244 0.352512
1245 0.324666
1246 0.32581
1247 0.410708
1248 0.340181
1249 0.352845
1250 0.427707
1251 0.307884
1252 0.296654
1253 0.351893
1254 0.32798
1255 0.328443
1256 0.289646
1257 0.304733
1258 0.353414
1259 0.348012
1260 0.320802
1261 0.41242
1262 0.350452
1263 0.345904
1264 0.31677
1265 0.334128
1266 0.310119
1267 0.313188
1268 0.403186
1269 0.360678
1270 0.2849
1271 0.371853
1272 0.293074
1273 0.321215
1274 0.304504
1275 0.263509
1276 0.311824
1277 0.283141
1278 0.294999
1279 0.256121
1280 0.242635
1281 0.336
1282 0.331634
1283 0.285502
1284 0.513763
1285 0.294059
1286 0.434283
1287 0.349707
1288 0.370533
1289 0.268297
1290 0.358567
1291 0.394875
1292 0.494084
1293 0.384966
1294 0.309518
1295 0.317406
1296 0.313381
1297 0.360085
1298 0.306775
1299 0.276775
1300 0.430877
1301 0.399649
1302 0.335488
1303 0.370271
1304 0.33563
1305 0.312655
1306 0.346031
1307 0.328779
1308 0.437834
1309 0.31967
1310 0.301293
1311 0.430048
1312 0.336539
1313 0.387107
1314 0.335214
1315 0.445698
1316 0.508743
1317 0.290817
1318 0.409136
1319 0.324875
1320 0.383936
1321 0.333156
1322 0.289125
1323 0.330785
1324 0.292162
1325 0.340395
1326 0.412199
1327 0.324718
1328 0.263278
1329 0.247978
1330 0.339291
1331 0.34219
1332 0.291223
1333 0.354915
1334 0.301539
1335 0.2916
1336 0.310151
1337 0.438418
1338 0.394363
1339 0.33934
1340 0.303691
1341 0.282103
1342 0.291099
1343 0.340947
1344 0.340319
1345 0.402231
1346 0.395305
1347 0.372722
1348 0.39712
1349 0.328367
1350 0.293703
1351 0.350674
1352 0.314377
1353 0.292331
1354 0.334426
1355 0.300495
1356 0.335446
1357 0.326452
1358 0.371721
1359 0.323061
1360 0.308934
1361 0.295528
1362 0.474276
1363 0.340824
1364 0.314669
1365 0.37975
1366 0.306716
1367 0.404941
1368 0.283317
1369 0.310903
1370 0.396379
1371 0.36236
1372 0.337382
1373 0.282464
1374 0.353272
1375 0.310929
1376 0.284923
1377 0.398927
1378 0.37145
1379 0.334569
1380 0.416649
1381 0.338057
1382 0.313135
1383 0.302432
1384 0.384532
1385 0.399797
1386 0.319841
1387 0.273749
1388 0.285099
1389 0.326497
1390 0.339271
1391 0.310229
1392 0.282852
1393 0.288458
1394 0.254571
1395 0.332896
1396 0.384989
1397 0.344121
1398 0.35973
1399 0.324098
1400 0.333665
1401 0.38884
1402 0.345941
1403 0.340872
1404 0.328302
1405 0.365548
1406 0.310491
1407 0.284302
1408 0.412217
1409 0.441726
1410 0.367852
1411 0.299887
1412 0.304739
1413 0.277279
1414 0.277486
1415 0.337191
1416 0.265
1417 0.253339
1418 0.349468
1419 0.311319
1420 0.34325
1421 0.290735
1422 0.318028
1423 0.49026
1424 0.323752
1425 0.300428
1426 0.288765
1427 0.338905
1428 0.259438
1429 0.327384
1430 0.265656
1431 0.354483
1432 0.348574
1433 0.38724
1434 0.402331
1435 0.266459
1436 0.308967
1437 0.280667
1438 0.311694
1439 0.384658
1440 0.296218
1441 0.329147
1442 0.292792
1443 0.327311
1444 0.287022
1445 0.268218
1446 0.42488
1447 0.322813
1448 0.413292
1449 0.323987
1450 0.292608
1451 0.329077
1452 0.303958
1453 0.352381
1454 0.435696
1455 0.401737
1456 0.327197
1457 0.362085
1458 0.328938
1459 0.483881
1460 0.276609
1461 0.3322
1462 0.313235
1463 0.304398
1464 0.409821
1465 0.293361
1466 0.244656
1467 0.310352
1468 0.363669
1469 0.321292
1470 0.338472
1471 0.293539
1472 0.272614
1473 0.342137
1474 0.371703
1475 0.363871
1476 0.329433
1477 0.294443
1478 0.311131
1479 0.334905
1480 0.337158
1481 0.332545
1482 0.299194
1483 0.257429
1484 0.286109
1485 0.283493
1486 0.298687
1487 0.255571
1488 0.302324
1489 0.283601
1490 0.351948
1491 0.337453
1492 0.34566
1493 0.343118
1494 0.435249
1495 0.349033
1496 0.313392
1497 0.366412
1498 0.356554
1499 0.355529
1500 0.334212
1501 0.280563
1502 0.329868
1503 0.367539
1504 0.274194
1505 0.276403
1506 0.279041
1507 0.307343
1508 0.322551
1509 0.27233
1510 0.446238
1511 0.25094
1512 0.241859
1513 0.367748
1514 0.254595
1515 0.388633
1516 0.333482
1517 0.344303
1518 0.427308
1519 0.433457
1520 0.292092
1521 0.295538
1522 0.366293
1523 0.303938
1524 0.390675
1525 0.386996
1526 0.282999
1527 0.287304
1528 0.305821
1529 0.293116
1530 0.273262
1531 0.34398
1532 0.306277
1533 0.293799
1534 0.321445
1535 0.292381
1536 0.335964
1537 0.303156
1538 0.462564
1539 0.421396
1540 0.331373
1541 0.427542
1542 0.401257
1543 0.268283
1544 0.285091
1545 0.323902
1546 0.327962
1547 0.301508
1548 0.301182
1549 0.343544
1550 0.266367
1551 0.279232
1552 0.275096
1553 0.346967
1554 0.4152
1555 0.37644
1556 0.348081
1557 0.313537
1558 0.296527
1559 0.322007
1560 0.263533
1561 0.304954
1562 0.323653
1563 0.30358
1564 0.273371
1565 0.299453
1566 0.245893
1567 0.323301
1568 0.295833
1569 0.414618
1570 0.309069
1571 0.30877
1572 0.285632
1573 0.314802
1574 0.35385
1575 0.285791
1576 0.283809
1577 0.387018
1578 0.413285
1579 0.404721
1580 0.355074
1581 0.389424
1582 0.371596
1583 0.292706
1584 0.261356
1585 0.24728
1586 0.334256
1587 0.275068
1588 0.340094
1589 0.29036
1590 0.309955
1591 0.317812
1592 0.310117
1593 0.323713
1594 0.359596
1595 0.260654
1596 0.284909
1597 0.284328
1598 0.330084
1599 0.334965
1600 0.334881
1601 0.307827
1602 0.299114
1603 0.377472
1604 0.289615
1605 0.420579
1606 0.372361
1607 0.314457
1608 0.404603
1609 0.368944
1610 0.267946
1611 0.30275
1612 0.284029
1613 0.354474
1614 0.340956
1615 0.323197
1616 0.406044
1617 0.27274
1618 0.290342
1619 0.379685
1620 0.271668
1621 0.342857
1622 0.352978
1623 0.270568
1624 0.325272
1625 0.300596
1626 0.287446
1627 0.229732
1628 0.243793
1629 0.475121
1630 0.447011
1631 0.326618
1632 0.23426
1633 0.336444
1634 0.382803
1635 0.281965
1636 0.559437
1637 0.305647
1638 0.285573
1639 0.38174
1640 0.456588
1641 0.458228
1642 0.293873
1643 0.320218
1644 0.26726
1645 0.246105
1646 0.250024
1647 0.411097
1648 0.287471
1649 0.314574
1650 0.32365
1651 0.293369
1652 0.301253
1653 0.314843
1654 0.359939
1655 0.281479
1656 0.327317
1657 0.314157
1658 0.353459
1659 0.331525
1660 0.440762
1661 0.298731
1662 0.330327
1663 0.258165
1664 0.310945
1665 0.318083
1666 0.362966
1667 0.362883
1668 0.313138
1669 0.283853
1670 0.308555
1671 0.278605
1672 0.298945
1673 0.295276
1674 0.279973
1675 0.327408
1676 0.272061
1677 0.248976
1678 0.312364
1679 0.312677
1680 0.305358
1681 0.24545
1682 0.322656
1683 0.306712
1684 0.253117
1685 0.253005
1686 0.286247
1687 0.277264
1688 0.290896
1689 0.282629
1690 0.27799
1691 0.244027
1692 0.317615
1693 0.249019
1694 0.332693
1695 0.405962
1696 0.338266
1697 0.339372
1698 0.286753
1699 0.276342
1700 0.259369
1701 0.272311
1702 0.235731
1703 0.278091
1704 0.223034
1705 0.240221
1706 0.298231
1707 0.255809
1708 0.210689
1709 0.236699
1710 0.325306
1711 0.241441
1712 0.230626
1713 0.50672
1714 0.218942
1715 0.322001
1716 0.295366
1717 0.351667
1718 0.313161
1719 0.238751
1720 0.278497
1721 0.393597
1722 0.271547
1723 0.266516
1724 0.298234
1725 0.282201
1726 0.279381
1727 0.291459
1728 0.266633
1729 0.337112
1730 0.373978
1731 0.316081
1732 0.407967
1733 0.324077
1734 0.25868
1735 0.338143
1736 0.27516
1737 0.293989
1738 0.322324
1739 0.387001
1740 0.316008
1741 0.297557
1742 0.233235
1743 0.395814
1744 0.376945
1745 0.353455
1746 0.28591
1747 0.279288
1748 0.272043
1749 0.312979
1750 0.269405
1751 0.246461
1752 0.246968
1753 0.278763
1754 0.360456
1755 0.56888
1756 0.32597
1757 0.285815
1758 0.25286
1759 0.261316
1760 0.246938
1761 0.348652
1762 0.232281
1763 0.289088
1764 0.234406
1765 0.257807
1766 0.381116
1767 0.339364
1768 0.296591
1769 0.296447
1770 0.265039
1771 0.273504
1772 0.288168
1773 0.32211
1774 0.336914
1775 0.319334
1776 0.284574
1777 0.329394
1778 0.286826
1779 0.266383
1780 0.278715
1781 0.2686
1782 0.290183
1783 0.295027
1784 0.272731
1785 0.267643
1786 0.312239
1787 0.333601
1788 0.294833
1789 0.278073
1790 0.300183
1791 0.369799
1792 0.236316
1793 0.318993
1794 0.259609
1795 0.288685
1796 0.249886
1797 0.237162
1798 0.305591
1799 0.31343
1800 0.290517
1801 0.284695
1802 0.262201
1803 0.259396
1804 0.297549
1805 0.31273
1806 0.320702
1807 0.274989
1808 0.291607
1809 0.347144
1810 0.275458
1811 0.315741
1812 0.34269
1813 0.236787
1814 0.364182
1815 0.28022
1816 0.294785
1817 0.232404
1818 0.263016
1819 0.266039
1820 0.265775
1821 0.243572
1822 0.228874
1823 0.230014
1824 0.313125
1825 0.315648
1826 0.356276
1827 0.254263
1828 0.31384
1829 0.24946
1830 0.259712
1831 0.263018
1832 0.325687
1833 0.40924
1834 0.262867
1835 0.255392
1836 0.281732
1837 0.34941
1838 0.265321
1839 0.284994
1840 0.272873
1841 0.225686
1842 0.273319
1843 0.293698
1844 0.246865
1845 0.255326
1846 0.251368
1847 0.320728
1848 0.255534
1849 0.266174
1850 0.28907
1851 0.357066
1852 0.302564
1853 0.242566
1854 0.284422
1855 0.255949
1856 0.296863
1857 0.252481
1858 0.277658
1859 0.272966
1860 0.283444
1861 0.263441
1862 0.314609
1863 0.285307
1864 0.320723
1865 0.250083
1866 0.218616
1867 0.32987
1868 0.327955
1869 0.344269
1870 0.236626
1871 0.235564
1872 0.281477
1873 0.231987
1874 0.234139
1875 0.336741
1876 0.299038
1877 0.309335
1878 0.267047
1879 0.242043
1880 0.262126
1881 0.313935
1882 0.382698
1883 0.384705
1884 0.320267
1885 0.392917
1886 0.312289
1887 0.384475
1888 0.323188
1889 0.256091
1890 0.346768
1891 0.249972
1892 0.23123
1893 0.321817
1894 0.235896
1895 0.257673
1896 0.228788
1897 0.320152
1898 0.272913
1899 0.333492
1900 0.222928
1901 0.306315
1902 0.270052
1903 0.327385
1904 0.286108
1905 0.264328
1906 0.24473
1907 0.284909
1908 0.325534
1909 0.286216
1910 0.272868
1911 0.246248
1912 0.274689
1913 0.278123
1914 0.267428
1915 0.244227
1916 0.282342
1917 0.297356
1918 0.263631
1919 0.310944
1920 0.355433
1921 0.246632
1922 0.35014
1923 0.338032
1924 0.338016
1925 0.272757
1926 0.224001
1927 0.298915
1928 0.311076
1929 0.338825
1930 0.288504
1931 0.277914
1932 0.303616
1933 0.245759
1934 0.234045
1935 0.288324
1936 0.261548
1937 0.238227
1938 0.296005
1939 0.273379
1940 0.233337
1941 0.248447
1942 0.218522
1943 0.211416
1944 0.363057
1945 0.321357
1946 0.32595
1947 0.28746
1948 0.263189
1949 0.284171
1950 0.334403
1951 0.271207
1952 0.324345
1953 0.310208
1954 0.272757
1955 0.233625
1956 0.272369
1957 0.356852
1958 0.270277
1959 0.225558
1960 0.298294
1961 0.215022
1962 0.283954
1963 0.248282
1964 0.244041
1965 0.311418
1966 0.295624
1967 0.353457
1968 0.319092
1969 0.227183
1970 0.264922
1971 0.383194
1972 0.289517
1973 0.223554
1974 0.220852
1975 0.285084
1976 0.251256
1977 0.271788
1978 0.305961
1979 0.241838
1980 0.265391
1981 0.27255
1982 0.283053
1983 0.289504
1984 0.24713
1985 0.255858
1986 0.305687
1987 0.349121
1988 0.376479
1989 0.241074
1990 0.273642
1991 0.235666
1992 0.279024
1993 0.252681
1994 0.267052
1995 0.27534
1996 0.268664
1997 0.27272
1998 0.305511
1999 0.315278
2000 0.300463
2001 0.253612
2002 0.231433
2003 0.320024
2004 0.250938
2005 0.223928
2006 0.28102
2007 0.40555
2008 0.280008
2009 0.254358
2010 0.294059
2011 0.303594
2012 0.273191
2013 0.27394
2014 0.204448
2015 0.294799
2016 0.379836
2017 0.2533
2018 0.263449
2019 0.247807
2020 0.317875
2021 0.285329
2022 0.289901
2023 0.285445
2024 0.274927
2025 0.287642
2026 0.327245
2027 0.275756
2028 0.327857
2029 0.255497
2030 0.295671
2031 0.320837
2032 0.254711
2033 0.309443
2034 0.389606
2035 0.351829
2036 0.380818
2037 0.380925
2038 0.297203
2039 0.264234
2040 0.262665
2041 0.246809
2042 0.306304
2043 0.239081
2044 0.372826
2045 0.309864
2046 0.257332
2047 0.300713
2048 0.317656
2049 0.25427
2050 0.278576
2051 0.271391
2052 0.243859
2053 0.244153
2054 0.306876
2055 0.290193
2056 0.237276
2057 0.267632
2058 0.378463
2059 0.350804
2060 0.29792
2061 0.212203
2062 0.388681
2063 0.272957
2064 0.232734
2065 0.392117
2066 0.250812
2067 0.252642
2068 0.357653
2069 0.338802
2070 0.527488
2071 0.34579
2072 0.290476
2073 0.287652
2074 0.215268
2075 0.214024
2076 0.3981
2077 0.290846
2078 0.284341
2079 0.249458
2080 0.249887
2081 0.262538
2082 0.273832
2083 0.342769
2084 0.280631
2085 0.224997
2086 0.213687
2087 0.347279
2088 0.304167
2089 0.399463
2090 0.348666
2091 0.335972
2092 0.280033
2093 0.255426
2094 0.313599
2095 0.230887
2096 0.25312
2097 0.266068
2098 0.236775
2099 0.276447
2100 0.219313
2101 0.263721
2102 0.234869
2103 0.256962
2104 0.271405
2105 0.258619
2106 0.262122
2107 0.222575
2108 0.266959
2109 0.255463
2110 0.249113
2111 0.28157
2112 0.267729
2113 0.26437
2114 0.256704
2115 0.22277
2116 0.25756
2117 0.227309
2118 0.232115
2119 0.234027
2120 0.235807
2121 0.277505
2122 0.213389
2123 0.251205
2124 0.212311
2125 0.270098
2126 0.342163
2127 0.275289
2128 0.226892
2129 0.233352
2130 0.221531
2131 0.18861
2132 0.21324
2133 0.269885
2134 0.210989
2135 0.226917
2136 0.213817
2137 0.196024
2138 0.237083
2139 0.253921
2140 0.215112
2141 0.242129
2142 0.40243
2143 0.326081
2144 0.331602
2145 0.279683
2146 0.283625
2147 0.256101
2148 0.247364
2149 0.31814
2150 0.332906
2151 0.242242
2152 0.223883
2153 0.263638
2154 0.242659
2155 0.263186
2156 0.281403
2157 0.262399
2158 0.348466
2159 0.302035
2160 0.295131
2161 0.28255
2162 0.231237
2163 0.275044
2164 0.266107
2165 0.294214
2166 0.238631
2167 0.244712
2168 0.386968
2169 0.286004
2170 0.260477
2171 0.214553
2172 0.367587
2173 0.50403
2174 0.244118
2175 0.237121
2176 0.314977
2177 0.259188
2178 0.288428
2179 0.21653
2180 0.217675
2181 0.217883
2182 0.238808
2183 0.301531
2184 0.552176
2185 0.263926
2186 0.273407
2187 0.193659
2188 0.287933
2189 0.288706
2190 0.302736
2191 0.233115
2192 0.225248
2193 0.2898
2194 0.307173
2195 0.344548
2196 0.278761
2197 0.248415
2198 0.225732
2199 0.282192
2200 0.297765
2201 0.257126
2202 0.242462
2203 0.257336
2204 0.291519
2205 0.263701
2206 0.288294
2207 0.248433
2208 0.248496
2209 0.229679
2210 0.200974
2211 0.31723
2212 0.197843
2213 0.274086
2214 0.251252
2215 0.247318
2216 0.313572
2217 0.237216
2218 0.325086
2219 0.326062
2220 0.264741
2221 0.223848
2222 0.291899
2223 0.237415
2224 0.292703
2225 0.240309
2226 0.219761
2227 0.295374
2228 0.357227
2229 0.230704
2230 0.276065
2231 0.215123
2232 0.26315
2233 0.226634
2234 0.238131
2235 0.267066
2236 0.280259
2237 0.287772
2238 0.311201
2239 0.210324
2240 0.269218
2241 0.321541
2242 0.321472
2243 0.269696
2244 0.271689
2245 0.292829
2246 0.234448
2247 0.252978
2248 0.278543
2249 0.28552
2250 0.240802
2251 0.212833
2252 0.247222
2253 0.276146
2254 0.238032
2255 0.239747
2256 0.268635
2257 0.207744
2258 0.245174
2259 0.228946
2260 0.257037
2261 0.264994
2262 0.255842
2263 0.245294
2264 0.227298
2265 0.293315
2266 0.309454
2267 0.29726
2268 0.288358
2269 0.320581
2270 0.240912
2271 0.241014
2272 0.204311
2273 0.282734
2274 0.200932
2275 0.245477
2276 0.251909
2277 0.264171
2278 0.231783
2279 0.209479
2280 0.290724
2281 0.207554
2282 0.235766
2283 0.219601
2284 0.240154
2285 0.26634
2286 0.215813
2287 0.227442
2288 0.300796
2289 0.303279
2290 0.267411
2291 0.294591
2292 0.199528
2293 0.299702
2294 0.256045
2295 0.245612
2296 0.249116
2297 0.206125
2298 0.274879
2299 0.287758
2300 0.269746
2301 0.243764
2302 0.213598
2303 0.290429
2304 0.312016
2305 0.276616
2306 0.233004
2307 0.220093
2308 0.218573
2309 0.198526
2310 0.266867
2311 0.355885
2312 0.272639
2313 0.262733
2314 0.331384
2315 0.256824
2316 0.307383
2317 0.26514
2318 0.26248
2319 0.218379
2320 0.223294
2321 0.340618
2322 0.22495
2323 0.219694
2324 0.233825
2325 0.244353
2326 0.328638
2327 0.207731
2328 0.3166
2329 0.248128
2330 0.263766
2331 0.314011
2332 0.280901
2333 0.209191
2334 0.235986
2335 0.225138
2336 0.260866
2337 0.202713
2338 0.205829
2339 0.25889
2340 0.190973
2341 0.189754
2342 0.239859
2343 0.267855
2344 0.233017
2345 0.24702
2346 0.218575
2347 0.264537
2348 0.30678
2349 0.233661
2350 0.2218
2351 0.265398
2352 0.282608
2353 0.259678
2354 0.226999
2355 0.267437
2356 0.240485
2357 0.336554
2358 0.31427
2359 0.238925
2360 0.288625
2361 0.271904
2362 0.250404
2363 0.21704
2364 0.240763
2365 0.29153
2366 0.286089
2367 0.223178
2368 0.252354
2369 0.195679
2370 0.2774
2371 0.206633
2372 0.193175
2373 0.341664
2374 0.22363
2375 0.320577
2376 0.229212
2377 0.21657
2378 0.356204
2379 0.255779
2380 0.222458
2381 0.317985
2382 0.283977
2383 0.235683
2384 0.230457
2385 0.211924
2386 0.316485
2387 0.223634
2388 0.229759
2389 0.229276
2390 0.231538
2391 0.292371
2392 0.279704
2393 0.321579
2394 0.310451
2395 0.222487
2396 0.291256
2397 0.230567
2398 0.254755
2399 0.373688
2400 0.225301
2401 0.246562
2402 0.213327
2403 0.263023
2404 0.260871
2405 0.273504
2406 0.24648
2407 0.22462
2408 0.235702
2409 0.201018
2410 0.253491
2411 0.307851
2412 0.406616
2413 0.26402
2414 0.344235
2415 0.332972
2416 0.281915
2417 0.211659
2418 0.248261
2419 0.276387
2420 0.270423
2421 0.238322
2422 0.230991
2423 0.235559
2424 0.24919
2425 0.233298
2426 0.298681
2427 0.334452
2428 0.290786
2429 0.242355
2430 0.249664
2431 0.263297
2432 0.265825
2433 0.217538
2434 0.221403
2435 0.2952
2436 0.313395
2437 0.230082
2438 0.234434
2439 0.281186
2440 0.247154
2441 0.227897
2442 0.190055
2443 0.250887
2444 0.214325
2445 0.292534
2446 0.199969
2447 0.288131
2448 0.229315
2449 0.251565
2450 0.232732
2451 0.324407
2452 0.244289
2453 0.222233
2454 0.266181
2455 0.269273
2456 0.231123
2457 0.27117
2458 0.215452
2459 0.265128
2460 0.30008
2461 0.248173
2462 0.285298
2463 0.221761
2464 0.290486
2465 0.272733
2466 0.376612
2467 0.20869
2468 0.259499
2469 0.33477
2470 0.254614
2471 0.275089
2472 0.269248
2473 0.382794
2474 0.246302
2475 0.220733
2476 0.34241
2477 0.247077
2478 0.298011
2479 0.226249
2480 0.251994
2481 0.243704
2482 0.196451
2483 0.27874
2484 0.221659
2485 0.198301
2486 0.36268
2487 0.245247
2488 0.25675
2489 0.212552
2490 0.237755
2491 0.296076
2492 0.19732
2493 0.205983
2494 0.449255
2495 0.237261
2496 0.286737
2497 0.245474
2498 0.233337
2499 0.278471
2500 0.311094
2501 0.216112
2502 0.258426
2503 0.202199
2504 0.270452
2505 0.258119
2506 0.224624
2507 0.227353
2508 0.27328
2509 0.202511
2510 0.25295
2511 0.276922
2512 0.235747
2513 0.232576
2514 0.227033
2515 0.239455
2516 0.256433
2517 0.274045
2518 0.347667
2519 0.26602
2520 0.316289
2521 0.201491
2522 0.307433
2523 0.241616
2524 0.222859
2525 0.238555
2526 0.256879
2527 0.228813
2528 0.201636
2529 0.200628
2530 0.245607
2531 0.238896
2532 0.253464
2533 0.213927
2534 0.217262
2535 0.254118
2536 0.278121
2537 0.223674
2538 0.241501
2539 0.213266
2540 0.226282
2541 0.237953
2542 0.214033
2543 0.224254
2544 0.249293
2545 0.241444
2546 0.219074
2547 0.206168
2548 0.212982
2549 0.196684
2550 0.21123
2551 0.191813
2552 0.22398
2553 0.252556
2554 0.25311
2555 0.269618
2556 0.206091
2557 0.223907
2558 0.19623
2559 0.182154
2560 0.192407
2561 0.190513
2562 0.183044
2563 0.195511
2564 0.222746
2565 0.181499
2566 0.197217
2567 0.193015
2568 0.281313
2569 0.189057
2570 0.325351
2571 0.23177
2572 0.311487
2573 0.26703
2574 0.239441
2575 0.217688
2576 0.237893
2577 0.220562
2578 0.289465
2579 0.243851
2580 0.21122
2581 0.190216
2582 0.208436
2583 0.26099
2584 0.218788
2585 0.220577
2586 0.26902
2587 0.261047
2588 0.23254
2589 0.276195
2590 0.218912
2591 0.230167
2592 0.268596
2593 0.255926
2594 0.217526
2595 0.231397
2596 0.194517
2597 0.313584
2598 0.229054
2599 0.202391
2600 0.196108
2601 0.305476
2602 0.363312
2603 0.20484
2604 0.213948
2605 0.298367
2606 0.240055
2607 0.264172
2608 0.205269
2609 0.202827
2610 0.197016
2611 0.276544
2612 0.313994
2613 0.294981
2614 0.210368
2615 0.187413
2616 0.213885
2617 0.254706
2618 0.266497
2619 0.220701
2620 0.24057
2621 0.216778
2622 0.222017
2623 0.253812
2624 0.253318
2625 0.204056
2626 0.236371
2627 0.193145
2628 0.233179
2629 0.239918
2630 0.188598
2631 0.231496
2632 0.207173
2633 0.262893
2634 0.311607
2635 0.21745
2636 0.203442
2637 0.254202
2638 0.23498
2639 0.213369
2640 0.233225
2641 0.226946
2642 0.297516
2643 0.216615
2644 0.285935
2645 0.228665
2646 0.240908
2647 0.24159
2648 0.332273
2649 0.208053
2650 0.216409
2651 0.233032
2652 0.202535
2653 0.192054
2654 0.183022
2655 0.20476
2656 0.265594
2657 0.247299
2658 0.246226
2659 0.252237
2660 0.192614
2661 0.299275
2662 0.218527
2663 0.252924
2664 0.204386
2665 0.266464
2666 0.24623
2667 0.202026
2668 0.181392
2669 0.221228
2670 0.238192
2671 0.288868
2672 0.23099
2673 0.243163
2674 0.214233
2675 0.247875
2676 0.230054
2677 0.20013
2678 0.203077
2679 0.216162
2680 0.195398
2681 0.193102
2682 0.311762
2683 0.225167
2684 0.201887
2685 0.235695
2686 0.21778
2687 0.198298
2688 0.231553
2689 0.210648
2690 0.287175
2691 0.232581
2692 0.225095
2693 0.180919
2694 0.258958
2695 0.226826
2696 0.208617
2697 0.206981
2698 0.216768
2699 0.185694
2700 0.212091
2701 0.254631
2702 0.198275
2703 0.235028
2704 0.220723
2705 0.211126
2706 0.231387
2707 0.221866
2708 0.20514
2709 0.321774
2710 0.232752
2711 0.265887
2712 0.214842
2713 0.268797
2714 0.224659
2715 0.208375
2716 0.216512
2717 0.263973
2718 0.262085
2719 0.268128
2720 0.242684
2721 0.181533
2722 0.240511
2723 0.190722
2724 0.188647
2725 0.276337
2726 0.203756
2727 0.245772
2728 0.21908
2729 0.198298
2730 0.200988
2731 0.186079
2732 0.272761
2733 0.233365
2734 0.206131
2735 0.219269
2736 0.242153
2737 0.203687
2738 0.20243
2739 0.262537
2740 0.377348
2741 0.298785
2742 0.247314
2743 0.265423
2744 0.199397
2745 0.325993
2746 0.200888
2747 0.220887
2748 0.223271
2749 0.19357
2750 0.270968
2751 0.20623
2752 0.204946
2753 0.198541
2754 0.215264
2755 0.221577
2756 0.266829
2757 0.249155
2758 0.212671
2759 0.201708
2760 0.237301
2761 0.269793
2762 0.344094
2763 0.287603
2764 0.206305
2765 0.258835
2766 0.220257
2767 0.239274
2768 0.214734
2769 0.174162
2770 0.222227
2771 0.276251
2772 0.204414
2773 0.211003
2774 0.216089
2775 0.19607
2776 0.266144
2777 0.253172
2778 0.212111
2779 0.240114
2780 0.219272
2781 0.237532
2782 0.248147
2783 0.237324
2784 0.206143
2785 0.241537
2786 0.238195
2787 0.214728
2788 0.227506
2789 0.325642
2790 0.189846
2791 0.19211
2792 0.200633
2793 0.20018
2794 0.248383
2795 0.183742
2796 0.26833
2797 0.191709
2798 0.178161
2799 0.224786
2800 0.195965
2801 0.261226
2802 0.268545
2803 0.314554
2804 0.288028
2805 0.226305
2806 0.209979
2807 0.203168
2808 0.245834
2809 0.210635
2810 0.258058
2811 0.276861
2812 0.217252
2813 0.209282
2814 0.213731
2815 0.337293
2816 0.21223
2817 0.257975
2818 0.209253
2819 0.234611
2820 0.240173
2821 0.183936
2822 0.243611
2823 0.254559
2824 0.242879
2825 0.278926
2826 0.205107
2827 0.232323
2828 0.267006
2829 0.218418
2830 0.2152
2831 0.182281
2832 0.270089
2833 0.190196
2834 0.258668
2835 0.270148
2836 0.211116
2837 0.219897
2838 0.190016
2839 0.240961
2840 0.372942
2841 0.290594
2842 0.238866
2843 0.256022
2844 0.244298
2845 0.294478
2846 0.214124
2847 0.21414
2848 0.207792
2849 0.197469
2850 0.220185
2851 0.21858
2852 0.193228
2853 0.273993
2854 0.219235
2855 0.320541
2856 0.21407
2857 0.264372
2858 0.243636
2859 0.200729
2860 0.216208
2861 0.266243
2862 0.204599
2863 0.230334
2864 0.225258
2865 0.261384
2866 0.19877
2867 0.289235
2868 0.27376
2869 0.246496
2870 0.218226
2871 0.197378
2872 0.246664
2873 0.201467
2874 0.238946
2875 0.189696
2876 0.260795
2877 0.240798
2878 0.184124
2879 0.247986
2880 0.283052
2881 0.166828
2882 0.193188
2883 0.2201
2884 0.205949
2885 0.221131
2886 0.187487
2887 0.231723
2888 0.216986
2889 0.235057
2890 0.170911
2891 0.223611
2892 0.217046
2893 0.253878
2894 0.298611
2895 0.207744
2896 0.196575
2897 0.204984
2898 0.208549
2899 0.186945
2900 0.225065
2901 0.195979
2902 0.32348
2903 0.219523
2904 0.252927
2905 0.229979
2906 0.214718
2907 0.240499
2908 0.30601
2909 0.214738
2910 0.231888
2911 0.232779
2912 0.237442
2913 0.167461
2914 0.183059
2915 0.360488
2916 0.234186
2917 0.225871
2918 0.186371
2919 0.229
2920 0.250672
2921 0.221351
2922 0.328845
2923 0.202761
2924 0.217992
2925 0.299928
2926 0.281159
2927 0.373551
2928 0.248028
2929 0.221165
2930 0.186285
2931 0.19486
2932 0.193717
2933 0.294003
2934 0.184103
2935 0.209799
2936 0.22316
2937 0.21472
2938 0.217806
2939 0.19679
2940 0.244343
2941 0.194155
2942 0.200887
2943 0.172897
2944 0.218725
2945 0.196197
2946 0.289267
2947 0.265503
2948 0.247445
2949 0.222333
2950 0.207505
2951 0.197991
2952 0.265869
2953 0.185367
2954 0.208097
2955 0.217636
2956 0.174188
2957 0.209391
2958 0.177866
2959 0.192681
2960 0.188617
2961 0.228675
2962 0.216819
2963 0.177246
2964 0.226015
2965 0.253661
2966 0.268373
2967 0.239131
2968 0.229267
2969 0.198877
2970 0.217165
2971 0.215348
2972 0.224086
2973 0.219092
2974 0.243428
2975 0.204371
2976 0.225869
2977 0.193404
2978 0.232324
2979 0.198686
2980 0.238294
2981 0.196442
2982 0.219543
2983 0.220328
2984 0.185701
2985 0.183916
2986 0.222619
2987 0.183099
2988 0.180757
2989 0.197999
2990 0.184382
2991 0.206075
2992 0.197856
2993 0.161792
2994 0.162106
2995 0.172863
2996 0.206293
2997 0.217204
2998 0.178284
2999 0.316007
3000 0.174721
3001 0.292953
3002 0.258447
3003 0.194765
3004 0.196516
3005 0.188235
3006 0.1844
3007 0.216113
3008 0.183357
3009 0.219077
3010 0.254574
3011 0.21843
3012 0.196867
3013 0.174813
3014 0.180796
3015 0.270229
3016 0.20409
3017 0.19073
3018 0.245334
3019 0.190971
3020 0.167738
3021 0.235856
3022 0.228039
3023 0.206376
3024 0.234241
3025 0.286516
3026 0.219978
3027 0.225158
3028 0.174098
3029 0.241885
3030 0.255281
3031 0.234435
3032 0.199599
3033 0.211371
3034 0.278017
3035 0.218338
3036 0.211995
3037 0.18209
3038 0.199756
3039 0.189514
3040 0.209447
3041 0.364122
3042 0.21055
3043 0.178703
3044 0.203637
3045 0.223055
3046 0.21156
3047 0.23458
3048 0.201322
3049 0.187511
3050 0.178315
3051 0.189781
3052 0.266232
3053 0.213976
3054 0.222352
3055 0.227213
3056 0.224167
3057 0.242136
3058 0.184751
3059 0.185077
3060 0.222802
3061 0.199373
3062 0.211165
3063 0.197364
3064 0.203533
3065 0.185084
3066 0.230316
3067 0.168
3068 0.216575
3069 0.181543
3070 0.206366
3071 0.185713
3072 0.174223
3073 0.221174
3074 0.185306
3075 0.202935
3076 0.184467
3077 0.254796
3078 0.192648
3079 0.21868
3080 0.174905
3081 0.225459
3082 0.192654
3083 0.190885
3084 0.193629
3085 0.206085
3086 0.228905
3087 0.200604
3088 0.161871
3089 0.173049
3090 0.205474
3091 0.218783
3092 0.212073
3093 0.204931
3094 0.212387
3095 0.208716
3096 0.177946
3097 0.207849
3098 0.228768
3099 0.208113
3100 0.343532
3101 0.233879
3102 0.215381
3103 0.202036
3104 0.19884
3105 0.258085
3106 0.195203
3107 0.194462
3108 0.161514
3109 0.174507
3110 0.220743
3111 0.187582
3112 0.274992
3113 0.22736
3114 0.219408
3115 0.196826
3116 0.207242
3117 0.190284
3118 0.260275
3119 0.269171
3120 0.218399
3121 0.180946
3122 0.195286
3123 0.217593
3124 0.272513
3125 0.227325
3126 0.230135
3127 0.199454
3128 0.200233
3129 0.171019
3130 0.203585
3131 0.184421
3132 0.208695
3133 0.199585
3134 0.19654
3135 0.231712
3136 0.191651
3137 0.244558
3138 0.222234
3139 0.183234
3140 0.221673
3141 0.229985
3142 0.198713
3143 0.172058
3144 0.18573
3145 0.186781
3146 0.201064
3147 0.239718
3148 0.235713
3149 0.218999
3150 0.248133
3151 0.20555
3152 0.185249
3153 0.197374
3154 0.257671
3155 0.199407
3156 0.25345
3157 0.182556
3158 0.247423
3159 0.214288
3160 0.185357
3161 0.239432
3162 0.194081
3163 0.254488
3164 0.190022
3165 0.211033
3166 0.176744
3167 0.209582
3168 0.303427
3169 0.315111
3170 0.193001
3171 0.196387
3172 0.205775
3173 0.217121
3174 0.222817
3175 0.181105
3176 0.226604
3177 0.18968
3178 0.196765
3179 0.239018
3180 0.186418
3181 0.17367
3182 0.187891
3183 0.204624
3184 0.214234
3185 0.220659
3186 0.207199
3187 0.267463
3188 0.199288
3189 0.217592
3190 0.199518
3191 0.205066
3192 0.19087
3193 0.187538
3194 0.169759
3195 0.220036
3196 0.194302
3197 0.201282
3198 0.153966
3199 0.166886
3200 0.174566
3201 0.205445
3202 0.174854
3203 0.207184
3204 0.182601
3205 0.217754
3206 0.192967
3207 0.193279
3208 0.222785
3209 0.310987
3210 0.2389
3211 0.200336
3212 0.185949
3213 0.211591
3214 0.211279
3215 0.19957
3216 0.190505
3217 0.236081
3218 0.182616
3219 0.171018
3220 0.177335
3221 0.164062
3222 0.185652
3223 0.179979
3224 0.241461
3225 0.219072
3226 0.171925
3227 0.217242
3228 0.164437
3229 0.171258
3230 0.231676
3231 0.229924
3232 0.230076
3233 0.199887
3234 0.173692
3235 0.221743
3236 0.186845
3237 0.208775
3238 0.255837
3239 0.178492
3240 0.238114
3241 0.177584
3242 0.190112
3243 0.261759
3244 0.197462
3245 0.171843
3246 0.265108
3247 0.178928
3248 0.227558
3249 0.179011
3250 0.191949
3251 0.235238
3252 0.174556
3253 0.231337
3254 0.202528
3255 0.185163
3256 0.188857
3257 0.284936
3258 0.167177
3259 0.183301
3260 0.171532
3261 0.239914
3262 0.217624
3263 0.202894
3264 0.199927
3265 0.173457
3266 0.192044
3267 0.239652
3268 0.25816
3269 0.323708
3270 0.175868
3271 0.260042
3272 0.212306
3273 0.248612
3274 0.248135
3275 0.245158
3276 0.194916
3277 0.238516
3278 0.191156
3279 0.18642
3280 0.162155
3281 0.225888
3282 0.196878
3283 0.185699
3284 0.225865
3285 0.2168
3286 0.267841
3287 0.25044
3288 0.188945
3289 0.251465
3290 0.168614
3291 0.193473
3292 0.212242
3293 0.282924
3294 0.220169
3295 0.179337
3296 0.216907
3297 0.235405
3298 0.17005
3299 0.184761
3300 0.174227
3301 0.24308
3302 0.228737
3303 0.179504
3304 0.213452
3305 0.226371
3306 0.227014
3307 0.189557
3308 0.198133
3309 0.236459
3310 0.230152
3311 0.231175
3312 0.18506
3313 0.221888
3314 0.239082
3315 0.167518
3316 0.219968
3317 0.201334
3318 0.188978
3319 0.189082
3320 0.221827
3321 0.204863
3322 0.173938
3323 0.299617
3324 0.216891
3325 0.18021
3326 0.21811
3327 0.165288
3328 0.166053
3329 0.202871
3330 0.251375
3331 0.273452
3332 0.178302
3333 0.253396
3334 0.281544
3335 0.211971
3336 0.191023
3337 0.237732
3338 0.166771
3339 0.201337
3340 0.174332
3341 0.191882
3342 0.16951
3343 0.190243
3344 0.275356
3345 0.254309
3346 0.18558
3347 0.169309
3348 0.239283
3349 0.252676
3350 0.18565
3351 0.340833
3352 0.217187
3353 0.192964
3354 0.233066
3355 0.238459
3356 0.235742
3357 0.16105
3358 0.208987
3359 0.187599
3360 0.213697
3361 0.17373
3362 0.328207
3363 0.23869
3364 0.172286
3365 0.167067
3366 0.223001
3367 0.199617
3368 0.197459
3369 0.26687
3370 0.183876
3371 0.173611
3372 0.169474
3373 0.199686
3374 0.210345
3375 0.241317
3376 0.160891
3377 0.232733
3378 0.17807
3379 0.188243
3380 0.290456
3381 0.201266
3382 0.205244
3383 0.16393
3384 0.163674
3385 0.191808
3386 0.178311
3387 0.179434
3388 0.177946
3389 0.198299
3390 0.234479
3391 0.209622
3392 0.21676
3393 0.198777
3394 0.215192
3395 0.233953
3396 0.171237
3397 0.232551
3398 0.243635
3399 0.171864
3400 0.162226
3401 0.253777
3402 0.224294
3403 0.185876
3404 0.216474
3405 0.185621
3406 0.166467
3407 0.191587
3408 0.173816
3409 0.207545
3410 0.231033
3411 0.192589
3412 0.201672
3413 0.182204
3414 0.196051
3415 0.206968
3416 0.182243
3417 0.183017
3418 0.154526
3419 0.191817
3420 0.170771
3421 0.149899
3422 0.149076
3423 0.177459
3424 0.16109
3425 0.208736
3426 0.160102
3427 0.202742
3428 0.277635
3429 0.255071
3430 0.234494
3431 0.221235
3432 0.195259
3433 0.190836
3434 0.228937
3435 0.298326
3436 0.228756
3437 0.182637
3438 0.246255
3439 0.189496
3440 0.186191
3441 0.183806
3442 0.146882
3443 0.206547
3444 0.236067
3445 0.255136
3446 0.208315
3447 0.258188
3448 0.183162
3449 0.201355
3450 0.195931
3451 0.182667
3452 0.222502
3453 0.286834
3454 0.266548
3455 0.188341
3456 0.23135
3457 0.154422
3458 0.209811
3459 0.228403
3460 0.199152
3461 0.163898
3462 0.182457
3463 0.228343
3464 0.198449
3465 0.164373
3466 0.168494
3467 0.162951
3468 0.174467
3469 0.233754
3470 0.308057
3471 0.174289
3472 0.166745
3473 0.153442
3474 0.20398
3475 0.149248
3476 0.176506
3477 0.1761
3478 0.167752
3479 0.174581
3480 0.235423
3481 0.248976
3482 0.273608
3483 0.223746
3484 0.212388
3485 0.198443
3486 0.264341
3487 0.231795
3488 0.213972
3489 0.209756
3490 0.16367
3491 0.189692
3492 0.186253
3493 0.177779
3494 0.1829
3495 0.180252
3496 0.161931
3497 0.202231
3498 0.191407
3499 0.20457
3500 0.19552
3501 0.212629
3502 0.197642
3503 0.16405
3504 0.172037
3505 0.230733
3506 0.177887
3507 0.157343
3508 0.165876
3509 0.167152
3510 0.167265
3511 0.179231
3512 0.165462
3513 0.184945
3514 0.22635
3515 0.208475
3516 0.162431
3517 0.157132
3518 0.197632
3519 0.184407
3520 0.202884
3521 0.182206
3522 0.204007
3523 0.197434
3524 0.220398
3525 0.147642
3526 0.204574
3527 0.225896
3528 0.200438
3529 0.231425
3530 0.177404
3531 0.197992
3532 0.171749
3533 0.167521
3534 0.171009
3535 0.170181
3536 0.202938
3537 0.161067
3538 0.181843
3539 0.242278
3540 0.181728
3541 0.196661
3542 0.233342
3543 0.22419
3544 0.143397
3545 0.191471
3546 0.162164
3547 0.184353
3548 0.222446
3549 0.18931
3550 0.170531
3551 0.240295
3552 0.235609
3553 0.198676
3554 0.187887
3555 0.202615
3556 0.168184
3557 0.198147
3558 0.149487
3559 0.186807
3560 0.156883
3561 0.199008
3562 0.155445
3563 0.178792
3564 0.216066
3565 0.154748
3566 0.210612
3567 0.176299
3568 0.176001
3569 0.173132
3570 0.214786
3571 0.199976
3572 0.170082
3573 0.168481
3574 0.269964
3575 0.180238
3576 0.172148
3577 0.21749
3578 0.178425
3579 0.16745
3580 0.185059
3581 0.186193
3582 0.1781
3583 0.16566
3584 0.202255
3585 0.184328
3586 0.201781
3587 0.156874
3588 0.14942
3589 0.178109
3590 0.279209
3591 0.163078
3592 0.17597
3593 0.182937
3594 0.187345
3595 0.216771
3596 0.170211
3597 0.235462
3598 0.218498
3599 0.200651
3600 0.204155
3601 0.154786
3602 0.235086
3603 0.200961
3604 0.152796
3605 0.188345
3606 0.181287
3607 0.229048
3608 0.164214
3609 0.14568
3610 0.20066
3611 0.178935
3612 0.252788
3613 0.174106
3614 0.22828
3615 0.161919
3616 0.166375
3617 0.152824
3618 0.175696
3619 0.218619
3620 0.199959
3621 0.161347
3622 0.191369
3623 0.152075
3624 0.16973
3625 0.190381
3626 0.155116
3627 0.167149
3628 0.183344
3629 0.179434
3630 0.171983
3631 0.179513
3632 0.16314
3633 0.167714
3634 0.212396
3635 0.196839
3636 0.165162
3637 0.200989
3638 0.217923
3639 0.185944
3640 0.207647
3641 0.175252
3642 0.1636
3643 0.202531
3644 0.194647
3645 0.172234
3646 0.207697
3647 0.196761
3648 0.151702
3649 0.160955
3650 0.152181
3651 0.193693
3652 0.189101
3653 0.232078
3654 0.207018
3655 0.136483
3656 0.188814
3657 0.156927
3658 0.146687
3659 0.300216
3660 0.194952
3661 0.265427
3662 0.200478
3663 0.145966
3664 0.199664
3665 0.162625
3666 0.198524
3667 0.281438
3668 0.189161
3669 0.167946
3670 0.154906
3671 0.173925
3672 0.198552
3673 0.188908
3674 0.154457
3675 0.172147
3676 0.211195
3677 0.203889
3678 0.207477
3679 0.223353
3680 0.233186
3681 0.169519
3682 0.230832
3683 0.18649
3684 0.164034
3685 0.198081
3686 0.195611
3687 0.183079
3688 0.153258
3689 0.207036
3690 0.194265
3691 0.195749
3692 0.25744
3693 0.186965
3694 0.154985
3695 0.221261
3696 0.199472
3697 0.273136
3698 0.251577
3699 0.166159
3700 0.228955
3701 0.245147
3702 0.187252
3703 0.201388
3704 0.171788
3705 0.203255
3706 0.145384
3707 0.181267
3708 0.180639
3709 0.156774
3710 0.195373
3711 0.185578
3712 0.211581
3713 0.22138
3714 0.235781
3715 0.162283
3716 0.159879
3717 0.217066
3718 0.205529
3719 0.176258
3720 0.143596
3721 0.218206
3722 0.186952
3723 0.185013
3724 0.161159
3725 0.204765
3726 0.213624
3727 0.199152
3728 0.152518
3729 0.221189
3730 0.218393
3731 0.244883
3732 0.197538
3733 0.244223
3734 0.176266
3735 0.154314
3736 0.200458
3737 0.255769
3738 0.150154
3739 0.177264
3740 0.174672
3741 0.153157
3742 0.166594
3743 0.224114
3744 0.180684
3745 0.17734
3746 0.19359
3747 0.166132
3748 0.208515
3749 0.169082
3750 0.193317
3751 0.203324
3752 0.207444
3753 0.182211
3754 0.148273
3755 0.18407
3756 0.178404
3757 0.196009
3758 0.18631
3759 0.207235
3760 0.220757
3761 0.192125
3762 0.190371
3763 0.222538
3764 0.220793
3765 0.169635
3766 0.152094
3767 0.160832
3768 0.155198
3769 0.192413
3770 0.204973
3771 0.149749
3772 0.178875
3773 0.25221
3774 0.280374
3775 0.153281
3776 0.185676
3777 0.239541
3778 0.207838
3779 0.182712
3780 0.277619
3781 0.159798
3782 0.246274
3783 0.19758
3784 0.246143
3785 0.249141
3786 0.155453
3787 0.163139
3788 0.177795
3789 0.1577
3790 0.165782
3791 0.224991
3792 0.213471
3793 0.191335
3794 0.172069
3795 0.193234
3796 0.209845
3797 0.290359
3798 0.175119
3799 0.167038
3800 0.14546
3801 0.17142
3802 0.190556
3803 0.205646
3804 0.273231
3805 0.158186
3806 0.194926
3807 0.166833
3808 0.224567
3809 0.207344
3810 0.183603
3811 0.17974
3812 0.167521
3813 0.16494
3814 0.189316
3815 0.191306
3816 0.167304
3817 0.189133
3818 0.19782
3819 0.210618
3820 0.161247
3821 0.143809
3822 0.250017
3823 0.161832
3824 0.206365
3825 0.169595
3826 0.189396
3827 0.159833
3828 0.18217
3829 0.185201
3830 0.166159
3831 0.190005
3832 0.175581
3833 0.202816
3834 0.161972
3835 0.157003
3836 0.176026
3837 0.148373
3838 0.183444
3839 0.157147
3840 0.165328
3841 0.205181
3842 0.169553
3843 0.179117
3844 0.185334
3845 0.176602
3846 0.172641
3847 0.15066
3848 0.184746
3849 0.158475
3850 0.138345
3851 0.134013
3852 0.156046
3853 0.185802
3854 0.189725
3855 0.15456
3856 0.236472
3857 0.180252
3858 0.247664
3859 0.201559
3860 0.185224
3861 0.188674
3862 0.19633
3863 0.163509
3864 0.178343
3865 0.181415
3866 0.194043
3867 0.166074
3868 0.168211
3869 0.20981
3870 0.192927
3871 0.188304
3872 0.210512
3873 0.217784
3874 0.211468
3875 0.18228
3876 0.177457
3877 0.185175
3878 0.176007
3879 0.175989
3880 0.172186
3881 0.155615
3882 0.185144
3883 0.238173
3884 0.173876
3885 0.163707
3886 0.154401
3887 0.20772
3888 0.251882
3889 0.162815
3890 0.15644
3891 0.218437
3892 0.21262
3893 0.156552
3894 0.160801
3895 0.170388
3896 0.159684
3897 0.173814
3898 0.16538
3899 0.193089
3900 0.150089
3901 0.131366
3902 0.160877
3903 0.182285
3904 0.147874
3905 0.211493
3906 0.172653
3907 0.162598
3908 0.170466
3909 0.174835
3910 0.201153
3911 0.212861
3912 0.259658
3913 0.170986
3914 0.152625
3915 0.200786
3916 0.187551
3917 0.173151
3918 0.20596
3919 0.235089
3920 0.173278
3921 0.240278
3922 0.193754
3923 0.195515
3924 0.154767
3925 0.16009
3926 0.170305
3927 0.157341
3928 0.170431
3929 0.188936
3930 0.176647
3931 0.199957
3932 0.162854
3933 0.206924
3934 0.172178
3935 0.191919
3936 0.148903
3937 0.165881
3938 0.145247
3939 0.170124
3940 0.154936
3941 0.138735
3942 0.214718
3943 0.218629
3944 0.199944
3945 0.136489
3946 0.157897
3947 0.185387
3948 0.157315
3949 0.186455
3950 0.256045
3951 0.175083
3952 0.175507
3953 0.182606
3954 0.142106
3955 0.186306
3956 0.242411
3957 0.251359
3958 0.153181
3959 0.21397
3960 0.157281
3961 0.145816
3962 0.176538
3963 0.160968
3964 0.172831
3965 0.191718
3966 0.151393
3967 0.157496
3968 0.170234
3969 0.16447
3970 0.208003
3971 0.176503
3972 0.150869
3973 0.148569
3974 0.174246
3975 0.208658
3976 0.188675
3977 0.179357
3978 0.174822
3979 0.169024
3980 0.22597
3981 0.242304
3982 0.234131
3983 0.188659
3984 0.188236
3985 0.180476
3986 0.163938
3987 0.203385
3988 0.174338
3989 0.158425
3990 0.177752
3991 0.150828
3992 0.167818
3993 0.172032
3994 0.167995
3995 0.244909
3996 0.224354
3997 0.208713
3998 0.157323
3999 0.167119
4000 0.163748
4001 0.174307
4002 0.157132
4003 0.232107
4004 0.170842
4005 0.180754
4006 0.185649
4007 0.178568
4008 0.214382
4009 0.170077
4010 0.211733
4011 0.178636
4012 0.183618
4013 0.166734
4014 0.173068
4015 0.182533
4016 0.151638
4017 0.152264
4018 0.270227
4019 0.17479
4020 0.181523
4021 0.177875
4022 0.146104
4023 0.14966
4024 0.146349
4025 0.18891
4026 0.271087
4027 0.198718
4028 0.186316
4029 0.15558
4030 0.155192
4031 0.224585
4032 0.195732
4033 0.165505
4034 0.172607
4035 0.189304
4036 0.251406
4037 0.152171
4038 0.138377
4039 0.176146
4040 0.194777
4041 0.148995
4042 0.188724
4043 0.186274
4044 0.162717
4045 0.157447
4046 0.148077
4047 0.190011
4048 0.187488
4049 0.169704
4050 0.165913
4051 0.177849
4052 0.142832
4053 0.187163
4054 0.204224
4055 0.144665
4056 0.16995
4057 0.200334
4058 0.165582
4059 0.15482
4060 0.154341
4061 0.159568
4062 0.151355
4063 0.185992
4064 0.159188
4065 0.186118
4066 0.221832
4067 0.218877
4068 0.153166
4069 0.181802
4070 0.184972
4071 0.194892
4072 0.244437
4073 0.164915
4074 0.156941
4075 0.175381
4076 0.15337
4077 0.159461
4078 0.132143
4079 0.188443
4080 0.151174
4081 0.152986
4082 0.211971
4083 0.132001
4084 0.151239
4085 0.199865
4086 0.146708
4087 0.220032
4088 0.187368
4089 0.178842
4090 0.164345
4091 0.175577
4092 0.149026
4093 0.164992
4094 0.176383
4095 0.17285
4096 0.179521
4097 0.210879
4098 0.179217
4099 0.20584
4100 0.197995
4101 0.185335
4102 0.165928
4103 0.167057
4104 0.147407
4105 0.141655
4106 0.223958
4107 0.169958
4108 0.151795
4109 0.192115
4110 0.168647
4111 0.207906
4112 0.16574
4113 0.169616
4114 0.193076
4115 0.157286
4116 0.142661
4117 0.144286
4118 0.213709
4119 0.160199
4120 0.199379
4121 0.200957
4122 0.154847
4123 0.149096
4124 0.154276
4125 0.200454
4126 0.210655
4127 0.228762
4128 0.184223
4129 0.205631
4130 0.237827
4131 0.209174
4132 0.164147
4133 0.174401
4134 0.186022
4135 0.148593
4136 0.161593
4137 0.169086
4138 0.132692
4139 0.176356
4140 0.176864
4141 0.200289
4142 0.20798
4143 0.182234
4144 0.154433
4145 0.152499
4146 0.166946
4147 0.182345
4148 0.168841
4149 0.176609
4150 0.185584
4151 0.200482
4152 0.212714
4153 0.147923
4154 0.166215
4155 0.280759
4156 0.160196
4157 0.17585
4158 0.218827
4159 0.164941
4160 0.293605
4161 0.138798
4162 0.217798
4163 0.181019
4164 0.150909
4165 0.184259
4166 0.208102
4167 0.147986
4168 0.158292
4169 0.195716
4170 0.140376
4171 0.197151
4172 0.18816
4173 0.159564
4174 0.205491
4175 0.183112
4176 0.148929
4177 0.172524
4178 0.144295
4179 0.232468
4180 0.221479
4181 0.21532
4182 0.162066
4183 0.145238
4184 0.188554
4185 0.174799
4186 0.152032
4187 0.193088
4188 0.281805
4189 0.146117
4190 0.194612
4191 0.242332
4192 0.236014
4193 0.155066
4194 0.206005
4195 0.134879
4196 0.151998
4197 0.151365
4198 0.18048
4199 0.148529
4200 0.145413
4201 0.211948
4202 0.20071
4203 0.164717
4204 0.135242
4205 0.21296
4206 0.191904
4207 0.171469
4208 0.169654
4209 0.167288
4210 0.15625
4211 0.188655
4212 0.184892
4213 0.171931
4214 0.140039
4215 0.164012
4216 0.15963
4217 0.153118
4218 0.164981
4219 0.298548
4220 0.166839
4221 0.176867
4222 0.13963
4223 0.159585
4224 0.172422
4225 0.166842
4226 0.193772
4227 0.197154
4228 0.154856
4229 0.163621
4230 0.201654
4231 0.18552
4232 0.17759
4233 0.248189
4234 0.220265
4235 0.126402
4236 0.183125
4237 0.143286
4238 0.1479
4239 0.159484
4240 0.168244
4241 0.148628
4242 0.145804
4243 0.203329
4244 0.140792
4245 0.187015
4246 0.143217
4247 0.180742
4248 0.212351
4249 0.135631
4250 0.169516
4251 0.217712
4252 0.17112
4253 0.151639
4254 0.197251
4255 0.178333
4256 0.139402
4257 0.143598
4258 0.18169
4259 0.177417
4260 0.17029
4261 0.194263
4262 0.191402
4263 0.146901
4264 0.156923
4265 0.160832
4266 0.175004
4267 0.146184
4268 0.184477
4269 0.197749
4270 0.182916
4271 0.213772
4272 0.180342
4273 0.1381
4274 0.168493
4275 0.146363
4276 0.13492
4277 0.140859
4278 0.144926
4279 0.154866
4280 0.137305
4281 0.132164
4282 0.155326
4283 0.162083
4284 0.135538
4285 0.255772
4286 0.136123
4287 0.169034
4288 0.176094
4289 0.17382
4290 0.16186
4291 0.180533
4292 0.156371
4293 0.195852
4294 0.154715
4295 0.170836
4296 0.165369
4297 0.127186
4298 0.152481
4299 0.154914
4300 0.169261
4301 0.212244
4302 0.213097
4303 0.169622
4304 0.216622
4305 0.159648
4306 0.156355
4307 0.179944
4308 0.148569
4309 0.169137
4310 0.166003
4311 0.223357
4312 0.175061
4313 0.14931
4314 0.156167
4315 0.162829
4316 0.194493
4317 0.216839
4318 0.161807
4319 0.15459
4320 0.163514
4321 0.202858
4322 0.164927
4323 0.153988
4324 0.162958
4325 0.131456
4326 0.164995
4327 0.233625
4328 0.18239
4329 0.137402
4330 0.15014
4331 0.178573
4332 0.157825
4333 0.201846
4334 0.131966
4335 0.152298
4336 0.179263
4337 0.195991
4338 0.218269
4339 0.201188
4340 0.168379
4341 0.143489
4342 0.139648
4343 0.127475
4344 0.144568
4345 0.222026
4346 0.228683
4347 0.171979
4348 0.169967
4349 0.160883
4350 0.155007
4351 0.137615
4352 0.181401
4353 0.193314
4354 0.148947
4355 0.125946
4356 0.151902
4357 0.182992
4358 0.186631
4359 0.167845
4360 0.154912
4361 0.148432
4362 0.161824
4363 0.240545
4364 0.157047
4365 0.186773
4366 0.128472
4367 0.165632
4368 0.144412
4369 0.164676
4370 0.144904
4371 0.172803
4372 0.166202
4373 0.169315
4374 0.154407
4375 0.132384
4376 0.144252
4377 0.184476
4378 0.168139
4379 0.159628
4380 0.16356
4381 0.169431
4382 0.187808
4383 0.133365
4384 0.164533
4385 0.140968
4386 0.214375
4387 0.164555
4388 0.153103
4389 0.133585
4390 0.137977
4391 0.156484
4392 0.141283
4393 0.131166
4394 0.165898
4395 0.171214
4396 0.15318
4397 0.149966
4398 0.161963
4399 0.161178
4400 0.151688
4401 0.134463
4402 0.137645
4403 0.162748
4404 0.16719
4405 0.187165
4406 0.180307
4407 0.155252
4408 0.146873
4409 0.181068
4410 0.170078
4411 0.163879
4412 0.174001
4413 0.156978
4414 0.17259
4415 0.158009
4416 0.190603
4417 0.150177
4418 0.137464
4419 0.143514
4420 0.175693
4421 0.180593
4422 0.168251
4423 0.181503
4424 0.30501
4425 0.362661
4426 0.201136
4427 0.133107
4428 0.141352
4429 0.161355
4430 0.153731
4431 0.159398
4432 0.163433
4433 0.187024
4434 0.161322
4435 0.154198
4436 0.160387
4437 0.160036
4438 0.153686
4439 0.186968
4440 0.17814
4441 0.183143
4442 0.173712
4443 0.15811
4444 0.211363
4445 0.190258
4446 0.150079
4447 0.212269
4448 0.173891
4449 0.177505
4450 0.172286
4451 0.180278
4452 0.172052
4453 0.178431
4454 0.223112
4455 0.21878
4456 0.152328
4457 0.19899
4458 0.145021
4459 0.19077
4460 0.158619
4461 0.167168
4462 0.155461
4463 0.138257
4464 0.163228
4465 0.215392
4466 0.152063
4467 0.187421
4468 0.146724
4469 0.152963
4470 0.183646
4471 0.176863
4472 0.189666
4473 0.15153
4474 0.171718
4475 0.188776
4476 0.161103
4477 0.166249
4478 0.140087
4479 0.148509
4480 0.15943
4481 0.160736
4482 0.165126
4483 0.15097
4484 0.13815
4485 0.182371
4486 0.192209
4487 0.14413
4488 0.16832
4489 0.196778
4490 0.143933
4491 0.214927
4492 0.15103
4493 0.139954
4494 0.150936
4495 0.165687
4496 0.175413
4497 0.158179
4498 0.148472
4499 0.16027
4500 0.191864
4501 0.20449
4502 0.139867
4503 0.155362
4504 0.175142
4505 0.161484
4506 0.14951
4507 0.181429
4508 0.283313
4509 0.26105
4510 0.169793
4511 0.18332
4512 0.143749
4513 0.152263
4514 0.218799
4515 0.149465
4516 0.231632
4517 0.149264
4518 0.196426
4519 0.158834
4520 0.166652
4521 0.172699
4522 0.165673
4523 0.216568
4524 0.207529
4525 0.235947
4526 0.209593
4527 0.142236
4528 0.163239
4529 0.192623
4530 0.141727
4531 0.157013
4532 0.160755
4533 0.186278
4534 0.169544
4535 0.168462
4536 0.142486
4537 0.204802
4538 0.165546
4539 0.205338
4540 0.171746
4541 0.166187
4542 0.185238
4543 0.19091
4544 0.167624
4545 0.14521
4546 0.154465
4547 0.222582
4548 0.187271
4549 0.18994
4550 0.156759
4551 0.129728
4552 0.18011
4553 0.183746
4554 0.160251
4555 0.273606
4556 0.160168
4557 0.176574
4558 0.149987
4559 0.18603
4560 0.194864
4561 0.166151
4562 0.148651
4563 0.158472
4564 0.176256
4565 0.156032
4566 0.131996
4567 0.138135
4568 0.177097
4569 0.153033
4570 0.237335
4571 0.143645
4572 0.226444
4573 0.151093
4574 0.127925
4575 0.238932
4576 0.185296
4577 0.147377
4578 0.153735
4579 0.159437
4580 0.215515
4581 0.160724
4582 0.148338
4583 0.140051
4584 0.200047
4585 0.15657
4586 0.128176
4587 0.204914
4588 0.181035
4589 0.149035
4590 0.159111
4591 0.151344
4592 0.175538
4593 0.166319
4594 0.188334
4595 0.219675
4596 0.134182
4597 0.160978
4598 0.156845
4599 0.160778
4600 0.178361
4601 0.180373
4602 0.210587
4603 0.17359
4604 0.172247
4605 0.13612
4606 0.152928
4607 0.174603
4608 0.15319
4609 0.196969
4610 0.208837
4611 0.154746
4612 0.166265
4613 0.155262
4614 0.154119
4615 0.161338
4616 0.196586
4617 0.230859
4618 0.169531
4619 0.161652
4620 0.253712
4621 0.136756
4622 0.234316
4623 0.206023
4624 0.161857
4625 0.159587
4626 0.15444
4627 0.147273
4628 0.136726
4629 0.15975
4630 0.223845
4631 0.193186
4632 0.173715
4633 0.149047
4634 0.20451
4635 0.150908
4636 0.143235
4637 0.257459
4638 0.154719
4639 0.131818
4640 0.198514
4641 0.161123
4642 0.15537
4643 0.142716
4644 0.142835
4645 0.161002
4646 0.142266
4647 0.147869
4648 0.247938
4649 0.164688
4650 0.133467
4651 0.153188
4652 0.144777
4653 0.144469
4654 0.2024
4655 0.177577
4656 0.138316
4657 0.136956
4658 0.150632
4659 0.158727
4660 0.158457
4661 0.184668
4662 0.15123
4663 0.183045
4664 0.202039
4665 0.150346
4666 0.148037
4667 0.157895
4668 0.150244
4669 0.149214
4670 0.156266
4671 0.196645
4672 0.16748
4673 0.149576
4674 0.142288
4675 0.136579
4676 0.1709
4677 0.157859
4678 0.146927
4679 0.19142
4680 0.167092
4681 0.160014
4682 0.130823
4683 0.166597
4684 0.165515
4685 0.152322
4686 0.152012
4687 0.146869
4688 0.178024
4689 0.163071
4690 0.137323
4691 0.133247
4692 0.152896
4693 0.175122
4694 0.15185
4695 0.172254
4696 0.137078
4697 0.139466
4698 0.200263
4699 0.149751
4700 0.154299
4701 0.158775
4702 0.115967
4703 0.130491
4704 0.127375
4705 0.152642
4706 0.157869
4707 0.14746
4708 0.136305
4709 0.138879
4710 0.132772
4711 0.215939
4712 0.131015
4713 0.155328
4714 0.225319
4715 0.243994
4716 0.1665
4717 0.130899
4718 0.150404
4719 0.170711
4720 0.156507
4721 0.172491
4722 0.151041
4723 0.15392
4724 0.227615
4725 0.144114
4726 0.157857
4727 0.148756
4728 0.149181
4729 0.129303
4730 0.154502
4731 0.198843
4732 0.148166
4733 0.188799
4734 0.15545
4735 0.153951
4736 0.141553
4737 0.173949
4738 0.139494
4739 0.174619
4740 0.261184
4741 0.233995
4742 0.189769
4743 0.142954
4744 0.204204
4745 0.230523
4746 0.142053
4747 0.164359
4748 0.154114
4749 0.17019
4750 0.150924
4751 0.138268
4752 0.138181
4753 0.130514
4754 0.173513
4755 0.193961
4756 0.390267
4757 0.223407
4758 0.168525
4759 0.135591
4760 0.171845
4761 0.130449
4762 0.21821
4763 0.188158
4764 0.179745
4765 0.136507
4766 0.165144
4767 0.237325
4768 0.149818
4769 0.150274
4770 0.143996
4771 0.134816
4772 0.160573
4773 0.147701
4774 0.147321
4775 0.159212
4776 0.176411
4777 0.149762
4778 0.161923
4779 0.155082
4780 0.156953
4781 0.173413
4782 0.124436
4783 0.155283
4784 0.136641
4785 0.150844
4786 0.152452
4787 0.141194
4788 0.159504
4789 0.13887
4790 0.157098
4791 0.147061
4792 0.15901
4793 0.1385
4794 0.130829
4795 0.145069
4796 0.162946
4797 0.141355
4798 0.135048
4799 0.175512
4800 0.161581
4801 0.154836
4802 0.124232
4803 0.138024
4804 0.164254
4805 0.152631
4806 0.133975
4807 0.188047
4808 0.199752
4809 0.147703
4810 0.177595
4811 0.173261
4812 0.142055
4813 0.175291
4814 0.167642
4815 0.172495
4816 0.169908
4817 0.157064
4818 0.12217
4819 0.175523
4820 0.180333
4821 0.154797
4822 0.155666
4823 0.140204
4824 0.127124
4825 0.159399
4826 0.13165
4827 0.159552
4828 0.160554
4829 0.184688
4830 0.137179
4831 0.133636
4832 0.183593
4833 0.118719
4834 0.196912
4835 0.1566
4836 0.157825
4837 0.154563
4838 0.170089
4839 0.174099
4840 0.138206
4841 0.179744
4842 0.133962
4843 0.142811
4844 0.122441
4845 0.163249
4846 0.121347
4847 0.17916
4848 0.157484
4849 0.162121
4850 0.205618
4851 0.129181
4852 0.167984
4853 0.138487
4854 0.129648
4855 0.116043
4856 0.162599
4857 0.149158
4858 0.116116
4859 0.123718
4860 0.176027
4861 0.173994
4862 0.16075
4863 0.193252
4864 0.14803
4865 0.152353
4866 0.145306
4867 0.118755
4868 0.13669
4869 0.14474
4870 0.159945
4871 0.146488
4872 0.118807
4873 0.147279
4874 0.152711
4875 0.138314
4876 0.263326
4877 0.180239
4878 0.16066
4879 0.140421
4880 0.142579
4881 0.125061
4882 0.202407
4883 0.205022
4884 0.228338
4885 0.174105
4886 0.172522
4887 0.140355
4888 0.216369
4889 0.157195
4890 0.112976
4891 0.162662
4892 0.162326
4893 0.153348
4894 0.151874
4895 0.126521
4896 0.136354
4897 0.13349
4898 0.157664
4899 0.128131
4900 0.19634
4901 0.171721
4902 0.15271
4903 0.137916
4904 0.155566
4905 0.15314
4906 0.135792
4907 0.158625
4908 0.162262
4909 0.154443
4910 0.150563
4911 0.206291
4912 0.140414
4913 0.142139
4914 0.152153
4915 0.145699
4916 0.150441
4917 0.140336
4918 0.14969
4919 0.154157
4920 0.138389
4921 0.195628
4922 0.137813
4923 0.179293
4924 0.16165
4925 0.141656
4926 0.1674
4927 0.159311
4928 0.15078
4929 0.173343
4930 0.165765
4931 0.123903
4932 0.156026
4933 0.158836
4934 0.121227
4935 0.120644
4936 0.132945
4937 0.12418
4938 0.132912
4939 0.1367
4940 0.163114
4941 0.128785
4942 0.127884
4943 0.118806
4944 0.133382
4945 0.208098
4946 0.190425
4947 0.184815
4948 0.134486
4949 0.130148
4950 0.140733
4951 0.18182
4952 0.138851
4953 0.20412
4954 0.150016
4955 0.127235
4956 0.140686
4957 0.150958
4958 0.18936
4959 0.166716
4960 0.139423
4961 0.159202
4962 0.144089
4963 0.171457
4964 0.128348
4965 0.118799
4966 0.149592
4967 0.15733
4968 0.163731
4969 0.166233
4970 0.144305
4971 0.173554
4972 0.172429
4973 0.117273
4974 0.1252
4975 0.138068
4976 0.180152
4977 0.132322
4978 0.180488
4979 0.13875
4980 0.149975
4981 0.137851
4982 0.178177
4983 0.206089
4984 0.176881
4985 0.124938
4986 0.188166
4987 0.183279
4988 0.202236
4989 0.151811
4990 0.135199
4991 0.14895
4992 0.128898
4993 0.135125
4994 0.135962
4995 0.138364
4996 0.142106
4997 0.141439
4998 0.135837
4999 0.143468
5000 0.148658
