0 3.03785
1 2.96382
2 2.54844
3 2.32561
4 2.24344
5 2.27082
6 2.1866
7 1.72203
8 1.63838
9 2.87112
10 10.1633
11 3.48488
12 2.63595
13 2.37494
14 2.19394
15 2.15197
16 2.21764
17 2.20665
18 2.09799
19 1.88471
20 1.81759
21 2.01119
22 1.85683
23 2.06066
24 2.11812
25 1.88454
26 1.53908
27 1.34844
28 1.64668
29 2.0362
30 1.81718
31 1.52257
32 1.53595
33 1.28929
34 1.25647
35 1.22186
36 1.03897
37 1.11037
38 1.01255
39 1.05687
40 1.15243
41 1.41861
42 1.90995
43 1.94431
44 1.66938
45 1.29189
46 1.16513
47 1.00627
48 1.11149
49 0.973837
50 0.916864
51 1.2258
52 1.14886
53 0.978506
54 1.02781
55 1.25181
56 0.977511
57 0.964689
58 1.05109
59 1.20746
60 1.04433
61 0.970019
62 1.24904
63 1.4487
64 1.00597
65 0.885337
66 0.830256
67 1.06529
68 1.02406
69 0.905882
70 1.11479
71 1.15193
72 1.44891
73 1.17605
74 1.14259
75 1.07053
76 1.23336
77 0.880803
78 0.833022
79 0.92436
80 0.853256
81 0.853189
82 0.818243
83 0.872043
84 1.01272
85 1.00709
86 1.08754
87 1.04222
88 1.09917
89 1.10735
90 0.91305
91 0.905839
92 0.9188
93 0.866653
94 0.866552
95 0.820978
96 0.721229
97 0.865627
98 0.98361
99 1.04611
100 0.844487
101 0.751085
102 0.71543
103 0.784412
104 1.28965
105 0.959141
106 0.871624
107 0.907733
108 0.672648
109 0.697255
110 0.737535
111 0.907051
112 0.979324
113 0.856655
114 0.567602
115 0.755008
116 0.777496
117 0.982647
118 1.16919
119 0.942933
120 0.759827
121 0.801771
122 0.888067
123 0.91483
124 0.895869
125 0.77502
126 0.764039
127 0.754193
128 0.760642
129 0.801255
130 0.678329
131 0.551919
132 0.72855
133 0.813077
134 0.887482
135 0.755909
136 1.06756
137 1.08304
138 0.971182
139 0.980947
140 0.744105
141 0.793974
142 0.642773
143 0.677567
144 0.737888
145 0.777935
146 0.852252
147 0.781265
148 0.915357
149 0.715254
150 0.691472
151 0.653514
152 0.802432
153 0.872111
154 0.79229
155 0.685946
156 0.692303
157 0.726956
158 0.71535
159 0.549082
160 0.762196
161 0.56716
162 0.746869
163 0.756895
164 0.627424
165 0.727224
166 0.665697
167 0.806503
168 0.878114
169 1.03921
170 1.22156
171 0.730005
172 0.816405
173 1.50499
174 1.35496
175 1.22889
176 0.819834
177 0.745246
178 0.772998
179 0.642325
180 0.647409
181 0.660686
182 0.79715
183 0.65726
184 0.880804
185 0.637201
186 0.692772
187 0.668279
188 0.748865
189 0.756171
190 0.698519
191 0.756026
192 0.64256
193 0.882671
194 1.00043
195 0.800508
196 0.733402
197 0.617387
198 0.58859
199 0.731392
200 0.74047
201 0.656291
202 0.716603
203 0.674438
204 0.767607
205 0.864213
206 0.825548
207 0.670558
208 0.830029
209 0.669038
210 0.657036
211 0.711659
212 0.696327
213 0.777054
214 0.910242
215 0.591828
216 0.68514
217 0.728064
218 0.59206
219 0.68866
220 0.622497
221 0.645755
222 0.692732
223 0.509938
224 0.642482
225 0.636289
226 0.91031
227 0.748675
228 0.56834
229 0.679294
230 0.711426
231 0.733321
232 0.690546
233 0.751242
234 0.580818
235 0.650013
236 0.708575
237 0.541976
238 0.672897
239 0.670806
240 0.614165
241 0.659468
242 0.684137
243 0.74045
244 0.512971
245 0.686065
246 0.575716
247 0.532449
248 0.633885
249 0.64833
250 0.700418
251 0.610933
252 0.846401
253 0.806986
254 0.708199
255 0.734037
256 0.721079
257 0.587418
258 0.583875
259 0.552346
260 0.660875
261 0.674282
262 0.668719
263 0.585904
264 0.51833
265 0.581679
266 0.470768
267 0.670028
268 0.901216
269 0.588184
270 0.678418
271 0.55349
272 0.619564
273 0.647796
274 0.565652
275 0.745619
276 0.604552
277 0.58704
278 0.667505
279 0.552652
280 0.522902
281 0.690924
282 0.599338
283 0.781328
284 0.662958
285 0.790346
286 0.597185
287 0.562056
288 0.59637
289 0.690433
290 0.581715
291 0.718459
292 0.846661
293 0.600362
294 0.672093
295 0.689384
296 0.808287
297 0.524868
298 0.589117
299 0.457209
300 0.541949
301 0.54305
302 0.573611
303 0.628265
304 0.654704
305 0.757139
306 0.593454
307 0.639151
308 0.638122
309 0.505868
310 0.514814
311 0.724989
312 0.634153
313 0.743413
314 0.552537
315 0.556114
316 0.655194
317 0.603623
318 0.731203
319 0.70325
320 0.59841
321 0.678494
322 0.879066
323 0.860831
324 0.522857
325 0.634692
326 0.562728
327 0.593031
328 0.599711
329 0.534986
330 0.679265
331 0.785301
332 0.705349
333 0.622405
334 0.494592
335 0.71701
336 0.589388
337 0.501817
338 0.683679
339 0.59902
340 0.591143
341 0.522338
342 0.495312
343 0.90918
344 0.736515
345 0.722883
346 0.557865
347 1.11739
348 0.808509
349 0.609658
350 0.802042
351 0.585506
352 0.541933
353 0.736848
354 0.830061
355 0.69135
356 0.752977
357 0.802954
358 0.552789
359 0.488276
360 0.535905
361 0.670052
362 0.598661
363 0.529016
364 0.524603
365 0.587235
366 0.515161
367 0.633187
368 0.696442
369 0.613116
370 0.580985
371 0.476241
372 0.640829
373 0.607956
374 0.774695
375 0.544654
376 0.594187
377 0.476043
378 0.53443
379 0.559954
380 0.567792
381 0.593452
382 0.646535
383 0.505556
384 0.527396
385 0.521543
386 0.51546
387 0.486167
388 0.470218
389 0.589628
390 0.548646
391 0.479514
392 0.604971
393 0.618507
394 0.619049
395 0.488429
396 0.558274
397 0.58071
398 0.506334
399 0.502186
400 0.630603
401 0.526133
402 0.523442
403 0.542547
404 0.561129
405 0.588253
406 0.615448
407 0.426258
408 0.569391
409 0.532862
410 0.451182
411 0.755724
412 0.514255
413 0.518986
414 0.519558
415 0.409765
416 0.419583
417 0.544633
418 0.525339
419 0.436491
420 0.542022
421 0.424197
422 0.387653
423 0.49968
424 1.07137
425 1.16201
426 0.584445
427 0.843289
428 0.429132
429 0.657771
430 0.564414
431 0.69193
432 0.507465
433 0.540555
434 0.656331
435 0.689646
436 0.455234
437 0.520756
438 0.584016
439 0.51744
440 0.606742
441 0.556377
442 0.534241
443 0.690479
444 0.637025
445 0.528152
446 0.587882
447 0.503517
448 0.612383
449 0.503886
450 0.665877
451 0.553468
452 0.586902
453 0.666815
454 0.54414
455 0.606892
456 0.47052
457 0.818703
458 0.930925
459 0.872078
460 0.732312
461 0.593466
462 0.621797
463 0.555808
464 0.509741
465 0.479568
466 0.516563
467 0.479902
468 0.592085
469 0.816692
470 0.523779
471 0.512712
472 0.441559
473 0.663092
474 0.570898
475 0.614713
476 0.440196
477 0.487899
478 0.47983
479 0.547854
480 0.647621
481 0.566327
482 0.602474
483 0.715165
484 0.466618
485 0.578656
486 0.517989
487 0.64526
488 0.79552
489 0.63217
490 0.613693
491 0.630946
492 0.556556
493 0.515828
494 0.527868
495 0.485153
496 0.582096
497 0.562444
498 0.564404
499 0.519098
500 0.556167
501 0.654432
502 0.46338
503 0.549641
504 0.630177
505 0.723679
506 0.415422
507 0.560175
508 0.573198
509 0.482536
510 0.489142
511 0.479006
512 0.599278
513 0.617612
514 0.604898
515 0.500857
516 0.450481
517 0.549287
518 0.567092
519 0.547988
520 0.617107
521 0.50841
522 0.526808
523 0.540528
524 0.503267
525 0.503444
526 0.613899
527 0.585431
528 0.666305
529 0.478711
530 0.496498
531 0.436001
532 0.533986
533 0.468275
534 0.491847
535 0.484274
536 0.491518
537 0.38368
538 0.571963
539 0.534448
540 0.512158
541 0.520055
542 0.587983
543 0.46175
544 0.555014
545 0.489635
546 0.539922
547 0.617898
548 0.451367
549 0.456694
550 0.566743
551 0.607696
552 0.529745
553 0.564805
554 0.552266
555 0.401396
556 0.457095
557 0.495931
558 0.542396
559 0.461466
560 0.460967
561 0.592509
562 0.634548
563 0.560082
564 0.439678
565 0.700585
566 0.535103
567 0.478962
568 0.460406
569 0.489824
570 0.525553
571 0.390259
572 0.535658
573 0.569604
574 0.599419
575 0.489113
576 0.59446
577 0.475096
578 0.549145
579 0.527598
580 0.4715
581 0.566922
582 0.60341
583 0.564424
584 0.466628
585 0.469645
586 0.531126
587 0.524819
588 0.437423
589 0.511508
590 0.479653
591 0.523993
592 0.45706
593 0.430322
594 0.407698
595 0.499961
596 0.514435
597 0.611405
598 0.666027
599 0.871542
600 0.600154
601 0.652059
602 0.592329
603 0.482159
604 0.521584
605 0.460903
606 0.473763
607 0.472004
608 0.42287
609 0.498415
610 0.390562
611 0.618141
612 0.445089
613 0.606183
614 0.474464
615 0.493082
616 0.532463
617 0.547312
618 0.527172
619 0.482204
620 0.502252
621 0.480611
622 0.499246
623 0.474456
624 0.609305
625 0.527689
626 0.461307
627 0.492524
628 0.508978
629 0.500898
630 0.575018
631 0.468258
632 0.524382
633 0.555163
634 0.659974
635 0.480637
636 0.567361
637 0.693099
638 0.545542
639 0.567855
640 0.477869
641 0.550836
642 0.628152
643 0.494522
644 0.495318
645 0.526097
646 0.466132
647 0.45557
648 0.413497
649 0.415178
650 0.529119
651 0.482646
652 0.437244
653 0.497117
654 0.388356
655 0.442729
656 0.418181
657 0.390617
658 0.503229
659 0.500873
660 0.576201
661 0.580086
662 0.558883
663 0.516167
664 0.591479
665 0.436817
666 0.554282
667 0.453156
668 0.491594
669 0.425922
670 0.481869
671 0.549025
672 0.513014
673 0.446354
674 0.497773
675 0.445947
676 0.450898
677 0.501705
678 0.468657
679 0.483394
680 0.419529
681 0.593082
682 0.588356
683 0.445012
684 0.494322
685 0.497042
686 0.515852
687 0.384969
688 0.538251
689 0.463565
690 0.462097
691 0.547386
692 0.430351
693 0.387361
694 0.409908
695 0.50731
696 0.534097
697 0.691753
698 0.459281
699 0.462769
700 0.486217
701 0.596573
702 0.423302
703 0.436789
704 0.468149
705 0.533653
706 0.447873
707 0.48629
708 0.449063
709 0.489781
710 0.54826
711 0.458159
712 0.612236
713 0.604148
714 0.564839
715 0.655067
716 0.563328
717 0.834098
718 0.868662
719 0.576353
720 0.541088
721 0.73407
722 0.45155
723 0.558685
724 0.531653
725 0.620585
726 0.471739
727 0.4233
728 0.387467
729 0.473972
730 0.455773
731 0.440603
732 0.482187
733 0.468816
734 0.512042
735 0.479806
736 0.523761
737 0.396293
738 0.409116
739 0.414748
740 0.5477
741 0.441068
742 0.590726
743 0.458598
744 0.442463
745 0.578763
746 0.433028
747 0.540377
748 0.495962
749 0.553902
750 0.503626
751 0.575491
752 0.445561
753 0.370476
754 0.511694
755 0.479345
756 0.46412
757 0.419289
758 0.606614
759 0.526247
760 0.475115
761 0.524444
762 0.51833
763 0.42609
764 0.483608
765 0.504011
766 0.407963
767 0.433672
768 0.446061
769 0.479016
770 0.374346
771 0.564408
772 0.700542
773 0.475387
774 0.482404
775 0.347934
776 0.765313
777 0.581479
778 0.403873
779 0.73855
780 0.53561
781 0.415222
782 0.596374
783 0.642393
784 0.63758
785 0.482001
786 0.425006
787 0.397596
788 0.369482
789 0.392472
790 0.524945
791 0.45673
792 0.525303
793 0.445018
794 0.454955
795 0.501571
796 0.482626
797 0.526448
798 0.51958
799 0.397855
800 0.385572
801 0.558199
802 0.589946
803 0.607067
804 0.436063
805 0.436345
806 0.395703
807 0.46414
808 0.543973
809 0.46775
810 0.447476
811 0.465007
812 0.43981
813 0.430176
814 0.380774
815 0.441519
816 0.406104
817 0.39549
818 0.541331
819 0.424626
820 0.389136
821 0.540651
822 0.370365
823 0.42991
824 0.371655
825 0.429501
826 0.509268
827 0.393262
828 0.460453
829 0.40557
830 0.48527
831 0.387717
832 0.461027
833 0.389404
834 0.361841
835 0.417746
836 0.387087
837 0.417642
838 0.476798
839 0.415824
840 0.604148
841 0.43039
842 0.333007
843 0.435808
844 0.341059
845 0.355773
846 0.389522
847 0.389512
848 0.34715
849 0.483229
850 0.335524
851 0.342224
852 0.429551
853 0.573347
854 0.865835
855 0.569939
856 0.636589
857 0.463803
858 0.441208
859 0.490748
860 0.421655
861 0.432344
862 0.425866
863 0.539308
864 0.482501
865 0.43161
866 0.370302
867 0.435873
868 0.50998
869 0.431075
870 0.408584
871 0.427771
872 0.487558
873 0.459059
874 0.442758
875 0.493181
876 0.410725
877 0.513061
878 0.44921
879 0.520291
880 0.430048
881 0.389375
882 0.546706
883 0.390628
884 0.513628
885 0.390141
886 0.592283
887 0.667351
888 0.403179
889 0.457073
890 0.463191
891 0.450378
892 0.461859
893 0.362861
894 0.404474
895 0.389763
896 0.479653
897 0.431341
898 0.687377
899 0.545704
900 0.386229
901 0.373469
902 0.563206
903 0.475794
904 0.448009
905 0.389424
906 0.367513
907 0.355697
908 0.570677
909 0.497126
910 0.453701
911 0.40881
912 0.452877
913 0.397096
914 0.494349
915 0.413154
916 0.460842
917 0.459708
918 0.439418
919 0.480229
920 0.533047
921 0.438013
922 0.398805
923 0.421371
924 0.3964
925 0.5227
926 0.395322
927 0.482994
928 0.416106
929 0.400658
930 0.457358
931 0.367553
932 0.453677
933 0.536639
934 0.38979
935 0.363961
936 0.515629
937 0.413173
938 0.485719
939 0.389756
940 0.419246
941 0.493343
942 0.496408
943 0.450672
944 0.443455
945 0.386456
946 0.405346
947 0.468048
948 0.441664
949 0.45939
950 0.4805
951 0.444566
952 0.505025
953 0.336754
954 0.443835
955 0.528503
956 0.438905
957 0.417968
958 0.442073
959 0.377766
960 0.41086
961 0.42142
962 0.430006
963 0.41614
964 0.395451
965 0.324941
966 0.370532
967 0.470915
968 0.518254
969 0.524881
970 0.445402
971 0.402615
972 0.38225
973 0.380547
974 0.463187
975 0.457151
976 0.431904
977 0.38618
978 0.372367
979 0.472992
980 0.572038
981 0.416596
982 0.444563
983 0.383335
984 0.345585
985 0.387512
986 0.410277
987 0.448296
988 0.347391
989 0.444247
990 0.420925
991 0.586879
992 0.375173
993 0.393321
994 0.506106
995 0.421386
996 0.433012
997 0.4147
998 0.447392
999 0.440007
1000 0.361093
1001 0.434898
1002 0.443082
1003 0.439203
1004 0.405665
1005 0.457556
1006 0.365257
1007 0.422971
1008 0.370564
1009 0.44379
1010 0.456195
1011 0.36462
1012 0.502217
1013 0.378039
1014 0.405585
1015 0.39782
1016 0.333001
1017 0.407111
1018 0.494166
1019 0.484707
1020 0.350746
1021 0.356787
1022 0.327492
1023 0.374308
1024 0.432474
1025 0.490895
1026 0.544044
1027 0.454487
1028 0.511537
1029 0.355277
1030 0.523401
1031 0.431439
1032 0.363292
1033 0.420301
1034 0.411733
1035 0.41315
1036 0.367971
1037 0.34234
1038 0.358816
1039 0.390407
1040 0.400234
1041 0.441874
1042 0.467642
1043 0.358148
1044 0.392401
1045 0.442409
1046 0.387346
1047 0.416856
1048 0.346602
1049 0.341274
1050 0.441622
1051 0.423822
1052 0.35058
1053 0.420497
1054 0.37435
1055 0.360623
1056 0.456321
1057 0.417471
1058 0.411026
1059 0.37787
1060 0.406583
1061 0.426118
1062 0.398086
1063 0.453242
1064 0.351543
1065 0.46704
1066 0.571103
1067 0.375923
1068 0.410714
1069 0.408672
1070 0.393984
1071 0.474972
1072 0.406449
1073 0.36657
1074 0.436254
1075 0.368555
1076 0.373504
1077 0.407561
1078 0.440987
1079 0.396915
1080 0.398635
1081 0.387554
1082 0.435283
1083 0.327987
1084 0.388258
1085 0.324317
1086 0.323797
1087 0.515672
1088 0.420361
1089 0.509188
1090 0.504409
1091 0.332874
1092 0.459021
1093 0.385244
1094 0.414442
1095 0.544003
1096 0.467354
1097 0.381499
1098 0.336949
1099 0.384112
1100 0.464488
1101 0.358698
1102 0.426522
1103 0.423186
1104 0.330344
1105 0.403387
1106 0.375581
1107 0.446734
1108 0.393094
1109 0.379804
1110 0.628945
1111 0.421537
1112 0.376418
1113 0.591393
1114 0.353041
1115 0.390492
1116 0.327953
1117 0.372773
1118 0.375286
1119 0.415758
1120 0.363417
1121 0.367883
1122 0.378783
1123 0.349303
1124 0.369121
1125 0.546575
1126 0.448501
1127 0.401838
1128 0.426475
1129 0.450706
1130 0.43091
1131 0.356087
1132 0.32998
1133 0.461037
1134 0.382359
1135 0.381826
1136 0.393831
1137 0.371254
1138 0.464429
1139 0.387504
1140 0.521152
1141 0.532602
1142 0.420987
1143 0.387763
1144 0.393739
1145 0.374466
1146 0.411769
1147 0.404193
1148 0.322457
1149 0.533788
1150 0.524251
1151 0.39364
1152 0.411785
1153 0.404058
1154 0.47531
1155 0.331641
1156 0.366428
1157 0.319253
1158 0.450553
1159 0.42117
1160 0.350623
1161 0.456213
1162 0.371326
1163 0.369115
1164 0.423682
1165 0.46434
1166 0.311896
1167 0.38646
1168 0.381187
1169 0.362905
1170 0.50789
1171 0.410993
1172 0.356725
1173 0.448495
1174 0.472923
1175 0.385367
1176 0.461924
1177 0.417247
1178 0.515082
1179 0.486698
1180 0.535775
1181 0.337361
1182 0.349286
1183 0.470051
1184 0.36937
1185 0.410293
1186 0.362689
1187 0.506261
1188 0.361634
1189 0.383144
1190 0.52269
1191 0.48013
1192 0.393499
1193 0.357169
1194 0.361476
1195 0.369072
1196 0.459462
1197 0.419445
1198 0.3743
1199 0.310235
1200 0.49717
1201 0.612637
1202 0.481297
1203 0.344195
1204 0.422054
1205 0.557222
1206 0.507871
1207 0.329086
1208 0.539822
1209 0.393369
1210 0.411933
1211 0.406741
1212 0.46627
1213 0.416695
1214 0.452889
1215 0.382658
1216 0.325247
1217 0.366262
1218 0.416468
1219 0.359331
1220 0.440742
1221 0.340241
1222 0.440763
1223 0.350077
1224 0.382814
1225 0.448952
1226 0.393891
1227 0.363682
1228 0.316811
1229 0.396307
1230 0.43096
1231 0.491352
1232 0.405571
1233 0.404355
1234 0.370038
1235 0.326034
1236 0.56012
1237 0.394566
1238 0.365282
1239 0.41343
1240 0.436079
1241 0.323917
1242 0.345302
1243 0.357283
1244 0.438068
1245 0.320312
1246 0.37359
1247 0.399876
1248 0.362892
1249 0.3654
1250 0.402903
1251 0.408219
1252 0.308735
1253 0.400831
1254 0.358596
1255 0.412183
1256 0.328779
1257 0.392565
1258 0.4064
1259 0.357704
1260 0.419656
1261 0.352739
1262 0.362621
1263 0.423805
1264 0.329989
1265 0.377528
1266 0.404333
1267 0.342407
1268 0.417784
1269 0.381378
1270 0.314853
1271 0.349188
1272 0.296021
1273 0.316188
1274 0.307009
1275 0.316032
1276 0.329593
1277 0.316339
1278 0.38854
1279 0.279084
1280 0.282062
1281 0.322057
1282 0.404226
1283 0.270406
1284 0.621345
1285 0.297583
1286 0.480462
1287 0.406622
1288 0.463711
1289 0.332775
1290 0.33578
1291 0.447378
1292 0.393132
1293 0.472713
1294 0.365528
1295 0.348482
1296 0.374864
1297 0.359216
1298 0.311402
1299 0.363993
1300 0.469565
1301 0.404998
1302 0.370413
1303 0.392342
1304 0.376674
1305 0.33478
1306 0.423324
1307 0.373412
1308 0.489369
1309 0.346665
1310 0.387007
1311 0.47111
1312 0.340454
1313 0.40587
1314 0.362831
1315 0.420049
1316 0.519884
1317 0.34336
1318 0.403429
1319 0.420335
1320 0.353886
1321 0.316311
1322 0.304788
1323 0.343094
1324 0.332251
1325 0.359741
1326 0.454473
1327 0.379215
1328 0.280644
1329 0.308789
1330 0.355555
1331 0.400533
1332 0.292394
1333 0.357952
1334 0.333303
1335 0.305265
1336 0.382563
1337 0.420115
1338 0.365656
1339 0.404716
1340 0.376619
1341 0.304363
1342 0.311005
1343 0.339891
1344 0.372156
1345 0.384106
1346 0.370975
1347 0.36631
1348 0.398878
1349 0.483571
1350 0.324934
1351 0.399482
1352 0.308971
1353 0.349331
1354 0.320559
1355 0.366126
1356 0.412938
1357 0.297558
1358 0.360658
1359 0.375872
1360 0.363575
1361 0.416446
1362 0.614315
1363 0.296588
1364 0.279139
1365 0.463806
1366 0.408583
1367 0.377842
1368 0.320526
1369 0.360274
1370 0.433638
1371 0.455836
1372 0.387937
1373 0.363978
1374 0.328527
1375 0.38284
1376 0.358747
1377 0.407208
1378 0.343676
1379 0.439859
1380 0.448772
1381 0.395217
1382 0.297714
1383 0.352299
1384 0.426921
1385 0.372507
1386 0.429252
1387 0.394623
1388 0.331396
1389 0.330041
1390 0.409386
1391 0.379125
1392 0.372713
1393 0.330608
1394 0.290916
1395 0.345288
1396 0.425271
1397 0.452023
1398 0.391637
1399 0.40961
1400 0.331565
1401 0.317393
1402 0.399427
1403 0.37616
1404 0.396965
1405 0.385588
1406 0.291425
1407 0.332872
1408 0.51984
1409 0.394294
1410 0.374536
1411 0.340662
1412 0.359626
1413 0.299752
1414 0.313099
1415 0.398097
1416 0.364877
1417 0.291156
1418 0.337772
1419 0.322189
1420 0.463236
1421 0.332631
1422 0.333298
1423 0.565637
1424 0.508242
1425 0.368567
1426 0.315168
1427 0.324251
1428 0.366955
1429 0.355041
1430 0.342902
1431 0.406467
1432 0.380441
1433 0.394653
1434 0.379768
1435 0.314152
1436 0.426452
1437 0.304159
1438 0.367616
1439 0.332528
1440 0.380446
1441 0.32882
1442 0.317774
1443 0.351976
1444 0.374931
1445 0.307528
1446 0.437607
1447 0.357948
1448 0.414319
1449 0.338697
1450 0.298439
1451 0.297749
1452 0.330682
1453 0.40131
1454 0.456612
1455 0.619918
1456 0.372147
1457 0.401468
1458 0.309721
1459 0.54508
1460 0.310288
1461 0.386692
1462 0.386641
1463 0.376371
1464 0.406223
1465 0.289086
1466 0.34704
1467 0.30895
1468 0.423319
1469 0.343471
1470 0.438522
1471 0.372058
1472 0.309978
1473 0.350688
1474 0.372824
1475 0.382831
1476 0.356128
1477 0.30768
1478 0.328093
1479 0.330083
1480 0.305952
1481 0.335726
1482 0.33566
1483 0.275609
1484 0.294054
1485 0.343868
1486 0.338513
1487 0.317529
1488 0.41904
1489 0.316239
1490 0.384449
1491 0.451083
1492 0.465035
1493 0.384329
1494 0.405676
1495 0.370071
1496 0.3123
1497 0.389267
1498 0.391681
1499 0.399513
1500 0.356401
1501 0.31009
1502 0.358889
1503 0.389832
1504 0.324396
1505 0.331522
1506 0.314035
1507 0.346549
1508 0.336912
1509 0.285166
1510 0.39781
1511 0.312496
1512 0.349151
1513 0.350252
1514 0.320821
1515 0.404301
1516 0.354484
1517 0.418494
1518 0.481721
1519 0.392537
1520 0.320424
1521 0.410711
1522 0.381512
1523 0.33953
1524 0.473577
1525 0.407476
1526 0.288933
1527 0.354089
1528 0.326094
1529 0.398835
1530 0.298053
1531 0.390734
1532 0.278783
1533 0.344035
1534 0.370076
1535 0.315471
1536 0.406144
1537 0.368913
1538 0.376168
1539 0.485208
1540 0.368577
1541 0.333535
1542 0.423797
1543 0.407977
1544 0.261873
1545 0.315749
1546 0.362642
1547 0.380864
1548 0.372283
1549 0.323004
1550 0.293587
1551 0.356022
1552 0.32285
1553 0.387939
1554 0.561394
1555 0.347825
1556 0.373679
1557 0.335303
1558 0.344402
1559 0.358884
1560 0.339864
1561 0.317391
1562 0.362554
1563 0.299742
1564 0.335799
1565 0.318791
1566 0.284546
1567 0.360916
1568 0.311605
1569 0.467874
1570 0.373834
1571 0.326903
1572 0.330037
1573 0.333167
1574 0.343213
1575 0.379629
1576 0.277971
1577 0.3683
1578 0.408382
1579 0.427926
1580 0.343099
1581 0.39304
1582 0.36172
1583 0.382404
1584 0.312291
1585 0.29539
1586 0.377538
1587 0.349339
1588 0.36632
1589 0.334998
1590 0.358257
1591 0.333272
1592 0.349947
1593 0.364665
1594 0.376133
1595 0.288718
1596 0.30925
1597 0.406789
1598 0.295139
1599 0.355213
1600 0.334884
1601 0.368404
1602 0.394768
1603 0.372325
1604 0.306217
1605 0.395369
1606 0.319516
1607 0.324373
1608 0.433833
1609 0.352356
1610 0.316788
1611 0.313118
1612 0.321291
1613 0.331005
1614 0.39443
1615 0.285776
1616 0.420209
1617 0.378601
1618 0.344068
1619 0.352301
1620 0.340374
1621 0.408226
1622 0.354159
1623 0.309104
1624 0.39178
1625 0.328196
1626 0.361201
1627 0.305242
1628 0.266969
1629 0.529283
1630 0.381221
1631 0.373258
1632 0.277344
1633 0.381104
1634 0.421421
1635 0.278104
1636 0.504367
1637 0.294952
1638 0.309954
1639 0.381609
1640 0.446186
1641 0.388753
1642 0.340134
1643 0.328247
1644 0.298798
1645 0.28993
1646 0.277815
1647 0.438955
1648 0.314377
1649 0.372671
1650 0.288264
1651 0.318546
1652 0.314962
1653 0.394018
1654 0.350476
1655 0.298708
1656 0.318649
1657 0.269213
1658 0.346558
1659 0.366619
1660 0.450172
1661 0.354354
1662 0.369003
1663 0.316674
1664 0.323551
1665 0.326645
1666 0.343662
1667 0.396676
1668 0.358572
1669 0.345432
1670 0.305301
1671 0.30706
1672 0.32047
1673 0.317459
1674 0.288967
1675 0.348855
1676 0.353334
1677 0.286587
1678 0.318852
1679 0.365584
1680 0.340358
1681 0.269016
1682 0.302141
1683 0.373796
1684 0.333321
1685 0.31548
1686 0.327045
1687 0.285155
1688 0.315206
1689 0.345183
1690 0.302755
1691 0.272102
1692 0.305573
1693 0.262846
1694 0.314154
1695 0.334087
1696 0.32783
1697 0.343349
1698 0.288161
1699 0.28421
1700 0.323778
1701 0.272657
1702 0.295014
1703 0.2606
1704 0.256433
1705 0.291633
1706 0.357297
1707 0.266134
1708 0.245305
1709 0.275889
1710 0.351952
1711 0.28318
1712 0.293446
1713 0.619719
1714 0.259328
1715 0.439296
1716 0.308149
1717 0.332048
1718 0.270564
1719 0.377708
1720 0.398935
1721 0.363304
1722 0.324217
1723 0.277691
1724 0.277562
1725 0.317826
1726 0.340468
1727 0.283311
1728 0.307021
1729 0.401551
1730 0.329098
1731 0.296584
1732 0.352306
1733 0.273959
1734 0.278178
1735 0.31527
1736 0.362944
1737 0.402035
1738 0.324208
1739 0.403476
1740 0.344631
1741 0.369422
1742 0.26721
1743 0.466958
1744 0.445354
1745 0.37693
1746 0.333005
1747 0.295202
1748 0.346347
1749 0.309981
1750 0.309551
1751 0.268784
1752 0.285332
1753 0.301269
1754 0.361702
1755 0.678551
1756 0.438049
1757 0.356643
1758 0.264286
1759 0.363422
1760 0.306282
1761 0.326908
1762 0.266182
1763 0.289649
1764 0.270585
1765 0.33064
1766 0.38535
1767 0.372931
1768 0.332061
1769 0.35763
1770 0.272776
1771 0.344867
1772 0.319846
1773 0.321164
1774 0.35429
1775 0.35199
1776 0.353233
1777 0.357436
1778 0.376895
1779 0.326751
1780 0.304056
1781 0.300868
1782 0.363611
1783 0.353906
1784 0.281239
1785 0.306279
1786 0.273702
1787 0.316046
1788 0.308448
1789 0.33899
1790 0.346786
1791 0.397649
1792 0.271622
1793 0.3115
1794 0.263353
1795 0.320624
1796 0.299419
1797 0.283046
1798 0.344958
1799 0.327951
1800 0.317258
1801 0.352172
1802 0.319249
1803 0.297491
1804 0.334845
1805 0.351483
1806 0.352685
1807 0.30684
1808 0.35019
1809 0.372465
1810 0.331279
1811 0.332723
1812 0.363956
1813 0.336051
1814 0.39989
1815 0.334735
1816 0.318991
1817 0.271653
1818 0.298269
1819 0.291668
1820 0.341804
1821 0.254607
1822 0.289678
1823 0.258189
1824 0.306678
1825 0.321508
1826 0.36709
1827 0.263483
1828 0.333453
1829 0.272131
1830 0.309179
1831 0.291905
1832 0.386348
1833 0.378654
1834 0.314891
1835 0.252614
1836 0.272922
1837 0.483679
1838 0.294125
1839 0.329863
1840 0.29853
1841 0.242342
1842 0.293467
1843 0.270163
1844 0.282688
1845 0.271693
1846 0.284867
1847 0.300136
1848 0.294804
1849 0.403116
1850 0.277925
1851 0.381809
1852 0.38706
1853 0.26118
1854 0.283188
1855 0.315765
1856 0.394158
1857 0.250494
1858 0.283805
1859 0.323281
1860 0.337367
1861 0.337275
1862 0.380242
1863 0.273017
1864 0.337066
1865 0.32355
1866 0.261984
1867 0.304704
1868 0.305147
1869 0.321823
1870 0.33997
1871 0.289492
1872 0.343574
1873 0.295516
1874 0.268556
1875 0.362306
1876 0.300248
1877 0.321565
1878 0.280107
1879 0.274098
1880 0.269203
1881 0.36128
1882 0.355064
1883 0.426408
1884 0.379901
1885 0.382373
1886 0.263697
1887 0.348783
1888 0.381288
1889 0.26709
1890 0.340834
1891 0.257845
1892 0.286204
1893 0.379312
1894 0.249814
1895 0.267758
1896 0.271019
1897 0.318575
1898 0.283538
1899 0.369287
1900 0.249311
1901 0.27082
1902 0.290511
1903 0.332776
1904 0.32394
1905 0.32848
1906 0.258213
1907 0.269312
1908 0.299029
1909 0.269371
1910 0.289432
1911 0.30887
1912 0.254413
1913 0.279042
1914 0.284766
1915 0.279242
1916 0.279066
1917 0.277972
1918 0.293899
1919 0.298195
1920 0.396851
1921 0.281275
1922 0.324495
1923 0.362284
1924 0.296611
1925 0.300862
1926 0.272101
1927 0.291166
1928 0.326815
1929 0.300312
1930 0.29466
1931 0.280576
1932 0.335737
1933 0.26022
1934 0.302407
1935 0.364971
1936 0.362479
1937 0.285948
1938 0.257843
1939 0.3018
1940 0.225643
1941 0.314928
1942 0.28264
1943 0.228178
1944 0.36847
1945 0.308866
1946 0.321344
1947 0.345239
1948 0.348476
1949 0.251146
1950 0.389791
1951 0.283892
1952 0.399632
1953 0.328996
1954 0.30032
1955 0.284124
1956 0.305413
1957 0.399798
1958 0.326436
1959 0.262651
1960 0.312329
1961 0.254953
1962 0.311069
1963 0.297026
1964 0.285741
1965 0.353885
1966 0.268996
1967 0.373667
1968 0.372841
1969 0.28375
1970 0.261471
1971 0.404333
1972 0.263886
1973 0.247034
1974 0.274402
1975 0.301793
1976 0.271606
1977 0.31159
1978 0.294926
1979 0.255532
1980 0.291003
1981 0.294017
1982 0.316735
1983 0.386725
1984 0.303131
1985 0.350525
1986 0.386083
1987 0.346125
1988 0.294195
1989 0.25584
1990 0.287334
1991 0.311356
1992 0.296808
1993 0.282708
1994 0.263473
1995 0.315477
1996 0.290697
1997 0.292167
1998 0.452923
1999 0.346273
2000 0.332755
2001 0.281117
2002 0.258198
2003 0.394473
2004 0.327068
2005 0.253867
2006 0.275602
2007 0.43694
2008 0.305132
2009 0.362376
2010 0.334885
2011 0.435167
2012 0.287691
2013 0.313023
2014 0.233675
2015 0.346841
2016 0.38761
2017 0.265398
2018 0.274764
2019 0.319953
2020 0.311992
2021 0.343172
2022 0.308832
2023 0.311224
2024 0.270243
2025 0.257152
2026 0.292094
2027 0.252198
2028 0.346745
2029 0.281849
2030 0.307998
2031 0.298849
2032 0.315915
2033 0.322542
2034 0.35498
2035 0.30852
2036 0.328207
2037 0.394054
2038 0.335686
2039 0.279226
2040 0.275411
2041 0.298564
2042 0.275859
2043 0.331424
2044 0.361147
2045 0.295513
2046 0.341914
2047 0.349076
2048 0.340309
2049 0.260834
2050 0.306084
2051 0.271162
2052 0.258394
2053 0.304933
2054 0.312812
2055 0.300073
2056 0.264274
2057 0.295036
2058 0.405211
2059 0.404949
2060 0.343719
2061 0.240587
2062 0.380529
2063 0.31074
2064 0.26221
2065 0.391367
2066 0.268101
2067 0.265962
2068 0.354356
2069 0.350003
2070 0.359643
2071 0.262546
2072 0.320381
2073 0.250687
2074 0.278623
2075 0.267042
2076 0.356144
2077 0.311529
2078 0.275468
2079 0.258717
2080 0.22849
2081 0.341428
2082 0.304082
2083 0.327464
2084 0.263526
2085 0.295754
2086 0.24778
2087 0.270698
2088 0.347387
2089 0.425554
2090 0.295487
2091 0.328803
2092 0.266359
2093 0.26018
2094 0.325111
2095 0.318448
2096 0.311417
2097 0.332875
2098 0.244662
2099 0.313128
2100 0.259429
2101 0.267947
2102 0.270088
2103 0.267698
2104 0.299236
2105 0.276135
2106 0.285674
2107 0.30009
2108 0.316255
2109 0.286559
2110 0.233427
2111 0.331317
2112 0.337529
2113 0.300375
2114 0.306101
2115 0.26707
2116 0.324289
2117 0.284685
2118 0.387336
2119 0.410658
2120 0.672774
2121 0.578615
2122 0.344411
2123 0.315411
2124 0.31255
2125 0.251619
2126 0.349598
2127 0.325479
2128 0.263731
2129 0.344278
2130 0.224567
2131 0.253415
2132 0.2433
2133 0.290935
2134 0.249922
2135 0.354268
2136 0.221543
2137 0.217434
2138 0.271112
2139 0.318537
2140 0.230601
2141 0.273269
2142 0.455647
2143 0.350135
2144 0.289893
2145 0.330775
2146 0.337866
2147 0.258961
2148 0.309271
2149 0.317723
2150 0.303851
2151 0.241748
2152 0.251508
2153 0.273402
2154 0.268267
2155 0.262414
2156 0.275376
2157 0.252234
2158 0.31963
2159 0.324161
2160 0.304798
2161 0.304891
2162 0.263215
2163 0.273341
2164 0.276246
2165 0.346102
2166 0.27908
2167 0.336189
2168 0.36644
2169 0.252413
2170 0.322912
2171 0.234695
2172 0.374268
2173 0.409739
2174 0.294456
2175 0.299797
2176 0.352099
2177 0.272078
2178 0.242095
2179 0.258081
2180 0.253501
2181 0.237236
2182 0.333862
2183 0.287846
2184 0.624995
2185 0.729486
2186 0.586378
2187 0.367489
2188 0.341397
2189 0.322343
2190 0.286637
2191 0.250928
2192 0.259806
2193 0.249345
2194 0.387666
2195 0.29541
2196 0.294892
2197 0.306531
2198 0.248668
2199 0.241138
2200 0.283907
2201 0.269331
2202 0.5109
2203 0.761759
2204 0.366084
2205 0.423587
2206 0.320707
2207 0.321553
2208 0.274768
2209 0.276662
2210 0.235841
2211 0.367965
2212 0.240048
2213 0.277466
2214 0.303509
2215 0.296467
2216 0.285682
2217 0.253719
2218 0.303935
2219 0.360646
2220 0.269166
2221 0.242609
2222 0.292282
2223 0.264687
2224 0.34
2225 0.222648
2226 0.252963
2227 0.314452
2228 0.33305
2229 0.29095
2230 0.293683
2231 0.249143
2232 0.264201
2233 0.26571
2234 0.294773
2235 0.302349
2236 0.36607
2237 0.399401
2238 0.336441
2239 0.255975
2240 0.300957
2241 0.339303
2242 0.336617
2243 0.296538
2244 0.277782
2245 0.295819
2246 0.245977
2247 0.281898
2248 0.324331
2249 0.28329
2250 0.311135
2251 0.219304
2252 0.270521
2253 0.301123
2254 0.301942
2255 0.264414
2256 0.308041
2257 0.292544
2258 0.235525
2259 0.31658
2260 0.340722
2261 0.317169
2262 0.3095
2263 0.338682
2264 0.235308
2265 0.325672
2266 0.354575
2267 0.261439
2268 0.281501
2269 0.283863
2270 0.249749
2271 0.271051
2272 0.264806
2273 0.293144
2274 0.223222
2275 0.25649
2276 0.277714
2277 0.366012
2278 0.258651
2279 0.258145
2280 0.340048
2281 0.260567
2282 0.243807
2283 0.242987
2284 0.329628
2285 0.299062
2286 0.241177
2287 0.252761
2288 0.323394
2289 0.323186
2290 0.26638
2291 0.306194
2292 0.277891
2293 0.308525
2294 0.283139
2295 0.264814
2296 0.282111
2297 0.273608
2298 0.276291
2299 0.257191
2300 0.278144
2301 0.270955
2302 0.248182
2303 0.286665
2304 0.343289
2305 0.287666
2306 0.24047
2307 0.261647
2308 0.251396
2309 0.244962
2310 0.329432
2311 0.381552
2312 0.374477
2313 0.307069
2314 0.38941
2315 0.266633
2316 0.356273
2317 0.28589
2318 0.276172
2319 0.267452
2320 0.283021
2321 0.339044
2322 0.234961
2323 0.227805
2324 0.226991
2325 0.301349
2326 0.355654
2327 0.288667
2328 0.359471
2329 0.256465
2330 0.287885
2331 0.334309
2332 0.32028
2333 0.332484
2334 0.292348
2335 0.251489
2336 0.29396
2337 0.268283
2338 0.251402
2339 0.277355
2340 0.243938
2341 0.23921
2342 0.249672
2343 0.276659
2344 0.245658
2345 0.24584
2346 0.255245
2347 0.253756
2348 0.34297
2349 0.286915
2350 0.273713
2351 0.306078
2352 0.368813
2353 0.240172
2354 0.28928
2355 0.267883
2356 0.254493
2357 0.422275
2358 0.320942
2359 0.272844
2360 0.319184
2361 0.270923
2362 0.290493
2363 0.241581
2364 0.261313
2365 0.269636
2366 0.264954
2367 0.269261
2368 0.263681
2369 0.216396
2370 0.295102
2371 0.254264
2372 0.249964
2373 0.328512
2374 0.288805
2375 0.350312
2376 0.305559
2377 0.280294
2378 0.361322
2379 0.307055
2380 0.291853
2381 0.365746
2382 0.270679
2383 0.227226
2384 0.2561
2385 0.236341
2386 0.32678
2387 0.285077
2388 0.237227
2389 0.279536
2390 0.246782
2391 0.30709
2392 0.283827
2393 0.297434
2394 0.277552
2395 0.245007
2396 0.368126
2397 0.282025
2398 0.23493
2399 0.403191
2400 0.22429
2401 0.240884
2402 0.217424
2403 0.248698
2404 0.233534
2405 0.31126
2406 0.262527
2407 0.264471
2408 0.230407
2409 0.242683
2410 0.253025
2411 0.297076
2412 0.333038
2413 0.234572
2414 0.302291
2415 0.250451
2416 0.301285
2417 0.257418
2418 0.249994
2419 0.327841
2420 0.244764
2421 0.265802
2422 0.290977
2423 0.221161
2424 0.263151
2425 0.261764
2426 0.374114
2427 0.349952
2428 0.316918
2429 0.281409
2430 0.274191
2431 0.289145
2432 0.275519
2433 0.264629
2434 0.284612
2435 0.295472
2436 0.399791
2437 0.272378
2438 0.28575
2439 0.280223
2440 0.282572
2441 0.239241
2442 0.212147
2443 0.233822
2444 0.248303
2445 0.355008
2446 0.249871
2447 0.278234
2448 0.276189
2449 0.231919
2450 0.295313
2451 0.32181
2452 0.203597
2453 0.257085
2454 0.26245
2455 0.260482
2456 0.264593
2457 0.328811
2458 0.273383
2459 0.369117
2460 0.320696
2461 0.25629
2462 0.282096
2463 0.254319
2464 0.309825
2465 0.301165
2466 0.357055
2467 0.224018
2468 0.215714
2469 0.265542
2470 0.283041
2471 0.332371
2472 0.255927
2473 0.369407
2474 0.265918
2475 0.28453
2476 0.401969
2477 0.278102
2478 0.277969
2479 0.224866
2480 0.265952
2481 0.252825
2482 0.249198
2483 0.249856
2484 0.271736
2485 0.217987
2486 0.347773
2487 0.350892
2488 0.3502
2489 0.229144
2490 0.25648
2491 0.380895
2492 0.292505
2493 0.217806
2494 0.345978
2495 0.257951
2496 0.285701
2497 0.278578
2498 0.274513
2499 0.345105
2500 0.240477
2501 0.239466
2502 0.245836
2503 0.239151
2504 0.330622
2505 0.247465
2506 0.314859
2507 0.215155
2508 0.284842
2509 0.205026
2510 0.279051
2511 0.263515
2512 0.246186
2513 0.212073
2514 0.22707
2515 0.229657
2516 0.260279
2517 0.298833
2518 0.310641
2519 0.248904
2520 0.325578
2521 0.245943
2522 0.276872
2523 0.296416
2524 0.231512
2525 0.234614
2526 0.309709
2527 0.252809
2528 0.254549
2529 0.295687
2530 0.295955
2531 0.219047
2532 0.271391
2533 0.344225
2534 0.295743
2535 0.260936
2536 0.299564
2537 0.208333
2538 0.297964
2539 0.246641
2540 0.229613
2541 0.245889
2542 0.224061
2543 0.217732
2544 0.261028
2545 0.25736
2546 0.21731
2547 0.243761
2548 0.229598
2549 0.231455
2550 0.255989
2551 0.240974
2552 0.278078
2553 0.241333
2554 0.239678
2555 0.281613
2556 0.221458
2557 0.212552
2558 0.230467
2559 0.20434
2560 0.198033
2561 0.210813
2562 0.258509
2563 0.217692
2564 0.213216
2565 0.212237
2566 0.22698
2567 0.214607
2568 0.27075
2569 0.194491
2570 0.379375
2571 0.22232
2572 0.356235
2573 0.244164
2574 0.252486
2575 0.249422
2576 0.22991
2577 0.261013
2578 0.26534
2579 0.253232
2580 0.233991
2581 0.223065
2582 0.222658
2583 0.279948
2584 0.309145
2585 0.219334
2586 0.315823
2587 0.30909
2588 0.297263
2589 0.256108
2590 0.258476
2591 0.206986
2592 0.280389
2593 0.261078
2594 0.317156
2595 0.22525
2596 0.274022
2597 0.343442
2598 0.238564
2599 0.266629
2600 0.252792
2601 0.304347
2602 0.336761
2603 0.209185
2604 0.21784
2605 0.295013
2606 0.2634
2607 0.225726
2608 0.245786
2609 0.243807
2610 0.231227
2611 0.270905
2612 0.276762
2613 0.359003
2614 0.242297
2615 0.214534
2616 0.240605
2617 0.26919
2618 0.254839
2619 0.278205
2620 0.2453
2621 0.226698
2622 0.224929
2623 0.323953
2624 0.231629
2625 0.261149
2626 0.254857
2627 0.296671
2628 0.223215
2629 0.269008
2630 0.199115
2631 0.263965
2632 0.248116
2633 0.263958
2634 0.311611
2635 0.25517
2636 0.227423
2637 0.252967
2638 0.294521
2639 0.245826
2640 0.247167
2641 0.229466
2642 0.256887
2643 0.237586
2644 0.21568
2645 0.253245
2646 0.23032
2647 0.247128
2648 0.353409
2649 0.223945
2650 0.208685
2651 0.262108
2652 0.212418
2653 0.304565
2654 0.209079
2655 0.26155
2656 0.334199
2657 0.240232
2658 0.219025
2659 0.235077
2660 0.246148
2661 0.216698
2662 0.210671
2663 0.295517
2664 0.240546
2665 0.244674
2666 0.257591
2667 0.208588
2668 0.214254
2669 0.236775
2670 0.351431
2671 0.408365
2672 0.265021
2673 0.285096
2674 0.205792
2675 0.252393
2676 0.260188
2677 0.242614
2678 0.244694
2679 0.211594
2680 0.213466
2681 0.231048
2682 0.255415
2683 0.263021
2684 0.290332
2685 0.252819
2686 0.262048
2687 0.230927
2688 0.241504
2689 0.267519
2690 0.345244
2691 0.249256
2692 0.252595
2693 0.228797
2694 0.389621
2695 0.367133
2696 0.253701
2697 0.214998
2698 0.219475
2699 0.221732
2700 0.226513
2701 0.258802
2702 0.213119
2703 0.201385
2704 0.25378
2705 0.211307
2706 0.35005
2707 0.245108
2708 0.243627
2709 0.443823
2710 0.364384
2711 0.245761
2712 0.229436
2713 0.2382
2714 0.229035
2715 0.25009
2716 0.209697
2717 0.254695
2718 0.27323
2719 0.3081
2720 0.279439
2721 0.225397
2722 0.307973
2723 0.254903
2724 0.238875
2725 0.249821
2726 0.266021
2727 0.267465
2728 0.203941
2729 0.308913
2730 0.247781
2731 0.224397
2732 0.331241
2733 0.27242
2734 0.274293
2735 0.257008
2736 0.242536
2737 0.219379
2738 0.23932
2739 0.314975
2740 0.353779
2741 0.298639
2742 0.262493
2743 0.307778
2744 0.217591
2745 0.361047
2746 0.220857
2747 0.307924
2748 0.213574
2749 0.237867
2750 0.305424
2751 0.226692
2752 0.200308
2753 0.221451
2754 0.241983
2755 0.228813
2756 0.282639
2757 0.277952
2758 0.205702
2759 0.233564
2760 0.213204
2761 0.215977
2762 0.249876
2763 0.249635
2764 0.236788
2765 0.256112
2766 0.273925
2767 0.229034
2768 0.268213
2769 0.236997
2770 0.21968
2771 0.218732
2772 0.224088
2773 0.213893
2774 0.309307
2775 0.223864
2776 0.257087
2777 0.251233
2778 0.229902
2779 0.257291
2780 0.30001
2781 0.297321
2782 0.214549
2783 0.248249
2784 0.241222
2785 0.297285
2786 0.254094
2787 0.232918
2788 0.239811
2789 0.246801
2790 0.224623
2791 0.217979
2792 0.344341
2793 0.280211
2794 0.27348
2795 0.2004
2796 0.243355
2797 0.212622
2798 0.204975
2799 0.243191
2800 0.201326
2801 0.298165
2802 0.248523
2803 0.218119
2804 0.307387
2805 0.365671
2806 0.221258
2807 0.27497
2808 0.325421
2809 0.232201
2810 0.333285
2811 0.265603
2812 0.210777
2813 0.297878
2814 0.238873
2815 0.294592
2816 0.243318
2817 0.247468
2818 0.20412
2819 0.206066
2820 0.269858
2821 0.231786
2822 0.276375
2823 0.247453
2824 0.242091
2825 0.39531
2826 0.238251
2827 0.244474
2828 0.353903
2829 0.239395
2830 0.208355
2831 0.231169
2832 0.240719
2833 0.250129
2834 0.301936
2835 0.266265
2836 0.203047
2837 0.248976
2838 0.215146
2839 0.269169
2840 0.396773
2841 0.344138
2842 0.320011
2843 0.254987
2844 0.262288
2845 0.243592
2846 0.235848
2847 0.218565
2848 0.261786
2849 0.246554
2850 0.245224
2851 0.245085
2852 0.227482
2853 0.276288
2854 0.244264
2855 0.301324
2856 0.257669
2857 0.317381
2858 0.224302
2859 0.263137
2860 0.332488
2861 0.23258
2862 0.229484
2863 0.218617
2864 0.277595
2865 0.259446
2866 0.221326
2867 0.278246
2868 0.283287
2869 0.270112
2870 0.209377
2871 0.192772
2872 0.263735
2873 0.252099
2874 0.266378
2875 0.205267
2876 0.305722
2877 0.243873
2878 0.223657
2879 0.275953
2880 0.287389
2881 0.231413
2882 0.206594
2883 0.229475
2884 0.228437
2885 0.332556
2886 0.244714
2887 0.236216
2888 0.268965
2889 0.22786
2890 0.247569
2891 0.252307
2892 0.294147
2893 0.27718
2894 0.328466
2895 0.332629
2896 0.215911
2897 0.24835
2898 0.248547
2899 0.234918
2900 0.247814
2901 0.250635
2902 0.319722
2903 0.272219
2904 0.280237
2905 0.256307
2906 0.244243
2907 0.265719
2908 0.250152
2909 0.203325
2910 0.229253
2911 0.255759
2912 0.204618
2913 0.200515
2914 0.227497
2915 0.396969
2916 0.294424
2917 0.310823
2918 0.224003
2919 0.240036
2920 0.235904
2921 0.277642
2922 0.338738
2923 0.212545
2924 0.255209
2925 0.230825
2926 0.301967
2927 0.334238
2928 0.233576
2929 0.213949
2930 0.226781
2931 0.197683
2932 0.21911
2933 0.311971
2934 0.329153
2935 0.303942
2936 0.203316
2937 0.20963
2938 0.230553
2939 0.221382
2940 0.252686
2941 0.266149
2942 0.244729
2943 0.20361
2944 0.239777
2945 0.212562
2946 0.309616
2947 0.197533
2948 0.275819
2949 0.181602
2950 0.274233
2951 0.234627
2952 0.256383
2953 0.277613
2954 0.254406
2955 0.244325
2956 0.198237
2957 0.205835
2958 0.217409
2959 0.236597
2960 0.207428
2961 0.239332
2962 0.223481
2963 0.229647
2964 0.22785
2965 0.279922
2966 0.225332
2967 0.217351
2968 0.216728
2969 0.250987
2970 0.198289
2971 0.198424
2972 0.217216
2973 0.243523
2974 0.23662
2975 0.218752
2976 0.191073
2977 0.207037
2978 0.238021
2979 0.179722
2980 0.240161
2981 0.202483
2982 0.211752
2983 0.221274
2984 0.24333
2985 0.208063
2986 0.266
2987 0.215055
2988 0.201412
2989 0.231705
2990 0.182616
2991 0.230885
2992 0.24831
2993 0.182426
2994 0.176732
2995 0.18686
2996 0.256184
2997 0.202876
2998 0.184105
2999 0.45395
3000 0.235087
3001 0.358561
3002 0.227484
3003 0.242683
3004 0.227413
3005 0.215062
3006 0.231065
3007 0.294843
3008 0.207986
3009 0.212479
3010 0.229514
3011 0.209511
3012 0.202624
3013 0.185162
3014 0.208632
3015 0.281646
3016 0.261929
3017 0.242396
3018 0.321923
3019 0.244248
3020 0.203339
3021 0.266099
3022 0.21017
3023 0.302066
3024 0.243877
3025 0.274116
3026 0.248797
3027 0.230136
3028 0.192501
3029 0.271112
3030 0.273746
3031 0.243705
3032 0.210539
3033 0.222146
3034 0.212494
3035 0.19995
3036 0.247057
3037 0.191594
3038 0.213994
3039 0.197851
3040 0.27981
3041 0.438091
3042 0.271134
3043 0.200609
3044 0.221698
3045 0.2234
3046 0.219416
3047 0.264149
3048 0.211957
3049 0.223638
3050 0.198947
3051 0.224801
3052 0.272681
3053 0.219422
3054 0.240401
3055 0.23014
3056 0.18747
3057 0.196195
3058 0.223303
3059 0.200079
3060 0.222292
3061 0.216533
3062 0.209319
3063 0.245562
3064 0.221537
3065 0.199547
3066 0.202007
3067 0.221042
3068 0.278503
3069 0.222424
3070 0.211571
3071 0.214463
3072 0.194589
3073 0.259151
3074 0.243617
3075 0.21664
3076 0.246926
3077 0.245763
3078 0.214512
3079 0.223668
3080 0.201479
3081 0.245811
3082 0.21781
3083 0.224022
3084 0.223511
3085 0.2757
3086 0.265396
3087 0.220705
3088 0.200616
3089 0.213638
3090 0.212598
3091 0.219663
3092 0.216216
3093 0.224413
3094 0.257931
3095 0.191268
3096 0.198823
3097 0.190809
3098 0.30117
3099 0.262722
3100 0.324668
3101 0.235155
3102 0.230996
3103 0.192127
3104 0.202667
3105 0.278067
3106 0.222029
3107 0.276163
3108 0.20553
3109 0.173922
3110 0.190439
3111 0.236118
3112 0.218177
3113 0.279883
3114 0.222088
3115 0.175971
3116 0.238511
3117 0.220779
3118 0.273228
3119 0.244626
3120 0.250164
3121 0.191292
3122 0.187093
3123 0.342185
3124 0.280404
3125 0.222082
3126 0.219775
3127 0.190991
3128 0.19853
3129 0.212509
3130 0.227533
3131 0.185097
3132 0.186879
3133 0.204017
3134 0.247324
3135 0.341196
3136 0.190447
3137 0.264382
3138 0.270068
3139 0.237494
3140 0.194692
3141 0.199849
3142 0.224229
3143 0.190352
3144 0.208957
3145 0.192098
3146 0.245732
3147 0.268159
3148 0.275295
3149 0.206578
3150 0.214343
3151 0.232182
3152 0.206021
3153 0.203111
3154 0.253962
3155 0.226838
3156 0.246487
3157 0.190125
3158 0.289889
3159 0.184491
3160 0.205239
3161 0.359429
3162 0.217259
3163 0.237202
3164 0.203779
3165 0.196569
3166 0.212102
3167 0.27705
3168 0.266791
3169 0.411791
3170 0.217738
3171 0.280653
3172 0.175328
3173 0.277156
3174 0.297031
3175 0.211225
3176 0.242668
3177 0.197881
3178 0.247907
3179 0.307601
3180 0.200425
3181 0.206891
3182 0.211035
3183 0.227227
3184 0.192288
3185 0.253762
3186 0.269592
3187 0.264802
3188 0.244988
3189 0.25651
3190 0.21359
3191 0.198882
3192 0.183454
3193 0.246964
3194 0.239627
3195 0.216818
3196 0.28425
3197 0.22839
3198 0.211553
3199 0.18789
3200 0.209635
3201 0.198853
3202 0.212026
3203 0.259658
3204 0.250641
3205 0.258031
3206 0.265339
3207 0.208279
3208 0.259782
3209 0.242202
3210 0.287348
3211 0.25468
3212 0.227626
3213 0.19914
3214 0.241905
3215 0.226507
3216 0.258902
3217 0.200357
3218 0.224019
3219 0.173866
3220 0.19048
3221 0.228892
3222 0.25383
3223 0.210468
3224 0.20443
3225 0.253846
3226 0.184694
3227 0.189568
3228 0.194852
3229 0.189425
3230 0.289371
3231 0.216236
3232 0.312025
3233 0.216139
3234 0.236484
3235 0.272579
3236 0.260269
3237 0.237658
3238 0.306764
3239 0.207661
3240 0.301314
3241 0.22146
3242 0.199788
3243 0.256555
3244 0.200655
3245 0.193558
3246 0.219603
3247 0.205525
3248 0.220105
3249 0.211704
3250 0.185713
3251 0.251603
3252 0.186859
3253 0.267507
3254 0.271401
3255 0.224772
3256 0.209912
3257 0.255774
3258 0.209975
3259 0.198474
3260 0.239737
3261 0.241575
3262 0.209903
3263 0.248121
3264 0.226981
3265 0.215135
3266 0.200195
3267 0.207531
3268 0.2575
3269 0.324638
3270 0.200127
3271 0.274662
3272 0.223256
3273 0.204538
3274 0.235264
3275 0.270657
3276 0.236496
3277 0.238569
3278 0.179527
3279 0.229412
3280 0.226622
3281 0.180561
3282 0.201292
3283 0.217394
3284 0.249243
3285 0.206939
3286 0.231397
3287 0.20844
3288 0.195881
3289 0.253076
3290 0.193299
3291 0.204088
3292 0.229919
3293 0.28271
3294 0.182555
3295 0.209599
3296 0.249148
3297 0.24944
3298 0.230878
3299 0.18407
3300 0.172926
3301 0.204697
3302 0.24312
3303 0.192706
3304 0.214422
3305 0.263704
3306 0.232694
3307 0.219633
3308 0.246048
3309 0.197891
3310 0.180004
3311 0.174671
3312 0.210143
3313 0.204698
3314 0.2217
3315 0.194838
3316 0.249521
3317 0.237908
3318 0.23964
3319 0.19547
3320 0.235733
3321 0.213744
3322 0.20982
3323 0.259266
3324 0.253528
3325 0.198398
3326 0.213799
3327 0.212265
3328 0.214721
3329 0.244031
3330 0.212369
3331 0.242546
3332 0.22842
3333 0.230684
3334 0.289107
3335 0.176345
3336 0.231429
3337 0.211262
3338 0.180534
3339 0.184506
3340 0.197905
3341 0.201639
3342 0.190102
3343 0.177508
3344 0.261075
3345 0.187535
3346 0.216653
3347 0.195022
3348 0.303795
3349 0.247045
3350 0.174416
3351 0.278904
3352 0.200855
3353 0.207454
3354 0.279982
3355 0.256159
3356 0.237846
3357 0.193102
3358 0.221105
3359 0.198023
3360 0.176656
3361 0.205655
3362 0.263666
3363 0.191639
3364 0.173209
3365 0.194141
3366 0.194089
3367 0.209192
3368 0.233218
3369 0.23896
3370 0.20506
3371 0.186457
3372 0.165848
3373 0.21846
3374 0.230498
3375 0.286529
3376 0.220878
3377 0.219608
3378 0.213671
3379 0.216265
3380 0.192215
3381 0.200956
3382 0.216962
3383 0.199094
3384 0.229428
3385 0.21312
3386 0.174858
3387 0.235553
3388 0.246276
3389 0.18231
3390 0.237983
3391 0.198615
3392 0.210052
3393 0.214754
3394 0.235927
3395 0.221268
3396 0.176922
3397 0.217765
3398 0.221911
3399 0.178247
3400 0.200508
3401 0.238681
3402 0.218948
3403 0.203822
3404 0.176598
3405 0.199587
3406 0.185389
3407 0.219009
3408 0.165804
3409 0.22316
3410 0.221
3411 0.200857
3412 0.247871
3413 0.22962
3414 0.165039
3415 0.25787
3416 0.197072
3417 0.199012
3418 0.16554
3419 0.255425
3420 0.163246
3421 0.197037
3422 0.17231
3423 0.169444
3424 0.177649
3425 0.221409
3426 0.196328
3427 0.236727
3428 0.358234
3429 0.277785
3430 0.276724
3431 0.228232
3432 0.269173
3433 0.247013
3434 0.284211
3435 0.264736
3436 0.17591
3437 0.212839
3438 0.173415
3439 0.170803
3440 0.217759
3441 0.18228
3442 0.215263
3443 0.214574
3444 0.252178
3445 0.241246
3446 0.201458
3447 0.259643
3448 0.17679
3449 0.19246
3450 0.22818
3451 0.218733
3452 0.243255
3453 0.281326
3454 0.242079
3455 0.227961
3456 0.208668
3457 0.168917
3458 0.342747
3459 0.233758
3460 0.234005
3461 0.181432
3462 0.202087
3463 0.232506
3464 0.212625
3465 0.18478
3466 0.193027
3467 0.195875
3468 0.198893
3469 0.198793
3470 0.365788
3471 0.237943
3472 0.18915
3473 0.175377
3474 0.229754
3475 0.201912
3476 0.229437
3477 0.215809
3478 0.210362
3479 0.173769
3480 0.201789
3481 0.264447
3482 0.210234
3483 0.236845
3484 0.198142
3485 0.163942
3486 0.206641
3487 0.194433
3488 0.240581
3489 0.220475
3490 0.224006
3491 0.248859
3492 0.295708
3493 0.192841
3494 0.209138
3495 0.20283
3496 0.172954
3497 0.203608
3498 0.185417
3499 0.192899
3500 0.219841
3501 0.208039
3502 0.22548
3503 0.168416
3504 0.190353
3505 0.251617
3506 0.192977
3507 0.17351
3508 0.199156
3509 0.189283
3510 0.210492
3511 0.183092
3512 0.181371
3513 0.19939
3514 0.192982
3515 0.198693
3516 0.241278
3517 0.194774
3518 0.195149
3519 0.19704
3520 0.230213
3521 0.229904
3522 0.207813
3523 0.201712
3524 0.243159
3525 0.161125
3526 0.188366
3527 0.220605
3528 0.257248
3529 0.222411
3530 0.20144
3531 0.183233
3532 0.227295
3533 0.271976
3534 0.206354
3535 0.198809
3536 0.197344
3537 0.172825
3538 0.19557
3539 0.211357
3540 0.213178
3541 0.215818
3542 0.244451
3543 0.183697
3544 0.165712
3545 0.22193
3546 0.208719
3547 0.184881
3548 0.211593
3549 0.198828
3550 0.189009
3551 0.28647
3552 0.255031
3553 0.245251
3554 0.187758
3555 0.251277
3556 0.172324
3557 0.205581
3558 0.182686
3559 0.192731
3560 0.16784
3561 0.216659
3562 0.169063
3563 0.308111
3564 0.193898
3565 0.172928
3566 0.202584
3567 0.186758
3568 0.177245
3569 0.192287
3570 0.232886
3571 0.233031
3572 0.189103
3573 0.203216
3574 0.202133
3575 0.206143
3576 0.20192
3577 0.241015
3578 0.213335
3579 0.219296
3580 0.177763
3581 0.186673
3582 0.214793
3583 0.177993
3584 0.252521
3585 0.209824
3586 0.223157
3587 0.189014
3588 0.177248
3589 0.210137
3590 0.325106
3591 0.228801
3592 0.206932
3593 0.198273
3594 0.163275
3595 0.178949
3596 0.209052
3597 0.294893
3598 0.241019
3599 0.232016
3600 0.197156
3601 0.160256
3602 0.212976
3603 0.208625
3604 0.184338
3605 0.256795
3606 0.231014
3607 0.251183
3608 0.186056
3609 0.195299
3610 0.232728
3611 0.224703
3612 0.214098
3613 0.176233
3614 0.305575
3615 0.177172
3616 0.206019
3617 0.206958
3618 0.191734
3619 0.200854
3620 0.160733
3621 0.167501
3622 0.267011
3623 0.177167
3624 0.202104
3625 0.21938
3626 0.181078
3627 0.178195
3628 0.199503
3629 0.184295
3630 0.208801
3631 0.203797
3632 0.194398
3633 0.208235
3634 0.268571
3635 0.241515
3636 0.154644
3637 0.215845
3638 0.251881
3639 0.187825
3640 0.232373
3641 0.188701
3642 0.191493
3643 0.236117
3644 0.199555
3645 0.184026
3646 0.206448
3647 0.207743
3648 0.183418
3649 0.203909
3650 0.18027
3651 0.20668
3652 0.183159
3653 0.197398
3654 0.210641
3655 0.163941
3656 0.204886
3657 0.167232
3658 0.17646
3659 0.267936
3660 0.194016
3661 0.257682
3662 0.233116
3663 0.180094
3664 0.238209
3665 0.262395
3666 0.201973
3667 0.266005
3668 0.243108
3669 0.191617
3670 0.191948
3671 0.173387
3672 0.273145
3673 0.192787
3674 0.175337
3675 0.206249
3676 0.184183
3677 0.217072
3678 0.200768
3679 0.224176
3680 0.238515
3681 0.177039
3682 0.242195
3683 0.243432
3684 0.184921
3685 0.224459
3686 0.268206
3687 0.1978
3688 0.196733
3689 0.171807
3690 0.184954
3691 0.263259
3692 0.188412
3693 0.185722
3694 0.169999
3695 0.189633
3696 0.210451
3697 0.236592
3698 0.298212
3699 0.164367
3700 0.20963
3701 0.236057
3702 0.190533
3703 0.169196
3704 0.204922
3705 0.279801
3706 0.218808
3707 0.253032
3708 0.198239
3709 0.183313
3710 0.204323
3711 0.171114
3712 0.1917
3713 0.244205
3714 0.224563
3715 0.198428
3716 0.18801
3717 0.163543
3718 0.222391
3719 0.233557
3720 0.181832
3721 0.221774
3722 0.304446
3723 0.187847
3724 0.190339
3725 0.205424
3726 0.195965
3727 0.220317
3728 0.162479
3729 0.208874
3730 0.214246
3731 0.260091
3732 0.233588
3733 0.226495
3734 0.22886
3735 0.165843
3736 0.210106
3737 0.215564
3738 0.186413
3739 0.183622
3740 0.201449
3741 0.202794
3742 0.189396
3743 0.26962
3744 0.213381
3745 0.214287
3746 0.227707
3747 0.178697
3748 0.238446
3749 0.187061
3750 0.219543
3751 0.259407
3752 0.235965
3753 0.17785
3754 0.170098
3755 0.215005
3756 0.214004
3757 0.205739
3758 0.206819
3759 0.244045
3760 0.177113
3761 0.188439
3762 0.221016
3763 0.258444
3764 0.277049
3765 0.17855
3766 0.203133
3767 0.215266
3768 0.195292
3769 0.206968
3770 0.256942
3771 0.204573
3772 0.209921
3773 0.247439
3774 0.25463
3775 0.165725
3776 0.214775
3777 0.296546
3778 0.222543
3779 0.179495
3780 0.307537
3781 0.164427
3782 0.251519
3783 0.209194
3784 0.21574
3785 0.225087
3786 0.193454
3787 0.206703
3788 0.171657
3789 0.209638
3790 0.194208
3791 0.212835
3792 0.251779
3793 0.169287
3794 0.211266
3795 0.151186
3796 0.229359
3797 0.242366
3798 0.267893
3799 0.18651
3800 0.171835
3801 0.175109
3802 0.183812
3803 0.237959
3804 0.263591
3805 0.186039
3806 0.269046
3807 0.168866
3808 0.296716
3809 0.239677
3810 0.180257
3811 0.188067
3812 0.199771
3813 0.183399
3814 0.180532
3815 0.184212
3816 0.218979
3817 0.161
3818 0.165142
3819 0.202564
3820 0.166248
3821 0.161854
3822 0.196246
3823 0.169215
3824 0.205852
3825 0.180692
3826 0.165838
3827 0.196165
3828 0.178071
3829 0.18908
3830 0.174348
3831 0.229499
3832 0.209878
3833 0.212999
3834 0.163514
3835 0.192335
3836 0.207063
3837 0.187929
3838 0.191093
3839 0.238226
3840 0.220352
3841 0.198319
3842 0.15743
3843 0.180628
3844 0.183496
3845 0.209891
3846 0.165106
3847 0.146376
3848 0.185622
3849 0.172241
3850 0.155841
3851 0.178949
3852 0.163363
3853 0.16955
3854 0.195909
3855 0.16996
3856 0.223417
3857 0.247231
3858 0.232461
3859 0.179098
3860 0.192763
3861 0.185916
3862 0.15287
3863 0.20575
3864 0.228004
3865 0.203146
3866 0.187934
3867 0.185518
3868 0.186882
3869 0.190357
3870 0.188753
3871 0.189495
3872 0.218708
3873 0.232949
3874 0.230865
3875 0.230717
3876 0.204387
3877 0.179783
3878 0.206604
3879 0.190448
3880 0.245794
3881 0.16989
3882 0.197024
3883 0.257363
3884 0.168036
3885 0.213974
3886 0.196088
3887 0.249768
3888 0.242725
3889 0.17402
3890 0.185497
3891 0.235454
3892 0.187844
3893 0.192601
3894 0.168098
3895 0.184426
3896 0.17752
3897 0.202268
3898 0.222404
3899 0.214125
3900 0.185954
3901 0.162436
3902 0.174213
3903 0.197505
3904 0.183696
3905 0.256649
3906 0.21479
3907 0.160396
3908 0.172333
3909 0.243861
3910 0.209087
3911 0.199616
3912 0.189057
3913 0.19076
3914 0.162206
3915 0.248303
3916 0.163057
3917 0.188141
3918 0.189786
3919 0.232608
3920 0.17377
3921 0.17265
3922 0.20551
3923 0.180169
3924 0.182536
3925 0.176365
3926 0.180769
3927 0.165971
3928 0.181806
3929 0.181525
3930 0.177355
3931 0.196412
3932 0.163668
3933 0.227125
3934 0.199821
3935 0.193544
3936 0.14737
3937 0.171156
3938 0.148872
3939 0.204676
3940 0.155323
3941 0.187372
3942 0.19905
3943 0.201495
3944 0.181516
3945 0.156059
3946 0.171782
3947 0.16928
3948 0.183444
3949 0.186775
3950 0.181579
3951 0.18068
3952 0.21639
3953 0.188801
3954 0.165625
3955 0.197073
3956 0.244552
3957 0.235754
3958 0.220822
3959 0.19231
3960 0.158164
3961 0.170292
3962 0.19573
3963 0.222427
3964 0.178306
3965 0.171222
3966 0.147745
3967 0.148773
3968 0.228945
3969 0.173275
3970 0.200376
3971 0.25503
3972 0.172749
3973 0.165728
3974 0.178726
3975 0.207059
3976 0.192685
3977 0.244466
3978 0.208806
3979 0.172618
3980 0.287153
3981 0.254194
3982 0.194422
3983 0.182308
3984 0.188804
3985 0.163909
3986 0.246982
3987 0.231122
3988 0.235777
3989 0.158651
3990 0.225787
3991 0.172449
3992 0.288535
3993 0.178831
3994 0.18593
3995 0.230772
3996 0.22022
3997 0.212434
3998 0.195651
3999 0.198287
4000 0.156336
4001 0.208126
4002 0.161748
4003 0.202694
4004 0.168543
4005 0.228399
4006 0.173379
4007 0.190313
4008 0.173577
4009 0.184314
4010 0.177942
4011 0.180239
4012 0.22628
4013 0.175031
4014 0.141232
4015 0.239096
4016 0.181546
4017 0.154512
4018 0.323229
4019 0.205572
4020 0.268238
4021 0.190642
4022 0.171664
4023 0.166322
4024 0.195533
4025 0.252457
4026 0.301058
4027 0.207952
4028 0.19813
4029 0.160077
4030 0.151235
4031 0.254864
4032 0.202396
4033 0.202539
4034 0.198367
4035 0.177993
4036 0.258545
4037 0.154812
4038 0.158299
4039 0.154782
4040 0.190746
4041 0.17163
4042 0.223271
4043 0.229269
4044 0.173971
4045 0.165951
4046 0.229219
4047 0.196311
4048 0.208513
4049 0.17307
4050 0.169358
4051 0.195943
4052 0.208789
4053 0.183664
4054 0.197008
4055 0.181806
4056 0.183867
4057 0.185468
4058 0.192381
4059 0.16087
4060 0.179574
4061 0.186932
4062 0.207766
4063 0.184533
4064 0.210797
4065 0.187419
4066 0.253046
4067 0.220487
4068 0.180967
4069 0.226505
4070 0.199309
4071 0.18772
4072 0.2194
4073 0.20037
4074 0.165529
4075 0.195326
4076 0.165929
4077 0.175683
4078 0.202005
4079 0.203841
4080 0.194065
4081 0.171166
4082 0.20329
4083 0.16568
4084 0.154099
4085 0.187911
4086 0.163014
4087 0.204585
4088 0.161022
4089 0.169391
4090 0.238914
4091 0.219703
4092 0.154648
4093 0.182511
4094 0.19049
4095 0.19156
4096 0.276691
4097 0.272651
4098 0.152949
4099 0.217089
4100 0.173427
4101 0.231787
4102 0.183433
4103 0.197144
4104 0.202526
4105 0.180969
4106 0.228285
4107 0.160298
4108 0.220058
4109 0.186603
4110 0.188119
4111 0.277527
4112 0.178787
4113 0.173024
4114 0.254487
4115 0.163624
4116 0.180892
4117 0.207182
4118 0.174217
4119 0.185242
4120 0.192648
4121 0.20394
4122 0.15257
4123 0.158591
4124 0.196743
4125 0.181933
4126 0.224849
4127 0.255191
4128 0.212548
4129 0.170395
4130 0.202873
4131 0.18941
4132 0.167731
4133 0.176521
4134 0.244532
4135 0.156341
4136 0.168649
4137 0.169981
4138 0.179817
4139 0.229647
4140 0.190318
4141 0.198844
4142 0.213999
4143 0.215923
4144 0.174695
4145 0.2021
4146 0.263185
4147 0.194252
4148 0.171616
4149 0.194747
4150 0.194489
4151 0.208041
4152 0.19066
4153 0.184982
4154 0.230622
4155 0.21945
4156 0.170858
4157 0.157841
4158 0.217104
4159 0.19669
4160 0.178005
4161 0.137442
4162 0.201392
4163 0.149969
4164 0.162591
4165 0.207924
4166 0.187628
4167 0.182347
4168 0.184245
4169 0.237808
4170 0.161598
4171 0.205573
4172 0.189526
4173 0.175578
4174 0.188849
4175 0.201421
4176 0.181845
4177 0.171181
4178 0.171596
4179 0.206664
4180 0.269966
4181 0.188151
4182 0.16533
4183 0.162813
4184 0.187287
4185 0.192842
4186 0.180576
4187 0.144896
4188 0.254339
4189 0.195798
4190 0.177723
4191 0.258961
4192 0.224558
4193 0.169751
4194 0.16985
4195 0.17991
4196 0.172284
4197 0.208849
4198 0.178048
4199 0.15676
4200 0.145464
4201 0.249594
4202 0.200335
4203 0.195008
4204 0.159815
4205 0.187926
4206 0.196122
4207 0.217821
4208 0.273864
4209 0.183542
4210 0.173858
4211 0.166302
4212 0.24241
4213 0.220548
4214 0.160962
4215 0.175501
4216 0.181397
4217 0.143668
4218 0.169035
4219 0.226799
4220 0.207871
4221 0.197757
4222 0.190377
4223 0.215091
4224 0.181734
4225 0.156123
4226 0.21957
4227 0.183241
4228 0.173112
4229 0.155533
4230 0.199215
4231 0.164209
4232 0.276899
4233 0.174877
4234 0.230388
4235 0.16201
4236 0.169708
4237 0.194132
4238 0.189669
4239 0.156139
4240 0.192035
4241 0.191804
4242 0.141289
4243 0.149312
4244 0.16311
4245 0.180907
4246 0.175712
4247 0.163158
4248 0.184896
4249 0.177723
4250 0.164777
4251 0.244865
4252 0.166076
4253 0.165633
4254 0.171713
4255 0.197573
4256 0.158344
4257 0.145904
4258 0.170518
4259 0.15968
4260 0.159195
4261 0.205701
4262 0.150389
4263 0.194862
4264 0.156461
4265 0.170408
4266 0.198869
4267 0.187129
4268 0.238248
4269 0.180017
4270 0.194697
4271 0.176375
4272 0.216178
4273 0.17669
4274 0.155401
4275 0.138387
4276 0.157201
4277 0.165297
4278 0.158726
4279 0.191468
4280 0.153648
4281 0.136555
4282 0.171623
4283 0.174929
4284 0.132651
4285 0.311211
4286 0.149016
4287 0.22465
4288 0.169928
4289 0.1811
4290 0.201309
4291 0.185178
4292 0.188874
4293 0.268375
4294 0.181729
4295 0.167981
4296 0.155476
4297 0.156252
4298 0.194851
4299 0.145421
4300 0.157962
4301 0.246387
4302 0.180991
4303 0.189307
4304 0.229325
4305 0.172184
4306 0.174019
4307 0.205857
4308 0.186417
4309 0.211784
4310 0.177057
4311 0.250893
4312 0.185031
4313 0.171132
4314 0.219483
4315 0.194682
4316 0.235884
4317 0.188317
4318 0.170791
4319 0.17866
4320 0.225046
4321 0.174634
4322 0.21135
4323 0.170555
4324 0.143001
4325 0.149181
4326 0.239468
4327 0.236009
4328 0.221778
4329 0.151226
4330 0.142945
4331 0.172368
4332 0.152199
4333 0.176869
4334 0.153955
4335 0.154438
4336 0.165518
4337 0.180797
4338 0.201558
4339 0.170581
4340 0.146685
4341 0.227816
4342 0.185812
4343 0.261013
4344 0.206165
4345 0.190636
4346 0.171927
4347 0.165863
4348 0.157918
4349 0.164521
4350 0.192623
4351 0.173706
4352 0.173454
4353 0.167239
4354 0.153515
4355 0.159559
4356 0.155994
4357 0.158614
4358 0.149768
4359 0.174878
4360 0.170762
4361 0.177134
4362 0.161583
4363 0.217784
4364 0.150332
4365 0.161515
4366 0.184144
4367 0.192543
4368 0.145725
4369 0.140549
4370 0.228607
4371 0.218516
4372 0.210191
4373 0.182106
4374 0.147182
4375 0.167739
4376 0.200331
4377 0.166667
4378 0.191095
4379 0.190732
4380 0.151599
4381 0.208711
4382 0.190997
4383 0.176678
4384 0.19631
4385 0.154942
4386 0.16846
4387 0.188267
4388 0.203011
4389 0.167439
4390 0.15639
4391 0.184112
4392 0.196716
4393 0.14427
4394 0.170549
4395 0.153747
4396 0.174719
4397 0.189137
4398 0.198445
4399 0.179484
4400 0.206717
4401 0.162323
4402 0.160057
4403 0.156774
4404 0.182889
4405 0.229971
4406 0.178559
4407 0.149486
4408 0.138573
4409 0.280315
4410 0.204337
4411 0.187708
4412 0.176839
4413 0.155158
4414 0.156118
4415 0.156938
4416 0.170645
4417 0.158954
4418 0.165781
4419 0.182091
4420 0.148738
4421 0.253005
4422 0.195259
4423 0.183287
4424 0.244111
4425 0.16603
4426 0.154926
4427 0.155781
4428 0.191373
4429 0.141999
4430 0.155625
4431 0.162184
4432 0.175133
4433 0.202673
4434 0.237423
4435 0.161194
4436 0.15135
4437 0.150107
4438 0.151601
4439 0.145116
4440 0.188195
4441 0.212434
4442 0.177477
4443 0.164218
4444 0.183851
4445 0.158286
4446 0.13305
4447 0.262592
4448 0.151866
4449 0.197759
4450 0.142588
4451 0.140293
4452 0.129353
4453 0.173966
4454 0.244297
4455 0.311944
4456 0.183867
4457 0.167816
4458 0.132492
4459 0.170599
4460 0.189643
4461 0.151519
4462 0.187539
4463 0.194407
4464 0.169034
4465 0.243408
4466 0.157691
4467 0.159099
4468 0.176811
4469 0.169382
4470 0.14023
4471 0.190611
4472 0.20198
4473 0.163648
4474 0.153444
4475 0.174818
4476 0.210212
4477 0.156449
4478 0.164712
4479 0.231689
4480 0.172137
4481 0.170105
4482 0.162125
4483 0.17408
4484 0.144262
4485 0.148022
4486 0.162769
4487 0.147289
4488 0.156912
4489 0.179166
4490 0.157687
4491 0.151235
4492 0.172539
4493 0.142291
4494 0.194776
4495 0.246501
4496 0.181105
4497 0.194307
4498 0.171749
4499 0.152798
4500 0.182513
4501 0.196391
4502 0.167961
4503 0.206039
4504 0.16005
4505 0.15254
4506 0.18955
4507 0.16307
4508 0.171905
4509 0.178851
4510 0.172147
4511 0.181349
4512 0.136416
4513 0.147601
4514 0.160408
4515 0.128987
4516 0.262894
4517 0.175453
4518 0.230914
4519 0.172464
4520 0.236412
4521 0.16564
4522 0.161822
4523 0.164333
4524 0.197462
4525 0.21589
4526 0.209868
4527 0.17651
4528 0.160371
4529 0.212064
4530 0.231427
4531 0.151446
4532 0.180047
4533 0.169681
4534 0.172931
4535 0.182591
4536 0.175364
4537 0.234083
4538 0.176372
4539 0.187406
4540 0.218299
4541 0.19488
4542 0.149988
4543 0.237101
4544 0.183827
4545 0.172225
4546 0.1564
4547 0.199245
4548 0.15319
4549 0.180388
4550 0.166019
4551 0.143573
4552 0.138124
4553 0.176351
4554 0.159957
4555 0.233361
4556 0.160128
4557 0.174058
4558 0.179721
4559 0.158515
4560 0.154799
4561 0.174228
4562 0.142992
4563 0.196054
4564 0.144283
4565 0.176463
4566 0.154203
4567 0.172547
4568 0.16773
4569 0.215622
4570 0.229681
4571 0.187199
4572 0.200837
4573 0.18095
4574 0.162501
4575 0.222759
4576 0.172906
4577 0.161187
4578 0.178428
4579 0.188901
4580 0.184467
4581 0.157446
4582 0.196164
4583 0.186719
4584 0.179312
4585 0.162145
4586 0.132582
4587 0.139549
4588 0.231826
4589 0.144894
4590 0.166954
4591 0.180743
4592 0.163288
4593 0.181075
4594 0.204662
4595 0.189602
4596 0.138451
4597 0.190532
4598 0.228669
4599 0.207498
4600 0.171202
4601 0.161778
4602 0.211977
4603 0.201399
4604 0.227031
4605 0.176121
4606 0.17961
4607 0.199082
4608 0.189588
4609 0.191653
4610 0.208364
4611 0.153876
4612 0.214025
4613 0.202953
4614 0.198688
4615 0.203029
4616 0.172831
4617 0.244062
4618 0.159246
4619 0.191642
4620 0.233197
4621 0.155513
4622 0.198572
4623 0.154493
4624 0.158229
4625 0.145805
4626 0.158893
4627 0.157985
4628 0.142702
4629 0.164034
4630 0.211068
4631 0.213906
4632 0.178254
4633 0.183265
4634 0.186442
4635 0.182447
4636 0.146358
4637 0.244272
4638 0.133934
4639 0.154982
4640 0.174513
4641 0.208749
4642 0.216984
4643 0.155121
4644 0.175038
4645 0.187516
4646 0.147013
4647 0.154602
4648 0.240113
4649 0.170134
4650 0.166123
4651 0.144565
4652 0.151203
4653 0.153404
4654 0.16097
4655 0.187955
4656 0.163557
4657 0.147469
4658 0.157352
4659 0.226232
4660 0.183053
4661 0.214604
4662 0.16865
4663 0.255123
4664 0.148096
4665 0.170689
4666 0.188091
4667 0.159801
4668 0.164032
4669 0.173048
4670 0.149755
4671 0.169925
4672 0.160683
4673 0.194694
4674 0.156261
4675 0.160995
4676 0.18489
4677 0.155641
4678 0.20736
4679 0.159887
4680 0.218219
4681 0.17092
4682 0.145594
4683 0.181972
4684 0.179733
4685 0.144926
4686 0.178045
4687 0.194302
4688 0.215861
4689 0.178732
4690 0.157174
4691 0.167348
4692 0.132359
4693 0.160581
4694 0.143887
4695 0.174691
4696 0.180401
4697 0.129172
4698 0.178779
4699 0.155307
4700 0.18833
4701 0.15334
4702 0.12724
4703 0.132332
4704 0.146132
4705 0.139037
4706 0.162255
4707 0.172204
4708 0.146108
4709 0.133581
4710 0.125559
4711 0.207527
4712 0.141454
4713 0.137105
4714 0.289539
4715 0.255628
4716 0.188092
4717 0.192012
4718 0.198694
4719 0.170858
4720 0.160768
4721 0.209303
4722 0.243021
4723 0.161521
4724 0.162446
4725 0.22771
4726 0.171064
4727 0.234549
4728 0.178957
4729 0.144105
4730 0.228381
4731 0.254529
4732 0.178125
4733 0.233133
4734 0.147354
4735 0.164163
4736 0.173526
4737 0.170151
4738 0.19878
4739 0.169927
4740 0.211708
4741 0.143214
4742 0.180173
4743 0.155816
4744 0.20988
4745 0.169019
4746 0.184117
4747 0.185504
4748 0.162612
4749 0.218894
4750 0.190485
4751 0.136196
4752 0.182416
4753 0.155053
4754 0.192205
4755 0.197921
4756 0.234517
4757 0.133656
4758 0.172004
4759 0.160225
4760 0.159972
4761 0.185181
4762 0.15263
4763 0.153352
4764 0.143418
4765 0.151753
4766 0.214472
4767 0.252061
4768 0.197369
4769 0.185241
4770 0.150336
4771 0.149068
4772 0.157701
4773 0.213737
4774 0.184749
4775 0.153017
4776 0.188609
4777 0.159734
4778 0.148002
4779 0.157692
4780 0.170442
4781 0.150684
4782 0.15615
4783 0.15665
4784 0.155761
4785 0.159755
4786 0.158299
4787 0.179732
4788 0.191555
4789 0.131144
4790 0.134849
4791 0.192782
4792 0.194003
4793 0.163162
4794 0.15764
4795 0.166567
4796 0.173447
4797 0.142557
4798 0.16328
4799 0.180872
4800 0.158743
4801 0.18311
4802 0.141177
4803 0.153567
4804 0.212259
4805 0.151613
4806 0.158341
4807 0.215017
4808 0.181055
4809 0.164334
4810 0.17226
4811 0.189607
4812 0.160006
4813 0.19839
4814 0.173203
4815 0.143709
4816 0.175273
4817 0.150243
4818 0.180968
4819 0.175137
4820 0.176751
4821 0.147296
4822 0.160415
4823 0.132597
4824 0.139638
4825 0.184997
4826 0.190832
4827 0.173737
4828 0.143731
4829 0.151951
4830 0.131342
4831 0.16473
4832 0.189031
4833 0.176339
4834 0.159028
4835 0.182648
4836 0.138216
4837 0.146767
4838 0.311164
4839 0.177398
4840 0.13691
4841 0.214658
4842 0.140145
4843 0.170421
4844 0.142859
4845 0.162019
4846 0.139362
4847 0.222946
4848 0.157936
4849 0.201303
4850 0.179812
4851 0.152296
4852 0.197149
4853 0.144907
4854 0.127703
4855 0.14757
4856 0.147929
4857 0.160655
4858 0.145088
4859 0.168436
4860 0.164274
4861 0.165929
4862 0.138536
4863 0.204015
4864 0.158932
4865 0.186696
4866 0.137921
4867 0.193213
4868 0.164538
4869 0.161973
4870 0.192532
4871 0.148135
4872 0.182162
4873 0.198571
4874 0.201169
4875 0.158154
4876 0.239342
4877 0.163364
4878 0.147271
4879 0.162218
4880 0.158103
4881 0.145214
4882 0.201644
4883 0.188616
4884 0.225163
4885 0.161682
4886 0.189842
4887 0.136414
4888 0.190911
4889 0.15539
4890 0.159528
4891 0.191545
4892 0.155608
4893 0.146766
4894 0.211512
4895 0.145062
4896 0.153713
4897 0.173286
4898 0.16988
4899 0.157242
4900 0.281005
4901 0.149025
4902 0.156826
4903 0.168292
4904 0.157793
4905 0.143566
4906 0.144418
4907 0.144297
4908 0.163985
4909 0.164666
4910 0.138015
4911 0.17498
4912 0.171262
4913 0.139881
4914 0.136749
4915 0.160395
4916 0.164549
4917 0.189096
4918 0.149125
4919 0.188002
4920 0.157072
4921 0.153247
4922 0.147371
4923 0.212737
4924 0.191855
4925 0.14529
4926 0.174929
4927 0.168921
4928 0.159506
4929 0.227909
4930 0.150789
4931 0.158612
4932 0.20814
4933 0.132955
4934 0.147891
4935 0.163595
4936 0.138628
4937 0.158373
4938 0.149021
4939 0.148822
4940 0.137309
4941 0.126331
4942 0.185023
4943 0.133556
4944 0.138389
4945 0.241467
4946 0.193894
4947 0.163353
4948 0.191116
4949 0.167141
4950 0.163235
4951 0.181588
4952 0.171607
4953 0.241104
4954 0.195714
4955 0.152623
4956 0.174716
4957 0.177812
4958 0.141095
4959 0.176784
4960 0.135715
4961 0.185737
4962 0.193737
4963 0.173617
4964 0.179276
4965 0.153821
4966 0.164935
4967 0.186233
4968 0.190945
4969 0.199307
4970 0.162603
4971 0.194848
4972 0.214916
4973 0.173089
4974 0.146347
4975 0.155869
4976 0.150719
4977 0.147116
4978 0.193561
4979 0.138031
4980 0.13575
4981 0.136294
4982 0.153731
4983 0.168621
4984 0.226773
4985 0.144048
4986 0.169514
4987 0.21858
4988 0.172784
4989 0.187029
4990 0.131882
4991 0.193758
4992 0.171625
4993 0.134414
4994 0.185338
4995 0.153295
4996 0.174919
4997 0.170051
4998 0.14769
4999 0.203868
5000 0.160927
